index,true_label,candidate_labels,complementary_label
0,6,"['automobile', 'horse', 'ship', 'airplane']",ship
1,9,"['dog', 'frog', 'cat', 'airplane']",dog
2,9,"['dog', 'frog', 'cat', 'airplane']",airplane
3,4,"['cat', 'automobile', 'frog', 'airplane']",automobile
4,1,"['bird', 'dog', 'frog', 'cat', 'airplane']",airplane
5,1,"['bird', 'dog', 'frog', 'cat', 'airplane']",airplane
6,2,"['ship', 'cat', 'automobile', 'airplane']",cat
7,7,"['automobile', 'cat', 'airplane', 'frog']",cat
8,8,"['horse', 'airplane', 'cat', 'frog']",horse
9,3,"['frog', 'ship', 'automobile', 'airplane']",ship
10,4,"['cat', 'automobile', 'frog', 'airplane']",automobile
11,7,"['automobile', 'cat', 'airplane', 'frog']",cat
12,7,"['automobile', 'cat', 'airplane', 'frog']",cat
13,2,"['ship', 'cat', 'automobile', 'airplane']",cat
14,9,"['dog', 'frog', 'cat', 'airplane']",airplane
15,9,"['dog', 'frog', 'cat', 'airplane']",dog
16,9,"['dog', 'frog', 'cat', 'airplane']",airplane
17,3,"['frog', 'ship', 'automobile', 'airplane']",ship
18,2,"['ship', 'cat', 'automobile', 'airplane']",cat
19,6,"['automobile', 'horse', 'ship', 'airplane']",airplane
20,4,"['cat', 'automobile', 'frog', 'airplane']",automobile
21,3,"['frog', 'ship', 'automobile', 'airplane']",ship
22,6,"['automobile', 'horse', 'ship', 'airplane']",airplane
23,6,"['automobile', 'horse', 'ship', 'airplane']",airplane
24,2,"['ship', 'cat', 'automobile', 'airplane']",cat
25,6,"['automobile', 'horse', 'ship', 'airplane']",horse
26,3,"['frog', 'ship', 'automobile', 'airplane']",ship
27,5,"['frog', 'ship', 'airplane', 'automobile']",ship
28,4,"['cat', 'automobile', 'frog', 'airplane']",automobile
29,0,"['horse', 'deer', 'frog', 'cat']",horse
30,0,"['horse', 'deer', 'frog', 'cat']",horse
31,9,"['dog', 'frog', 'cat', 'airplane']",airplane
32,1,"['bird', 'dog', 'frog', 'cat', 'airplane']",airplane
33,3,"['frog', 'ship', 'automobile', 'airplane']",ship
34,4,"['cat', 'automobile', 'frog', 'airplane']",automobile
35,0,"['horse', 'deer', 'frog', 'cat']",horse
36,3,"['frog', 'ship', 'automobile', 'airplane']",ship
37,7,"['automobile', 'cat', 'airplane', 'frog']",cat
38,3,"['frog', 'ship', 'automobile', 'airplane']",ship
39,3,"['frog', 'ship', 'automobile', 'airplane']",ship
40,5,"['frog', 'ship', 'airplane', 'automobile']",ship
41,2,"['ship', 'cat', 'automobile', 'airplane']",cat
42,2,"['ship', 'cat', 'automobile', 'airplane']",cat
43,7,"['automobile', 'cat', 'airplane', 'frog']",cat
44,1,"['bird', 'dog', 'frog', 'cat', 'airplane']",airplane
45,1,"['bird', 'dog', 'frog', 'cat', 'airplane']",airplane
46,1,"['bird', 'dog', 'frog', 'cat', 'airplane']",airplane
47,2,"['ship', 'cat', 'automobile', 'airplane']",cat
48,2,"['ship', 'cat', 'automobile', 'airplane']",cat
49,0,"['horse', 'deer', 'frog', 'cat']",horse
50,9,"['dog', 'frog', 'cat', 'airplane']",airplane
51,5,"['frog', 'ship', 'airplane', 'automobile']",ship
52,7,"['automobile', 'cat', 'airplane', 'frog']",airplane
53,9,"['dog', 'frog', 'cat', 'airplane']",airplane
54,2,"['ship', 'cat', 'automobile', 'airplane']",cat
55,2,"['ship', 'cat', 'automobile', 'airplane']",automobile
56,5,"['frog', 'ship', 'airplane', 'automobile']",ship
57,2,"['ship', 'cat', 'automobile', 'airplane']",cat
58,4,"['cat', 'automobile', 'frog', 'airplane']",automobile
59,3,"['frog', 'ship', 'automobile', 'airplane']",frog
60,1,"['bird', 'dog', 'frog', 'cat', 'airplane']",airplane
61,1,"['bird', 'dog', 'frog', 'cat', 'airplane']",airplane
62,8,"['horse', 'airplane', 'cat', 'frog']",horse
63,2,"['ship', 'cat', 'automobile', 'airplane']",cat
64,1,"['bird', 'dog', 'frog', 'cat', 'airplane']",airplane
65,1,"['bird', 'dog', 'frog', 'cat', 'airplane']",airplane
66,4,"['cat', 'automobile', 'frog', 'airplane']",automobile
67,9,"['dog', 'frog', 'cat', 'airplane']",airplane
68,7,"['automobile', 'cat', 'airplane', 'frog']",cat
69,8,"['horse', 'airplane', 'cat', 'frog']",horse
70,5,"['frog', 'ship', 'airplane', 'automobile']",ship
71,9,"['dog', 'frog', 'cat', 'airplane']",airplane
72,6,"['automobile', 'horse', 'ship', 'airplane']",airplane
73,7,"['automobile', 'cat', 'airplane', 'frog']",cat
74,3,"['frog', 'ship', 'automobile', 'airplane']",ship
75,1,"['bird', 'dog', 'frog', 'cat', 'airplane']",airplane
76,9,"['dog', 'frog', 'cat', 'airplane']",dog
77,0,"['horse', 'deer', 'frog', 'cat']",horse
78,3,"['frog', 'ship', 'automobile', 'airplane']",frog
79,1,"['bird', 'dog', 'frog', 'cat', 'airplane']",airplane
80,3,"['frog', 'ship', 'automobile', 'airplane']",ship
81,5,"['frog', 'ship', 'airplane', 'automobile']",ship
82,4,"['cat', 'automobile', 'frog', 'airplane']",automobile
83,5,"['frog', 'ship', 'airplane', 'automobile']",ship
84,7,"['automobile', 'cat', 'airplane', 'frog']",airplane
85,7,"['automobile', 'cat', 'airplane', 'frog']",airplane
86,4,"['cat', 'automobile', 'frog', 'airplane']",automobile
87,7,"['automobile', 'cat', 'airplane', 'frog']",airplane
88,9,"['dog', 'frog', 'cat', 'airplane']",airplane
89,4,"['cat', 'automobile', 'frog', 'airplane']",automobile
90,2,"['ship', 'cat', 'automobile', 'airplane']",automobile
91,3,"['frog', 'ship', 'automobile', 'airplane']",ship
92,8,"['horse', 'airplane', 'cat', 'frog']",horse
93,0,"['horse', 'deer', 'frog', 'cat']",horse
94,1,"['bird', 'dog', 'frog', 'cat', 'airplane']",airplane
95,6,"['automobile', 'horse', 'ship', 'airplane']",airplane
96,1,"['bird', 'dog', 'frog', 'cat', 'airplane']",airplane
97,1,"['bird', 'dog', 'frog', 'cat', 'airplane']",airplane
98,4,"['cat', 'automobile', 'frog', 'airplane']",airplane
99,1,"['bird', 'dog', 'frog', 'cat', 'airplane']",bird
100,8,"['horse', 'airplane', 'cat', 'frog']",horse
101,3,"['frog', 'ship', 'automobile', 'airplane']",ship
102,9,"['dog', 'frog', 'cat', 'airplane']",airplane
103,6,"['automobile', 'horse', 'ship', 'airplane']",airplane
104,6,"['automobile', 'horse', 'ship', 'airplane']",automobile
105,1,"['bird', 'dog', 'frog', 'cat', 'airplane']",airplane
106,8,"['horse', 'airplane', 'cat', 'frog']",horse
107,5,"['frog', 'ship', 'airplane', 'automobile']",ship
108,2,"['ship', 'cat', 'automobile', 'airplane']",cat
109,9,"['dog', 'frog', 'cat', 'airplane']",dog
110,9,"['dog', 'frog', 'cat', 'airplane']",airplane
111,8,"['horse', 'airplane', 'cat', 'frog']",horse
112,1,"['bird', 'dog', 'frog', 'cat', 'airplane']",airplane
113,7,"['automobile', 'cat', 'airplane', 'frog']",airplane
114,7,"['automobile', 'cat', 'airplane', 'frog']",cat
115,0,"['horse', 'deer', 'frog', 'cat']",horse
116,0,"['horse', 'deer', 'frog', 'cat']",horse
117,6,"['automobile', 'horse', 'ship', 'airplane']",airplane
118,9,"['dog', 'frog', 'cat', 'airplane']",dog
119,1,"['bird', 'dog', 'frog', 'cat', 'airplane']",airplane
120,2,"['ship', 'cat', 'automobile', 'airplane']",automobile
121,2,"['ship', 'cat', 'automobile', 'airplane']",ship
122,9,"['dog', 'frog', 'cat', 'airplane']",dog
123,2,"['ship', 'cat', 'automobile', 'airplane']",cat
124,6,"['automobile', 'horse', 'ship', 'airplane']",airplane
125,6,"['automobile', 'horse', 'ship', 'airplane']",airplane
126,1,"['bird', 'dog', 'frog', 'cat', 'airplane']",airplane
127,9,"['dog', 'frog', 'cat', 'airplane']",dog
128,5,"['frog', 'ship', 'airplane', 'automobile']",ship
129,0,"['horse', 'deer', 'frog', 'cat']",horse
130,4,"['cat', 'automobile', 'frog', 'airplane']",automobile
131,7,"['automobile', 'cat', 'airplane', 'frog']",cat
132,6,"['automobile', 'horse', 'ship', 'airplane']",airplane
133,7,"['automobile', 'cat', 'airplane', 'frog']",cat
134,1,"['bird', 'dog', 'frog', 'cat', 'airplane']",airplane
135,8,"['horse', 'airplane', 'cat', 'frog']",horse
136,1,"['bird', 'dog', 'frog', 'cat', 'airplane']",airplane
137,1,"['bird', 'dog', 'frog', 'cat', 'airplane']",bird
138,2,"['ship', 'cat', 'automobile', 'airplane']",cat
139,8,"['horse', 'airplane', 'cat', 'frog']",horse
140,1,"['bird', 'dog', 'frog', 'cat', 'airplane']",airplane
141,3,"['frog', 'ship', 'automobile', 'airplane']",ship
142,3,"['frog', 'ship', 'automobile', 'airplane']",ship
143,6,"['automobile', 'horse', 'ship', 'airplane']",airplane
144,2,"['ship', 'cat', 'automobile', 'airplane']",cat
145,4,"['cat', 'automobile', 'frog', 'airplane']",automobile
146,9,"['dog', 'frog', 'cat', 'airplane']",airplane
147,9,"['dog', 'frog', 'cat', 'airplane']",airplane
148,5,"['frog', 'ship', 'airplane', 'automobile']",ship
149,4,"['cat', 'automobile', 'frog', 'airplane']",automobile
150,3,"['frog', 'ship', 'automobile', 'airplane']",ship
151,6,"['automobile', 'horse', 'ship', 'airplane']",airplane
152,7,"['automobile', 'cat', 'airplane', 'frog']",cat
153,4,"['cat', 'automobile', 'frog', 'airplane']",automobile
154,6,"['automobile', 'horse', 'ship', 'airplane']",airplane
155,8,"['horse', 'airplane', 'cat', 'frog']",horse
156,5,"['frog', 'ship', 'airplane', 'automobile']",ship
157,5,"['frog', 'ship', 'airplane', 'automobile']",ship
158,4,"['cat', 'automobile', 'frog', 'airplane']",automobile
159,3,"['frog', 'ship', 'automobile', 'airplane']",ship
160,1,"['bird', 'dog', 'frog', 'cat', 'airplane']",airplane
161,8,"['horse', 'airplane', 'cat', 'frog']",horse
162,4,"['cat', 'automobile', 'frog', 'airplane']",automobile
163,7,"['automobile', 'cat', 'airplane', 'frog']",cat
164,6,"['automobile', 'horse', 'ship', 'airplane']",airplane
165,0,"['horse', 'deer', 'frog', 'cat']",horse
166,9,"['dog', 'frog', 'cat', 'airplane']",dog
167,5,"['frog', 'ship', 'airplane', 'automobile']",ship
168,1,"['bird', 'dog', 'frog', 'cat', 'airplane']",airplane
169,3,"['frog', 'ship', 'automobile', 'airplane']",ship
170,8,"['horse', 'airplane', 'cat', 'frog']",horse
171,2,"['ship', 'cat', 'automobile', 'airplane']",cat
172,7,"['automobile', 'cat', 'airplane', 'frog']",cat
173,5,"['frog', 'ship', 'airplane', 'automobile']",ship
174,3,"['frog', 'ship', 'automobile', 'airplane']",ship
175,4,"['cat', 'automobile', 'frog', 'airplane']",automobile
176,1,"['bird', 'dog', 'frog', 'cat', 'airplane']",airplane
177,5,"['frog', 'ship', 'airplane', 'automobile']",ship
178,7,"['automobile', 'cat', 'airplane', 'frog']",airplane
179,0,"['horse', 'deer', 'frog', 'cat']",horse
180,4,"['cat', 'automobile', 'frog', 'airplane']",automobile
181,7,"['automobile', 'cat', 'airplane', 'frog']",airplane
182,5,"['frog', 'ship', 'airplane', 'automobile']",ship
183,5,"['frog', 'ship', 'airplane', 'automobile']",ship
184,1,"['bird', 'dog', 'frog', 'cat', 'airplane']",airplane
185,0,"['horse', 'deer', 'frog', 'cat']",horse
186,9,"['dog', 'frog', 'cat', 'airplane']",airplane
187,6,"['automobile', 'horse', 'ship', 'airplane']",airplane
188,9,"['dog', 'frog', 'cat', 'airplane']",dog
189,0,"['horse', 'deer', 'frog', 'cat']",horse
190,8,"['horse', 'airplane', 'cat', 'frog']",horse
191,7,"['automobile', 'cat', 'airplane', 'frog']",cat
192,8,"['horse', 'airplane', 'cat', 'frog']",horse
193,8,"['horse', 'airplane', 'cat', 'frog']",horse
194,2,"['ship', 'cat', 'automobile', 'airplane']",cat
195,5,"['frog', 'ship', 'airplane', 'automobile']",ship
196,2,"['ship', 'cat', 'automobile', 'airplane']",automobile
197,3,"['frog', 'ship', 'automobile', 'airplane']",ship
198,5,"['frog', 'ship', 'airplane', 'automobile']",ship
199,0,"['horse', 'deer', 'frog', 'cat']",horse
200,6,"['automobile', 'horse', 'ship', 'airplane']",airplane
201,1,"['bird', 'dog', 'frog', 'cat', 'airplane']",airplane
202,9,"['dog', 'frog', 'cat', 'airplane']",airplane
203,3,"['frog', 'ship', 'automobile', 'airplane']",ship
204,6,"['automobile', 'horse', 'ship', 'airplane']",ship
205,9,"['dog', 'frog', 'cat', 'airplane']",airplane
206,1,"['bird', 'dog', 'frog', 'cat', 'airplane']",airplane
207,3,"['frog', 'ship', 'automobile', 'airplane']",ship
208,9,"['dog', 'frog', 'cat', 'airplane']",airplane
209,6,"['automobile', 'horse', 'ship', 'airplane']",airplane
210,6,"['automobile', 'horse', 'ship', 'airplane']",horse
211,7,"['automobile', 'cat', 'airplane', 'frog']",cat
212,1,"['bird', 'dog', 'frog', 'cat', 'airplane']",airplane
213,0,"['horse', 'deer', 'frog', 'cat']",horse
214,9,"['dog', 'frog', 'cat', 'airplane']",dog
215,5,"['frog', 'ship', 'airplane', 'automobile']",ship
216,8,"['horse', 'airplane', 'cat', 'frog']",horse
217,5,"['frog', 'ship', 'airplane', 'automobile']",ship
218,2,"['ship', 'cat', 'automobile', 'airplane']",ship
219,9,"['dog', 'frog', 'cat', 'airplane']",airplane
220,0,"['horse', 'deer', 'frog', 'cat']",horse
221,8,"['horse', 'airplane', 'cat', 'frog']",horse
222,8,"['horse', 'airplane', 'cat', 'frog']",horse
223,0,"['horse', 'deer', 'frog', 'cat']",horse
224,6,"['automobile', 'horse', 'ship', 'airplane']",ship
225,9,"['dog', 'frog', 'cat', 'airplane']",dog
226,1,"['bird', 'dog', 'frog', 'cat', 'airplane']",airplane
227,1,"['bird', 'dog', 'frog', 'cat', 'airplane']",airplane
228,6,"['automobile', 'horse', 'ship', 'airplane']",airplane
229,3,"['frog', 'ship', 'automobile', 'airplane']",ship
230,7,"['automobile', 'cat', 'airplane', 'frog']",airplane
231,6,"['automobile', 'horse', 'ship', 'airplane']",automobile
232,6,"['automobile', 'horse', 'ship', 'airplane']",automobile
233,0,"['horse', 'deer', 'frog', 'cat']",horse
234,6,"['automobile', 'horse', 'ship', 'airplane']",airplane
235,6,"['automobile', 'horse', 'ship', 'airplane']",ship
236,1,"['bird', 'dog', 'frog', 'cat', 'airplane']",airplane
237,7,"['automobile', 'cat', 'airplane', 'frog']",cat
238,1,"['bird', 'dog', 'frog', 'cat', 'airplane']",airplane
239,5,"['frog', 'ship', 'airplane', 'automobile']",ship
240,8,"['horse', 'airplane', 'cat', 'frog']",horse
241,3,"['frog', 'ship', 'automobile', 'airplane']",ship
242,6,"['automobile', 'horse', 'ship', 'airplane']",airplane
243,6,"['automobile', 'horse', 'ship', 'airplane']",airplane
244,8,"['horse', 'airplane', 'cat', 'frog']",horse
245,6,"['automobile', 'horse', 'ship', 'airplane']",airplane
246,8,"['horse', 'airplane', 'cat', 'frog']",horse
247,4,"['cat', 'automobile', 'frog', 'airplane']",airplane
248,6,"['automobile', 'horse', 'ship', 'airplane']",airplane
249,6,"['automobile', 'horse', 'ship', 'airplane']",horse
250,1,"['bird', 'dog', 'frog', 'cat', 'airplane']",airplane
251,3,"['frog', 'ship', 'automobile', 'airplane']",ship
252,8,"['horse', 'airplane', 'cat', 'frog']",horse
253,3,"['frog', 'ship', 'automobile', 'airplane']",ship
254,4,"['cat', 'automobile', 'frog', 'airplane']",automobile
255,1,"['bird', 'dog', 'frog', 'cat', 'airplane']",airplane
256,7,"['automobile', 'cat', 'airplane', 'frog']",airplane
257,1,"['bird', 'dog', 'frog', 'cat', 'airplane']",airplane
258,3,"['frog', 'ship', 'automobile', 'airplane']",ship
259,8,"['horse', 'airplane', 'cat', 'frog']",horse
260,5,"['frog', 'ship', 'airplane', 'automobile']",ship
261,1,"['bird', 'dog', 'frog', 'cat', 'airplane']",airplane
262,1,"['bird', 'dog', 'frog', 'cat', 'airplane']",airplane
263,4,"['cat', 'automobile', 'frog', 'airplane']",automobile
264,0,"['horse', 'deer', 'frog', 'cat']",horse
265,9,"['dog', 'frog', 'cat', 'airplane']",airplane
266,3,"['frog', 'ship', 'automobile', 'airplane']",ship
267,7,"['automobile', 'cat', 'airplane', 'frog']",cat
268,4,"['cat', 'automobile', 'frog', 'airplane']",airplane
269,9,"['dog', 'frog', 'cat', 'airplane']",airplane
270,9,"['dog', 'frog', 'cat', 'airplane']",airplane
271,2,"['ship', 'cat', 'automobile', 'airplane']",cat
272,4,"['cat', 'automobile', 'frog', 'airplane']",automobile
273,9,"['dog', 'frog', 'cat', 'airplane']",airplane
274,9,"['dog', 'frog', 'cat', 'airplane']",airplane
275,1,"['bird', 'dog', 'frog', 'cat', 'airplane']",airplane
276,0,"['horse', 'deer', 'frog', 'cat']",horse
277,5,"['frog', 'ship', 'airplane', 'automobile']",ship
278,9,"['dog', 'frog', 'cat', 'airplane']",airplane
279,0,"['horse', 'deer', 'frog', 'cat']",horse
280,8,"['horse', 'airplane', 'cat', 'frog']",horse
281,2,"['ship', 'cat', 'automobile', 'airplane']",automobile
282,1,"['bird', 'dog', 'frog', 'cat', 'airplane']",airplane
283,2,"['ship', 'cat', 'automobile', 'airplane']",automobile
284,0,"['horse', 'deer', 'frog', 'cat']",horse
285,5,"['frog', 'ship', 'airplane', 'automobile']",ship
286,6,"['automobile', 'horse', 'ship', 'airplane']",airplane
287,3,"['frog', 'ship', 'automobile', 'airplane']",ship
288,2,"['ship', 'cat', 'automobile', 'airplane']",cat
289,7,"['automobile', 'cat', 'airplane', 'frog']",cat
290,8,"['horse', 'airplane', 'cat', 'frog']",horse
291,8,"['horse', 'airplane', 'cat', 'frog']",cat
292,6,"['automobile', 'horse', 'ship', 'airplane']",airplane
293,0,"['horse', 'deer', 'frog', 'cat']",horse
294,7,"['automobile', 'cat', 'airplane', 'frog']",cat
295,9,"['dog', 'frog', 'cat', 'airplane']",airplane
296,4,"['cat', 'automobile', 'frog', 'airplane']",automobile
297,5,"['frog', 'ship', 'airplane', 'automobile']",ship
298,6,"['automobile', 'horse', 'ship', 'airplane']",airplane
299,4,"['cat', 'automobile', 'frog', 'airplane']",automobile
300,2,"['ship', 'cat', 'automobile', 'airplane']",automobile
301,1,"['bird', 'dog', 'frog', 'cat', 'airplane']",airplane
302,1,"['bird', 'dog', 'frog', 'cat', 'airplane']",airplane
303,2,"['ship', 'cat', 'automobile', 'airplane']",cat
304,1,"['bird', 'dog', 'frog', 'cat', 'airplane']",airplane
305,5,"['frog', 'ship', 'airplane', 'automobile']",ship
306,9,"['dog', 'frog', 'cat', 'airplane']",airplane
307,9,"['dog', 'frog', 'cat', 'airplane']",airplane
308,0,"['horse', 'deer', 'frog', 'cat']",horse
309,8,"['horse', 'airplane', 'cat', 'frog']",horse
310,4,"['cat', 'automobile', 'frog', 'airplane']",frog
311,1,"['bird', 'dog', 'frog', 'cat', 'airplane']",airplane
312,1,"['bird', 'dog', 'frog', 'cat', 'airplane']",airplane
313,6,"['automobile', 'horse', 'ship', 'airplane']",airplane
314,3,"['frog', 'ship', 'automobile', 'airplane']",ship
315,3,"['frog', 'ship', 'automobile', 'airplane']",frog
316,9,"['dog', 'frog', 'cat', 'airplane']",airplane
317,0,"['horse', 'deer', 'frog', 'cat']",horse
318,7,"['automobile', 'cat', 'airplane', 'frog']",cat
319,9,"['dog', 'frog', 'cat', 'airplane']",airplane
320,7,"['automobile', 'cat', 'airplane', 'frog']",cat
321,7,"['automobile', 'cat', 'airplane', 'frog']",cat
322,9,"['dog', 'frog', 'cat', 'airplane']",airplane
323,1,"['bird', 'dog', 'frog', 'cat', 'airplane']",airplane
324,5,"['frog', 'ship', 'airplane', 'automobile']",ship
325,1,"['bird', 'dog', 'frog', 'cat', 'airplane']",airplane
326,6,"['automobile', 'horse', 'ship', 'airplane']",airplane
327,6,"['automobile', 'horse', 'ship', 'airplane']",airplane
328,8,"['horse', 'airplane', 'cat', 'frog']",horse
329,7,"['automobile', 'cat', 'airplane', 'frog']",cat
330,1,"['bird', 'dog', 'frog', 'cat', 'airplane']",airplane
331,3,"['frog', 'ship', 'automobile', 'airplane']",ship
332,0,"['horse', 'deer', 'frog', 'cat']",horse
333,3,"['frog', 'ship', 'automobile', 'airplane']",ship
334,3,"['frog', 'ship', 'automobile', 'airplane']",ship
335,2,"['ship', 'cat', 'automobile', 'airplane']",cat
336,4,"['cat', 'automobile', 'frog', 'airplane']",automobile
337,5,"['frog', 'ship', 'airplane', 'automobile']",ship
338,7,"['automobile', 'cat', 'airplane', 'frog']",airplane
339,5,"['frog', 'ship', 'airplane', 'automobile']",ship
340,9,"['dog', 'frog', 'cat', 'airplane']",airplane
341,0,"['horse', 'deer', 'frog', 'cat']",horse
342,3,"['frog', 'ship', 'automobile', 'airplane']",ship
343,4,"['cat', 'automobile', 'frog', 'airplane']",automobile
344,0,"['horse', 'deer', 'frog', 'cat']",horse
345,4,"['cat', 'automobile', 'frog', 'airplane']",automobile
346,4,"['cat', 'automobile', 'frog', 'airplane']",automobile
347,6,"['automobile', 'horse', 'ship', 'airplane']",airplane
348,0,"['horse', 'deer', 'frog', 'cat']",horse
349,0,"['horse', 'deer', 'frog', 'cat']",horse
350,6,"['automobile', 'horse', 'ship', 'airplane']",airplane
351,6,"['automobile', 'horse', 'ship', 'airplane']",airplane
352,0,"['horse', 'deer', 'frog', 'cat']",horse
353,8,"['horse', 'airplane', 'cat', 'frog']",horse
354,1,"['bird', 'dog', 'frog', 'cat', 'airplane']",airplane
355,6,"['automobile', 'horse', 'ship', 'airplane']",airplane
356,2,"['ship', 'cat', 'automobile', 'airplane']",automobile
357,9,"['dog', 'frog', 'cat', 'airplane']",airplane
358,2,"['ship', 'cat', 'automobile', 'airplane']",automobile
359,5,"['frog', 'ship', 'airplane', 'automobile']",ship
360,9,"['dog', 'frog', 'cat', 'airplane']",airplane
361,6,"['automobile', 'horse', 'ship', 'airplane']",airplane
362,7,"['automobile', 'cat', 'airplane', 'frog']",airplane
363,4,"['cat', 'automobile', 'frog', 'airplane']",automobile
364,1,"['bird', 'dog', 'frog', 'cat', 'airplane']",airplane
365,8,"['horse', 'airplane', 'cat', 'frog']",horse
366,7,"['automobile', 'cat', 'airplane', 'frog']",frog
367,3,"['frog', 'ship', 'automobile', 'airplane']",frog
368,6,"['automobile', 'horse', 'ship', 'airplane']",airplane
369,9,"['dog', 'frog', 'cat', 'airplane']",airplane
370,3,"['frog', 'ship', 'automobile', 'airplane']",ship
371,0,"['horse', 'deer', 'frog', 'cat']",horse
372,4,"['cat', 'automobile', 'frog', 'airplane']",automobile
373,0,"['horse', 'deer', 'frog', 'cat']",horse
374,5,"['frog', 'ship', 'airplane', 'automobile']",ship
375,1,"['bird', 'dog', 'frog', 'cat', 'airplane']",airplane
376,0,"['horse', 'deer', 'frog', 'cat']",horse
377,3,"['frog', 'ship', 'automobile', 'airplane']",ship
378,4,"['cat', 'automobile', 'frog', 'airplane']",automobile
379,8,"['horse', 'airplane', 'cat', 'frog']",horse
380,5,"['frog', 'ship', 'airplane', 'automobile']",ship
381,4,"['cat', 'automobile', 'frog', 'airplane']",automobile
382,7,"['automobile', 'cat', 'airplane', 'frog']",cat
383,2,"['ship', 'cat', 'automobile', 'airplane']",cat
384,3,"['frog', 'ship', 'automobile', 'airplane']",ship
385,9,"['dog', 'frog', 'cat', 'airplane']",airplane
386,7,"['automobile', 'cat', 'airplane', 'frog']",cat
387,6,"['automobile', 'horse', 'ship', 'airplane']",airplane
388,7,"['automobile', 'cat', 'airplane', 'frog']",cat
389,1,"['bird', 'dog', 'frog', 'cat', 'airplane']",airplane
390,4,"['cat', 'automobile', 'frog', 'airplane']",automobile
391,7,"['automobile', 'cat', 'airplane', 'frog']",cat
392,0,"['horse', 'deer', 'frog', 'cat']",horse
393,1,"['bird', 'dog', 'frog', 'cat', 'airplane']",airplane
394,7,"['automobile', 'cat', 'airplane', 'frog']",frog
395,3,"['frog', 'ship', 'automobile', 'airplane']",ship
396,1,"['bird', 'dog', 'frog', 'cat', 'airplane']",airplane
397,8,"['horse', 'airplane', 'cat', 'frog']",horse
398,4,"['cat', 'automobile', 'frog', 'airplane']",airplane
399,4,"['cat', 'automobile', 'frog', 'airplane']",automobile
400,2,"['ship', 'cat', 'automobile', 'airplane']",cat
401,0,"['horse', 'deer', 'frog', 'cat']",horse
402,2,"['ship', 'cat', 'automobile', 'airplane']",cat
403,2,"['ship', 'cat', 'automobile', 'airplane']",cat
404,0,"['horse', 'deer', 'frog', 'cat']",horse
405,0,"['horse', 'deer', 'frog', 'cat']",horse
406,9,"['dog', 'frog', 'cat', 'airplane']",airplane
407,0,"['horse', 'deer', 'frog', 'cat']",horse
408,9,"['dog', 'frog', 'cat', 'airplane']",airplane
409,6,"['automobile', 'horse', 'ship', 'airplane']",automobile
410,8,"['horse', 'airplane', 'cat', 'frog']",horse
411,2,"['ship', 'cat', 'automobile', 'airplane']",cat
412,7,"['automobile', 'cat', 'airplane', 'frog']",cat
413,7,"['automobile', 'cat', 'airplane', 'frog']",cat
414,4,"['cat', 'automobile', 'frog', 'airplane']",automobile
415,0,"['horse', 'deer', 'frog', 'cat']",horse
416,3,"['frog', 'ship', 'automobile', 'airplane']",ship
417,0,"['horse', 'deer', 'frog', 'cat']",horse
418,8,"['horse', 'airplane', 'cat', 'frog']",horse
419,9,"['dog', 'frog', 'cat', 'airplane']",airplane
420,4,"['cat', 'automobile', 'frog', 'airplane']",automobile
421,2,"['ship', 'cat', 'automobile', 'airplane']",cat
422,7,"['automobile', 'cat', 'airplane', 'frog']",cat
423,2,"['ship', 'cat', 'automobile', 'airplane']",cat
424,5,"['frog', 'ship', 'airplane', 'automobile']",ship
425,2,"['ship', 'cat', 'automobile', 'airplane']",cat
426,5,"['frog', 'ship', 'airplane', 'automobile']",ship
427,1,"['bird', 'dog', 'frog', 'cat', 'airplane']",airplane
428,9,"['dog', 'frog', 'cat', 'airplane']",airplane
429,4,"['cat', 'automobile', 'frog', 'airplane']",automobile
430,8,"['horse', 'airplane', 'cat', 'frog']",horse
431,5,"['frog', 'ship', 'airplane', 'automobile']",ship
432,1,"['bird', 'dog', 'frog', 'cat', 'airplane']",airplane
433,7,"['automobile', 'cat', 'airplane', 'frog']",airplane
434,4,"['cat', 'automobile', 'frog', 'airplane']",automobile
435,4,"['cat', 'automobile', 'frog', 'airplane']",automobile
436,0,"['horse', 'deer', 'frog', 'cat']",horse
437,6,"['automobile', 'horse', 'ship', 'airplane']",automobile
438,9,"['dog', 'frog', 'cat', 'airplane']",airplane
439,0,"['horse', 'deer', 'frog', 'cat']",horse
440,7,"['automobile', 'cat', 'airplane', 'frog']",airplane
441,8,"['horse', 'airplane', 'cat', 'frog']",horse
442,8,"['horse', 'airplane', 'cat', 'frog']",horse
443,9,"['dog', 'frog', 'cat', 'airplane']",airplane
444,9,"['dog', 'frog', 'cat', 'airplane']",dog
445,3,"['frog', 'ship', 'automobile', 'airplane']",ship
446,3,"['frog', 'ship', 'automobile', 'airplane']",ship
447,4,"['cat', 'automobile', 'frog', 'airplane']",airplane
448,0,"['horse', 'deer', 'frog', 'cat']",horse
449,4,"['cat', 'automobile', 'frog', 'airplane']",automobile
450,5,"['frog', 'ship', 'airplane', 'automobile']",ship
451,6,"['automobile', 'horse', 'ship', 'airplane']",airplane
452,6,"['automobile', 'horse', 'ship', 'airplane']",airplane
453,0,"['horse', 'deer', 'frog', 'cat']",horse
454,1,"['bird', 'dog', 'frog', 'cat', 'airplane']",airplane
455,0,"['horse', 'deer', 'frog', 'cat']",horse
456,8,"['horse', 'airplane', 'cat', 'frog']",horse
457,0,"['horse', 'deer', 'frog', 'cat']",horse
458,4,"['cat', 'automobile', 'frog', 'airplane']",automobile
459,8,"['horse', 'airplane', 'cat', 'frog']",horse
460,8,"['horse', 'airplane', 'cat', 'frog']",horse
461,1,"['bird', 'dog', 'frog', 'cat', 'airplane']",airplane
462,5,"['frog', 'ship', 'airplane', 'automobile']",ship
463,2,"['ship', 'cat', 'automobile', 'airplane']",cat
464,6,"['automobile', 'horse', 'ship', 'airplane']",automobile
465,8,"['horse', 'airplane', 'cat', 'frog']",horse
466,1,"['bird', 'dog', 'frog', 'cat', 'airplane']",airplane
467,0,"['horse', 'deer', 'frog', 'cat']",horse
468,0,"['horse', 'deer', 'frog', 'cat']",horse
469,7,"['automobile', 'cat', 'airplane', 'frog']",airplane
470,7,"['automobile', 'cat', 'airplane', 'frog']",cat
471,5,"['frog', 'ship', 'airplane', 'automobile']",ship
472,9,"['dog', 'frog', 'cat', 'airplane']",airplane
473,6,"['automobile', 'horse', 'ship', 'airplane']",ship
474,2,"['ship', 'cat', 'automobile', 'airplane']",cat
475,8,"['horse', 'airplane', 'cat', 'frog']",horse
476,3,"['frog', 'ship', 'automobile', 'airplane']",ship
477,4,"['cat', 'automobile', 'frog', 'airplane']",automobile
478,7,"['automobile', 'cat', 'airplane', 'frog']",airplane
479,3,"['frog', 'ship', 'automobile', 'airplane']",ship
480,9,"['dog', 'frog', 'cat', 'airplane']",airplane
481,0,"['horse', 'deer', 'frog', 'cat']",horse
482,1,"['bird', 'dog', 'frog', 'cat', 'airplane']",airplane
483,2,"['ship', 'cat', 'automobile', 'airplane']",cat
484,4,"['cat', 'automobile', 'frog', 'airplane']",automobile
485,8,"['horse', 'airplane', 'cat', 'frog']",horse
486,1,"['bird', 'dog', 'frog', 'cat', 'airplane']",airplane
487,8,"['horse', 'airplane', 'cat', 'frog']",horse
488,6,"['automobile', 'horse', 'ship', 'airplane']",airplane
489,4,"['cat', 'automobile', 'frog', 'airplane']",automobile
490,4,"['cat', 'automobile', 'frog', 'airplane']",automobile
491,5,"['frog', 'ship', 'airplane', 'automobile']",ship
492,7,"['automobile', 'cat', 'airplane', 'frog']",cat
493,1,"['bird', 'dog', 'frog', 'cat', 'airplane']",airplane
494,3,"['frog', 'ship', 'automobile', 'airplane']",ship
495,9,"['dog', 'frog', 'cat', 'airplane']",dog
496,8,"['horse', 'airplane', 'cat', 'frog']",horse
497,0,"['horse', 'deer', 'frog', 'cat']",horse
498,1,"['bird', 'dog', 'frog', 'cat', 'airplane']",airplane
499,7,"['automobile', 'cat', 'airplane', 'frog']",cat
500,5,"['frog', 'ship', 'airplane', 'automobile']",ship
501,8,"['horse', 'airplane', 'cat', 'frog']",horse
502,2,"['ship', 'cat', 'automobile', 'airplane']",cat
503,8,"['horse', 'airplane', 'cat', 'frog']",horse
504,0,"['horse', 'deer', 'frog', 'cat']",horse
505,4,"['cat', 'automobile', 'frog', 'airplane']",automobile
506,1,"['bird', 'dog', 'frog', 'cat', 'airplane']",airplane
507,8,"['horse', 'airplane', 'cat', 'frog']",horse
508,9,"['dog', 'frog', 'cat', 'airplane']",airplane
509,8,"['horse', 'airplane', 'cat', 'frog']",horse
510,2,"['ship', 'cat', 'automobile', 'airplane']",cat
511,9,"['dog', 'frog', 'cat', 'airplane']",dog
512,9,"['dog', 'frog', 'cat', 'airplane']",airplane
513,2,"['ship', 'cat', 'automobile', 'airplane']",cat
514,7,"['automobile', 'cat', 'airplane', 'frog']",cat
515,5,"['frog', 'ship', 'airplane', 'automobile']",ship
516,7,"['automobile', 'cat', 'airplane', 'frog']",cat
517,3,"['frog', 'ship', 'automobile', 'airplane']",ship
518,8,"['horse', 'airplane', 'cat', 'frog']",horse
519,8,"['horse', 'airplane', 'cat', 'frog']",horse
520,4,"['cat', 'automobile', 'frog', 'airplane']",automobile
521,4,"['cat', 'automobile', 'frog', 'airplane']",automobile
522,2,"['ship', 'cat', 'automobile', 'airplane']",cat
523,7,"['automobile', 'cat', 'airplane', 'frog']",cat
524,1,"['bird', 'dog', 'frog', 'cat', 'airplane']",airplane
525,6,"['automobile', 'horse', 'ship', 'airplane']",ship
526,4,"['cat', 'automobile', 'frog', 'airplane']",automobile
527,0,"['horse', 'deer', 'frog', 'cat']",horse
528,4,"['cat', 'automobile', 'frog', 'airplane']",automobile
529,6,"['automobile', 'horse', 'ship', 'airplane']",airplane
530,9,"['dog', 'frog', 'cat', 'airplane']",airplane
531,7,"['automobile', 'cat', 'airplane', 'frog']",airplane
532,6,"['automobile', 'horse', 'ship', 'airplane']",automobile
533,2,"['ship', 'cat', 'automobile', 'airplane']",cat
534,5,"['frog', 'ship', 'airplane', 'automobile']",ship
535,5,"['frog', 'ship', 'airplane', 'automobile']",ship
536,1,"['bird', 'dog', 'frog', 'cat', 'airplane']",airplane
537,7,"['automobile', 'cat', 'airplane', 'frog']",airplane
538,2,"['ship', 'cat', 'automobile', 'airplane']",cat
539,2,"['ship', 'cat', 'automobile', 'airplane']",cat
540,2,"['ship', 'cat', 'automobile', 'airplane']",cat
541,9,"['dog', 'frog', 'cat', 'airplane']",dog
542,5,"['frog', 'ship', 'airplane', 'automobile']",ship
543,4,"['cat', 'automobile', 'frog', 'airplane']",automobile
544,2,"['ship', 'cat', 'automobile', 'airplane']",cat
545,7,"['automobile', 'cat', 'airplane', 'frog']",cat
546,8,"['horse', 'airplane', 'cat', 'frog']",horse
547,1,"['bird', 'dog', 'frog', 'cat', 'airplane']",airplane
548,3,"['frog', 'ship', 'automobile', 'airplane']",ship
549,4,"['cat', 'automobile', 'frog', 'airplane']",automobile
550,3,"['frog', 'ship', 'automobile', 'airplane']",ship
551,7,"['automobile', 'cat', 'airplane', 'frog']",cat
552,6,"['automobile', 'horse', 'ship', 'airplane']",airplane
553,9,"['dog', 'frog', 'cat', 'airplane']",dog
554,8,"['horse', 'airplane', 'cat', 'frog']",horse
555,0,"['horse', 'deer', 'frog', 'cat']",frog
556,6,"['automobile', 'horse', 'ship', 'airplane']",airplane
557,0,"['horse', 'deer', 'frog', 'cat']",horse
558,2,"['ship', 'cat', 'automobile', 'airplane']",automobile
559,2,"['ship', 'cat', 'automobile', 'airplane']",cat
560,2,"['ship', 'cat', 'automobile', 'airplane']",cat
561,1,"['bird', 'dog', 'frog', 'cat', 'airplane']",airplane
562,8,"['horse', 'airplane', 'cat', 'frog']",horse
563,4,"['cat', 'automobile', 'frog', 'airplane']",automobile
564,0,"['horse', 'deer', 'frog', 'cat']",horse
565,1,"['bird', 'dog', 'frog', 'cat', 'airplane']",airplane
566,8,"['horse', 'airplane', 'cat', 'frog']",horse
567,8,"['horse', 'airplane', 'cat', 'frog']",horse
568,1,"['bird', 'dog', 'frog', 'cat', 'airplane']",airplane
569,5,"['frog', 'ship', 'airplane', 'automobile']",ship
570,7,"['automobile', 'cat', 'airplane', 'frog']",cat
571,6,"['automobile', 'horse', 'ship', 'airplane']",airplane
572,4,"['cat', 'automobile', 'frog', 'airplane']",automobile
573,5,"['frog', 'ship', 'airplane', 'automobile']",ship
574,8,"['horse', 'airplane', 'cat', 'frog']",horse
575,7,"['automobile', 'cat', 'airplane', 'frog']",airplane
576,1,"['bird', 'dog', 'frog', 'cat', 'airplane']",airplane
577,9,"['dog', 'frog', 'cat', 'airplane']",dog
578,1,"['bird', 'dog', 'frog', 'cat', 'airplane']",airplane
579,9,"['dog', 'frog', 'cat', 'airplane']",airplane
580,8,"['horse', 'airplane', 'cat', 'frog']",horse
581,4,"['cat', 'automobile', 'frog', 'airplane']",automobile
582,7,"['automobile', 'cat', 'airplane', 'frog']",airplane
583,3,"['frog', 'ship', 'automobile', 'airplane']",ship
584,8,"['horse', 'airplane', 'cat', 'frog']",airplane
585,8,"['horse', 'airplane', 'cat', 'frog']",horse
586,2,"['ship', 'cat', 'automobile', 'airplane']",automobile
587,6,"['automobile', 'horse', 'ship', 'airplane']",airplane
588,6,"['automobile', 'horse', 'ship', 'airplane']",automobile
589,7,"['automobile', 'cat', 'airplane', 'frog']",cat
590,1,"['bird', 'dog', 'frog', 'cat', 'airplane']",airplane
591,6,"['automobile', 'horse', 'ship', 'airplane']",airplane
592,8,"['horse', 'airplane', 'cat', 'frog']",horse
593,1,"['bird', 'dog', 'frog', 'cat', 'airplane']",airplane
594,9,"['dog', 'frog', 'cat', 'airplane']",airplane
595,7,"['automobile', 'cat', 'airplane', 'frog']",cat
596,8,"['horse', 'airplane', 'cat', 'frog']",horse
597,3,"['frog', 'ship', 'automobile', 'airplane']",ship
598,0,"['horse', 'deer', 'frog', 'cat']",horse
599,1,"['bird', 'dog', 'frog', 'cat', 'airplane']",airplane
600,0,"['horse', 'deer', 'frog', 'cat']",horse
601,8,"['horse', 'airplane', 'cat', 'frog']",horse
602,8,"['horse', 'airplane', 'cat', 'frog']",horse
603,3,"['frog', 'ship', 'automobile', 'airplane']",ship
604,0,"['horse', 'deer', 'frog', 'cat']",horse
605,0,"['horse', 'deer', 'frog', 'cat']",horse
606,1,"['bird', 'dog', 'frog', 'cat', 'airplane']",airplane
607,5,"['frog', 'ship', 'airplane', 'automobile']",ship
608,0,"['horse', 'deer', 'frog', 'cat']",horse
609,8,"['horse', 'airplane', 'cat', 'frog']",horse
610,8,"['horse', 'airplane', 'cat', 'frog']",horse
611,7,"['automobile', 'cat', 'airplane', 'frog']",airplane
612,9,"['dog', 'frog', 'cat', 'airplane']",airplane
613,9,"['dog', 'frog', 'cat', 'airplane']",airplane
614,0,"['horse', 'deer', 'frog', 'cat']",horse
615,9,"['dog', 'frog', 'cat', 'airplane']",dog
616,4,"['cat', 'automobile', 'frog', 'airplane']",automobile
617,1,"['bird', 'dog', 'frog', 'cat', 'airplane']",airplane
618,3,"['frog', 'ship', 'automobile', 'airplane']",ship
619,6,"['automobile', 'horse', 'ship', 'airplane']",automobile
620,6,"['automobile', 'horse', 'ship', 'airplane']",ship
621,4,"['cat', 'automobile', 'frog', 'airplane']",automobile
622,4,"['cat', 'automobile', 'frog', 'airplane']",automobile
623,7,"['automobile', 'cat', 'airplane', 'frog']",cat
624,5,"['frog', 'ship', 'airplane', 'automobile']",ship
625,6,"['automobile', 'horse', 'ship', 'airplane']",airplane
626,0,"['horse', 'deer', 'frog', 'cat']",horse
627,8,"['horse', 'airplane', 'cat', 'frog']",horse
628,0,"['horse', 'deer', 'frog', 'cat']",horse
629,3,"['frog', 'ship', 'automobile', 'airplane']",ship
630,2,"['ship', 'cat', 'automobile', 'airplane']",cat
631,8,"['horse', 'airplane', 'cat', 'frog']",horse
632,4,"['cat', 'automobile', 'frog', 'airplane']",automobile
633,6,"['automobile', 'horse', 'ship', 'airplane']",airplane
634,9,"['dog', 'frog', 'cat', 'airplane']",airplane
635,9,"['dog', 'frog', 'cat', 'airplane']",airplane
636,7,"['automobile', 'cat', 'airplane', 'frog']",cat
637,0,"['horse', 'deer', 'frog', 'cat']",horse
638,3,"['frog', 'ship', 'automobile', 'airplane']",ship
639,3,"['frog', 'ship', 'automobile', 'airplane']",ship
640,6,"['automobile', 'horse', 'ship', 'airplane']",airplane
641,7,"['automobile', 'cat', 'airplane', 'frog']",cat
642,4,"['cat', 'automobile', 'frog', 'airplane']",airplane
643,9,"['dog', 'frog', 'cat', 'airplane']",airplane
644,1,"['bird', 'dog', 'frog', 'cat', 'airplane']",airplane
645,6,"['automobile', 'horse', 'ship', 'airplane']",airplane
646,2,"['ship', 'cat', 'automobile', 'airplane']",cat
647,7,"['automobile', 'cat', 'airplane', 'frog']",airplane
648,2,"['ship', 'cat', 'automobile', 'airplane']",automobile
649,2,"['ship', 'cat', 'automobile', 'airplane']",automobile
650,0,"['horse', 'deer', 'frog', 'cat']",horse
651,6,"['automobile', 'horse', 'ship', 'airplane']",airplane
652,7,"['automobile', 'cat', 'airplane', 'frog']",airplane
653,5,"['frog', 'ship', 'airplane', 'automobile']",ship
654,7,"['automobile', 'cat', 'airplane', 'frog']",cat
655,6,"['automobile', 'horse', 'ship', 'airplane']",airplane
656,8,"['horse', 'airplane', 'cat', 'frog']",horse
657,9,"['dog', 'frog', 'cat', 'airplane']",airplane
658,0,"['horse', 'deer', 'frog', 'cat']",horse
659,9,"['dog', 'frog', 'cat', 'airplane']",airplane
660,4,"['cat', 'automobile', 'frog', 'airplane']",automobile
661,4,"['cat', 'automobile', 'frog', 'airplane']",automobile
662,7,"['automobile', 'cat', 'airplane', 'frog']",airplane
663,0,"['horse', 'deer', 'frog', 'cat']",horse
664,9,"['dog', 'frog', 'cat', 'airplane']",airplane
665,4,"['cat', 'automobile', 'frog', 'airplane']",automobile
666,9,"['dog', 'frog', 'cat', 'airplane']",dog
667,6,"['automobile', 'horse', 'ship', 'airplane']",airplane
668,9,"['dog', 'frog', 'cat', 'airplane']",airplane
669,4,"['cat', 'automobile', 'frog', 'airplane']",automobile
670,5,"['frog', 'ship', 'airplane', 'automobile']",ship
671,7,"['automobile', 'cat', 'airplane', 'frog']",cat
672,9,"['dog', 'frog', 'cat', 'airplane']",dog
673,2,"['ship', 'cat', 'automobile', 'airplane']",cat
674,4,"['cat', 'automobile', 'frog', 'airplane']",automobile
675,5,"['frog', 'ship', 'airplane', 'automobile']",ship
676,1,"['bird', 'dog', 'frog', 'cat', 'airplane']",airplane
677,4,"['cat', 'automobile', 'frog', 'airplane']",automobile
678,3,"['frog', 'ship', 'automobile', 'airplane']",ship
679,9,"['dog', 'frog', 'cat', 'airplane']",dog
680,6,"['automobile', 'horse', 'ship', 'airplane']",airplane
681,5,"['frog', 'ship', 'airplane', 'automobile']",ship
682,6,"['automobile', 'horse', 'ship', 'airplane']",airplane
683,9,"['dog', 'frog', 'cat', 'airplane']",airplane
684,3,"['frog', 'ship', 'automobile', 'airplane']",ship
685,3,"['frog', 'ship', 'automobile', 'airplane']",ship
686,5,"['frog', 'ship', 'airplane', 'automobile']",ship
687,0,"['horse', 'deer', 'frog', 'cat']",horse
688,7,"['automobile', 'cat', 'airplane', 'frog']",cat
689,2,"['ship', 'cat', 'automobile', 'airplane']",cat
690,1,"['bird', 'dog', 'frog', 'cat', 'airplane']",airplane
691,3,"['frog', 'ship', 'automobile', 'airplane']",ship
692,6,"['automobile', 'horse', 'ship', 'airplane']",airplane
693,4,"['cat', 'automobile', 'frog', 'airplane']",automobile
694,0,"['horse', 'deer', 'frog', 'cat']",horse
695,0,"['horse', 'deer', 'frog', 'cat']",horse
696,2,"['ship', 'cat', 'automobile', 'airplane']",automobile
697,5,"['frog', 'ship', 'airplane', 'automobile']",ship
698,0,"['horse', 'deer', 'frog', 'cat']",horse
699,1,"['bird', 'dog', 'frog', 'cat', 'airplane']",airplane
700,0,"['horse', 'deer', 'frog', 'cat']",horse
701,2,"['ship', 'cat', 'automobile', 'airplane']",cat
702,3,"['frog', 'ship', 'automobile', 'airplane']",ship
703,9,"['dog', 'frog', 'cat', 'airplane']",airplane
704,8,"['horse', 'airplane', 'cat', 'frog']",horse
705,4,"['cat', 'automobile', 'frog', 'airplane']",automobile
706,9,"['dog', 'frog', 'cat', 'airplane']",airplane
707,8,"['horse', 'airplane', 'cat', 'frog']",horse
708,0,"['horse', 'deer', 'frog', 'cat']",frog
709,2,"['ship', 'cat', 'automobile', 'airplane']",automobile
710,6,"['automobile', 'horse', 'ship', 'airplane']",airplane
711,4,"['cat', 'automobile', 'frog', 'airplane']",automobile
712,4,"['cat', 'automobile', 'frog', 'airplane']",airplane
713,0,"['horse', 'deer', 'frog', 'cat']",horse
714,1,"['bird', 'dog', 'frog', 'cat', 'airplane']",airplane
715,8,"['horse', 'airplane', 'cat', 'frog']",horse
716,8,"['horse', 'airplane', 'cat', 'frog']",horse
717,3,"['frog', 'ship', 'automobile', 'airplane']",ship
718,6,"['automobile', 'horse', 'ship', 'airplane']",airplane
719,9,"['dog', 'frog', 'cat', 'airplane']",airplane
720,6,"['automobile', 'horse', 'ship', 'airplane']",airplane
721,6,"['automobile', 'horse', 'ship', 'airplane']",ship
722,7,"['automobile', 'cat', 'airplane', 'frog']",cat
723,8,"['horse', 'airplane', 'cat', 'frog']",horse
724,2,"['ship', 'cat', 'automobile', 'airplane']",ship
725,4,"['cat', 'automobile', 'frog', 'airplane']",airplane
726,5,"['frog', 'ship', 'airplane', 'automobile']",ship
727,7,"['automobile', 'cat', 'airplane', 'frog']",airplane
728,6,"['automobile', 'horse', 'ship', 'airplane']",horse
729,5,"['frog', 'ship', 'airplane', 'automobile']",ship
730,3,"['frog', 'ship', 'automobile', 'airplane']",frog
731,0,"['horse', 'deer', 'frog', 'cat']",horse
732,5,"['frog', 'ship', 'airplane', 'automobile']",ship
733,0,"['horse', 'deer', 'frog', 'cat']",horse
734,5,"['frog', 'ship', 'airplane', 'automobile']",ship
735,0,"['horse', 'deer', 'frog', 'cat']",horse
736,8,"['horse', 'airplane', 'cat', 'frog']",horse
737,2,"['ship', 'cat', 'automobile', 'airplane']",cat
738,6,"['automobile', 'horse', 'ship', 'airplane']",horse
739,7,"['automobile', 'cat', 'airplane', 'frog']",airplane
740,3,"['frog', 'ship', 'automobile', 'airplane']",ship
741,8,"['horse', 'airplane', 'cat', 'frog']",horse
742,2,"['ship', 'cat', 'automobile', 'airplane']",cat
743,1,"['bird', 'dog', 'frog', 'cat', 'airplane']",airplane
744,7,"['automobile', 'cat', 'airplane', 'frog']",cat
745,6,"['automobile', 'horse', 'ship', 'airplane']",ship
746,7,"['automobile', 'cat', 'airplane', 'frog']",cat
747,1,"['bird', 'dog', 'frog', 'cat', 'airplane']",airplane
748,0,"['horse', 'deer', 'frog', 'cat']",horse
749,9,"['dog', 'frog', 'cat', 'airplane']",airplane
750,5,"['frog', 'ship', 'airplane', 'automobile']",ship
751,5,"['frog', 'ship', 'airplane', 'automobile']",ship
752,0,"['horse', 'deer', 'frog', 'cat']",horse
753,1,"['bird', 'dog', 'frog', 'cat', 'airplane']",airplane
754,7,"['automobile', 'cat', 'airplane', 'frog']",cat
755,6,"['automobile', 'horse', 'ship', 'airplane']",airplane
756,9,"['dog', 'frog', 'cat', 'airplane']",airplane
757,0,"['horse', 'deer', 'frog', 'cat']",horse
758,4,"['cat', 'automobile', 'frog', 'airplane']",automobile
759,7,"['automobile', 'cat', 'airplane', 'frog']",cat
760,7,"['automobile', 'cat', 'airplane', 'frog']",frog
761,1,"['bird', 'dog', 'frog', 'cat', 'airplane']",airplane
762,5,"['frog', 'ship', 'airplane', 'automobile']",ship
763,9,"['dog', 'frog', 'cat', 'airplane']",airplane
764,4,"['cat', 'automobile', 'frog', 'airplane']",automobile
765,0,"['horse', 'deer', 'frog', 'cat']",horse
766,8,"['horse', 'airplane', 'cat', 'frog']",horse
767,5,"['frog', 'ship', 'airplane', 'automobile']",ship
768,9,"['dog', 'frog', 'cat', 'airplane']",airplane
769,9,"['dog', 'frog', 'cat', 'airplane']",airplane
770,6,"['automobile', 'horse', 'ship', 'airplane']",airplane
771,7,"['automobile', 'cat', 'airplane', 'frog']",cat
772,1,"['bird', 'dog', 'frog', 'cat', 'airplane']",airplane
773,8,"['horse', 'airplane', 'cat', 'frog']",horse
774,3,"['frog', 'ship', 'automobile', 'airplane']",ship
775,2,"['ship', 'cat', 'automobile', 'airplane']",cat
776,3,"['frog', 'ship', 'automobile', 'airplane']",ship
777,8,"['horse', 'airplane', 'cat', 'frog']",horse
778,2,"['ship', 'cat', 'automobile', 'airplane']",automobile
779,2,"['ship', 'cat', 'automobile', 'airplane']",cat
780,4,"['cat', 'automobile', 'frog', 'airplane']",automobile
781,6,"['automobile', 'horse', 'ship', 'airplane']",horse
782,0,"['horse', 'deer', 'frog', 'cat']",horse
783,0,"['horse', 'deer', 'frog', 'cat']",horse
784,5,"['frog', 'ship', 'airplane', 'automobile']",ship
785,3,"['frog', 'ship', 'automobile', 'airplane']",ship
786,8,"['horse', 'airplane', 'cat', 'frog']",horse
787,2,"['ship', 'cat', 'automobile', 'airplane']",automobile
788,3,"['frog', 'ship', 'automobile', 'airplane']",ship
789,7,"['automobile', 'cat', 'airplane', 'frog']",cat
790,2,"['ship', 'cat', 'automobile', 'airplane']",cat
791,9,"['dog', 'frog', 'cat', 'airplane']",airplane
792,3,"['frog', 'ship', 'automobile', 'airplane']",ship
793,8,"['horse', 'airplane', 'cat', 'frog']",horse
794,7,"['automobile', 'cat', 'airplane', 'frog']",cat
795,8,"['horse', 'airplane', 'cat', 'frog']",horse
796,2,"['ship', 'cat', 'automobile', 'airplane']",cat
797,7,"['automobile', 'cat', 'airplane', 'frog']",cat
798,9,"['dog', 'frog', 'cat', 'airplane']",airplane
799,0,"['horse', 'deer', 'frog', 'cat']",horse
800,2,"['ship', 'cat', 'automobile', 'airplane']",cat
801,3,"['frog', 'ship', 'automobile', 'airplane']",ship
802,2,"['ship', 'cat', 'automobile', 'airplane']",cat
803,2,"['ship', 'cat', 'automobile', 'airplane']",cat
804,2,"['ship', 'cat', 'automobile', 'airplane']",cat
805,3,"['frog', 'ship', 'automobile', 'airplane']",ship
806,3,"['frog', 'ship', 'automobile', 'airplane']",ship
807,6,"['automobile', 'horse', 'ship', 'airplane']",airplane
808,2,"['ship', 'cat', 'automobile', 'airplane']",cat
809,3,"['frog', 'ship', 'automobile', 'airplane']",ship
810,2,"['ship', 'cat', 'automobile', 'airplane']",cat
811,8,"['horse', 'airplane', 'cat', 'frog']",horse
812,0,"['horse', 'deer', 'frog', 'cat']",horse
813,5,"['frog', 'ship', 'airplane', 'automobile']",ship
814,5,"['frog', 'ship', 'airplane', 'automobile']",ship
815,1,"['bird', 'dog', 'frog', 'cat', 'airplane']",airplane
816,4,"['cat', 'automobile', 'frog', 'airplane']",automobile
817,5,"['frog', 'ship', 'airplane', 'automobile']",ship
818,6,"['automobile', 'horse', 'ship', 'airplane']",airplane
819,6,"['automobile', 'horse', 'ship', 'airplane']",airplane
820,2,"['ship', 'cat', 'automobile', 'airplane']",automobile
821,7,"['automobile', 'cat', 'airplane', 'frog']",frog
822,0,"['horse', 'deer', 'frog', 'cat']",horse
823,1,"['bird', 'dog', 'frog', 'cat', 'airplane']",airplane
824,7,"['automobile', 'cat', 'airplane', 'frog']",airplane
825,7,"['automobile', 'cat', 'airplane', 'frog']",cat
826,8,"['horse', 'airplane', 'cat', 'frog']",horse
827,2,"['ship', 'cat', 'automobile', 'airplane']",cat
828,9,"['dog', 'frog', 'cat', 'airplane']",dog
829,2,"['ship', 'cat', 'automobile', 'airplane']",cat
830,2,"['ship', 'cat', 'automobile', 'airplane']",automobile
831,4,"['cat', 'automobile', 'frog', 'airplane']",automobile
832,2,"['ship', 'cat', 'automobile', 'airplane']",cat
833,1,"['bird', 'dog', 'frog', 'cat', 'airplane']",airplane
834,1,"['bird', 'dog', 'frog', 'cat', 'airplane']",airplane
835,1,"['bird', 'dog', 'frog', 'cat', 'airplane']",airplane
836,6,"['automobile', 'horse', 'ship', 'airplane']",airplane
837,6,"['automobile', 'horse', 'ship', 'airplane']",airplane
838,6,"['automobile', 'horse', 'ship', 'airplane']",airplane
839,5,"['frog', 'ship', 'airplane', 'automobile']",ship
840,1,"['bird', 'dog', 'frog', 'cat', 'airplane']",airplane
841,1,"['bird', 'dog', 'frog', 'cat', 'airplane']",airplane
842,7,"['automobile', 'cat', 'airplane', 'frog']",airplane
843,0,"['horse', 'deer', 'frog', 'cat']",horse
844,4,"['cat', 'automobile', 'frog', 'airplane']",automobile
845,3,"['frog', 'ship', 'automobile', 'airplane']",ship
846,3,"['frog', 'ship', 'automobile', 'airplane']",ship
847,7,"['automobile', 'cat', 'airplane', 'frog']",airplane
848,1,"['bird', 'dog', 'frog', 'cat', 'airplane']",airplane
849,2,"['ship', 'cat', 'automobile', 'airplane']",cat
850,3,"['frog', 'ship', 'automobile', 'airplane']",ship
851,5,"['frog', 'ship', 'airplane', 'automobile']",ship
852,5,"['frog', 'ship', 'airplane', 'automobile']",ship
853,5,"['frog', 'ship', 'airplane', 'automobile']",frog
854,6,"['automobile', 'horse', 'ship', 'airplane']",airplane
855,1,"['bird', 'dog', 'frog', 'cat', 'airplane']",airplane
856,4,"['cat', 'automobile', 'frog', 'airplane']",automobile
857,3,"['frog', 'ship', 'automobile', 'airplane']",ship
858,7,"['automobile', 'cat', 'airplane', 'frog']",airplane
859,8,"['horse', 'airplane', 'cat', 'frog']",horse
860,8,"['horse', 'airplane', 'cat', 'frog']",horse
861,3,"['frog', 'ship', 'automobile', 'airplane']",ship
862,6,"['automobile', 'horse', 'ship', 'airplane']",airplane
863,6,"['automobile', 'horse', 'ship', 'airplane']",airplane
864,2,"['ship', 'cat', 'automobile', 'airplane']",automobile
865,3,"['frog', 'ship', 'automobile', 'airplane']",ship
866,0,"['horse', 'deer', 'frog', 'cat']",horse
867,9,"['dog', 'frog', 'cat', 'airplane']",airplane
868,4,"['cat', 'automobile', 'frog', 'airplane']",automobile
869,3,"['frog', 'ship', 'automobile', 'airplane']",ship
870,8,"['horse', 'airplane', 'cat', 'frog']",horse
871,0,"['horse', 'deer', 'frog', 'cat']",horse
872,0,"['horse', 'deer', 'frog', 'cat']",horse
873,1,"['bird', 'dog', 'frog', 'cat', 'airplane']",airplane
874,1,"['bird', 'dog', 'frog', 'cat', 'airplane']",airplane
875,5,"['frog', 'ship', 'airplane', 'automobile']",ship
876,4,"['cat', 'automobile', 'frog', 'airplane']",automobile
877,9,"['dog', 'frog', 'cat', 'airplane']",airplane
878,3,"['frog', 'ship', 'automobile', 'airplane']",ship
879,1,"['bird', 'dog', 'frog', 'cat', 'airplane']",airplane
880,8,"['horse', 'airplane', 'cat', 'frog']",horse
881,9,"['dog', 'frog', 'cat', 'airplane']",airplane
882,3,"['frog', 'ship', 'automobile', 'airplane']",ship
883,9,"['dog', 'frog', 'cat', 'airplane']",airplane
884,9,"['dog', 'frog', 'cat', 'airplane']",airplane
885,2,"['ship', 'cat', 'automobile', 'airplane']",cat
886,9,"['dog', 'frog', 'cat', 'airplane']",airplane
887,4,"['cat', 'automobile', 'frog', 'airplane']",automobile
888,8,"['horse', 'airplane', 'cat', 'frog']",horse
889,2,"['ship', 'cat', 'automobile', 'airplane']",cat
890,9,"['dog', 'frog', 'cat', 'airplane']",dog
891,8,"['horse', 'airplane', 'cat', 'frog']",horse
892,8,"['horse', 'airplane', 'cat', 'frog']",horse
893,1,"['bird', 'dog', 'frog', 'cat', 'airplane']",airplane
894,5,"['frog', 'ship', 'airplane', 'automobile']",ship
895,3,"['frog', 'ship', 'automobile', 'airplane']",ship
896,6,"['automobile', 'horse', 'ship', 'airplane']",airplane
897,8,"['horse', 'airplane', 'cat', 'frog']",horse
898,7,"['automobile', 'cat', 'airplane', 'frog']",cat
899,6,"['automobile', 'horse', 'ship', 'airplane']",airplane
900,9,"['dog', 'frog', 'cat', 'airplane']",airplane
901,8,"['horse', 'airplane', 'cat', 'frog']",horse
902,0,"['horse', 'deer', 'frog', 'cat']",horse
903,6,"['automobile', 'horse', 'ship', 'airplane']",ship
904,4,"['cat', 'automobile', 'frog', 'airplane']",automobile
905,0,"['horse', 'deer', 'frog', 'cat']",horse
906,0,"['horse', 'deer', 'frog', 'cat']",horse
907,2,"['ship', 'cat', 'automobile', 'airplane']",cat
908,5,"['frog', 'ship', 'airplane', 'automobile']",ship
909,8,"['horse', 'airplane', 'cat', 'frog']",horse
910,2,"['ship', 'cat', 'automobile', 'airplane']",automobile
911,0,"['horse', 'deer', 'frog', 'cat']",horse
912,2,"['ship', 'cat', 'automobile', 'airplane']",cat
913,7,"['automobile', 'cat', 'airplane', 'frog']",cat
914,6,"['automobile', 'horse', 'ship', 'airplane']",airplane
915,9,"['dog', 'frog', 'cat', 'airplane']",airplane
916,7,"['automobile', 'cat', 'airplane', 'frog']",cat
917,1,"['bird', 'dog', 'frog', 'cat', 'airplane']",airplane
918,5,"['frog', 'ship', 'airplane', 'automobile']",ship
919,5,"['frog', 'ship', 'airplane', 'automobile']",ship
920,6,"['automobile', 'horse', 'ship', 'airplane']",airplane
921,6,"['automobile', 'horse', 'ship', 'airplane']",airplane
922,3,"['frog', 'ship', 'automobile', 'airplane']",ship
923,6,"['automobile', 'horse', 'ship', 'airplane']",automobile
924,2,"['ship', 'cat', 'automobile', 'airplane']",automobile
925,4,"['cat', 'automobile', 'frog', 'airplane']",automobile
926,7,"['automobile', 'cat', 'airplane', 'frog']",cat
927,0,"['horse', 'deer', 'frog', 'cat']",horse
928,5,"['frog', 'ship', 'airplane', 'automobile']",ship
929,6,"['automobile', 'horse', 'ship', 'airplane']",airplane
930,4,"['cat', 'automobile', 'frog', 'airplane']",airplane
931,6,"['automobile', 'horse', 'ship', 'airplane']",airplane
932,5,"['frog', 'ship', 'airplane', 'automobile']",ship
933,2,"['ship', 'cat', 'automobile', 'airplane']",cat
934,4,"['cat', 'automobile', 'frog', 'airplane']",automobile
935,6,"['automobile', 'horse', 'ship', 'airplane']",airplane
936,1,"['bird', 'dog', 'frog', 'cat', 'airplane']",airplane
937,6,"['automobile', 'horse', 'ship', 'airplane']",ship
938,0,"['horse', 'deer', 'frog', 'cat']",horse
939,4,"['cat', 'automobile', 'frog', 'airplane']",automobile
940,0,"['horse', 'deer', 'frog', 'cat']",horse
941,3,"['frog', 'ship', 'automobile', 'airplane']",ship
942,1,"['bird', 'dog', 'frog', 'cat', 'airplane']",airplane
943,8,"['horse', 'airplane', 'cat', 'frog']",horse
944,5,"['frog', 'ship', 'airplane', 'automobile']",ship
945,4,"['cat', 'automobile', 'frog', 'airplane']",automobile
946,4,"['cat', 'automobile', 'frog', 'airplane']",automobile
947,1,"['bird', 'dog', 'frog', 'cat', 'airplane']",airplane
948,7,"['automobile', 'cat', 'airplane', 'frog']",airplane
949,3,"['frog', 'ship', 'automobile', 'airplane']",ship
950,9,"['dog', 'frog', 'cat', 'airplane']",dog
951,4,"['cat', 'automobile', 'frog', 'airplane']",automobile
952,7,"['automobile', 'cat', 'airplane', 'frog']",cat
953,9,"['dog', 'frog', 'cat', 'airplane']",airplane
954,7,"['automobile', 'cat', 'airplane', 'frog']",cat
955,3,"['frog', 'ship', 'automobile', 'airplane']",ship
956,7,"['automobile', 'cat', 'airplane', 'frog']",cat
957,2,"['ship', 'cat', 'automobile', 'airplane']",cat
958,8,"['horse', 'airplane', 'cat', 'frog']",horse
959,4,"['cat', 'automobile', 'frog', 'airplane']",automobile
960,6,"['automobile', 'horse', 'ship', 'airplane']",horse
961,6,"['automobile', 'horse', 'ship', 'airplane']",airplane
962,1,"['bird', 'dog', 'frog', 'cat', 'airplane']",airplane
963,2,"['ship', 'cat', 'automobile', 'airplane']",ship
964,9,"['dog', 'frog', 'cat', 'airplane']",dog
965,0,"['horse', 'deer', 'frog', 'cat']",horse
966,4,"['cat', 'automobile', 'frog', 'airplane']",automobile
967,8,"['horse', 'airplane', 'cat', 'frog']",horse
968,7,"['automobile', 'cat', 'airplane', 'frog']",airplane
969,3,"['frog', 'ship', 'automobile', 'airplane']",ship
970,9,"['dog', 'frog', 'cat', 'airplane']",airplane
971,8,"['horse', 'airplane', 'cat', 'frog']",horse
972,7,"['automobile', 'cat', 'airplane', 'frog']",cat
973,7,"['automobile', 'cat', 'airplane', 'frog']",cat
974,0,"['horse', 'deer', 'frog', 'cat']",horse
975,2,"['ship', 'cat', 'automobile', 'airplane']",cat
976,4,"['cat', 'automobile', 'frog', 'airplane']",automobile
977,1,"['bird', 'dog', 'frog', 'cat', 'airplane']",airplane
978,1,"['bird', 'dog', 'frog', 'cat', 'airplane']",airplane
979,4,"['cat', 'automobile', 'frog', 'airplane']",automobile
980,1,"['bird', 'dog', 'frog', 'cat', 'airplane']",airplane
981,5,"['frog', 'ship', 'airplane', 'automobile']",ship
982,4,"['cat', 'automobile', 'frog', 'airplane']",automobile
983,0,"['horse', 'deer', 'frog', 'cat']",horse
984,5,"['frog', 'ship', 'airplane', 'automobile']",ship
985,6,"['automobile', 'horse', 'ship', 'airplane']",airplane
986,2,"['ship', 'cat', 'automobile', 'airplane']",automobile
987,8,"['horse', 'airplane', 'cat', 'frog']",horse
988,5,"['frog', 'ship', 'airplane', 'automobile']",ship
989,0,"['horse', 'deer', 'frog', 'cat']",horse
990,2,"['ship', 'cat', 'automobile', 'airplane']",cat
991,1,"['bird', 'dog', 'frog', 'cat', 'airplane']",airplane
992,3,"['frog', 'ship', 'automobile', 'airplane']",ship
993,5,"['frog', 'ship', 'airplane', 'automobile']",ship
994,7,"['automobile', 'cat', 'airplane', 'frog']",cat
995,3,"['frog', 'ship', 'automobile', 'airplane']",ship
996,5,"['frog', 'ship', 'airplane', 'automobile']",ship
997,1,"['bird', 'dog', 'frog', 'cat', 'airplane']",airplane
998,3,"['frog', 'ship', 'automobile', 'airplane']",ship
999,5,"['frog', 'ship', 'airplane', 'automobile']",ship
1000,9,"['dog', 'frog', 'cat', 'airplane']",dog
1001,4,"['cat', 'automobile', 'frog', 'airplane']",automobile
1002,3,"['frog', 'ship', 'automobile', 'airplane']",ship
1003,2,"['ship', 'cat', 'automobile', 'airplane']",automobile
1004,4,"['cat', 'automobile', 'frog', 'airplane']",automobile
1005,4,"['cat', 'automobile', 'frog', 'airplane']",automobile
1006,1,"['bird', 'dog', 'frog', 'cat', 'airplane']",airplane
1007,4,"['cat', 'automobile', 'frog', 'airplane']",automobile
1008,2,"['ship', 'cat', 'automobile', 'airplane']",automobile
1009,2,"['ship', 'cat', 'automobile', 'airplane']",cat
1010,3,"['frog', 'ship', 'automobile', 'airplane']",ship
1011,8,"['horse', 'airplane', 'cat', 'frog']",horse
1012,0,"['horse', 'deer', 'frog', 'cat']",horse
1013,6,"['automobile', 'horse', 'ship', 'airplane']",ship
1014,8,"['horse', 'airplane', 'cat', 'frog']",horse
1015,5,"['frog', 'ship', 'airplane', 'automobile']",ship
1016,6,"['automobile', 'horse', 'ship', 'airplane']",airplane
1017,6,"['automobile', 'horse', 'ship', 'airplane']",airplane
1018,4,"['cat', 'automobile', 'frog', 'airplane']",automobile
1019,7,"['automobile', 'cat', 'airplane', 'frog']",cat
1020,1,"['bird', 'dog', 'frog', 'cat', 'airplane']",airplane
1021,1,"['bird', 'dog', 'frog', 'cat', 'airplane']",airplane
1022,4,"['cat', 'automobile', 'frog', 'airplane']",automobile
1023,6,"['automobile', 'horse', 'ship', 'airplane']",automobile
1024,2,"['ship', 'cat', 'automobile', 'airplane']",automobile
1025,3,"['frog', 'ship', 'automobile', 'airplane']",ship
1026,9,"['dog', 'frog', 'cat', 'airplane']",airplane
1027,6,"['automobile', 'horse', 'ship', 'airplane']",airplane
1028,9,"['dog', 'frog', 'cat', 'airplane']",dog
1029,1,"['bird', 'dog', 'frog', 'cat', 'airplane']",airplane
1030,3,"['frog', 'ship', 'automobile', 'airplane']",ship
1031,6,"['automobile', 'horse', 'ship', 'airplane']",ship
1032,8,"['horse', 'airplane', 'cat', 'frog']",horse
1033,5,"['frog', 'ship', 'airplane', 'automobile']",ship
1034,9,"['dog', 'frog', 'cat', 'airplane']",airplane
1035,6,"['automobile', 'horse', 'ship', 'airplane']",horse
1036,8,"['horse', 'airplane', 'cat', 'frog']",horse
1037,1,"['bird', 'dog', 'frog', 'cat', 'airplane']",airplane
1038,6,"['automobile', 'horse', 'ship', 'airplane']",airplane
1039,0,"['horse', 'deer', 'frog', 'cat']",horse
1040,2,"['ship', 'cat', 'automobile', 'airplane']",ship
1041,3,"['frog', 'ship', 'automobile', 'airplane']",ship
1042,7,"['automobile', 'cat', 'airplane', 'frog']",cat
1043,9,"['dog', 'frog', 'cat', 'airplane']",airplane
1044,0,"['horse', 'deer', 'frog', 'cat']",horse
1045,9,"['dog', 'frog', 'cat', 'airplane']",airplane
1046,7,"['automobile', 'cat', 'airplane', 'frog']",cat
1047,6,"['automobile', 'horse', 'ship', 'airplane']",airplane
1048,3,"['frog', 'ship', 'automobile', 'airplane']",ship
1049,9,"['dog', 'frog', 'cat', 'airplane']",airplane
1050,2,"['ship', 'cat', 'automobile', 'airplane']",cat
1051,6,"['automobile', 'horse', 'ship', 'airplane']",airplane
1052,1,"['bird', 'dog', 'frog', 'cat', 'airplane']",airplane
1053,6,"['automobile', 'horse', 'ship', 'airplane']",airplane
1054,7,"['automobile', 'cat', 'airplane', 'frog']",cat
1055,3,"['frog', 'ship', 'automobile', 'airplane']",ship
1056,8,"['horse', 'airplane', 'cat', 'frog']",horse
1057,3,"['frog', 'ship', 'automobile', 'airplane']",ship
1058,8,"['horse', 'airplane', 'cat', 'frog']",horse
1059,3,"['frog', 'ship', 'automobile', 'airplane']",ship
1060,8,"['horse', 'airplane', 'cat', 'frog']",horse
1061,5,"['frog', 'ship', 'airplane', 'automobile']",ship
1062,9,"['dog', 'frog', 'cat', 'airplane']",airplane
1063,6,"['automobile', 'horse', 'ship', 'airplane']",airplane
1064,1,"['bird', 'dog', 'frog', 'cat', 'airplane']",airplane
1065,2,"['ship', 'cat', 'automobile', 'airplane']",cat
1066,5,"['frog', 'ship', 'airplane', 'automobile']",ship
1067,2,"['ship', 'cat', 'automobile', 'airplane']",automobile
1068,1,"['bird', 'dog', 'frog', 'cat', 'airplane']",airplane
1069,4,"['cat', 'automobile', 'frog', 'airplane']",automobile
1070,3,"['frog', 'ship', 'automobile', 'airplane']",ship
1071,7,"['automobile', 'cat', 'airplane', 'frog']",airplane
1072,5,"['frog', 'ship', 'airplane', 'automobile']",ship
1073,9,"['dog', 'frog', 'cat', 'airplane']",airplane
1074,3,"['frog', 'ship', 'automobile', 'airplane']",ship
1075,9,"['dog', 'frog', 'cat', 'airplane']",dog
1076,3,"['frog', 'ship', 'automobile', 'airplane']",ship
1077,2,"['ship', 'cat', 'automobile', 'airplane']",ship
1078,9,"['dog', 'frog', 'cat', 'airplane']",airplane
1079,1,"['bird', 'dog', 'frog', 'cat', 'airplane']",airplane
1080,8,"['horse', 'airplane', 'cat', 'frog']",horse
1081,5,"['frog', 'ship', 'airplane', 'automobile']",ship
1082,9,"['dog', 'frog', 'cat', 'airplane']",airplane
1083,7,"['automobile', 'cat', 'airplane', 'frog']",cat
1084,2,"['ship', 'cat', 'automobile', 'airplane']",cat
1085,6,"['automobile', 'horse', 'ship', 'airplane']",airplane
1086,0,"['horse', 'deer', 'frog', 'cat']",horse
1087,8,"['horse', 'airplane', 'cat', 'frog']",horse
1088,5,"['frog', 'ship', 'airplane', 'automobile']",ship
1089,7,"['automobile', 'cat', 'airplane', 'frog']",cat
1090,1,"['bird', 'dog', 'frog', 'cat', 'airplane']",airplane
1091,5,"['frog', 'ship', 'airplane', 'automobile']",ship
1092,8,"['horse', 'airplane', 'cat', 'frog']",horse
1093,5,"['frog', 'ship', 'airplane', 'automobile']",ship
1094,7,"['automobile', 'cat', 'airplane', 'frog']",cat
1095,1,"['bird', 'dog', 'frog', 'cat', 'airplane']",airplane
1096,5,"['frog', 'ship', 'airplane', 'automobile']",ship
1097,0,"['horse', 'deer', 'frog', 'cat']",horse
1098,3,"['frog', 'ship', 'automobile', 'airplane']",ship
1099,9,"['dog', 'frog', 'cat', 'airplane']",dog
1100,3,"['frog', 'ship', 'automobile', 'airplane']",ship
1101,6,"['automobile', 'horse', 'ship', 'airplane']",airplane
1102,9,"['dog', 'frog', 'cat', 'airplane']",airplane
1103,1,"['bird', 'dog', 'frog', 'cat', 'airplane']",airplane
1104,3,"['frog', 'ship', 'automobile', 'airplane']",ship
1105,9,"['dog', 'frog', 'cat', 'airplane']",airplane
1106,8,"['horse', 'airplane', 'cat', 'frog']",horse
1107,2,"['ship', 'cat', 'automobile', 'airplane']",automobile
1108,2,"['ship', 'cat', 'automobile', 'airplane']",cat
1109,3,"['frog', 'ship', 'automobile', 'airplane']",ship
1110,2,"['ship', 'cat', 'automobile', 'airplane']",automobile
1111,5,"['frog', 'ship', 'airplane', 'automobile']",ship
1112,9,"['dog', 'frog', 'cat', 'airplane']",airplane
1113,7,"['automobile', 'cat', 'airplane', 'frog']",airplane
1114,9,"['dog', 'frog', 'cat', 'airplane']",airplane
1115,9,"['dog', 'frog', 'cat', 'airplane']",airplane
1116,8,"['horse', 'airplane', 'cat', 'frog']",horse
1117,9,"['dog', 'frog', 'cat', 'airplane']",airplane
1118,7,"['automobile', 'cat', 'airplane', 'frog']",cat
1119,0,"['horse', 'deer', 'frog', 'cat']",horse
1120,3,"['frog', 'ship', 'automobile', 'airplane']",ship
1121,3,"['frog', 'ship', 'automobile', 'airplane']",ship
1122,2,"['ship', 'cat', 'automobile', 'airplane']",automobile
1123,0,"['horse', 'deer', 'frog', 'cat']",horse
1124,3,"['frog', 'ship', 'automobile', 'airplane']",ship
1125,7,"['automobile', 'cat', 'airplane', 'frog']",cat
1126,6,"['automobile', 'horse', 'ship', 'airplane']",airplane
1127,3,"['frog', 'ship', 'automobile', 'airplane']",ship
1128,3,"['frog', 'ship', 'automobile', 'airplane']",ship
1129,2,"['ship', 'cat', 'automobile', 'airplane']",cat
1130,0,"['horse', 'deer', 'frog', 'cat']",horse
1131,6,"['automobile', 'horse', 'ship', 'airplane']",airplane
1132,6,"['automobile', 'horse', 'ship', 'airplane']",airplane
1133,5,"['frog', 'ship', 'airplane', 'automobile']",ship
1134,5,"['frog', 'ship', 'airplane', 'automobile']",ship
1135,7,"['automobile', 'cat', 'airplane', 'frog']",cat
1136,5,"['frog', 'ship', 'airplane', 'automobile']",ship
1137,9,"['dog', 'frog', 'cat', 'airplane']",dog
1138,8,"['horse', 'airplane', 'cat', 'frog']",horse
1139,2,"['ship', 'cat', 'automobile', 'airplane']",cat
1140,9,"['dog', 'frog', 'cat', 'airplane']",airplane
1141,8,"['horse', 'airplane', 'cat', 'frog']",horse
1142,0,"['horse', 'deer', 'frog', 'cat']",horse
1143,4,"['cat', 'automobile', 'frog', 'airplane']",automobile
1144,0,"['horse', 'deer', 'frog', 'cat']",horse
1145,1,"['bird', 'dog', 'frog', 'cat', 'airplane']",airplane
1146,2,"['ship', 'cat', 'automobile', 'airplane']",automobile
1147,0,"['horse', 'deer', 'frog', 'cat']",horse
1148,4,"['cat', 'automobile', 'frog', 'airplane']",automobile
1149,7,"['automobile', 'cat', 'airplane', 'frog']",airplane
1150,3,"['frog', 'ship', 'automobile', 'airplane']",ship
1151,8,"['horse', 'airplane', 'cat', 'frog']",horse
1152,5,"['frog', 'ship', 'airplane', 'automobile']",ship
1153,1,"['bird', 'dog', 'frog', 'cat', 'airplane']",airplane
1154,6,"['automobile', 'horse', 'ship', 'airplane']",airplane
1155,6,"['automobile', 'horse', 'ship', 'airplane']",airplane
1156,5,"['frog', 'ship', 'airplane', 'automobile']",ship
1157,5,"['frog', 'ship', 'airplane', 'automobile']",ship
1158,4,"['cat', 'automobile', 'frog', 'airplane']",automobile
1159,6,"['automobile', 'horse', 'ship', 'airplane']",airplane
1160,3,"['frog', 'ship', 'automobile', 'airplane']",ship
1161,6,"['automobile', 'horse', 'ship', 'airplane']",airplane
1162,8,"['horse', 'airplane', 'cat', 'frog']",horse
1163,2,"['ship', 'cat', 'automobile', 'airplane']",cat
1164,3,"['frog', 'ship', 'automobile', 'airplane']",ship
1165,7,"['automobile', 'cat', 'airplane', 'frog']",airplane
1166,0,"['horse', 'deer', 'frog', 'cat']",horse
1167,7,"['automobile', 'cat', 'airplane', 'frog']",airplane
1168,0,"['horse', 'deer', 'frog', 'cat']",horse
1169,4,"['cat', 'automobile', 'frog', 'airplane']",automobile
1170,1,"['bird', 'dog', 'frog', 'cat', 'airplane']",airplane
1171,9,"['dog', 'frog', 'cat', 'airplane']",airplane
1172,5,"['frog', 'ship', 'airplane', 'automobile']",ship
1173,7,"['automobile', 'cat', 'airplane', 'frog']",cat
1174,8,"['horse', 'airplane', 'cat', 'frog']",horse
1175,6,"['automobile', 'horse', 'ship', 'airplane']",ship
1176,6,"['automobile', 'horse', 'ship', 'airplane']",airplane
1177,8,"['horse', 'airplane', 'cat', 'frog']",horse
1178,0,"['horse', 'deer', 'frog', 'cat']",horse
1179,7,"['automobile', 'cat', 'airplane', 'frog']",cat
1180,2,"['ship', 'cat', 'automobile', 'airplane']",cat
1181,8,"['horse', 'airplane', 'cat', 'frog']",horse
1182,4,"['cat', 'automobile', 'frog', 'airplane']",automobile
1183,8,"['horse', 'airplane', 'cat', 'frog']",horse
1184,2,"['ship', 'cat', 'automobile', 'airplane']",cat
1185,0,"['horse', 'deer', 'frog', 'cat']",horse
1186,9,"['dog', 'frog', 'cat', 'airplane']",dog
1187,0,"['horse', 'deer', 'frog', 'cat']",horse
1188,0,"['horse', 'deer', 'frog', 'cat']",horse
1189,2,"['ship', 'cat', 'automobile', 'airplane']",cat
1190,9,"['dog', 'frog', 'cat', 'airplane']",dog
1191,6,"['automobile', 'horse', 'ship', 'airplane']",airplane
1192,6,"['automobile', 'horse', 'ship', 'airplane']",automobile
1193,5,"['frog', 'ship', 'airplane', 'automobile']",ship
1194,6,"['automobile', 'horse', 'ship', 'airplane']",airplane
1195,0,"['horse', 'deer', 'frog', 'cat']",horse
1196,3,"['frog', 'ship', 'automobile', 'airplane']",ship
1197,7,"['automobile', 'cat', 'airplane', 'frog']",cat
1198,5,"['frog', 'ship', 'airplane', 'automobile']",ship
1199,5,"['frog', 'ship', 'airplane', 'automobile']",ship
1200,7,"['automobile', 'cat', 'airplane', 'frog']",cat
1201,9,"['dog', 'frog', 'cat', 'airplane']",airplane
1202,3,"['frog', 'ship', 'automobile', 'airplane']",ship
1203,4,"['cat', 'automobile', 'frog', 'airplane']",automobile
1204,5,"['frog', 'ship', 'airplane', 'automobile']",ship
1205,0,"['horse', 'deer', 'frog', 'cat']",horse
1206,5,"['frog', 'ship', 'airplane', 'automobile']",ship
1207,2,"['ship', 'cat', 'automobile', 'airplane']",cat
1208,3,"['frog', 'ship', 'automobile', 'airplane']",ship
1209,2,"['ship', 'cat', 'automobile', 'airplane']",automobile
1210,6,"['automobile', 'horse', 'ship', 'airplane']",automobile
1211,0,"['horse', 'deer', 'frog', 'cat']",horse
1212,4,"['cat', 'automobile', 'frog', 'airplane']",automobile
1213,9,"['dog', 'frog', 'cat', 'airplane']",airplane
1214,0,"['horse', 'deer', 'frog', 'cat']",horse
1215,7,"['automobile', 'cat', 'airplane', 'frog']",cat
1216,0,"['horse', 'deer', 'frog', 'cat']",horse
1217,9,"['dog', 'frog', 'cat', 'airplane']",airplane
1218,7,"['automobile', 'cat', 'airplane', 'frog']",airplane
1219,2,"['ship', 'cat', 'automobile', 'airplane']",cat
1220,6,"['automobile', 'horse', 'ship', 'airplane']",airplane
1221,4,"['cat', 'automobile', 'frog', 'airplane']",automobile
1222,6,"['automobile', 'horse', 'ship', 'airplane']",airplane
1223,9,"['dog', 'frog', 'cat', 'airplane']",airplane
1224,5,"['frog', 'ship', 'airplane', 'automobile']",ship
1225,4,"['cat', 'automobile', 'frog', 'airplane']",automobile
1226,7,"['automobile', 'cat', 'airplane', 'frog']",cat
1227,0,"['horse', 'deer', 'frog', 'cat']",horse
1228,6,"['automobile', 'horse', 'ship', 'airplane']",ship
1229,8,"['horse', 'airplane', 'cat', 'frog']",horse
1230,8,"['horse', 'airplane', 'cat', 'frog']",horse
1231,9,"['dog', 'frog', 'cat', 'airplane']",dog
1232,9,"['dog', 'frog', 'cat', 'airplane']",airplane
1233,9,"['dog', 'frog', 'cat', 'airplane']",airplane
1234,0,"['horse', 'deer', 'frog', 'cat']",horse
1235,9,"['dog', 'frog', 'cat', 'airplane']",airplane
1236,8,"['horse', 'airplane', 'cat', 'frog']",horse
1237,6,"['automobile', 'horse', 'ship', 'airplane']",airplane
1238,4,"['cat', 'automobile', 'frog', 'airplane']",automobile
1239,8,"['horse', 'airplane', 'cat', 'frog']",horse
1240,1,"['bird', 'dog', 'frog', 'cat', 'airplane']",airplane
1241,9,"['dog', 'frog', 'cat', 'airplane']",airplane
1242,1,"['bird', 'dog', 'frog', 'cat', 'airplane']",airplane
1243,0,"['horse', 'deer', 'frog', 'cat']",horse
1244,5,"['frog', 'ship', 'airplane', 'automobile']",ship
1245,8,"['horse', 'airplane', 'cat', 'frog']",horse
1246,6,"['automobile', 'horse', 'ship', 'airplane']",airplane
1247,9,"['dog', 'frog', 'cat', 'airplane']",airplane
1248,6,"['automobile', 'horse', 'ship', 'airplane']",airplane
1249,0,"['horse', 'deer', 'frog', 'cat']",horse
1250,8,"['horse', 'airplane', 'cat', 'frog']",horse
1251,1,"['bird', 'dog', 'frog', 'cat', 'airplane']",airplane
1252,3,"['frog', 'ship', 'automobile', 'airplane']",ship
1253,9,"['dog', 'frog', 'cat', 'airplane']",dog
1254,4,"['cat', 'automobile', 'frog', 'airplane']",frog
1255,8,"['horse', 'airplane', 'cat', 'frog']",horse
1256,4,"['cat', 'automobile', 'frog', 'airplane']",automobile
1257,3,"['frog', 'ship', 'automobile', 'airplane']",ship
1258,2,"['ship', 'cat', 'automobile', 'airplane']",cat
1259,6,"['automobile', 'horse', 'ship', 'airplane']",airplane
1260,0,"['horse', 'deer', 'frog', 'cat']",horse
1261,8,"['horse', 'airplane', 'cat', 'frog']",horse
1262,9,"['dog', 'frog', 'cat', 'airplane']",dog
1263,9,"['dog', 'frog', 'cat', 'airplane']",dog
1264,4,"['cat', 'automobile', 'frog', 'airplane']",automobile
1265,3,"['frog', 'ship', 'automobile', 'airplane']",ship
1266,0,"['horse', 'deer', 'frog', 'cat']",horse
1267,2,"['ship', 'cat', 'automobile', 'airplane']",automobile
1268,4,"['cat', 'automobile', 'frog', 'airplane']",automobile
1269,4,"['cat', 'automobile', 'frog', 'airplane']",automobile
1270,0,"['horse', 'deer', 'frog', 'cat']",horse
1271,3,"['frog', 'ship', 'automobile', 'airplane']",ship
1272,5,"['frog', 'ship', 'airplane', 'automobile']",ship
1273,7,"['automobile', 'cat', 'airplane', 'frog']",cat
1274,5,"['frog', 'ship', 'airplane', 'automobile']",ship
1275,7,"['automobile', 'cat', 'airplane', 'frog']",cat
1276,7,"['automobile', 'cat', 'airplane', 'frog']",cat
1277,9,"['dog', 'frog', 'cat', 'airplane']",dog
1278,0,"['horse', 'deer', 'frog', 'cat']",horse
1279,9,"['dog', 'frog', 'cat', 'airplane']",airplane
1280,5,"['frog', 'ship', 'airplane', 'automobile']",ship
1281,3,"['frog', 'ship', 'automobile', 'airplane']",ship
1282,8,"['horse', 'airplane', 'cat', 'frog']",horse
1283,2,"['ship', 'cat', 'automobile', 'airplane']",ship
1284,4,"['cat', 'automobile', 'frog', 'airplane']",automobile
1285,2,"['ship', 'cat', 'automobile', 'airplane']",cat
1286,3,"['frog', 'ship', 'automobile', 'airplane']",ship
1287,1,"['bird', 'dog', 'frog', 'cat', 'airplane']",airplane
1288,2,"['ship', 'cat', 'automobile', 'airplane']",cat
1289,8,"['horse', 'airplane', 'cat', 'frog']",horse
1290,9,"['dog', 'frog', 'cat', 'airplane']",airplane
1291,2,"['ship', 'cat', 'automobile', 'airplane']",cat
1292,8,"['horse', 'airplane', 'cat', 'frog']",horse
1293,1,"['bird', 'dog', 'frog', 'cat', 'airplane']",airplane
1294,4,"['cat', 'automobile', 'frog', 'airplane']",automobile
1295,2,"['ship', 'cat', 'automobile', 'airplane']",automobile
1296,0,"['horse', 'deer', 'frog', 'cat']",horse
1297,4,"['cat', 'automobile', 'frog', 'airplane']",automobile
1298,5,"['frog', 'ship', 'airplane', 'automobile']",ship
1299,4,"['cat', 'automobile', 'frog', 'airplane']",automobile
1300,8,"['horse', 'airplane', 'cat', 'frog']",horse
1301,1,"['bird', 'dog', 'frog', 'cat', 'airplane']",airplane
1302,7,"['automobile', 'cat', 'airplane', 'frog']",airplane
1303,4,"['cat', 'automobile', 'frog', 'airplane']",automobile
1304,1,"['bird', 'dog', 'frog', 'cat', 'airplane']",airplane
1305,1,"['bird', 'dog', 'frog', 'cat', 'airplane']",airplane
1306,0,"['horse', 'deer', 'frog', 'cat']",horse
1307,2,"['ship', 'cat', 'automobile', 'airplane']",cat
1308,7,"['automobile', 'cat', 'airplane', 'frog']",cat
1309,7,"['automobile', 'cat', 'airplane', 'frog']",cat
1310,4,"['cat', 'automobile', 'frog', 'airplane']",automobile
1311,4,"['cat', 'automobile', 'frog', 'airplane']",automobile
1312,4,"['cat', 'automobile', 'frog', 'airplane']",automobile
1313,4,"['cat', 'automobile', 'frog', 'airplane']",airplane
1314,8,"['horse', 'airplane', 'cat', 'frog']",horse
1315,4,"['cat', 'automobile', 'frog', 'airplane']",automobile
1316,3,"['frog', 'ship', 'automobile', 'airplane']",ship
1317,6,"['automobile', 'horse', 'ship', 'airplane']",airplane
1318,6,"['automobile', 'horse', 'ship', 'airplane']",airplane
1319,0,"['horse', 'deer', 'frog', 'cat']",horse
1320,1,"['bird', 'dog', 'frog', 'cat', 'airplane']",airplane
1321,3,"['frog', 'ship', 'automobile', 'airplane']",ship
1322,9,"['dog', 'frog', 'cat', 'airplane']",airplane
1323,8,"['horse', 'airplane', 'cat', 'frog']",horse
1324,4,"['cat', 'automobile', 'frog', 'airplane']",automobile
1325,8,"['horse', 'airplane', 'cat', 'frog']",airplane
1326,9,"['dog', 'frog', 'cat', 'airplane']",airplane
1327,6,"['automobile', 'horse', 'ship', 'airplane']",ship
1328,2,"['ship', 'cat', 'automobile', 'airplane']",cat
1329,0,"['horse', 'deer', 'frog', 'cat']",frog
1330,5,"['frog', 'ship', 'airplane', 'automobile']",ship
1331,5,"['frog', 'ship', 'airplane', 'automobile']",ship
1332,9,"['dog', 'frog', 'cat', 'airplane']",dog
1333,4,"['cat', 'automobile', 'frog', 'airplane']",automobile
1334,2,"['ship', 'cat', 'automobile', 'airplane']",cat
1335,0,"['horse', 'deer', 'frog', 'cat']",horse
1336,8,"['horse', 'airplane', 'cat', 'frog']",horse
1337,8,"['horse', 'airplane', 'cat', 'frog']",horse
1338,0,"['horse', 'deer', 'frog', 'cat']",frog
1339,4,"['cat', 'automobile', 'frog', 'airplane']",automobile
1340,0,"['horse', 'deer', 'frog', 'cat']",horse
1341,7,"['automobile', 'cat', 'airplane', 'frog']",frog
1342,6,"['automobile', 'horse', 'ship', 'airplane']",horse
1343,9,"['dog', 'frog', 'cat', 'airplane']",airplane
1344,5,"['frog', 'ship', 'airplane', 'automobile']",ship
1345,3,"['frog', 'ship', 'automobile', 'airplane']",ship
1346,5,"['frog', 'ship', 'airplane', 'automobile']",ship
1347,4,"['cat', 'automobile', 'frog', 'airplane']",automobile
1348,4,"['cat', 'automobile', 'frog', 'airplane']",automobile
1349,4,"['cat', 'automobile', 'frog', 'airplane']",automobile
1350,4,"['cat', 'automobile', 'frog', 'airplane']",automobile
1351,3,"['frog', 'ship', 'automobile', 'airplane']",ship
1352,7,"['automobile', 'cat', 'airplane', 'frog']",cat
1353,9,"['dog', 'frog', 'cat', 'airplane']",airplane
1354,2,"['ship', 'cat', 'automobile', 'airplane']",cat
1355,5,"['frog', 'ship', 'airplane', 'automobile']",ship
1356,1,"['bird', 'dog', 'frog', 'cat', 'airplane']",airplane
1357,8,"['horse', 'airplane', 'cat', 'frog']",horse
1358,3,"['frog', 'ship', 'automobile', 'airplane']",ship
1359,2,"['ship', 'cat', 'automobile', 'airplane']",ship
1360,6,"['automobile', 'horse', 'ship', 'airplane']",airplane
1361,9,"['dog', 'frog', 'cat', 'airplane']",airplane
1362,6,"['automobile', 'horse', 'ship', 'airplane']",airplane
1363,3,"['frog', 'ship', 'automobile', 'airplane']",ship
1364,1,"['bird', 'dog', 'frog', 'cat', 'airplane']",airplane
1365,7,"['automobile', 'cat', 'airplane', 'frog']",cat
1366,4,"['cat', 'automobile', 'frog', 'airplane']",automobile
1367,6,"['automobile', 'horse', 'ship', 'airplane']",ship
1368,3,"['frog', 'ship', 'automobile', 'airplane']",ship
1369,7,"['automobile', 'cat', 'airplane', 'frog']",airplane
1370,8,"['horse', 'airplane', 'cat', 'frog']",horse
1371,6,"['automobile', 'horse', 'ship', 'airplane']",airplane
1372,2,"['ship', 'cat', 'automobile', 'airplane']",automobile
1373,4,"['cat', 'automobile', 'frog', 'airplane']",automobile
1374,6,"['automobile', 'horse', 'ship', 'airplane']",ship
1375,8,"['horse', 'airplane', 'cat', 'frog']",horse
1376,0,"['horse', 'deer', 'frog', 'cat']",horse
1377,1,"['bird', 'dog', 'frog', 'cat', 'airplane']",airplane
1378,9,"['dog', 'frog', 'cat', 'airplane']",airplane
1379,9,"['dog', 'frog', 'cat', 'airplane']",airplane
1380,1,"['bird', 'dog', 'frog', 'cat', 'airplane']",airplane
1381,0,"['horse', 'deer', 'frog', 'cat']",horse
1382,0,"['horse', 'deer', 'frog', 'cat']",horse
1383,8,"['horse', 'airplane', 'cat', 'frog']",horse
1384,9,"['dog', 'frog', 'cat', 'airplane']",dog
1385,4,"['cat', 'automobile', 'frog', 'airplane']",automobile
1386,7,"['automobile', 'cat', 'airplane', 'frog']",cat
1387,4,"['cat', 'automobile', 'frog', 'airplane']",automobile
1388,4,"['cat', 'automobile', 'frog', 'airplane']",automobile
1389,1,"['bird', 'dog', 'frog', 'cat', 'airplane']",airplane
1390,9,"['dog', 'frog', 'cat', 'airplane']",dog
1391,8,"['horse', 'airplane', 'cat', 'frog']",horse
1392,8,"['horse', 'airplane', 'cat', 'frog']",horse
1393,6,"['automobile', 'horse', 'ship', 'airplane']",airplane
1394,1,"['bird', 'dog', 'frog', 'cat', 'airplane']",airplane
1395,7,"['automobile', 'cat', 'airplane', 'frog']",airplane
1396,4,"['cat', 'automobile', 'frog', 'airplane']",automobile
1397,8,"['horse', 'airplane', 'cat', 'frog']",horse
1398,8,"['horse', 'airplane', 'cat', 'frog']",horse
1399,8,"['horse', 'airplane', 'cat', 'frog']",horse
1400,0,"['horse', 'deer', 'frog', 'cat']",horse
1401,5,"['frog', 'ship', 'airplane', 'automobile']",ship
1402,6,"['automobile', 'horse', 'ship', 'airplane']",airplane
1403,6,"['automobile', 'horse', 'ship', 'airplane']",airplane
1404,8,"['horse', 'airplane', 'cat', 'frog']",horse
1405,3,"['frog', 'ship', 'automobile', 'airplane']",ship
1406,4,"['cat', 'automobile', 'frog', 'airplane']",automobile
1407,4,"['cat', 'automobile', 'frog', 'airplane']",automobile
1408,1,"['bird', 'dog', 'frog', 'cat', 'airplane']",airplane
1409,2,"['ship', 'cat', 'automobile', 'airplane']",cat
1410,1,"['bird', 'dog', 'frog', 'cat', 'airplane']",airplane
1411,5,"['frog', 'ship', 'airplane', 'automobile']",ship
1412,7,"['automobile', 'cat', 'airplane', 'frog']",airplane
1413,1,"['bird', 'dog', 'frog', 'cat', 'airplane']",airplane
1414,7,"['automobile', 'cat', 'airplane', 'frog']",cat
1415,2,"['ship', 'cat', 'automobile', 'airplane']",automobile
1416,8,"['horse', 'airplane', 'cat', 'frog']",horse
1417,5,"['frog', 'ship', 'airplane', 'automobile']",ship
1418,9,"['dog', 'frog', 'cat', 'airplane']",airplane
1419,5,"['frog', 'ship', 'airplane', 'automobile']",ship
1420,6,"['automobile', 'horse', 'ship', 'airplane']",horse
1421,1,"['bird', 'dog', 'frog', 'cat', 'airplane']",bird
1422,9,"['dog', 'frog', 'cat', 'airplane']",airplane
1423,5,"['frog', 'ship', 'airplane', 'automobile']",ship
1424,0,"['horse', 'deer', 'frog', 'cat']",horse
1425,4,"['cat', 'automobile', 'frog', 'airplane']",automobile
1426,3,"['frog', 'ship', 'automobile', 'airplane']",ship
1427,3,"['frog', 'ship', 'automobile', 'airplane']",ship
1428,0,"['horse', 'deer', 'frog', 'cat']",horse
1429,8,"['horse', 'airplane', 'cat', 'frog']",horse
1430,2,"['ship', 'cat', 'automobile', 'airplane']",cat
1431,8,"['horse', 'airplane', 'cat', 'frog']",horse
1432,0,"['horse', 'deer', 'frog', 'cat']",horse
1433,9,"['dog', 'frog', 'cat', 'airplane']",dog
1434,0,"['horse', 'deer', 'frog', 'cat']",horse
1435,4,"['cat', 'automobile', 'frog', 'airplane']",automobile
1436,6,"['automobile', 'horse', 'ship', 'airplane']",airplane
1437,9,"['dog', 'frog', 'cat', 'airplane']",dog
1438,2,"['ship', 'cat', 'automobile', 'airplane']",cat
1439,8,"['horse', 'airplane', 'cat', 'frog']",horse
1440,2,"['ship', 'cat', 'automobile', 'airplane']",automobile
1441,7,"['automobile', 'cat', 'airplane', 'frog']",cat
1442,7,"['automobile', 'cat', 'airplane', 'frog']",automobile
1443,2,"['ship', 'cat', 'automobile', 'airplane']",cat
1444,2,"['ship', 'cat', 'automobile', 'airplane']",cat
1445,7,"['automobile', 'cat', 'airplane', 'frog']",cat
1446,1,"['bird', 'dog', 'frog', 'cat', 'airplane']",airplane
1447,6,"['automobile', 'horse', 'ship', 'airplane']",airplane
1448,1,"['bird', 'dog', 'frog', 'cat', 'airplane']",airplane
1449,3,"['frog', 'ship', 'automobile', 'airplane']",ship
1450,4,"['cat', 'automobile', 'frog', 'airplane']",automobile
1451,4,"['cat', 'automobile', 'frog', 'airplane']",automobile
1452,8,"['horse', 'airplane', 'cat', 'frog']",horse
1453,6,"['automobile', 'horse', 'ship', 'airplane']",airplane
1454,0,"['horse', 'deer', 'frog', 'cat']",horse
1455,1,"['bird', 'dog', 'frog', 'cat', 'airplane']",airplane
1456,9,"['dog', 'frog', 'cat', 'airplane']",airplane
1457,4,"['cat', 'automobile', 'frog', 'airplane']",automobile
1458,2,"['ship', 'cat', 'automobile', 'airplane']",cat
1459,7,"['automobile', 'cat', 'airplane', 'frog']",cat
1460,5,"['frog', 'ship', 'airplane', 'automobile']",ship
1461,3,"['frog', 'ship', 'automobile', 'airplane']",ship
1462,9,"['dog', 'frog', 'cat', 'airplane']",dog
1463,0,"['horse', 'deer', 'frog', 'cat']",horse
1464,1,"['bird', 'dog', 'frog', 'cat', 'airplane']",airplane
1465,9,"['dog', 'frog', 'cat', 'airplane']",airplane
1466,0,"['horse', 'deer', 'frog', 'cat']",horse
1467,9,"['dog', 'frog', 'cat', 'airplane']",airplane
1468,8,"['horse', 'airplane', 'cat', 'frog']",horse
1469,7,"['automobile', 'cat', 'airplane', 'frog']",airplane
1470,0,"['horse', 'deer', 'frog', 'cat']",horse
1471,4,"['cat', 'automobile', 'frog', 'airplane']",automobile
1472,9,"['dog', 'frog', 'cat', 'airplane']",airplane
1473,0,"['horse', 'deer', 'frog', 'cat']",horse
1474,5,"['frog', 'ship', 'airplane', 'automobile']",ship
1475,2,"['ship', 'cat', 'automobile', 'airplane']",airplane
1476,1,"['bird', 'dog', 'frog', 'cat', 'airplane']",airplane
1477,0,"['horse', 'deer', 'frog', 'cat']",horse
1478,2,"['ship', 'cat', 'automobile', 'airplane']",cat
1479,8,"['horse', 'airplane', 'cat', 'frog']",horse
1480,8,"['horse', 'airplane', 'cat', 'frog']",horse
1481,0,"['horse', 'deer', 'frog', 'cat']",frog
1482,5,"['frog', 'ship', 'airplane', 'automobile']",ship
1483,7,"['automobile', 'cat', 'airplane', 'frog']",cat
1484,6,"['automobile', 'horse', 'ship', 'airplane']",airplane
1485,6,"['automobile', 'horse', 'ship', 'airplane']",automobile
1486,5,"['frog', 'ship', 'airplane', 'automobile']",ship
1487,3,"['frog', 'ship', 'automobile', 'airplane']",ship
1488,7,"['automobile', 'cat', 'airplane', 'frog']",automobile
1489,7,"['automobile', 'cat', 'airplane', 'frog']",cat
1490,7,"['automobile', 'cat', 'airplane', 'frog']",cat
1491,4,"['cat', 'automobile', 'frog', 'airplane']",airplane
1492,2,"['ship', 'cat', 'automobile', 'airplane']",cat
1493,0,"['horse', 'deer', 'frog', 'cat']",horse
1494,1,"['bird', 'dog', 'frog', 'cat', 'airplane']",airplane
1495,7,"['automobile', 'cat', 'airplane', 'frog']",airplane
1496,3,"['frog', 'ship', 'automobile', 'airplane']",ship
1497,2,"['ship', 'cat', 'automobile', 'airplane']",cat
1498,7,"['automobile', 'cat', 'airplane', 'frog']",cat
1499,3,"['frog', 'ship', 'automobile', 'airplane']",frog
1500,2,"['ship', 'cat', 'automobile', 'airplane']",cat
1501,2,"['ship', 'cat', 'automobile', 'airplane']",automobile
1502,1,"['bird', 'dog', 'frog', 'cat', 'airplane']",airplane
1503,5,"['frog', 'ship', 'airplane', 'automobile']",ship
1504,9,"['dog', 'frog', 'cat', 'airplane']",dog
1505,9,"['dog', 'frog', 'cat', 'airplane']",airplane
1506,8,"['horse', 'airplane', 'cat', 'frog']",horse
1507,0,"['horse', 'deer', 'frog', 'cat']",horse
1508,8,"['horse', 'airplane', 'cat', 'frog']",horse
1509,4,"['cat', 'automobile', 'frog', 'airplane']",automobile
1510,3,"['frog', 'ship', 'automobile', 'airplane']",ship
1511,3,"['frog', 'ship', 'automobile', 'airplane']",ship
1512,8,"['horse', 'airplane', 'cat', 'frog']",horse
1513,5,"['frog', 'ship', 'airplane', 'automobile']",ship
1514,0,"['horse', 'deer', 'frog', 'cat']",horse
1515,8,"['horse', 'airplane', 'cat', 'frog']",horse
1516,4,"['cat', 'automobile', 'frog', 'airplane']",automobile
1517,5,"['frog', 'ship', 'airplane', 'automobile']",ship
1518,7,"['automobile', 'cat', 'airplane', 'frog']",airplane
1519,5,"['frog', 'ship', 'airplane', 'automobile']",ship
1520,1,"['bird', 'dog', 'frog', 'cat', 'airplane']",airplane
1521,5,"['frog', 'ship', 'airplane', 'automobile']",ship
1522,0,"['horse', 'deer', 'frog', 'cat']",horse
1523,2,"['ship', 'cat', 'automobile', 'airplane']",automobile
1524,0,"['horse', 'deer', 'frog', 'cat']",horse
1525,5,"['frog', 'ship', 'airplane', 'automobile']",ship
1526,4,"['cat', 'automobile', 'frog', 'airplane']",automobile
1527,2,"['ship', 'cat', 'automobile', 'airplane']",cat
1528,3,"['frog', 'ship', 'automobile', 'airplane']",ship
1529,6,"['automobile', 'horse', 'ship', 'airplane']",airplane
1530,2,"['ship', 'cat', 'automobile', 'airplane']",ship
1531,6,"['automobile', 'horse', 'ship', 'airplane']",airplane
1532,2,"['ship', 'cat', 'automobile', 'airplane']",cat
1533,2,"['ship', 'cat', 'automobile', 'airplane']",cat
1534,3,"['frog', 'ship', 'automobile', 'airplane']",ship
1535,4,"['cat', 'automobile', 'frog', 'airplane']",automobile
1536,6,"['automobile', 'horse', 'ship', 'airplane']",ship
1537,6,"['automobile', 'horse', 'ship', 'airplane']",airplane
1538,5,"['frog', 'ship', 'airplane', 'automobile']",ship
1539,3,"['frog', 'ship', 'automobile', 'airplane']",ship
1540,0,"['horse', 'deer', 'frog', 'cat']",horse
1541,1,"['bird', 'dog', 'frog', 'cat', 'airplane']",airplane
1542,2,"['ship', 'cat', 'automobile', 'airplane']",cat
1543,7,"['automobile', 'cat', 'airplane', 'frog']",airplane
1544,7,"['automobile', 'cat', 'airplane', 'frog']",airplane
1545,5,"['frog', 'ship', 'airplane', 'automobile']",ship
1546,3,"['frog', 'ship', 'automobile', 'airplane']",ship
1547,1,"['bird', 'dog', 'frog', 'cat', 'airplane']",airplane
1548,1,"['bird', 'dog', 'frog', 'cat', 'airplane']",airplane
1549,7,"['automobile', 'cat', 'airplane', 'frog']",frog
1550,6,"['automobile', 'horse', 'ship', 'airplane']",automobile
1551,1,"['bird', 'dog', 'frog', 'cat', 'airplane']",airplane
1552,6,"['automobile', 'horse', 'ship', 'airplane']",airplane
1553,3,"['frog', 'ship', 'automobile', 'airplane']",frog
1554,3,"['frog', 'ship', 'automobile', 'airplane']",ship
1555,3,"['frog', 'ship', 'automobile', 'airplane']",ship
1556,3,"['frog', 'ship', 'automobile', 'airplane']",ship
1557,4,"['cat', 'automobile', 'frog', 'airplane']",automobile
1558,8,"['horse', 'airplane', 'cat', 'frog']",horse
1559,1,"['bird', 'dog', 'frog', 'cat', 'airplane']",airplane
1560,0,"['horse', 'deer', 'frog', 'cat']",horse
1561,7,"['automobile', 'cat', 'airplane', 'frog']",cat
1562,7,"['automobile', 'cat', 'airplane', 'frog']",cat
1563,6,"['automobile', 'horse', 'ship', 'airplane']",airplane
1564,8,"['horse', 'airplane', 'cat', 'frog']",horse
1565,1,"['bird', 'dog', 'frog', 'cat', 'airplane']",airplane
1566,2,"['ship', 'cat', 'automobile', 'airplane']",cat
1567,5,"['frog', 'ship', 'airplane', 'automobile']",ship
1568,3,"['frog', 'ship', 'automobile', 'airplane']",ship
1569,4,"['cat', 'automobile', 'frog', 'airplane']",frog
1570,1,"['bird', 'dog', 'frog', 'cat', 'airplane']",airplane
1571,1,"['bird', 'dog', 'frog', 'cat', 'airplane']",airplane
1572,9,"['dog', 'frog', 'cat', 'airplane']",airplane
1573,3,"['frog', 'ship', 'automobile', 'airplane']",ship
1574,1,"['bird', 'dog', 'frog', 'cat', 'airplane']",airplane
1575,4,"['cat', 'automobile', 'frog', 'airplane']",automobile
1576,2,"['ship', 'cat', 'automobile', 'airplane']",cat
1577,7,"['automobile', 'cat', 'airplane', 'frog']",airplane
1578,1,"['bird', 'dog', 'frog', 'cat', 'airplane']",airplane
1579,6,"['automobile', 'horse', 'ship', 'airplane']",automobile
1580,5,"['frog', 'ship', 'airplane', 'automobile']",ship
1581,7,"['automobile', 'cat', 'airplane', 'frog']",cat
1582,7,"['automobile', 'cat', 'airplane', 'frog']",airplane
1583,7,"['automobile', 'cat', 'airplane', 'frog']",cat
1584,6,"['automobile', 'horse', 'ship', 'airplane']",airplane
1585,6,"['automobile', 'horse', 'ship', 'airplane']",airplane
1586,1,"['bird', 'dog', 'frog', 'cat', 'airplane']",airplane
1587,9,"['dog', 'frog', 'cat', 'airplane']",airplane
1588,5,"['frog', 'ship', 'airplane', 'automobile']",ship
1589,0,"['horse', 'deer', 'frog', 'cat']",horse
1590,9,"['dog', 'frog', 'cat', 'airplane']",airplane
1591,5,"['frog', 'ship', 'airplane', 'automobile']",ship
1592,7,"['automobile', 'cat', 'airplane', 'frog']",airplane
1593,0,"['horse', 'deer', 'frog', 'cat']",horse
1594,0,"['horse', 'deer', 'frog', 'cat']",horse
1595,4,"['cat', 'automobile', 'frog', 'airplane']",automobile
1596,6,"['automobile', 'horse', 'ship', 'airplane']",airplane
1597,8,"['horse', 'airplane', 'cat', 'frog']",horse
1598,0,"['horse', 'deer', 'frog', 'cat']",horse
1599,1,"['bird', 'dog', 'frog', 'cat', 'airplane']",airplane
1600,5,"['frog', 'ship', 'airplane', 'automobile']",ship
1601,0,"['horse', 'deer', 'frog', 'cat']",horse
1602,9,"['dog', 'frog', 'cat', 'airplane']",dog
1603,3,"['frog', 'ship', 'automobile', 'airplane']",ship
1604,1,"['bird', 'dog', 'frog', 'cat', 'airplane']",airplane
1605,1,"['bird', 'dog', 'frog', 'cat', 'airplane']",airplane
1606,2,"['ship', 'cat', 'automobile', 'airplane']",ship
1607,0,"['horse', 'deer', 'frog', 'cat']",horse
1608,3,"['frog', 'ship', 'automobile', 'airplane']",ship
1609,2,"['ship', 'cat', 'automobile', 'airplane']",cat
1610,9,"['dog', 'frog', 'cat', 'airplane']",airplane
1611,1,"['bird', 'dog', 'frog', 'cat', 'airplane']",airplane
1612,9,"['dog', 'frog', 'cat', 'airplane']",airplane
1613,6,"['automobile', 'horse', 'ship', 'airplane']",airplane
1614,2,"['ship', 'cat', 'automobile', 'airplane']",automobile
1615,4,"['cat', 'automobile', 'frog', 'airplane']",automobile
1616,8,"['horse', 'airplane', 'cat', 'frog']",horse
1617,8,"['horse', 'airplane', 'cat', 'frog']",horse
1618,5,"['frog', 'ship', 'airplane', 'automobile']",ship
1619,9,"['dog', 'frog', 'cat', 'airplane']",airplane
1620,2,"['ship', 'cat', 'automobile', 'airplane']",cat
1621,1,"['bird', 'dog', 'frog', 'cat', 'airplane']",airplane
1622,9,"['dog', 'frog', 'cat', 'airplane']",dog
1623,4,"['cat', 'automobile', 'frog', 'airplane']",automobile
1624,4,"['cat', 'automobile', 'frog', 'airplane']",automobile
1625,3,"['frog', 'ship', 'automobile', 'airplane']",ship
1626,0,"['horse', 'deer', 'frog', 'cat']",horse
1627,6,"['automobile', 'horse', 'ship', 'airplane']",horse
1628,6,"['automobile', 'horse', 'ship', 'airplane']",airplane
1629,0,"['horse', 'deer', 'frog', 'cat']",horse
1630,4,"['cat', 'automobile', 'frog', 'airplane']",automobile
1631,1,"['bird', 'dog', 'frog', 'cat', 'airplane']",airplane
1632,0,"['horse', 'deer', 'frog', 'cat']",horse
1633,9,"['dog', 'frog', 'cat', 'airplane']",airplane
1634,5,"['frog', 'ship', 'airplane', 'automobile']",ship
1635,6,"['automobile', 'horse', 'ship', 'airplane']",airplane
1636,5,"['frog', 'ship', 'airplane', 'automobile']",ship
1637,6,"['automobile', 'horse', 'ship', 'airplane']",airplane
1638,9,"['dog', 'frog', 'cat', 'airplane']",airplane
1639,4,"['cat', 'automobile', 'frog', 'airplane']",automobile
1640,4,"['cat', 'automobile', 'frog', 'airplane']",automobile
1641,2,"['ship', 'cat', 'automobile', 'airplane']",ship
1642,6,"['automobile', 'horse', 'ship', 'airplane']",airplane
1643,8,"['horse', 'airplane', 'cat', 'frog']",horse
1644,4,"['cat', 'automobile', 'frog', 'airplane']",automobile
1645,7,"['automobile', 'cat', 'airplane', 'frog']",cat
1646,6,"['automobile', 'horse', 'ship', 'airplane']",airplane
1647,5,"['frog', 'ship', 'airplane', 'automobile']",ship
1648,9,"['dog', 'frog', 'cat', 'airplane']",airplane
1649,8,"['horse', 'airplane', 'cat', 'frog']",horse
1650,7,"['automobile', 'cat', 'airplane', 'frog']",airplane
1651,1,"['bird', 'dog', 'frog', 'cat', 'airplane']",airplane
1652,9,"['dog', 'frog', 'cat', 'airplane']",airplane
1653,5,"['frog', 'ship', 'airplane', 'automobile']",ship
1654,4,"['cat', 'automobile', 'frog', 'airplane']",automobile
1655,3,"['frog', 'ship', 'automobile', 'airplane']",ship
1656,5,"['frog', 'ship', 'airplane', 'automobile']",ship
1657,4,"['cat', 'automobile', 'frog', 'airplane']",automobile
1658,3,"['frog', 'ship', 'automobile', 'airplane']",ship
1659,4,"['cat', 'automobile', 'frog', 'airplane']",automobile
1660,1,"['bird', 'dog', 'frog', 'cat', 'airplane']",airplane
1661,5,"['frog', 'ship', 'airplane', 'automobile']",ship
1662,5,"['frog', 'ship', 'airplane', 'automobile']",ship
1663,4,"['cat', 'automobile', 'frog', 'airplane']",automobile
1664,0,"['horse', 'deer', 'frog', 'cat']",horse
1665,8,"['horse', 'airplane', 'cat', 'frog']",horse
1666,4,"['cat', 'automobile', 'frog', 'airplane']",automobile
1667,4,"['cat', 'automobile', 'frog', 'airplane']",automobile
1668,0,"['horse', 'deer', 'frog', 'cat']",horse
1669,9,"['dog', 'frog', 'cat', 'airplane']",airplane
1670,2,"['ship', 'cat', 'automobile', 'airplane']",cat
1671,8,"['horse', 'airplane', 'cat', 'frog']",airplane
1672,9,"['dog', 'frog', 'cat', 'airplane']",airplane
1673,8,"['horse', 'airplane', 'cat', 'frog']",horse
1674,0,"['horse', 'deer', 'frog', 'cat']",horse
1675,2,"['ship', 'cat', 'automobile', 'airplane']",automobile
1676,2,"['ship', 'cat', 'automobile', 'airplane']",automobile
1677,2,"['ship', 'cat', 'automobile', 'airplane']",cat
1678,6,"['automobile', 'horse', 'ship', 'airplane']",airplane
1679,7,"['automobile', 'cat', 'airplane', 'frog']",airplane
1680,8,"['horse', 'airplane', 'cat', 'frog']",horse
1681,1,"['bird', 'dog', 'frog', 'cat', 'airplane']",airplane
1682,9,"['dog', 'frog', 'cat', 'airplane']",dog
1683,8,"['horse', 'airplane', 'cat', 'frog']",horse
1684,0,"['horse', 'deer', 'frog', 'cat']",horse
1685,3,"['frog', 'ship', 'automobile', 'airplane']",ship
1686,8,"['horse', 'airplane', 'cat', 'frog']",horse
1687,6,"['automobile', 'horse', 'ship', 'airplane']",automobile
1688,8,"['horse', 'airplane', 'cat', 'frog']",horse
1689,1,"['bird', 'dog', 'frog', 'cat', 'airplane']",airplane
1690,6,"['automobile', 'horse', 'ship', 'airplane']",airplane
1691,5,"['frog', 'ship', 'airplane', 'automobile']",ship
1692,4,"['cat', 'automobile', 'frog', 'airplane']",automobile
1693,2,"['ship', 'cat', 'automobile', 'airplane']",cat
1694,1,"['bird', 'dog', 'frog', 'cat', 'airplane']",airplane
1695,4,"['cat', 'automobile', 'frog', 'airplane']",airplane
1696,3,"['frog', 'ship', 'automobile', 'airplane']",ship
1697,9,"['dog', 'frog', 'cat', 'airplane']",dog
1698,7,"['automobile', 'cat', 'airplane', 'frog']",airplane
1699,8,"['horse', 'airplane', 'cat', 'frog']",horse
1700,3,"['frog', 'ship', 'automobile', 'airplane']",ship
1701,0,"['horse', 'deer', 'frog', 'cat']",horse
1702,8,"['horse', 'airplane', 'cat', 'frog']",cat
1703,3,"['frog', 'ship', 'automobile', 'airplane']",ship
1704,4,"['cat', 'automobile', 'frog', 'airplane']",airplane
1705,2,"['ship', 'cat', 'automobile', 'airplane']",cat
1706,9,"['dog', 'frog', 'cat', 'airplane']",airplane
1707,1,"['bird', 'dog', 'frog', 'cat', 'airplane']",airplane
1708,0,"['horse', 'deer', 'frog', 'cat']",horse
1709,0,"['horse', 'deer', 'frog', 'cat']",horse
1710,3,"['frog', 'ship', 'automobile', 'airplane']",ship
1711,0,"['horse', 'deer', 'frog', 'cat']",horse
1712,4,"['cat', 'automobile', 'frog', 'airplane']",automobile
1713,5,"['frog', 'ship', 'airplane', 'automobile']",ship
1714,9,"['dog', 'frog', 'cat', 'airplane']",airplane
1715,0,"['horse', 'deer', 'frog', 'cat']",horse
1716,7,"['automobile', 'cat', 'airplane', 'frog']",cat
1717,5,"['frog', 'ship', 'airplane', 'automobile']",ship
1718,9,"['dog', 'frog', 'cat', 'airplane']",dog
1719,5,"['frog', 'ship', 'airplane', 'automobile']",ship
1720,8,"['horse', 'airplane', 'cat', 'frog']",horse
1721,8,"['horse', 'airplane', 'cat', 'frog']",horse
1722,6,"['automobile', 'horse', 'ship', 'airplane']",airplane
1723,3,"['frog', 'ship', 'automobile', 'airplane']",ship
1724,1,"['bird', 'dog', 'frog', 'cat', 'airplane']",airplane
1725,9,"['dog', 'frog', 'cat', 'airplane']",airplane
1726,5,"['frog', 'ship', 'airplane', 'automobile']",ship
1727,2,"['ship', 'cat', 'automobile', 'airplane']",cat
1728,4,"['cat', 'automobile', 'frog', 'airplane']",automobile
1729,7,"['automobile', 'cat', 'airplane', 'frog']",cat
1730,6,"['automobile', 'horse', 'ship', 'airplane']",airplane
1731,1,"['bird', 'dog', 'frog', 'cat', 'airplane']",airplane
1732,8,"['horse', 'airplane', 'cat', 'frog']",horse
1733,6,"['automobile', 'horse', 'ship', 'airplane']",ship
1734,9,"['dog', 'frog', 'cat', 'airplane']",airplane
1735,3,"['frog', 'ship', 'automobile', 'airplane']",ship
1736,1,"['bird', 'dog', 'frog', 'cat', 'airplane']",airplane
1737,3,"['frog', 'ship', 'automobile', 'airplane']",ship
1738,7,"['automobile', 'cat', 'airplane', 'frog']",cat
1739,4,"['cat', 'automobile', 'frog', 'airplane']",airplane
1740,0,"['horse', 'deer', 'frog', 'cat']",horse
1741,6,"['automobile', 'horse', 'ship', 'airplane']",airplane
1742,7,"['automobile', 'cat', 'airplane', 'frog']",cat
1743,6,"['automobile', 'horse', 'ship', 'airplane']",airplane
1744,9,"['dog', 'frog', 'cat', 'airplane']",dog
1745,2,"['ship', 'cat', 'automobile', 'airplane']",cat
1746,4,"['cat', 'automobile', 'frog', 'airplane']",automobile
1747,1,"['bird', 'dog', 'frog', 'cat', 'airplane']",airplane
1748,9,"['dog', 'frog', 'cat', 'airplane']",airplane
1749,8,"['horse', 'airplane', 'cat', 'frog']",horse
1750,5,"['frog', 'ship', 'airplane', 'automobile']",ship
1751,8,"['horse', 'airplane', 'cat', 'frog']",horse
1752,2,"['ship', 'cat', 'automobile', 'airplane']",automobile
1753,2,"['ship', 'cat', 'automobile', 'airplane']",cat
1754,5,"['frog', 'ship', 'airplane', 'automobile']",ship
1755,0,"['horse', 'deer', 'frog', 'cat']",horse
1756,2,"['ship', 'cat', 'automobile', 'airplane']",cat
1757,0,"['horse', 'deer', 'frog', 'cat']",horse
1758,7,"['automobile', 'cat', 'airplane', 'frog']",cat
1759,0,"['horse', 'deer', 'frog', 'cat']",frog
1760,6,"['automobile', 'horse', 'ship', 'airplane']",ship
1761,6,"['automobile', 'horse', 'ship', 'airplane']",airplane
1762,4,"['cat', 'automobile', 'frog', 'airplane']",automobile
1763,8,"['horse', 'airplane', 'cat', 'frog']",horse
1764,7,"['automobile', 'cat', 'airplane', 'frog']",cat
1765,9,"['dog', 'frog', 'cat', 'airplane']",dog
1766,6,"['automobile', 'horse', 'ship', 'airplane']",automobile
1767,9,"['dog', 'frog', 'cat', 'airplane']",airplane
1768,2,"['ship', 'cat', 'automobile', 'airplane']",automobile
1769,3,"['frog', 'ship', 'automobile', 'airplane']",ship
1770,8,"['horse', 'airplane', 'cat', 'frog']",horse
1771,8,"['horse', 'airplane', 'cat', 'frog']",horse
1772,3,"['frog', 'ship', 'automobile', 'airplane']",ship
1773,9,"['dog', 'frog', 'cat', 'airplane']",airplane
1774,9,"['dog', 'frog', 'cat', 'airplane']",airplane
1775,8,"['horse', 'airplane', 'cat', 'frog']",horse
1776,7,"['automobile', 'cat', 'airplane', 'frog']",automobile
1777,2,"['ship', 'cat', 'automobile', 'airplane']",cat
1778,3,"['frog', 'ship', 'automobile', 'airplane']",frog
1779,5,"['frog', 'ship', 'airplane', 'automobile']",ship
1780,5,"['frog', 'ship', 'airplane', 'automobile']",ship
1781,1,"['bird', 'dog', 'frog', 'cat', 'airplane']",airplane
1782,8,"['horse', 'airplane', 'cat', 'frog']",horse
1783,7,"['automobile', 'cat', 'airplane', 'frog']",airplane
1784,4,"['cat', 'automobile', 'frog', 'airplane']",automobile
1785,3,"['frog', 'ship', 'automobile', 'airplane']",ship
1786,5,"['frog', 'ship', 'airplane', 'automobile']",ship
1787,2,"['ship', 'cat', 'automobile', 'airplane']",cat
1788,2,"['ship', 'cat', 'automobile', 'airplane']",cat
1789,2,"['ship', 'cat', 'automobile', 'airplane']",cat
1790,1,"['bird', 'dog', 'frog', 'cat', 'airplane']",airplane
1791,4,"['cat', 'automobile', 'frog', 'airplane']",automobile
1792,2,"['ship', 'cat', 'automobile', 'airplane']",automobile
1793,2,"['ship', 'cat', 'automobile', 'airplane']",cat
1794,8,"['horse', 'airplane', 'cat', 'frog']",horse
1795,4,"['cat', 'automobile', 'frog', 'airplane']",automobile
1796,9,"['dog', 'frog', 'cat', 'airplane']",airplane
1797,8,"['horse', 'airplane', 'cat', 'frog']",horse
1798,2,"['ship', 'cat', 'automobile', 'airplane']",cat
1799,1,"['bird', 'dog', 'frog', 'cat', 'airplane']",airplane
1800,2,"['ship', 'cat', 'automobile', 'airplane']",cat
1801,5,"['frog', 'ship', 'airplane', 'automobile']",ship
1802,6,"['automobile', 'horse', 'ship', 'airplane']",airplane
1803,3,"['frog', 'ship', 'automobile', 'airplane']",ship
1804,4,"['cat', 'automobile', 'frog', 'airplane']",automobile
1805,5,"['frog', 'ship', 'airplane', 'automobile']",ship
1806,7,"['automobile', 'cat', 'airplane', 'frog']",cat
1807,6,"['automobile', 'horse', 'ship', 'airplane']",airplane
1808,7,"['automobile', 'cat', 'airplane', 'frog']",cat
1809,6,"['automobile', 'horse', 'ship', 'airplane']",airplane
1810,5,"['frog', 'ship', 'airplane', 'automobile']",ship
1811,0,"['horse', 'deer', 'frog', 'cat']",frog
1812,2,"['ship', 'cat', 'automobile', 'airplane']",cat
1813,4,"['cat', 'automobile', 'frog', 'airplane']",automobile
1814,4,"['cat', 'automobile', 'frog', 'airplane']",automobile
1815,3,"['frog', 'ship', 'automobile', 'airplane']",ship
1816,0,"['horse', 'deer', 'frog', 'cat']",horse
1817,4,"['cat', 'automobile', 'frog', 'airplane']",automobile
1818,2,"['ship', 'cat', 'automobile', 'airplane']",cat
1819,6,"['automobile', 'horse', 'ship', 'airplane']",airplane
1820,1,"['bird', 'dog', 'frog', 'cat', 'airplane']",airplane
1821,8,"['horse', 'airplane', 'cat', 'frog']",horse
1822,8,"['horse', 'airplane', 'cat', 'frog']",horse
1823,3,"['frog', 'ship', 'automobile', 'airplane']",ship
1824,0,"['horse', 'deer', 'frog', 'cat']",horse
1825,7,"['automobile', 'cat', 'airplane', 'frog']",cat
1826,4,"['cat', 'automobile', 'frog', 'airplane']",automobile
1827,9,"['dog', 'frog', 'cat', 'airplane']",dog
1828,7,"['automobile', 'cat', 'airplane', 'frog']",cat
1829,9,"['dog', 'frog', 'cat', 'airplane']",airplane
1830,2,"['ship', 'cat', 'automobile', 'airplane']",automobile
1831,0,"['horse', 'deer', 'frog', 'cat']",horse
1832,4,"['cat', 'automobile', 'frog', 'airplane']",automobile
1833,7,"['automobile', 'cat', 'airplane', 'frog']",cat
1834,3,"['frog', 'ship', 'automobile', 'airplane']",ship
1835,7,"['automobile', 'cat', 'airplane', 'frog']",cat
1836,6,"['automobile', 'horse', 'ship', 'airplane']",automobile
1837,6,"['automobile', 'horse', 'ship', 'airplane']",airplane
1838,2,"['ship', 'cat', 'automobile', 'airplane']",cat
1839,3,"['frog', 'ship', 'automobile', 'airplane']",ship
1840,7,"['automobile', 'cat', 'airplane', 'frog']",airplane
1841,3,"['frog', 'ship', 'automobile', 'airplane']",ship
1842,6,"['automobile', 'horse', 'ship', 'airplane']",airplane
1843,8,"['horse', 'airplane', 'cat', 'frog']",horse
1844,2,"['ship', 'cat', 'automobile', 'airplane']",cat
1845,3,"['frog', 'ship', 'automobile', 'airplane']",ship
1846,3,"['frog', 'ship', 'automobile', 'airplane']",ship
1847,5,"['frog', 'ship', 'airplane', 'automobile']",ship
1848,5,"['frog', 'ship', 'airplane', 'automobile']",ship
1849,5,"['frog', 'ship', 'airplane', 'automobile']",ship
1850,2,"['ship', 'cat', 'automobile', 'airplane']",cat
1851,4,"['cat', 'automobile', 'frog', 'airplane']",automobile
1852,2,"['ship', 'cat', 'automobile', 'airplane']",cat
1853,8,"['horse', 'airplane', 'cat', 'frog']",horse
1854,7,"['automobile', 'cat', 'airplane', 'frog']",cat
1855,4,"['cat', 'automobile', 'frog', 'airplane']",automobile
1856,3,"['frog', 'ship', 'automobile', 'airplane']",ship
1857,7,"['automobile', 'cat', 'airplane', 'frog']",cat
1858,7,"['automobile', 'cat', 'airplane', 'frog']",cat
1859,8,"['horse', 'airplane', 'cat', 'frog']",horse
1860,5,"['frog', 'ship', 'airplane', 'automobile']",ship
1861,2,"['ship', 'cat', 'automobile', 'airplane']",cat
1862,8,"['horse', 'airplane', 'cat', 'frog']",horse
1863,4,"['cat', 'automobile', 'frog', 'airplane']",automobile
1864,3,"['frog', 'ship', 'automobile', 'airplane']",ship
1865,5,"['frog', 'ship', 'airplane', 'automobile']",ship
1866,4,"['cat', 'automobile', 'frog', 'airplane']",automobile
1867,2,"['ship', 'cat', 'automobile', 'airplane']",cat
1868,9,"['dog', 'frog', 'cat', 'airplane']",dog
1869,1,"['bird', 'dog', 'frog', 'cat', 'airplane']",airplane
1870,4,"['cat', 'automobile', 'frog', 'airplane']",airplane
1871,0,"['horse', 'deer', 'frog', 'cat']",horse
1872,0,"['horse', 'deer', 'frog', 'cat']",horse
1873,5,"['frog', 'ship', 'airplane', 'automobile']",ship
1874,6,"['automobile', 'horse', 'ship', 'airplane']",automobile
1875,5,"['frog', 'ship', 'airplane', 'automobile']",ship
1876,6,"['automobile', 'horse', 'ship', 'airplane']",ship
1877,8,"['horse', 'airplane', 'cat', 'frog']",horse
1878,0,"['horse', 'deer', 'frog', 'cat']",horse
1879,3,"['frog', 'ship', 'automobile', 'airplane']",ship
1880,4,"['cat', 'automobile', 'frog', 'airplane']",automobile
1881,4,"['cat', 'automobile', 'frog', 'airplane']",automobile
1882,4,"['cat', 'automobile', 'frog', 'airplane']",automobile
1883,2,"['ship', 'cat', 'automobile', 'airplane']",automobile
1884,2,"['ship', 'cat', 'automobile', 'airplane']",automobile
1885,0,"['horse', 'deer', 'frog', 'cat']",horse
1886,5,"['frog', 'ship', 'airplane', 'automobile']",ship
1887,0,"['horse', 'deer', 'frog', 'cat']",horse
1888,3,"['frog', 'ship', 'automobile', 'airplane']",ship
1889,4,"['cat', 'automobile', 'frog', 'airplane']",automobile
1890,7,"['automobile', 'cat', 'airplane', 'frog']",airplane
1891,7,"['automobile', 'cat', 'airplane', 'frog']",cat
1892,3,"['frog', 'ship', 'automobile', 'airplane']",ship
1893,9,"['dog', 'frog', 'cat', 'airplane']",airplane
1894,7,"['automobile', 'cat', 'airplane', 'frog']",cat
1895,3,"['frog', 'ship', 'automobile', 'airplane']",ship
1896,7,"['automobile', 'cat', 'airplane', 'frog']",cat
1897,3,"['frog', 'ship', 'automobile', 'airplane']",ship
1898,7,"['automobile', 'cat', 'airplane', 'frog']",airplane
1899,7,"['automobile', 'cat', 'airplane', 'frog']",cat
1900,7,"['automobile', 'cat', 'airplane', 'frog']",cat
1901,1,"['bird', 'dog', 'frog', 'cat', 'airplane']",airplane
1902,7,"['automobile', 'cat', 'airplane', 'frog']",cat
1903,4,"['cat', 'automobile', 'frog', 'airplane']",automobile
1904,4,"['cat', 'automobile', 'frog', 'airplane']",automobile
1905,7,"['automobile', 'cat', 'airplane', 'frog']",cat
1906,9,"['dog', 'frog', 'cat', 'airplane']",airplane
1907,1,"['bird', 'dog', 'frog', 'cat', 'airplane']",airplane
1908,7,"['automobile', 'cat', 'airplane', 'frog']",cat
1909,7,"['automobile', 'cat', 'airplane', 'frog']",airplane
1910,4,"['cat', 'automobile', 'frog', 'airplane']",automobile
1911,5,"['frog', 'ship', 'airplane', 'automobile']",ship
1912,9,"['dog', 'frog', 'cat', 'airplane']",airplane
1913,0,"['horse', 'deer', 'frog', 'cat']",frog
1914,8,"['horse', 'airplane', 'cat', 'frog']",horse
1915,7,"['automobile', 'cat', 'airplane', 'frog']",cat
1916,3,"['frog', 'ship', 'automobile', 'airplane']",ship
1917,6,"['automobile', 'horse', 'ship', 'airplane']",airplane
1918,2,"['ship', 'cat', 'automobile', 'airplane']",cat
1919,3,"['frog', 'ship', 'automobile', 'airplane']",ship
1920,8,"['horse', 'airplane', 'cat', 'frog']",horse
1921,2,"['ship', 'cat', 'automobile', 'airplane']",ship
1922,5,"['frog', 'ship', 'airplane', 'automobile']",ship
1923,4,"['cat', 'automobile', 'frog', 'airplane']",automobile
1924,8,"['horse', 'airplane', 'cat', 'frog']",airplane
1925,4,"['cat', 'automobile', 'frog', 'airplane']",automobile
1926,0,"['horse', 'deer', 'frog', 'cat']",horse
1927,7,"['automobile', 'cat', 'airplane', 'frog']",cat
1928,5,"['frog', 'ship', 'airplane', 'automobile']",ship
1929,2,"['ship', 'cat', 'automobile', 'airplane']",cat
1930,7,"['automobile', 'cat', 'airplane', 'frog']",cat
1931,7,"['automobile', 'cat', 'airplane', 'frog']",cat
1932,2,"['ship', 'cat', 'automobile', 'airplane']",cat
1933,6,"['automobile', 'horse', 'ship', 'airplane']",airplane
1934,4,"['cat', 'automobile', 'frog', 'airplane']",automobile
1935,0,"['horse', 'deer', 'frog', 'cat']",horse
1936,2,"['ship', 'cat', 'automobile', 'airplane']",cat
1937,4,"['cat', 'automobile', 'frog', 'airplane']",frog
1938,3,"['frog', 'ship', 'automobile', 'airplane']",ship
1939,8,"['horse', 'airplane', 'cat', 'frog']",horse
1940,9,"['dog', 'frog', 'cat', 'airplane']",airplane
1941,4,"['cat', 'automobile', 'frog', 'airplane']",automobile
1942,5,"['frog', 'ship', 'airplane', 'automobile']",ship
1943,5,"['frog', 'ship', 'airplane', 'automobile']",ship
1944,6,"['automobile', 'horse', 'ship', 'airplane']",airplane
1945,7,"['automobile', 'cat', 'airplane', 'frog']",cat
1946,1,"['bird', 'dog', 'frog', 'cat', 'airplane']",airplane
1947,9,"['dog', 'frog', 'cat', 'airplane']",airplane
1948,6,"['automobile', 'horse', 'ship', 'airplane']",automobile
1949,5,"['frog', 'ship', 'airplane', 'automobile']",ship
1950,0,"['horse', 'deer', 'frog', 'cat']",horse
1951,3,"['frog', 'ship', 'automobile', 'airplane']",ship
1952,4,"['cat', 'automobile', 'frog', 'airplane']",automobile
1953,4,"['cat', 'automobile', 'frog', 'airplane']",automobile
1954,0,"['horse', 'deer', 'frog', 'cat']",horse
1955,6,"['automobile', 'horse', 'ship', 'airplane']",airplane
1956,6,"['automobile', 'horse', 'ship', 'airplane']",airplane
1957,8,"['horse', 'airplane', 'cat', 'frog']",horse
1958,3,"['frog', 'ship', 'automobile', 'airplane']",ship
1959,6,"['automobile', 'horse', 'ship', 'airplane']",airplane
1960,0,"['horse', 'deer', 'frog', 'cat']",horse
1961,3,"['frog', 'ship', 'automobile', 'airplane']",ship
1962,3,"['frog', 'ship', 'automobile', 'airplane']",ship
1963,3,"['frog', 'ship', 'automobile', 'airplane']",ship
1964,8,"['horse', 'airplane', 'cat', 'frog']",horse
1965,3,"['frog', 'ship', 'automobile', 'airplane']",ship
1966,3,"['frog', 'ship', 'automobile', 'airplane']",ship
1967,8,"['horse', 'airplane', 'cat', 'frog']",horse
1968,4,"['cat', 'automobile', 'frog', 'airplane']",frog
1969,3,"['frog', 'ship', 'automobile', 'airplane']",ship
1970,8,"['horse', 'airplane', 'cat', 'frog']",horse
1971,2,"['ship', 'cat', 'automobile', 'airplane']",automobile
1972,9,"['dog', 'frog', 'cat', 'airplane']",airplane
1973,1,"['bird', 'dog', 'frog', 'cat', 'airplane']",airplane
1974,4,"['cat', 'automobile', 'frog', 'airplane']",automobile
1975,9,"['dog', 'frog', 'cat', 'airplane']",airplane
1976,5,"['frog', 'ship', 'airplane', 'automobile']",ship
1977,0,"['horse', 'deer', 'frog', 'cat']",deer
1978,6,"['automobile', 'horse', 'ship', 'airplane']",automobile
1979,5,"['frog', 'ship', 'airplane', 'automobile']",ship
1980,0,"['horse', 'deer', 'frog', 'cat']",horse
1981,2,"['ship', 'cat', 'automobile', 'airplane']",cat
1982,6,"['automobile', 'horse', 'ship', 'airplane']",ship
1983,5,"['frog', 'ship', 'airplane', 'automobile']",ship
1984,4,"['cat', 'automobile', 'frog', 'airplane']",automobile
1985,1,"['bird', 'dog', 'frog', 'cat', 'airplane']",airplane
1986,5,"['frog', 'ship', 'airplane', 'automobile']",ship
1987,9,"['dog', 'frog', 'cat', 'airplane']",dog
1988,0,"['horse', 'deer', 'frog', 'cat']",horse
1989,6,"['automobile', 'horse', 'ship', 'airplane']",airplane
1990,2,"['ship', 'cat', 'automobile', 'airplane']",cat
1991,5,"['frog', 'ship', 'airplane', 'automobile']",ship
1992,4,"['cat', 'automobile', 'frog', 'airplane']",automobile
1993,5,"['frog', 'ship', 'airplane', 'automobile']",ship
1994,8,"['horse', 'airplane', 'cat', 'frog']",horse
1995,2,"['ship', 'cat', 'automobile', 'airplane']",cat
1996,8,"['horse', 'airplane', 'cat', 'frog']",horse
1997,7,"['automobile', 'cat', 'airplane', 'frog']",cat
1998,5,"['frog', 'ship', 'airplane', 'automobile']",ship
1999,0,"['horse', 'deer', 'frog', 'cat']",horse
2000,7,"['automobile', 'cat', 'airplane', 'frog']",cat
2001,9,"['dog', 'frog', 'cat', 'airplane']",dog
2002,9,"['dog', 'frog', 'cat', 'airplane']",airplane
2003,8,"['horse', 'airplane', 'cat', 'frog']",horse
2004,2,"['ship', 'cat', 'automobile', 'airplane']",automobile
2005,1,"['bird', 'dog', 'frog', 'cat', 'airplane']",airplane
2006,0,"['horse', 'deer', 'frog', 'cat']",horse
2007,2,"['ship', 'cat', 'automobile', 'airplane']",automobile
2008,7,"['automobile', 'cat', 'airplane', 'frog']",cat
2009,5,"['frog', 'ship', 'airplane', 'automobile']",ship
2010,0,"['horse', 'deer', 'frog', 'cat']",horse
2011,3,"['frog', 'ship', 'automobile', 'airplane']",ship
2012,8,"['horse', 'airplane', 'cat', 'frog']",horse
2013,5,"['frog', 'ship', 'airplane', 'automobile']",ship
2014,0,"['horse', 'deer', 'frog', 'cat']",horse
2015,7,"['automobile', 'cat', 'airplane', 'frog']",cat
2016,9,"['dog', 'frog', 'cat', 'airplane']",dog
2017,5,"['frog', 'ship', 'airplane', 'automobile']",ship
2018,8,"['horse', 'airplane', 'cat', 'frog']",horse
2019,6,"['automobile', 'horse', 'ship', 'airplane']",airplane
2020,9,"['dog', 'frog', 'cat', 'airplane']",dog
2021,0,"['horse', 'deer', 'frog', 'cat']",horse
2022,7,"['automobile', 'cat', 'airplane', 'frog']",cat
2023,1,"['bird', 'dog', 'frog', 'cat', 'airplane']",airplane
2024,9,"['dog', 'frog', 'cat', 'airplane']",airplane
2025,3,"['frog', 'ship', 'automobile', 'airplane']",ship
2026,5,"['frog', 'ship', 'airplane', 'automobile']",ship
2027,0,"['horse', 'deer', 'frog', 'cat']",horse
2028,5,"['frog', 'ship', 'airplane', 'automobile']",ship
2029,1,"['bird', 'dog', 'frog', 'cat', 'airplane']",airplane
2030,7,"['automobile', 'cat', 'airplane', 'frog']",airplane
2031,8,"['horse', 'airplane', 'cat', 'frog']",horse
2032,9,"['dog', 'frog', 'cat', 'airplane']",airplane
2033,2,"['ship', 'cat', 'automobile', 'airplane']",automobile
2034,0,"['horse', 'deer', 'frog', 'cat']",horse
2035,0,"['horse', 'deer', 'frog', 'cat']",horse
2036,8,"['horse', 'airplane', 'cat', 'frog']",horse
2037,1,"['bird', 'dog', 'frog', 'cat', 'airplane']",airplane
2038,1,"['bird', 'dog', 'frog', 'cat', 'airplane']",bird
2039,1,"['bird', 'dog', 'frog', 'cat', 'airplane']",airplane
2040,6,"['automobile', 'horse', 'ship', 'airplane']",airplane
2041,2,"['ship', 'cat', 'automobile', 'airplane']",automobile
2042,3,"['frog', 'ship', 'automobile', 'airplane']",ship
2043,6,"['automobile', 'horse', 'ship', 'airplane']",ship
2044,2,"['ship', 'cat', 'automobile', 'airplane']",cat
2045,7,"['automobile', 'cat', 'airplane', 'frog']",airplane
2046,1,"['bird', 'dog', 'frog', 'cat', 'airplane']",airplane
2047,9,"['dog', 'frog', 'cat', 'airplane']",airplane
2048,3,"['frog', 'ship', 'automobile', 'airplane']",ship
2049,7,"['automobile', 'cat', 'airplane', 'frog']",frog
2050,6,"['automobile', 'horse', 'ship', 'airplane']",airplane
2051,3,"['frog', 'ship', 'automobile', 'airplane']",ship
2052,1,"['bird', 'dog', 'frog', 'cat', 'airplane']",airplane
2053,0,"['horse', 'deer', 'frog', 'cat']",horse
2054,5,"['frog', 'ship', 'airplane', 'automobile']",ship
2055,9,"['dog', 'frog', 'cat', 'airplane']",airplane
2056,4,"['cat', 'automobile', 'frog', 'airplane']",automobile
2057,3,"['frog', 'ship', 'automobile', 'airplane']",ship
2058,9,"['dog', 'frog', 'cat', 'airplane']",airplane
2059,5,"['frog', 'ship', 'airplane', 'automobile']",ship
2060,0,"['horse', 'deer', 'frog', 'cat']",horse
2061,9,"['dog', 'frog', 'cat', 'airplane']",airplane
2062,2,"['ship', 'cat', 'automobile', 'airplane']",cat
2063,7,"['automobile', 'cat', 'airplane', 'frog']",cat
2064,5,"['frog', 'ship', 'airplane', 'automobile']",ship
2065,8,"['horse', 'airplane', 'cat', 'frog']",horse
2066,0,"['horse', 'deer', 'frog', 'cat']",horse
2067,1,"['bird', 'dog', 'frog', 'cat', 'airplane']",airplane
2068,3,"['frog', 'ship', 'automobile', 'airplane']",ship
2069,4,"['cat', 'automobile', 'frog', 'airplane']",automobile
2070,8,"['horse', 'airplane', 'cat', 'frog']",horse
2071,5,"['frog', 'ship', 'airplane', 'automobile']",ship
2072,1,"['bird', 'dog', 'frog', 'cat', 'airplane']",airplane
2073,5,"['frog', 'ship', 'airplane', 'automobile']",ship
2074,7,"['automobile', 'cat', 'airplane', 'frog']",frog
2075,7,"['automobile', 'cat', 'airplane', 'frog']",airplane
2076,2,"['ship', 'cat', 'automobile', 'airplane']",cat
2077,8,"['horse', 'airplane', 'cat', 'frog']",horse
2078,4,"['cat', 'automobile', 'frog', 'airplane']",automobile
2079,2,"['ship', 'cat', 'automobile', 'airplane']",automobile
2080,2,"['ship', 'cat', 'automobile', 'airplane']",cat
2081,5,"['frog', 'ship', 'airplane', 'automobile']",ship
2082,3,"['frog', 'ship', 'automobile', 'airplane']",ship
2083,3,"['frog', 'ship', 'automobile', 'airplane']",ship
2084,1,"['bird', 'dog', 'frog', 'cat', 'airplane']",airplane
2085,4,"['cat', 'automobile', 'frog', 'airplane']",automobile
2086,9,"['dog', 'frog', 'cat', 'airplane']",dog
2087,2,"['ship', 'cat', 'automobile', 'airplane']",cat
2088,4,"['cat', 'automobile', 'frog', 'airplane']",automobile
2089,5,"['frog', 'ship', 'airplane', 'automobile']",ship
2090,2,"['ship', 'cat', 'automobile', 'airplane']",cat
2091,2,"['ship', 'cat', 'automobile', 'airplane']",automobile
2092,3,"['frog', 'ship', 'automobile', 'airplane']",ship
2093,2,"['ship', 'cat', 'automobile', 'airplane']",cat
2094,1,"['bird', 'dog', 'frog', 'cat', 'airplane']",airplane
2095,5,"['frog', 'ship', 'airplane', 'automobile']",ship
2096,8,"['horse', 'airplane', 'cat', 'frog']",horse
2097,9,"['dog', 'frog', 'cat', 'airplane']",airplane
2098,2,"['ship', 'cat', 'automobile', 'airplane']",cat
2099,6,"['automobile', 'horse', 'ship', 'airplane']",airplane
2100,6,"['automobile', 'horse', 'ship', 'airplane']",airplane
2101,1,"['bird', 'dog', 'frog', 'cat', 'airplane']",airplane
2102,7,"['automobile', 'cat', 'airplane', 'frog']",airplane
2103,7,"['automobile', 'cat', 'airplane', 'frog']",airplane
2104,5,"['frog', 'ship', 'airplane', 'automobile']",ship
2105,4,"['cat', 'automobile', 'frog', 'airplane']",automobile
2106,4,"['cat', 'automobile', 'frog', 'airplane']",automobile
2107,0,"['horse', 'deer', 'frog', 'cat']",horse
2108,5,"['frog', 'ship', 'airplane', 'automobile']",ship
2109,8,"['horse', 'airplane', 'cat', 'frog']",horse
2110,8,"['horse', 'airplane', 'cat', 'frog']",horse
2111,6,"['automobile', 'horse', 'ship', 'airplane']",airplane
2112,6,"['automobile', 'horse', 'ship', 'airplane']",ship
2113,7,"['automobile', 'cat', 'airplane', 'frog']",cat
2114,2,"['ship', 'cat', 'automobile', 'airplane']",automobile
2115,6,"['automobile', 'horse', 'ship', 'airplane']",airplane
2116,4,"['cat', 'automobile', 'frog', 'airplane']",automobile
2117,5,"['frog', 'ship', 'airplane', 'automobile']",ship
2118,1,"['bird', 'dog', 'frog', 'cat', 'airplane']",airplane
2119,7,"['automobile', 'cat', 'airplane', 'frog']",cat
2120,5,"['frog', 'ship', 'airplane', 'automobile']",ship
2121,2,"['ship', 'cat', 'automobile', 'airplane']",automobile
2122,4,"['cat', 'automobile', 'frog', 'airplane']",automobile
2123,4,"['cat', 'automobile', 'frog', 'airplane']",automobile
2124,6,"['automobile', 'horse', 'ship', 'airplane']",ship
2125,5,"['frog', 'ship', 'airplane', 'automobile']",ship
2126,2,"['ship', 'cat', 'automobile', 'airplane']",cat
2127,3,"['frog', 'ship', 'automobile', 'airplane']",ship
2128,8,"['horse', 'airplane', 'cat', 'frog']",horse
2129,9,"['dog', 'frog', 'cat', 'airplane']",airplane
2130,3,"['frog', 'ship', 'automobile', 'airplane']",ship
2131,4,"['cat', 'automobile', 'frog', 'airplane']",automobile
2132,3,"['frog', 'ship', 'automobile', 'airplane']",ship
2133,2,"['ship', 'cat', 'automobile', 'airplane']",cat
2134,6,"['automobile', 'horse', 'ship', 'airplane']",airplane
2135,7,"['automobile', 'cat', 'airplane', 'frog']",cat
2136,2,"['ship', 'cat', 'automobile', 'airplane']",cat
2137,3,"['frog', 'ship', 'automobile', 'airplane']",ship
2138,2,"['ship', 'cat', 'automobile', 'airplane']",cat
2139,7,"['automobile', 'cat', 'airplane', 'frog']",airplane
2140,7,"['automobile', 'cat', 'airplane', 'frog']",cat
2141,3,"['frog', 'ship', 'automobile', 'airplane']",ship
2142,0,"['horse', 'deer', 'frog', 'cat']",horse
2143,1,"['bird', 'dog', 'frog', 'cat', 'airplane']",airplane
2144,4,"['cat', 'automobile', 'frog', 'airplane']",automobile
2145,0,"['horse', 'deer', 'frog', 'cat']",horse
2146,6,"['automobile', 'horse', 'ship', 'airplane']",airplane
2147,5,"['frog', 'ship', 'airplane', 'automobile']",ship
2148,5,"['frog', 'ship', 'airplane', 'automobile']",ship
2149,1,"['bird', 'dog', 'frog', 'cat', 'airplane']",airplane
2150,6,"['automobile', 'horse', 'ship', 'airplane']",ship
2151,7,"['automobile', 'cat', 'airplane', 'frog']",cat
2152,6,"['automobile', 'horse', 'ship', 'airplane']",ship
2153,1,"['bird', 'dog', 'frog', 'cat', 'airplane']",airplane
2154,3,"['frog', 'ship', 'automobile', 'airplane']",ship
2155,4,"['cat', 'automobile', 'frog', 'airplane']",automobile
2156,0,"['horse', 'deer', 'frog', 'cat']",horse
2157,9,"['dog', 'frog', 'cat', 'airplane']",airplane
2158,9,"['dog', 'frog', 'cat', 'airplane']",airplane
2159,6,"['automobile', 'horse', 'ship', 'airplane']",airplane
2160,8,"['horse', 'airplane', 'cat', 'frog']",horse
2161,8,"['horse', 'airplane', 'cat', 'frog']",horse
2162,3,"['frog', 'ship', 'automobile', 'airplane']",ship
2163,2,"['ship', 'cat', 'automobile', 'airplane']",cat
2164,3,"['frog', 'ship', 'automobile', 'airplane']",ship
2165,3,"['frog', 'ship', 'automobile', 'airplane']",ship
2166,8,"['horse', 'airplane', 'cat', 'frog']",horse
2167,5,"['frog', 'ship', 'airplane', 'automobile']",ship
2168,3,"['frog', 'ship', 'automobile', 'airplane']",ship
2169,0,"['horse', 'deer', 'frog', 'cat']",horse
2170,9,"['dog', 'frog', 'cat', 'airplane']",airplane
2171,0,"['horse', 'deer', 'frog', 'cat']",horse
2172,8,"['horse', 'airplane', 'cat', 'frog']",horse
2173,1,"['bird', 'dog', 'frog', 'cat', 'airplane']",airplane
2174,3,"['frog', 'ship', 'automobile', 'airplane']",ship
2175,4,"['cat', 'automobile', 'frog', 'airplane']",airplane
2176,8,"['horse', 'airplane', 'cat', 'frog']",horse
2177,2,"['ship', 'cat', 'automobile', 'airplane']",cat
2178,4,"['cat', 'automobile', 'frog', 'airplane']",automobile
2179,6,"['automobile', 'horse', 'ship', 'airplane']",airplane
2180,1,"['bird', 'dog', 'frog', 'cat', 'airplane']",airplane
2181,3,"['frog', 'ship', 'automobile', 'airplane']",ship
2182,5,"['frog', 'ship', 'airplane', 'automobile']",ship
2183,5,"['frog', 'ship', 'airplane', 'automobile']",ship
2184,1,"['bird', 'dog', 'frog', 'cat', 'airplane']",airplane
2185,1,"['bird', 'dog', 'frog', 'cat', 'airplane']",airplane
2186,1,"['bird', 'dog', 'frog', 'cat', 'airplane']",airplane
2187,9,"['dog', 'frog', 'cat', 'airplane']",airplane
2188,5,"['frog', 'ship', 'airplane', 'automobile']",ship
2189,0,"['horse', 'deer', 'frog', 'cat']",horse
2190,4,"['cat', 'automobile', 'frog', 'airplane']",airplane
2191,2,"['ship', 'cat', 'automobile', 'airplane']",cat
2192,9,"['dog', 'frog', 'cat', 'airplane']",dog
2193,2,"['ship', 'cat', 'automobile', 'airplane']",cat
2194,5,"['frog', 'ship', 'airplane', 'automobile']",ship
2195,7,"['automobile', 'cat', 'airplane', 'frog']",frog
2196,4,"['cat', 'automobile', 'frog', 'airplane']",automobile
2197,3,"['frog', 'ship', 'automobile', 'airplane']",ship
2198,3,"['frog', 'ship', 'automobile', 'airplane']",ship
2199,9,"['dog', 'frog', 'cat', 'airplane']",airplane
2200,1,"['bird', 'dog', 'frog', 'cat', 'airplane']",airplane
2201,7,"['automobile', 'cat', 'airplane', 'frog']",cat
2202,2,"['ship', 'cat', 'automobile', 'airplane']",ship
2203,6,"['automobile', 'horse', 'ship', 'airplane']",ship
2204,1,"['bird', 'dog', 'frog', 'cat', 'airplane']",airplane
2205,2,"['ship', 'cat', 'automobile', 'airplane']",cat
2206,9,"['dog', 'frog', 'cat', 'airplane']",airplane
2207,7,"['automobile', 'cat', 'airplane', 'frog']",cat
2208,9,"['dog', 'frog', 'cat', 'airplane']",dog
2209,0,"['horse', 'deer', 'frog', 'cat']",horse
2210,4,"['cat', 'automobile', 'frog', 'airplane']",automobile
2211,7,"['automobile', 'cat', 'airplane', 'frog']",cat
2212,8,"['horse', 'airplane', 'cat', 'frog']",horse
2213,4,"['cat', 'automobile', 'frog', 'airplane']",automobile
2214,9,"['dog', 'frog', 'cat', 'airplane']",airplane
2215,9,"['dog', 'frog', 'cat', 'airplane']",dog
2216,4,"['cat', 'automobile', 'frog', 'airplane']",automobile
2217,2,"['ship', 'cat', 'automobile', 'airplane']",cat
2218,9,"['dog', 'frog', 'cat', 'airplane']",airplane
2219,9,"['dog', 'frog', 'cat', 'airplane']",airplane
2220,8,"['horse', 'airplane', 'cat', 'frog']",horse
2221,8,"['horse', 'airplane', 'cat', 'frog']",horse
2222,6,"['automobile', 'horse', 'ship', 'airplane']",horse
2223,3,"['frog', 'ship', 'automobile', 'airplane']",ship
2224,2,"['ship', 'cat', 'automobile', 'airplane']",cat
2225,4,"['cat', 'automobile', 'frog', 'airplane']",automobile
2226,6,"['automobile', 'horse', 'ship', 'airplane']",automobile
2227,1,"['bird', 'dog', 'frog', 'cat', 'airplane']",airplane
2228,7,"['automobile', 'cat', 'airplane', 'frog']",cat
2229,8,"['horse', 'airplane', 'cat', 'frog']",horse
2230,2,"['ship', 'cat', 'automobile', 'airplane']",ship
2231,5,"['frog', 'ship', 'airplane', 'automobile']",ship
2232,8,"['horse', 'airplane', 'cat', 'frog']",horse
2233,0,"['horse', 'deer', 'frog', 'cat']",horse
2234,4,"['cat', 'automobile', 'frog', 'airplane']",automobile
2235,4,"['cat', 'automobile', 'frog', 'airplane']",automobile
2236,5,"['frog', 'ship', 'airplane', 'automobile']",ship
2237,2,"['ship', 'cat', 'automobile', 'airplane']",ship
2238,4,"['cat', 'automobile', 'frog', 'airplane']",automobile
2239,6,"['automobile', 'horse', 'ship', 'airplane']",airplane
2240,5,"['frog', 'ship', 'airplane', 'automobile']",ship
2241,6,"['automobile', 'horse', 'ship', 'airplane']",airplane
2242,5,"['frog', 'ship', 'airplane', 'automobile']",ship
2243,7,"['automobile', 'cat', 'airplane', 'frog']",cat
2244,7,"['automobile', 'cat', 'airplane', 'frog']",cat
2245,4,"['cat', 'automobile', 'frog', 'airplane']",automobile
2246,5,"['frog', 'ship', 'airplane', 'automobile']",ship
2247,2,"['ship', 'cat', 'automobile', 'airplane']",cat
2248,0,"['horse', 'deer', 'frog', 'cat']",horse
2249,1,"['bird', 'dog', 'frog', 'cat', 'airplane']",airplane
2250,1,"['bird', 'dog', 'frog', 'cat', 'airplane']",airplane
2251,9,"['dog', 'frog', 'cat', 'airplane']",airplane
2252,6,"['automobile', 'horse', 'ship', 'airplane']",airplane
2253,4,"['cat', 'automobile', 'frog', 'airplane']",automobile
2254,3,"['frog', 'ship', 'automobile', 'airplane']",ship
2255,8,"['horse', 'airplane', 'cat', 'frog']",horse
2256,7,"['automobile', 'cat', 'airplane', 'frog']",airplane
2257,4,"['cat', 'automobile', 'frog', 'airplane']",automobile
2258,0,"['horse', 'deer', 'frog', 'cat']",horse
2259,1,"['bird', 'dog', 'frog', 'cat', 'airplane']",airplane
2260,5,"['frog', 'ship', 'airplane', 'automobile']",ship
2261,5,"['frog', 'ship', 'airplane', 'automobile']",ship
2262,0,"['horse', 'deer', 'frog', 'cat']",horse
2263,7,"['automobile', 'cat', 'airplane', 'frog']",cat
2264,0,"['horse', 'deer', 'frog', 'cat']",horse
2265,8,"['horse', 'airplane', 'cat', 'frog']",horse
2266,5,"['frog', 'ship', 'airplane', 'automobile']",ship
2267,6,"['automobile', 'horse', 'ship', 'airplane']",airplane
2268,1,"['bird', 'dog', 'frog', 'cat', 'airplane']",airplane
2269,2,"['ship', 'cat', 'automobile', 'airplane']",ship
2270,3,"['frog', 'ship', 'automobile', 'airplane']",ship
2271,5,"['frog', 'ship', 'airplane', 'automobile']",ship
2272,8,"['horse', 'airplane', 'cat', 'frog']",horse
2273,9,"['dog', 'frog', 'cat', 'airplane']",dog
2274,6,"['automobile', 'horse', 'ship', 'airplane']",airplane
2275,7,"['automobile', 'cat', 'airplane', 'frog']",cat
2276,6,"['automobile', 'horse', 'ship', 'airplane']",airplane
2277,0,"['horse', 'deer', 'frog', 'cat']",horse
2278,7,"['automobile', 'cat', 'airplane', 'frog']",airplane
2279,3,"['frog', 'ship', 'automobile', 'airplane']",ship
2280,1,"['bird', 'dog', 'frog', 'cat', 'airplane']",airplane
2281,9,"['dog', 'frog', 'cat', 'airplane']",airplane
2282,4,"['cat', 'automobile', 'frog', 'airplane']",automobile
2283,1,"['bird', 'dog', 'frog', 'cat', 'airplane']",airplane
2284,8,"['horse', 'airplane', 'cat', 'frog']",horse
2285,8,"['horse', 'airplane', 'cat', 'frog']",horse
2286,1,"['bird', 'dog', 'frog', 'cat', 'airplane']",airplane
2287,0,"['horse', 'deer', 'frog', 'cat']",horse
2288,6,"['automobile', 'horse', 'ship', 'airplane']",airplane
2289,1,"['bird', 'dog', 'frog', 'cat', 'airplane']",airplane
2290,7,"['automobile', 'cat', 'airplane', 'frog']",cat
2291,2,"['ship', 'cat', 'automobile', 'airplane']",cat
2292,5,"['frog', 'ship', 'airplane', 'automobile']",ship
2293,4,"['cat', 'automobile', 'frog', 'airplane']",automobile
2294,5,"['frog', 'ship', 'airplane', 'automobile']",ship
2295,6,"['automobile', 'horse', 'ship', 'airplane']",ship
2296,6,"['automobile', 'horse', 'ship', 'airplane']",airplane
2297,4,"['cat', 'automobile', 'frog', 'airplane']",automobile
2298,8,"['horse', 'airplane', 'cat', 'frog']",horse
2299,6,"['automobile', 'horse', 'ship', 'airplane']",airplane
2300,4,"['cat', 'automobile', 'frog', 'airplane']",automobile
2301,7,"['automobile', 'cat', 'airplane', 'frog']",airplane
2302,9,"['dog', 'frog', 'cat', 'airplane']",airplane
2303,9,"['dog', 'frog', 'cat', 'airplane']",dog
2304,4,"['cat', 'automobile', 'frog', 'airplane']",automobile
2305,5,"['frog', 'ship', 'airplane', 'automobile']",ship
2306,1,"['bird', 'dog', 'frog', 'cat', 'airplane']",airplane
2307,3,"['frog', 'ship', 'automobile', 'airplane']",frog
2308,9,"['dog', 'frog', 'cat', 'airplane']",airplane
2309,8,"['horse', 'airplane', 'cat', 'frog']",horse
2310,6,"['automobile', 'horse', 'ship', 'airplane']",ship
2311,7,"['automobile', 'cat', 'airplane', 'frog']",cat
2312,3,"['frog', 'ship', 'automobile', 'airplane']",ship
2313,9,"['dog', 'frog', 'cat', 'airplane']",dog
2314,5,"['frog', 'ship', 'airplane', 'automobile']",ship
2315,2,"['ship', 'cat', 'automobile', 'airplane']",automobile
2316,5,"['frog', 'ship', 'airplane', 'automobile']",ship
2317,2,"['ship', 'cat', 'automobile', 'airplane']",automobile
2318,1,"['bird', 'dog', 'frog', 'cat', 'airplane']",airplane
2319,7,"['automobile', 'cat', 'airplane', 'frog']",airplane
2320,1,"['bird', 'dog', 'frog', 'cat', 'airplane']",airplane
2321,7,"['automobile', 'cat', 'airplane', 'frog']",cat
2322,0,"['horse', 'deer', 'frog', 'cat']",horse
2323,8,"['horse', 'airplane', 'cat', 'frog']",horse
2324,3,"['frog', 'ship', 'automobile', 'airplane']",ship
2325,8,"['horse', 'airplane', 'cat', 'frog']",horse
2326,3,"['frog', 'ship', 'automobile', 'airplane']",ship
2327,4,"['cat', 'automobile', 'frog', 'airplane']",airplane
2328,1,"['bird', 'dog', 'frog', 'cat', 'airplane']",airplane
2329,4,"['cat', 'automobile', 'frog', 'airplane']",automobile
2330,0,"['horse', 'deer', 'frog', 'cat']",horse
2331,7,"['automobile', 'cat', 'airplane', 'frog']",airplane
2332,9,"['dog', 'frog', 'cat', 'airplane']",airplane
2333,8,"['horse', 'airplane', 'cat', 'frog']",horse
2334,5,"['frog', 'ship', 'airplane', 'automobile']",ship
2335,5,"['frog', 'ship', 'airplane', 'automobile']",ship
2336,6,"['automobile', 'horse', 'ship', 'airplane']",automobile
2337,3,"['frog', 'ship', 'automobile', 'airplane']",ship
2338,9,"['dog', 'frog', 'cat', 'airplane']",dog
2339,1,"['bird', 'dog', 'frog', 'cat', 'airplane']",airplane
2340,2,"['ship', 'cat', 'automobile', 'airplane']",automobile
2341,0,"['horse', 'deer', 'frog', 'cat']",horse
2342,0,"['horse', 'deer', 'frog', 'cat']",horse
2343,2,"['ship', 'cat', 'automobile', 'airplane']",cat
2344,8,"['horse', 'airplane', 'cat', 'frog']",horse
2345,0,"['horse', 'deer', 'frog', 'cat']",horse
2346,2,"['ship', 'cat', 'automobile', 'airplane']",cat
2347,9,"['dog', 'frog', 'cat', 'airplane']",airplane
2348,3,"['frog', 'ship', 'automobile', 'airplane']",ship
2349,2,"['ship', 'cat', 'automobile', 'airplane']",cat
2350,0,"['horse', 'deer', 'frog', 'cat']",horse
2351,9,"['dog', 'frog', 'cat', 'airplane']",airplane
2352,9,"['dog', 'frog', 'cat', 'airplane']",airplane
2353,3,"['frog', 'ship', 'automobile', 'airplane']",ship
2354,2,"['ship', 'cat', 'automobile', 'airplane']",cat
2355,0,"['horse', 'deer', 'frog', 'cat']",horse
2356,6,"['automobile', 'horse', 'ship', 'airplane']",automobile
2357,9,"['dog', 'frog', 'cat', 'airplane']",airplane
2358,7,"['automobile', 'cat', 'airplane', 'frog']",cat
2359,3,"['frog', 'ship', 'automobile', 'airplane']",ship
2360,7,"['automobile', 'cat', 'airplane', 'frog']",cat
2361,5,"['frog', 'ship', 'airplane', 'automobile']",ship
2362,1,"['bird', 'dog', 'frog', 'cat', 'airplane']",airplane
2363,4,"['cat', 'automobile', 'frog', 'airplane']",automobile
2364,6,"['automobile', 'horse', 'ship', 'airplane']",ship
2365,0,"['horse', 'deer', 'frog', 'cat']",horse
2366,7,"['automobile', 'cat', 'airplane', 'frog']",cat
2367,5,"['frog', 'ship', 'airplane', 'automobile']",ship
2368,8,"['horse', 'airplane', 'cat', 'frog']",horse
2369,6,"['automobile', 'horse', 'ship', 'airplane']",ship
2370,7,"['automobile', 'cat', 'airplane', 'frog']",cat
2371,5,"['frog', 'ship', 'airplane', 'automobile']",ship
2372,2,"['ship', 'cat', 'automobile', 'airplane']",cat
2373,5,"['frog', 'ship', 'airplane', 'automobile']",ship
2374,5,"['frog', 'ship', 'airplane', 'automobile']",ship
2375,3,"['frog', 'ship', 'automobile', 'airplane']",ship
2376,3,"['frog', 'ship', 'automobile', 'airplane']",ship
2377,2,"['ship', 'cat', 'automobile', 'airplane']",cat
2378,2,"['ship', 'cat', 'automobile', 'airplane']",automobile
2379,9,"['dog', 'frog', 'cat', 'airplane']",airplane
2380,9,"['dog', 'frog', 'cat', 'airplane']",dog
2381,8,"['horse', 'airplane', 'cat', 'frog']",horse
2382,8,"['horse', 'airplane', 'cat', 'frog']",horse
2383,3,"['frog', 'ship', 'automobile', 'airplane']",ship
2384,5,"['frog', 'ship', 'airplane', 'automobile']",ship
2385,4,"['cat', 'automobile', 'frog', 'airplane']",automobile
2386,3,"['frog', 'ship', 'automobile', 'airplane']",ship
2387,2,"['ship', 'cat', 'automobile', 'airplane']",cat
2388,8,"['horse', 'airplane', 'cat', 'frog']",horse
2389,1,"['bird', 'dog', 'frog', 'cat', 'airplane']",airplane
2390,1,"['bird', 'dog', 'frog', 'cat', 'airplane']",airplane
2391,0,"['horse', 'deer', 'frog', 'cat']",horse
2392,7,"['automobile', 'cat', 'airplane', 'frog']",cat
2393,2,"['ship', 'cat', 'automobile', 'airplane']",automobile
2394,1,"['bird', 'dog', 'frog', 'cat', 'airplane']",airplane
2395,8,"['horse', 'airplane', 'cat', 'frog']",horse
2396,7,"['automobile', 'cat', 'airplane', 'frog']",cat
2397,7,"['automobile', 'cat', 'airplane', 'frog']",cat
2398,5,"['frog', 'ship', 'airplane', 'automobile']",ship
2399,7,"['automobile', 'cat', 'airplane', 'frog']",airplane
2400,6,"['automobile', 'horse', 'ship', 'airplane']",ship
2401,0,"['horse', 'deer', 'frog', 'cat']",horse
2402,4,"['cat', 'automobile', 'frog', 'airplane']",automobile
2403,0,"['horse', 'deer', 'frog', 'cat']",horse
2404,3,"['frog', 'ship', 'automobile', 'airplane']",ship
2405,7,"['automobile', 'cat', 'airplane', 'frog']",cat
2406,3,"['frog', 'ship', 'automobile', 'airplane']",ship
2407,6,"['automobile', 'horse', 'ship', 'airplane']",ship
2408,2,"['ship', 'cat', 'automobile', 'airplane']",automobile
2409,6,"['automobile', 'horse', 'ship', 'airplane']",airplane
2410,5,"['frog', 'ship', 'airplane', 'automobile']",ship
2411,6,"['automobile', 'horse', 'ship', 'airplane']",airplane
2412,3,"['frog', 'ship', 'automobile', 'airplane']",ship
2413,0,"['horse', 'deer', 'frog', 'cat']",horse
2414,3,"['frog', 'ship', 'automobile', 'airplane']",ship
2415,4,"['cat', 'automobile', 'frog', 'airplane']",automobile
2416,5,"['frog', 'ship', 'airplane', 'automobile']",ship
2417,8,"['horse', 'airplane', 'cat', 'frog']",horse
2418,4,"['cat', 'automobile', 'frog', 'airplane']",automobile
2419,4,"['cat', 'automobile', 'frog', 'airplane']",automobile
2420,0,"['horse', 'deer', 'frog', 'cat']",horse
2421,0,"['horse', 'deer', 'frog', 'cat']",horse
2422,1,"['bird', 'dog', 'frog', 'cat', 'airplane']",airplane
2423,0,"['horse', 'deer', 'frog', 'cat']",horse
2424,6,"['automobile', 'horse', 'ship', 'airplane']",airplane
2425,3,"['frog', 'ship', 'automobile', 'airplane']",ship
2426,8,"['horse', 'airplane', 'cat', 'frog']",horse
2427,0,"['horse', 'deer', 'frog', 'cat']",horse
2428,1,"['bird', 'dog', 'frog', 'cat', 'airplane']",airplane
2429,0,"['horse', 'deer', 'frog', 'cat']",horse
2430,7,"['automobile', 'cat', 'airplane', 'frog']",cat
2431,1,"['bird', 'dog', 'frog', 'cat', 'airplane']",airplane
2432,3,"['frog', 'ship', 'automobile', 'airplane']",ship
2433,1,"['bird', 'dog', 'frog', 'cat', 'airplane']",airplane
2434,8,"['horse', 'airplane', 'cat', 'frog']",horse
2435,0,"['horse', 'deer', 'frog', 'cat']",horse
2436,2,"['ship', 'cat', 'automobile', 'airplane']",automobile
2437,9,"['dog', 'frog', 'cat', 'airplane']",airplane
2438,8,"['horse', 'airplane', 'cat', 'frog']",horse
2439,6,"['automobile', 'horse', 'ship', 'airplane']",automobile
2440,5,"['frog', 'ship', 'airplane', 'automobile']",ship
2441,8,"['horse', 'airplane', 'cat', 'frog']",horse
2442,4,"['cat', 'automobile', 'frog', 'airplane']",automobile
2443,3,"['frog', 'ship', 'automobile', 'airplane']",ship
2444,4,"['cat', 'automobile', 'frog', 'airplane']",automobile
2445,1,"['bird', 'dog', 'frog', 'cat', 'airplane']",airplane
2446,0,"['horse', 'deer', 'frog', 'cat']",horse
2447,3,"['frog', 'ship', 'automobile', 'airplane']",ship
2448,9,"['dog', 'frog', 'cat', 'airplane']",airplane
2449,7,"['automobile', 'cat', 'airplane', 'frog']",cat
2450,4,"['cat', 'automobile', 'frog', 'airplane']",automobile
2451,0,"['horse', 'deer', 'frog', 'cat']",horse
2452,3,"['frog', 'ship', 'automobile', 'airplane']",ship
2453,0,"['horse', 'deer', 'frog', 'cat']",horse
2454,8,"['horse', 'airplane', 'cat', 'frog']",horse
2455,1,"['bird', 'dog', 'frog', 'cat', 'airplane']",airplane
2456,1,"['bird', 'dog', 'frog', 'cat', 'airplane']",airplane
2457,5,"['frog', 'ship', 'airplane', 'automobile']",ship
2458,7,"['automobile', 'cat', 'airplane', 'frog']",cat
2459,0,"['horse', 'deer', 'frog', 'cat']",horse
2460,0,"['horse', 'deer', 'frog', 'cat']",horse
2461,4,"['cat', 'automobile', 'frog', 'airplane']",automobile
2462,8,"['horse', 'airplane', 'cat', 'frog']",horse
2463,8,"['horse', 'airplane', 'cat', 'frog']",horse
2464,8,"['horse', 'airplane', 'cat', 'frog']",horse
2465,4,"['cat', 'automobile', 'frog', 'airplane']",automobile
2466,1,"['bird', 'dog', 'frog', 'cat', 'airplane']",airplane
2467,2,"['ship', 'cat', 'automobile', 'airplane']",cat
2468,9,"['dog', 'frog', 'cat', 'airplane']",dog
2469,1,"['bird', 'dog', 'frog', 'cat', 'airplane']",airplane
2470,2,"['ship', 'cat', 'automobile', 'airplane']",cat
2471,8,"['horse', 'airplane', 'cat', 'frog']",horse
2472,7,"['automobile', 'cat', 'airplane', 'frog']",airplane
2473,0,"['horse', 'deer', 'frog', 'cat']",horse
2474,7,"['automobile', 'cat', 'airplane', 'frog']",cat
2475,6,"['automobile', 'horse', 'ship', 'airplane']",airplane
2476,2,"['ship', 'cat', 'automobile', 'airplane']",automobile
2477,9,"['dog', 'frog', 'cat', 'airplane']",airplane
2478,0,"['horse', 'deer', 'frog', 'cat']",horse
2479,6,"['automobile', 'horse', 'ship', 'airplane']",airplane
2480,7,"['automobile', 'cat', 'airplane', 'frog']",cat
2481,7,"['automobile', 'cat', 'airplane', 'frog']",airplane
2482,5,"['frog', 'ship', 'airplane', 'automobile']",ship
2483,8,"['horse', 'airplane', 'cat', 'frog']",horse
2484,2,"['ship', 'cat', 'automobile', 'airplane']",cat
2485,4,"['cat', 'automobile', 'frog', 'airplane']",airplane
2486,4,"['cat', 'automobile', 'frog', 'airplane']",automobile
2487,8,"['horse', 'airplane', 'cat', 'frog']",horse
2488,4,"['cat', 'automobile', 'frog', 'airplane']",automobile
2489,8,"['horse', 'airplane', 'cat', 'frog']",horse
2490,0,"['horse', 'deer', 'frog', 'cat']",horse
2491,2,"['ship', 'cat', 'automobile', 'airplane']",cat
2492,7,"['automobile', 'cat', 'airplane', 'frog']",cat
2493,7,"['automobile', 'cat', 'airplane', 'frog']",cat
2494,6,"['automobile', 'horse', 'ship', 'airplane']",airplane
2495,9,"['dog', 'frog', 'cat', 'airplane']",airplane
2496,1,"['bird', 'dog', 'frog', 'cat', 'airplane']",airplane
2497,9,"['dog', 'frog', 'cat', 'airplane']",dog
2498,9,"['dog', 'frog', 'cat', 'airplane']",airplane
2499,7,"['automobile', 'cat', 'airplane', 'frog']",cat
2500,5,"['frog', 'ship', 'airplane', 'automobile']",ship
2501,3,"['frog', 'ship', 'automobile', 'airplane']",ship
2502,7,"['automobile', 'cat', 'airplane', 'frog']",airplane
2503,6,"['automobile', 'horse', 'ship', 'airplane']",airplane
2504,0,"['horse', 'deer', 'frog', 'cat']",horse
2505,3,"['frog', 'ship', 'automobile', 'airplane']",ship
2506,9,"['dog', 'frog', 'cat', 'airplane']",airplane
2507,2,"['ship', 'cat', 'automobile', 'airplane']",cat
2508,9,"['dog', 'frog', 'cat', 'airplane']",airplane
2509,5,"['frog', 'ship', 'airplane', 'automobile']",ship
2510,6,"['automobile', 'horse', 'ship', 'airplane']",airplane
2511,1,"['bird', 'dog', 'frog', 'cat', 'airplane']",airplane
2512,0,"['horse', 'deer', 'frog', 'cat']",horse
2513,0,"['horse', 'deer', 'frog', 'cat']",horse
2514,2,"['ship', 'cat', 'automobile', 'airplane']",cat
2515,4,"['cat', 'automobile', 'frog', 'airplane']",automobile
2516,5,"['frog', 'ship', 'airplane', 'automobile']",ship
2517,6,"['automobile', 'horse', 'ship', 'airplane']",ship
2518,3,"['frog', 'ship', 'automobile', 'airplane']",ship
2519,6,"['automobile', 'horse', 'ship', 'airplane']",airplane
2520,4,"['cat', 'automobile', 'frog', 'airplane']",automobile
2521,3,"['frog', 'ship', 'automobile', 'airplane']",ship
2522,5,"['frog', 'ship', 'airplane', 'automobile']",ship
2523,8,"['horse', 'airplane', 'cat', 'frog']",horse
2524,9,"['dog', 'frog', 'cat', 'airplane']",airplane
2525,3,"['frog', 'ship', 'automobile', 'airplane']",ship
2526,9,"['dog', 'frog', 'cat', 'airplane']",dog
2527,3,"['frog', 'ship', 'automobile', 'airplane']",ship
2528,4,"['cat', 'automobile', 'frog', 'airplane']",automobile
2529,9,"['dog', 'frog', 'cat', 'airplane']",airplane
2530,3,"['frog', 'ship', 'automobile', 'airplane']",ship
2531,9,"['dog', 'frog', 'cat', 'airplane']",airplane
2532,5,"['frog', 'ship', 'airplane', 'automobile']",ship
2533,2,"['ship', 'cat', 'automobile', 'airplane']",automobile
2534,8,"['horse', 'airplane', 'cat', 'frog']",horse
2535,2,"['ship', 'cat', 'automobile', 'airplane']",cat
2536,6,"['automobile', 'horse', 'ship', 'airplane']",airplane
2537,2,"['ship', 'cat', 'automobile', 'airplane']",automobile
2538,2,"['ship', 'cat', 'automobile', 'airplane']",cat
2539,7,"['automobile', 'cat', 'airplane', 'frog']",cat
2540,2,"['ship', 'cat', 'automobile', 'airplane']",cat
2541,7,"['automobile', 'cat', 'airplane', 'frog']",cat
2542,6,"['automobile', 'horse', 'ship', 'airplane']",airplane
2543,2,"['ship', 'cat', 'automobile', 'airplane']",automobile
2544,4,"['cat', 'automobile', 'frog', 'airplane']",automobile
2545,1,"['bird', 'dog', 'frog', 'cat', 'airplane']",airplane
2546,2,"['ship', 'cat', 'automobile', 'airplane']",cat
2547,9,"['dog', 'frog', 'cat', 'airplane']",dog
2548,9,"['dog', 'frog', 'cat', 'airplane']",airplane
2549,5,"['frog', 'ship', 'airplane', 'automobile']",ship
2550,2,"['ship', 'cat', 'automobile', 'airplane']",cat
2551,9,"['dog', 'frog', 'cat', 'airplane']",dog
2552,8,"['horse', 'airplane', 'cat', 'frog']",horse
2553,7,"['automobile', 'cat', 'airplane', 'frog']",cat
2554,7,"['automobile', 'cat', 'airplane', 'frog']",airplane
2555,5,"['frog', 'ship', 'airplane', 'automobile']",ship
2556,6,"['automobile', 'horse', 'ship', 'airplane']",airplane
2557,2,"['ship', 'cat', 'automobile', 'airplane']",automobile
2558,8,"['horse', 'airplane', 'cat', 'frog']",horse
2559,3,"['frog', 'ship', 'automobile', 'airplane']",ship
2560,7,"['automobile', 'cat', 'airplane', 'frog']",cat
2561,2,"['ship', 'cat', 'automobile', 'airplane']",cat
2562,3,"['frog', 'ship', 'automobile', 'airplane']",ship
2563,7,"['automobile', 'cat', 'airplane', 'frog']",cat
2564,3,"['frog', 'ship', 'automobile', 'airplane']",ship
2565,3,"['frog', 'ship', 'automobile', 'airplane']",ship
2566,6,"['automobile', 'horse', 'ship', 'airplane']",airplane
2567,2,"['ship', 'cat', 'automobile', 'airplane']",cat
2568,1,"['bird', 'dog', 'frog', 'cat', 'airplane']",airplane
2569,1,"['bird', 'dog', 'frog', 'cat', 'airplane']",airplane
2570,1,"['bird', 'dog', 'frog', 'cat', 'airplane']",airplane
2571,6,"['automobile', 'horse', 'ship', 'airplane']",airplane
2572,9,"['dog', 'frog', 'cat', 'airplane']",dog
2573,4,"['cat', 'automobile', 'frog', 'airplane']",automobile
2574,0,"['horse', 'deer', 'frog', 'cat']",horse
2575,2,"['ship', 'cat', 'automobile', 'airplane']",automobile
2576,4,"['cat', 'automobile', 'frog', 'airplane']",automobile
2577,8,"['horse', 'airplane', 'cat', 'frog']",horse
2578,0,"['horse', 'deer', 'frog', 'cat']",horse
2579,5,"['frog', 'ship', 'airplane', 'automobile']",ship
2580,4,"['cat', 'automobile', 'frog', 'airplane']",automobile
2581,3,"['frog', 'ship', 'automobile', 'airplane']",ship
2582,1,"['bird', 'dog', 'frog', 'cat', 'airplane']",airplane
2583,6,"['automobile', 'horse', 'ship', 'airplane']",airplane
2584,1,"['bird', 'dog', 'frog', 'cat', 'airplane']",airplane
2585,9,"['dog', 'frog', 'cat', 'airplane']",airplane
2586,8,"['horse', 'airplane', 'cat', 'frog']",horse
2587,1,"['bird', 'dog', 'frog', 'cat', 'airplane']",airplane
2588,1,"['bird', 'dog', 'frog', 'cat', 'airplane']",airplane
2589,2,"['ship', 'cat', 'automobile', 'airplane']",ship
2590,8,"['horse', 'airplane', 'cat', 'frog']",horse
2591,4,"['cat', 'automobile', 'frog', 'airplane']",automobile
2592,8,"['horse', 'airplane', 'cat', 'frog']",horse
2593,8,"['horse', 'airplane', 'cat', 'frog']",horse
2594,3,"['frog', 'ship', 'automobile', 'airplane']",ship
2595,2,"['ship', 'cat', 'automobile', 'airplane']",automobile
2596,6,"['automobile', 'horse', 'ship', 'airplane']",automobile
2597,1,"['bird', 'dog', 'frog', 'cat', 'airplane']",airplane
2598,0,"['horse', 'deer', 'frog', 'cat']",horse
2599,8,"['horse', 'airplane', 'cat', 'frog']",horse
2600,1,"['bird', 'dog', 'frog', 'cat', 'airplane']",airplane
2601,7,"['automobile', 'cat', 'airplane', 'frog']",cat
2602,6,"['automobile', 'horse', 'ship', 'airplane']",airplane
2603,8,"['horse', 'airplane', 'cat', 'frog']",horse
2604,5,"['frog', 'ship', 'airplane', 'automobile']",ship
2605,6,"['automobile', 'horse', 'ship', 'airplane']",airplane
2606,3,"['frog', 'ship', 'automobile', 'airplane']",ship
2607,6,"['automobile', 'horse', 'ship', 'airplane']",airplane
2608,7,"['automobile', 'cat', 'airplane', 'frog']",cat
2609,9,"['dog', 'frog', 'cat', 'airplane']",airplane
2610,2,"['ship', 'cat', 'automobile', 'airplane']",cat
2611,7,"['automobile', 'cat', 'airplane', 'frog']",cat
2612,7,"['automobile', 'cat', 'airplane', 'frog']",airplane
2613,0,"['horse', 'deer', 'frog', 'cat']",horse
2614,7,"['automobile', 'cat', 'airplane', 'frog']",airplane
2615,1,"['bird', 'dog', 'frog', 'cat', 'airplane']",airplane
2616,7,"['automobile', 'cat', 'airplane', 'frog']",cat
2617,0,"['horse', 'deer', 'frog', 'cat']",horse
2618,6,"['automobile', 'horse', 'ship', 'airplane']",airplane
2619,2,"['ship', 'cat', 'automobile', 'airplane']",automobile
2620,7,"['automobile', 'cat', 'airplane', 'frog']",cat
2621,5,"['frog', 'ship', 'airplane', 'automobile']",ship
2622,0,"['horse', 'deer', 'frog', 'cat']",horse
2623,6,"['automobile', 'horse', 'ship', 'airplane']",horse
2624,9,"['dog', 'frog', 'cat', 'airplane']",dog
2625,6,"['automobile', 'horse', 'ship', 'airplane']",airplane
2626,2,"['ship', 'cat', 'automobile', 'airplane']",cat
2627,3,"['frog', 'ship', 'automobile', 'airplane']",ship
2628,1,"['bird', 'dog', 'frog', 'cat', 'airplane']",airplane
2629,4,"['cat', 'automobile', 'frog', 'airplane']",automobile
2630,1,"['bird', 'dog', 'frog', 'cat', 'airplane']",airplane
2631,6,"['automobile', 'horse', 'ship', 'airplane']",ship
2632,9,"['dog', 'frog', 'cat', 'airplane']",dog
2633,0,"['horse', 'deer', 'frog', 'cat']",horse
2634,5,"['frog', 'ship', 'airplane', 'automobile']",ship
2635,8,"['horse', 'airplane', 'cat', 'frog']",horse
2636,9,"['dog', 'frog', 'cat', 'airplane']",airplane
2637,9,"['dog', 'frog', 'cat', 'airplane']",dog
2638,6,"['automobile', 'horse', 'ship', 'airplane']",ship
2639,0,"['horse', 'deer', 'frog', 'cat']",horse
2640,8,"['horse', 'airplane', 'cat', 'frog']",horse
2641,2,"['ship', 'cat', 'automobile', 'airplane']",cat
2642,0,"['horse', 'deer', 'frog', 'cat']",horse
2643,8,"['horse', 'airplane', 'cat', 'frog']",horse
2644,9,"['dog', 'frog', 'cat', 'airplane']",dog
2645,9,"['dog', 'frog', 'cat', 'airplane']",airplane
2646,8,"['horse', 'airplane', 'cat', 'frog']",horse
2647,4,"['cat', 'automobile', 'frog', 'airplane']",automobile
2648,3,"['frog', 'ship', 'automobile', 'airplane']",ship
2649,3,"['frog', 'ship', 'automobile', 'airplane']",ship
2650,6,"['automobile', 'horse', 'ship', 'airplane']",ship
2651,7,"['automobile', 'cat', 'airplane', 'frog']",cat
2652,0,"['horse', 'deer', 'frog', 'cat']",horse
2653,6,"['automobile', 'horse', 'ship', 'airplane']",airplane
2654,4,"['cat', 'automobile', 'frog', 'airplane']",automobile
2655,9,"['dog', 'frog', 'cat', 'airplane']",airplane
2656,1,"['bird', 'dog', 'frog', 'cat', 'airplane']",airplane
2657,5,"['frog', 'ship', 'airplane', 'automobile']",ship
2658,8,"['horse', 'airplane', 'cat', 'frog']",horse
2659,0,"['horse', 'deer', 'frog', 'cat']",horse
2660,0,"['horse', 'deer', 'frog', 'cat']",horse
2661,1,"['bird', 'dog', 'frog', 'cat', 'airplane']",airplane
2662,0,"['horse', 'deer', 'frog', 'cat']",horse
2663,8,"['horse', 'airplane', 'cat', 'frog']",horse
2664,9,"['dog', 'frog', 'cat', 'airplane']",airplane
2665,3,"['frog', 'ship', 'automobile', 'airplane']",ship
2666,8,"['horse', 'airplane', 'cat', 'frog']",horse
2667,9,"['dog', 'frog', 'cat', 'airplane']",airplane
2668,3,"['frog', 'ship', 'automobile', 'airplane']",ship
2669,7,"['automobile', 'cat', 'airplane', 'frog']",cat
2670,8,"['horse', 'airplane', 'cat', 'frog']",horse
2671,9,"['dog', 'frog', 'cat', 'airplane']",airplane
2672,4,"['cat', 'automobile', 'frog', 'airplane']",automobile
2673,4,"['cat', 'automobile', 'frog', 'airplane']",automobile
2674,6,"['automobile', 'horse', 'ship', 'airplane']",airplane
2675,0,"['horse', 'deer', 'frog', 'cat']",horse
2676,9,"['dog', 'frog', 'cat', 'airplane']",dog
2677,7,"['automobile', 'cat', 'airplane', 'frog']",frog
2678,2,"['ship', 'cat', 'automobile', 'airplane']",cat
2679,8,"['horse', 'airplane', 'cat', 'frog']",horse
2680,0,"['horse', 'deer', 'frog', 'cat']",horse
2681,6,"['automobile', 'horse', 'ship', 'airplane']",airplane
2682,2,"['ship', 'cat', 'automobile', 'airplane']",cat
2683,0,"['horse', 'deer', 'frog', 'cat']",horse
2684,6,"['automobile', 'horse', 'ship', 'airplane']",horse
2685,5,"['frog', 'ship', 'airplane', 'automobile']",ship
2686,5,"['frog', 'ship', 'airplane', 'automobile']",ship
2687,8,"['horse', 'airplane', 'cat', 'frog']",horse
2688,5,"['frog', 'ship', 'airplane', 'automobile']",ship
2689,8,"['horse', 'airplane', 'cat', 'frog']",horse
2690,6,"['automobile', 'horse', 'ship', 'airplane']",airplane
2691,4,"['cat', 'automobile', 'frog', 'airplane']",automobile
2692,0,"['horse', 'deer', 'frog', 'cat']",horse
2693,2,"['ship', 'cat', 'automobile', 'airplane']",cat
2694,6,"['automobile', 'horse', 'ship', 'airplane']",airplane
2695,4,"['cat', 'automobile', 'frog', 'airplane']",automobile
2696,3,"['frog', 'ship', 'automobile', 'airplane']",ship
2697,6,"['automobile', 'horse', 'ship', 'airplane']",airplane
2698,2,"['ship', 'cat', 'automobile', 'airplane']",cat
2699,3,"['frog', 'ship', 'automobile', 'airplane']",ship
2700,7,"['automobile', 'cat', 'airplane', 'frog']",cat
2701,7,"['automobile', 'cat', 'airplane', 'frog']",cat
2702,2,"['ship', 'cat', 'automobile', 'airplane']",cat
2703,4,"['cat', 'automobile', 'frog', 'airplane']",automobile
2704,2,"['ship', 'cat', 'automobile', 'airplane']",ship
2705,4,"['cat', 'automobile', 'frog', 'airplane']",automobile
2706,9,"['dog', 'frog', 'cat', 'airplane']",airplane
2707,0,"['horse', 'deer', 'frog', 'cat']",horse
2708,2,"['ship', 'cat', 'automobile', 'airplane']",automobile
2709,5,"['frog', 'ship', 'airplane', 'automobile']",ship
2710,4,"['cat', 'automobile', 'frog', 'airplane']",automobile
2711,5,"['frog', 'ship', 'airplane', 'automobile']",ship
2712,4,"['cat', 'automobile', 'frog', 'airplane']",automobile
2713,6,"['automobile', 'horse', 'ship', 'airplane']",airplane
2714,0,"['horse', 'deer', 'frog', 'cat']",horse
2715,7,"['automobile', 'cat', 'airplane', 'frog']",cat
2716,7,"['automobile', 'cat', 'airplane', 'frog']",cat
2717,5,"['frog', 'ship', 'airplane', 'automobile']",ship
2718,0,"['horse', 'deer', 'frog', 'cat']",horse
2719,2,"['ship', 'cat', 'automobile', 'airplane']",cat
2720,0,"['horse', 'deer', 'frog', 'cat']",horse
2721,8,"['horse', 'airplane', 'cat', 'frog']",horse
2722,5,"['frog', 'ship', 'airplane', 'automobile']",ship
2723,3,"['frog', 'ship', 'automobile', 'airplane']",ship
2724,7,"['automobile', 'cat', 'airplane', 'frog']",airplane
2725,4,"['cat', 'automobile', 'frog', 'airplane']",airplane
2726,5,"['frog', 'ship', 'airplane', 'automobile']",ship
2727,1,"['bird', 'dog', 'frog', 'cat', 'airplane']",airplane
2728,9,"['dog', 'frog', 'cat', 'airplane']",dog
2729,6,"['automobile', 'horse', 'ship', 'airplane']",airplane
2730,5,"['frog', 'ship', 'airplane', 'automobile']",ship
2731,1,"['bird', 'dog', 'frog', 'cat', 'airplane']",airplane
2732,8,"['horse', 'airplane', 'cat', 'frog']",horse
2733,5,"['frog', 'ship', 'airplane', 'automobile']",ship
2734,4,"['cat', 'automobile', 'frog', 'airplane']",automobile
2735,8,"['horse', 'airplane', 'cat', 'frog']",horse
2736,5,"['frog', 'ship', 'airplane', 'automobile']",ship
2737,2,"['ship', 'cat', 'automobile', 'airplane']",automobile
2738,3,"['frog', 'ship', 'automobile', 'airplane']",ship
2739,3,"['frog', 'ship', 'automobile', 'airplane']",ship
2740,8,"['horse', 'airplane', 'cat', 'frog']",horse
2741,2,"['ship', 'cat', 'automobile', 'airplane']",cat
2742,2,"['ship', 'cat', 'automobile', 'airplane']",cat
2743,8,"['horse', 'airplane', 'cat', 'frog']",horse
2744,2,"['ship', 'cat', 'automobile', 'airplane']",cat
2745,5,"['frog', 'ship', 'airplane', 'automobile']",ship
2746,7,"['automobile', 'cat', 'airplane', 'frog']",cat
2747,5,"['frog', 'ship', 'airplane', 'automobile']",ship
2748,5,"['frog', 'ship', 'airplane', 'automobile']",ship
2749,8,"['horse', 'airplane', 'cat', 'frog']",horse
2750,7,"['automobile', 'cat', 'airplane', 'frog']",airplane
2751,6,"['automobile', 'horse', 'ship', 'airplane']",automobile
2752,1,"['bird', 'dog', 'frog', 'cat', 'airplane']",airplane
2753,1,"['bird', 'dog', 'frog', 'cat', 'airplane']",airplane
2754,8,"['horse', 'airplane', 'cat', 'frog']",airplane
2755,5,"['frog', 'ship', 'airplane', 'automobile']",ship
2756,1,"['bird', 'dog', 'frog', 'cat', 'airplane']",airplane
2757,9,"['dog', 'frog', 'cat', 'airplane']",airplane
2758,9,"['dog', 'frog', 'cat', 'airplane']",airplane
2759,2,"['ship', 'cat', 'automobile', 'airplane']",cat
2760,2,"['ship', 'cat', 'automobile', 'airplane']",automobile
2761,9,"['dog', 'frog', 'cat', 'airplane']",airplane
2762,1,"['bird', 'dog', 'frog', 'cat', 'airplane']",airplane
2763,5,"['frog', 'ship', 'airplane', 'automobile']",ship
2764,2,"['ship', 'cat', 'automobile', 'airplane']",cat
2765,1,"['bird', 'dog', 'frog', 'cat', 'airplane']",airplane
2766,3,"['frog', 'ship', 'automobile', 'airplane']",ship
2767,9,"['dog', 'frog', 'cat', 'airplane']",airplane
2768,9,"['dog', 'frog', 'cat', 'airplane']",airplane
2769,1,"['bird', 'dog', 'frog', 'cat', 'airplane']",airplane
2770,3,"['frog', 'ship', 'automobile', 'airplane']",ship
2771,1,"['bird', 'dog', 'frog', 'cat', 'airplane']",airplane
2772,2,"['ship', 'cat', 'automobile', 'airplane']",cat
2773,0,"['horse', 'deer', 'frog', 'cat']",horse
2774,6,"['automobile', 'horse', 'ship', 'airplane']",airplane
2775,1,"['bird', 'dog', 'frog', 'cat', 'airplane']",airplane
2776,7,"['automobile', 'cat', 'airplane', 'frog']",airplane
2777,6,"['automobile', 'horse', 'ship', 'airplane']",airplane
2778,8,"['horse', 'airplane', 'cat', 'frog']",horse
2779,4,"['cat', 'automobile', 'frog', 'airplane']",automobile
2780,0,"['horse', 'deer', 'frog', 'cat']",horse
2781,3,"['frog', 'ship', 'automobile', 'airplane']",ship
2782,3,"['frog', 'ship', 'automobile', 'airplane']",ship
2783,7,"['automobile', 'cat', 'airplane', 'frog']",cat
2784,2,"['ship', 'cat', 'automobile', 'airplane']",ship
2785,3,"['frog', 'ship', 'automobile', 'airplane']",ship
2786,6,"['automobile', 'horse', 'ship', 'airplane']",airplane
2787,4,"['cat', 'automobile', 'frog', 'airplane']",automobile
2788,5,"['frog', 'ship', 'airplane', 'automobile']",ship
2789,2,"['ship', 'cat', 'automobile', 'airplane']",cat
2790,7,"['automobile', 'cat', 'airplane', 'frog']",airplane
2791,2,"['ship', 'cat', 'automobile', 'airplane']",cat
2792,4,"['cat', 'automobile', 'frog', 'airplane']",automobile
2793,9,"['dog', 'frog', 'cat', 'airplane']",airplane
2794,5,"['frog', 'ship', 'airplane', 'automobile']",ship
2795,1,"['bird', 'dog', 'frog', 'cat', 'airplane']",airplane
2796,6,"['automobile', 'horse', 'ship', 'airplane']",airplane
2797,8,"['horse', 'airplane', 'cat', 'frog']",horse
2798,8,"['horse', 'airplane', 'cat', 'frog']",horse
2799,2,"['ship', 'cat', 'automobile', 'airplane']",automobile
2800,1,"['bird', 'dog', 'frog', 'cat', 'airplane']",airplane
2801,7,"['automobile', 'cat', 'airplane', 'frog']",cat
2802,1,"['bird', 'dog', 'frog', 'cat', 'airplane']",airplane
2803,8,"['horse', 'airplane', 'cat', 'frog']",horse
2804,0,"['horse', 'deer', 'frog', 'cat']",horse
2805,8,"['horse', 'airplane', 'cat', 'frog']",horse
2806,5,"['frog', 'ship', 'airplane', 'automobile']",ship
2807,7,"['automobile', 'cat', 'airplane', 'frog']",cat
2808,0,"['horse', 'deer', 'frog', 'cat']",horse
2809,3,"['frog', 'ship', 'automobile', 'airplane']",ship
2810,6,"['automobile', 'horse', 'ship', 'airplane']",airplane
2811,4,"['cat', 'automobile', 'frog', 'airplane']",airplane
2812,2,"['ship', 'cat', 'automobile', 'airplane']",cat
2813,7,"['automobile', 'cat', 'airplane', 'frog']",airplane
2814,7,"['automobile', 'cat', 'airplane', 'frog']",frog
2815,8,"['horse', 'airplane', 'cat', 'frog']",horse
2816,2,"['ship', 'cat', 'automobile', 'airplane']",cat
2817,8,"['horse', 'airplane', 'cat', 'frog']",horse
2818,9,"['dog', 'frog', 'cat', 'airplane']",dog
2819,8,"['horse', 'airplane', 'cat', 'frog']",horse
2820,8,"['horse', 'airplane', 'cat', 'frog']",horse
2821,4,"['cat', 'automobile', 'frog', 'airplane']",automobile
2822,6,"['automobile', 'horse', 'ship', 'airplane']",airplane
2823,7,"['automobile', 'cat', 'airplane', 'frog']",cat
2824,0,"['horse', 'deer', 'frog', 'cat']",horse
2825,1,"['bird', 'dog', 'frog', 'cat', 'airplane']",airplane
2826,2,"['ship', 'cat', 'automobile', 'airplane']",cat
2827,1,"['bird', 'dog', 'frog', 'cat', 'airplane']",airplane
2828,1,"['bird', 'dog', 'frog', 'cat', 'airplane']",airplane
2829,9,"['dog', 'frog', 'cat', 'airplane']",airplane
2830,4,"['cat', 'automobile', 'frog', 'airplane']",automobile
2831,6,"['automobile', 'horse', 'ship', 'airplane']",ship
2832,4,"['cat', 'automobile', 'frog', 'airplane']",automobile
2833,2,"['ship', 'cat', 'automobile', 'airplane']",automobile
2834,7,"['automobile', 'cat', 'airplane', 'frog']",frog
2835,4,"['cat', 'automobile', 'frog', 'airplane']",automobile
2836,6,"['automobile', 'horse', 'ship', 'airplane']",airplane
2837,1,"['bird', 'dog', 'frog', 'cat', 'airplane']",airplane
2838,9,"['dog', 'frog', 'cat', 'airplane']",airplane
2839,4,"['cat', 'automobile', 'frog', 'airplane']",automobile
2840,9,"['dog', 'frog', 'cat', 'airplane']",airplane
2841,1,"['bird', 'dog', 'frog', 'cat', 'airplane']",airplane
2842,4,"['cat', 'automobile', 'frog', 'airplane']",automobile
2843,5,"['frog', 'ship', 'airplane', 'automobile']",ship
2844,1,"['bird', 'dog', 'frog', 'cat', 'airplane']",airplane
2845,9,"['dog', 'frog', 'cat', 'airplane']",airplane
2846,2,"['ship', 'cat', 'automobile', 'airplane']",cat
2847,8,"['horse', 'airplane', 'cat', 'frog']",horse
2848,0,"['horse', 'deer', 'frog', 'cat']",horse
2849,1,"['bird', 'dog', 'frog', 'cat', 'airplane']",airplane
2850,5,"['frog', 'ship', 'airplane', 'automobile']",ship
2851,1,"['bird', 'dog', 'frog', 'cat', 'airplane']",airplane
2852,7,"['automobile', 'cat', 'airplane', 'frog']",airplane
2853,9,"['dog', 'frog', 'cat', 'airplane']",airplane
2854,2,"['ship', 'cat', 'automobile', 'airplane']",automobile
2855,0,"['horse', 'deer', 'frog', 'cat']",horse
2856,4,"['cat', 'automobile', 'frog', 'airplane']",automobile
2857,8,"['horse', 'airplane', 'cat', 'frog']",horse
2858,4,"['cat', 'automobile', 'frog', 'airplane']",frog
2859,0,"['horse', 'deer', 'frog', 'cat']",horse
2860,2,"['ship', 'cat', 'automobile', 'airplane']",automobile
2861,0,"['horse', 'deer', 'frog', 'cat']",frog
2862,1,"['bird', 'dog', 'frog', 'cat', 'airplane']",airplane
2863,0,"['horse', 'deer', 'frog', 'cat']",horse
2864,5,"['frog', 'ship', 'airplane', 'automobile']",ship
2865,3,"['frog', 'ship', 'automobile', 'airplane']",ship
2866,6,"['automobile', 'horse', 'ship', 'airplane']",airplane
2867,2,"['ship', 'cat', 'automobile', 'airplane']",cat
2868,2,"['ship', 'cat', 'automobile', 'airplane']",automobile
2869,2,"['ship', 'cat', 'automobile', 'airplane']",cat
2870,2,"['ship', 'cat', 'automobile', 'airplane']",cat
2871,6,"['automobile', 'horse', 'ship', 'airplane']",airplane
2872,6,"['automobile', 'horse', 'ship', 'airplane']",airplane
2873,8,"['horse', 'airplane', 'cat', 'frog']",horse
2874,6,"['automobile', 'horse', 'ship', 'airplane']",airplane
2875,2,"['ship', 'cat', 'automobile', 'airplane']",cat
2876,3,"['frog', 'ship', 'automobile', 'airplane']",ship
2877,5,"['frog', 'ship', 'airplane', 'automobile']",ship
2878,2,"['ship', 'cat', 'automobile', 'airplane']",cat
2879,8,"['horse', 'airplane', 'cat', 'frog']",horse
2880,9,"['dog', 'frog', 'cat', 'airplane']",dog
2881,8,"['horse', 'airplane', 'cat', 'frog']",horse
2882,0,"['horse', 'deer', 'frog', 'cat']",horse
2883,1,"['bird', 'dog', 'frog', 'cat', 'airplane']",airplane
2884,5,"['frog', 'ship', 'airplane', 'automobile']",ship
2885,0,"['horse', 'deer', 'frog', 'cat']",frog
2886,9,"['dog', 'frog', 'cat', 'airplane']",airplane
2887,1,"['bird', 'dog', 'frog', 'cat', 'airplane']",airplane
2888,6,"['automobile', 'horse', 'ship', 'airplane']",airplane
2889,7,"['automobile', 'cat', 'airplane', 'frog']",cat
2890,9,"['dog', 'frog', 'cat', 'airplane']",dog
2891,7,"['automobile', 'cat', 'airplane', 'frog']",cat
2892,3,"['frog', 'ship', 'automobile', 'airplane']",ship
2893,6,"['automobile', 'horse', 'ship', 'airplane']",airplane
2894,2,"['ship', 'cat', 'automobile', 'airplane']",automobile
2895,0,"['horse', 'deer', 'frog', 'cat']",horse
2896,4,"['cat', 'automobile', 'frog', 'airplane']",automobile
2897,7,"['automobile', 'cat', 'airplane', 'frog']",cat
2898,6,"['automobile', 'horse', 'ship', 'airplane']",horse
2899,4,"['cat', 'automobile', 'frog', 'airplane']",automobile
2900,4,"['cat', 'automobile', 'frog', 'airplane']",automobile
2901,5,"['frog', 'ship', 'airplane', 'automobile']",ship
2902,2,"['ship', 'cat', 'automobile', 'airplane']",cat
2903,3,"['frog', 'ship', 'automobile', 'airplane']",ship
2904,4,"['cat', 'automobile', 'frog', 'airplane']",automobile
2905,4,"['cat', 'automobile', 'frog', 'airplane']",automobile
2906,5,"['frog', 'ship', 'airplane', 'automobile']",ship
2907,2,"['ship', 'cat', 'automobile', 'airplane']",cat
2908,9,"['dog', 'frog', 'cat', 'airplane']",dog
2909,6,"['automobile', 'horse', 'ship', 'airplane']",ship
2910,1,"['bird', 'dog', 'frog', 'cat', 'airplane']",airplane
2911,4,"['cat', 'automobile', 'frog', 'airplane']",automobile
2912,7,"['automobile', 'cat', 'airplane', 'frog']",cat
2913,4,"['cat', 'automobile', 'frog', 'airplane']",automobile
2914,8,"['horse', 'airplane', 'cat', 'frog']",horse
2915,6,"['automobile', 'horse', 'ship', 'airplane']",airplane
2916,5,"['frog', 'ship', 'airplane', 'automobile']",ship
2917,9,"['dog', 'frog', 'cat', 'airplane']",dog
2918,8,"['horse', 'airplane', 'cat', 'frog']",horse
2919,9,"['dog', 'frog', 'cat', 'airplane']",airplane
2920,9,"['dog', 'frog', 'cat', 'airplane']",dog
2921,4,"['cat', 'automobile', 'frog', 'airplane']",automobile
2922,4,"['cat', 'automobile', 'frog', 'airplane']",automobile
2923,8,"['horse', 'airplane', 'cat', 'frog']",horse
2924,6,"['automobile', 'horse', 'ship', 'airplane']",automobile
2925,6,"['automobile', 'horse', 'ship', 'airplane']",airplane
2926,4,"['cat', 'automobile', 'frog', 'airplane']",automobile
2927,2,"['ship', 'cat', 'automobile', 'airplane']",cat
2928,1,"['bird', 'dog', 'frog', 'cat', 'airplane']",airplane
2929,8,"['horse', 'airplane', 'cat', 'frog']",horse
2930,3,"['frog', 'ship', 'automobile', 'airplane']",ship
2931,3,"['frog', 'ship', 'automobile', 'airplane']",ship
2932,0,"['horse', 'deer', 'frog', 'cat']",horse
2933,3,"['frog', 'ship', 'automobile', 'airplane']",ship
2934,8,"['horse', 'airplane', 'cat', 'frog']",horse
2935,9,"['dog', 'frog', 'cat', 'airplane']",frog
2936,2,"['ship', 'cat', 'automobile', 'airplane']",cat
2937,6,"['automobile', 'horse', 'ship', 'airplane']",airplane
2938,2,"['ship', 'cat', 'automobile', 'airplane']",cat
2939,6,"['automobile', 'horse', 'ship', 'airplane']",airplane
2940,5,"['frog', 'ship', 'airplane', 'automobile']",ship
2941,6,"['automobile', 'horse', 'ship', 'airplane']",horse
2942,8,"['horse', 'airplane', 'cat', 'frog']",horse
2943,4,"['cat', 'automobile', 'frog', 'airplane']",automobile
2944,3,"['frog', 'ship', 'automobile', 'airplane']",ship
2945,5,"['frog', 'ship', 'airplane', 'automobile']",ship
2946,0,"['horse', 'deer', 'frog', 'cat']",horse
2947,3,"['frog', 'ship', 'automobile', 'airplane']",ship
2948,2,"['ship', 'cat', 'automobile', 'airplane']",cat
2949,0,"['horse', 'deer', 'frog', 'cat']",horse
2950,0,"['horse', 'deer', 'frog', 'cat']",horse
2951,4,"['cat', 'automobile', 'frog', 'airplane']",automobile
2952,8,"['horse', 'airplane', 'cat', 'frog']",horse
2953,9,"['dog', 'frog', 'cat', 'airplane']",dog
2954,8,"['horse', 'airplane', 'cat', 'frog']",horse
2955,6,"['automobile', 'horse', 'ship', 'airplane']",airplane
2956,9,"['dog', 'frog', 'cat', 'airplane']",airplane
2957,2,"['ship', 'cat', 'automobile', 'airplane']",ship
2958,1,"['bird', 'dog', 'frog', 'cat', 'airplane']",airplane
2959,0,"['horse', 'deer', 'frog', 'cat']",horse
2960,7,"['automobile', 'cat', 'airplane', 'frog']",frog
2961,9,"['dog', 'frog', 'cat', 'airplane']",dog
2962,0,"['horse', 'deer', 'frog', 'cat']",horse
2963,5,"['frog', 'ship', 'airplane', 'automobile']",ship
2964,0,"['horse', 'deer', 'frog', 'cat']",horse
2965,6,"['automobile', 'horse', 'ship', 'airplane']",airplane
2966,2,"['ship', 'cat', 'automobile', 'airplane']",cat
2967,0,"['horse', 'deer', 'frog', 'cat']",horse
2968,6,"['automobile', 'horse', 'ship', 'airplane']",airplane
2969,7,"['automobile', 'cat', 'airplane', 'frog']",airplane
2970,6,"['automobile', 'horse', 'ship', 'airplane']",airplane
2971,2,"['ship', 'cat', 'automobile', 'airplane']",cat
2972,6,"['automobile', 'horse', 'ship', 'airplane']",airplane
2973,7,"['automobile', 'cat', 'airplane', 'frog']",airplane
2974,8,"['horse', 'airplane', 'cat', 'frog']",horse
2975,2,"['ship', 'cat', 'automobile', 'airplane']",cat
2976,4,"['cat', 'automobile', 'frog', 'airplane']",automobile
2977,7,"['automobile', 'cat', 'airplane', 'frog']",cat
2978,6,"['automobile', 'horse', 'ship', 'airplane']",airplane
2979,8,"['horse', 'airplane', 'cat', 'frog']",horse
2980,7,"['automobile', 'cat', 'airplane', 'frog']",cat
2981,7,"['automobile', 'cat', 'airplane', 'frog']",cat
2982,3,"['frog', 'ship', 'automobile', 'airplane']",ship
2983,2,"['ship', 'cat', 'automobile', 'airplane']",cat
2984,5,"['frog', 'ship', 'airplane', 'automobile']",ship
2985,9,"['dog', 'frog', 'cat', 'airplane']",airplane
2986,3,"['frog', 'ship', 'automobile', 'airplane']",ship
2987,8,"['horse', 'airplane', 'cat', 'frog']",horse
2988,2,"['ship', 'cat', 'automobile', 'airplane']",cat
2989,6,"['automobile', 'horse', 'ship', 'airplane']",airplane
2990,4,"['cat', 'automobile', 'frog', 'airplane']",automobile
2991,9,"['dog', 'frog', 'cat', 'airplane']",dog
2992,6,"['automobile', 'horse', 'ship', 'airplane']",airplane
2993,2,"['ship', 'cat', 'automobile', 'airplane']",cat
2994,1,"['bird', 'dog', 'frog', 'cat', 'airplane']",airplane
2995,4,"['cat', 'automobile', 'frog', 'airplane']",airplane
2996,0,"['horse', 'deer', 'frog', 'cat']",horse
2997,6,"['automobile', 'horse', 'ship', 'airplane']",airplane
2998,6,"['automobile', 'horse', 'ship', 'airplane']",airplane
2999,4,"['cat', 'automobile', 'frog', 'airplane']",automobile
3000,3,"['frog', 'ship', 'automobile', 'airplane']",frog
3001,4,"['cat', 'automobile', 'frog', 'airplane']",automobile
3002,5,"['frog', 'ship', 'airplane', 'automobile']",ship
3003,3,"['frog', 'ship', 'automobile', 'airplane']",ship
3004,6,"['automobile', 'horse', 'ship', 'airplane']",airplane
3005,5,"['frog', 'ship', 'airplane', 'automobile']",ship
3006,9,"['dog', 'frog', 'cat', 'airplane']",airplane
3007,9,"['dog', 'frog', 'cat', 'airplane']",airplane
3008,5,"['frog', 'ship', 'airplane', 'automobile']",ship
3009,1,"['bird', 'dog', 'frog', 'cat', 'airplane']",airplane
3010,6,"['automobile', 'horse', 'ship', 'airplane']",airplane
3011,0,"['horse', 'deer', 'frog', 'cat']",horse
3012,2,"['ship', 'cat', 'automobile', 'airplane']",cat
3013,7,"['automobile', 'cat', 'airplane', 'frog']",cat
3014,9,"['dog', 'frog', 'cat', 'airplane']",dog
3015,5,"['frog', 'ship', 'airplane', 'automobile']",ship
3016,3,"['frog', 'ship', 'automobile', 'airplane']",ship
3017,5,"['frog', 'ship', 'airplane', 'automobile']",ship
3018,6,"['automobile', 'horse', 'ship', 'airplane']",airplane
3019,2,"['ship', 'cat', 'automobile', 'airplane']",automobile
3020,1,"['bird', 'dog', 'frog', 'cat', 'airplane']",airplane
3021,5,"['frog', 'ship', 'airplane', 'automobile']",ship
3022,5,"['frog', 'ship', 'airplane', 'automobile']",ship
3023,9,"['dog', 'frog', 'cat', 'airplane']",dog
3024,0,"['horse', 'deer', 'frog', 'cat']",horse
3025,1,"['bird', 'dog', 'frog', 'cat', 'airplane']",airplane
3026,3,"['frog', 'ship', 'automobile', 'airplane']",ship
3027,4,"['cat', 'automobile', 'frog', 'airplane']",automobile
3028,5,"['frog', 'ship', 'airplane', 'automobile']",ship
3029,7,"['automobile', 'cat', 'airplane', 'frog']",cat
3030,4,"['cat', 'automobile', 'frog', 'airplane']",automobile
3031,5,"['frog', 'ship', 'airplane', 'automobile']",ship
3032,9,"['dog', 'frog', 'cat', 'airplane']",airplane
3033,6,"['automobile', 'horse', 'ship', 'airplane']",airplane
3034,1,"['bird', 'dog', 'frog', 'cat', 'airplane']",airplane
3035,7,"['automobile', 'cat', 'airplane', 'frog']",cat
3036,4,"['cat', 'automobile', 'frog', 'airplane']",automobile
3037,2,"['ship', 'cat', 'automobile', 'airplane']",cat
3038,8,"['horse', 'airplane', 'cat', 'frog']",horse
3039,8,"['horse', 'airplane', 'cat', 'frog']",horse
3040,5,"['frog', 'ship', 'airplane', 'automobile']",ship
3041,6,"['automobile', 'horse', 'ship', 'airplane']",airplane
3042,0,"['horse', 'deer', 'frog', 'cat']",horse
3043,3,"['frog', 'ship', 'automobile', 'airplane']",ship
3044,4,"['cat', 'automobile', 'frog', 'airplane']",automobile
3045,9,"['dog', 'frog', 'cat', 'airplane']",dog
3046,4,"['cat', 'automobile', 'frog', 'airplane']",airplane
3047,5,"['frog', 'ship', 'airplane', 'automobile']",ship
3048,6,"['automobile', 'horse', 'ship', 'airplane']",airplane
3049,0,"['horse', 'deer', 'frog', 'cat']",horse
3050,7,"['automobile', 'cat', 'airplane', 'frog']",cat
3051,0,"['horse', 'deer', 'frog', 'cat']",horse
3052,3,"['frog', 'ship', 'automobile', 'airplane']",ship
3053,0,"['horse', 'deer', 'frog', 'cat']",horse
3054,7,"['automobile', 'cat', 'airplane', 'frog']",cat
3055,5,"['frog', 'ship', 'airplane', 'automobile']",ship
3056,8,"['horse', 'airplane', 'cat', 'frog']",horse
3057,3,"['frog', 'ship', 'automobile', 'airplane']",ship
3058,8,"['horse', 'airplane', 'cat', 'frog']",horse
3059,1,"['bird', 'dog', 'frog', 'cat', 'airplane']",airplane
3060,5,"['frog', 'ship', 'airplane', 'automobile']",ship
3061,9,"['dog', 'frog', 'cat', 'airplane']",airplane
3062,1,"['bird', 'dog', 'frog', 'cat', 'airplane']",airplane
3063,0,"['horse', 'deer', 'frog', 'cat']",horse
3064,1,"['bird', 'dog', 'frog', 'cat', 'airplane']",airplane
3065,8,"['horse', 'airplane', 'cat', 'frog']",horse
3066,0,"['horse', 'deer', 'frog', 'cat']",horse
3067,8,"['horse', 'airplane', 'cat', 'frog']",horse
3068,2,"['ship', 'cat', 'automobile', 'airplane']",ship
3069,5,"['frog', 'ship', 'airplane', 'automobile']",ship
3070,6,"['automobile', 'horse', 'ship', 'airplane']",ship
3071,7,"['automobile', 'cat', 'airplane', 'frog']",cat
3072,1,"['bird', 'dog', 'frog', 'cat', 'airplane']",airplane
3073,0,"['horse', 'deer', 'frog', 'cat']",horse
3074,2,"['ship', 'cat', 'automobile', 'airplane']",cat
3075,9,"['dog', 'frog', 'cat', 'airplane']",dog
3076,0,"['horse', 'deer', 'frog', 'cat']",horse
3077,4,"['cat', 'automobile', 'frog', 'airplane']",automobile
3078,1,"['bird', 'dog', 'frog', 'cat', 'airplane']",airplane
3079,9,"['dog', 'frog', 'cat', 'airplane']",dog
3080,5,"['frog', 'ship', 'airplane', 'automobile']",ship
3081,3,"['frog', 'ship', 'automobile', 'airplane']",ship
3082,5,"['frog', 'ship', 'airplane', 'automobile']",ship
3083,7,"['automobile', 'cat', 'airplane', 'frog']",airplane
3084,3,"['frog', 'ship', 'automobile', 'airplane']",ship
3085,1,"['bird', 'dog', 'frog', 'cat', 'airplane']",airplane
3086,9,"['dog', 'frog', 'cat', 'airplane']",dog
3087,3,"['frog', 'ship', 'automobile', 'airplane']",ship
3088,9,"['dog', 'frog', 'cat', 'airplane']",dog
3089,4,"['cat', 'automobile', 'frog', 'airplane']",automobile
3090,9,"['dog', 'frog', 'cat', 'airplane']",airplane
3091,6,"['automobile', 'horse', 'ship', 'airplane']",airplane
3092,0,"['horse', 'deer', 'frog', 'cat']",horse
3093,8,"['horse', 'airplane', 'cat', 'frog']",horse
3094,8,"['horse', 'airplane', 'cat', 'frog']",horse
3095,6,"['automobile', 'horse', 'ship', 'airplane']",airplane
3096,6,"['automobile', 'horse', 'ship', 'airplane']",airplane
3097,9,"['dog', 'frog', 'cat', 'airplane']",dog
3098,6,"['automobile', 'horse', 'ship', 'airplane']",airplane
3099,9,"['dog', 'frog', 'cat', 'airplane']",airplane
3100,3,"['frog', 'ship', 'automobile', 'airplane']",ship
3101,2,"['ship', 'cat', 'automobile', 'airplane']",cat
3102,0,"['horse', 'deer', 'frog', 'cat']",horse
3103,1,"['bird', 'dog', 'frog', 'cat', 'airplane']",airplane
3104,7,"['automobile', 'cat', 'airplane', 'frog']",frog
3105,3,"['frog', 'ship', 'automobile', 'airplane']",ship
3106,6,"['automobile', 'horse', 'ship', 'airplane']",airplane
3107,5,"['frog', 'ship', 'airplane', 'automobile']",ship
3108,3,"['frog', 'ship', 'automobile', 'airplane']",ship
3109,3,"['frog', 'ship', 'automobile', 'airplane']",ship
3110,3,"['frog', 'ship', 'automobile', 'airplane']",ship
3111,6,"['automobile', 'horse', 'ship', 'airplane']",airplane
3112,4,"['cat', 'automobile', 'frog', 'airplane']",automobile
3113,0,"['horse', 'deer', 'frog', 'cat']",horse
3114,0,"['horse', 'deer', 'frog', 'cat']",horse
3115,8,"['horse', 'airplane', 'cat', 'frog']",horse
3116,4,"['cat', 'automobile', 'frog', 'airplane']",automobile
3117,2,"['ship', 'cat', 'automobile', 'airplane']",ship
3118,2,"['ship', 'cat', 'automobile', 'airplane']",cat
3119,2,"['ship', 'cat', 'automobile', 'airplane']",automobile
3120,1,"['bird', 'dog', 'frog', 'cat', 'airplane']",airplane
3121,8,"['horse', 'airplane', 'cat', 'frog']",horse
3122,6,"['automobile', 'horse', 'ship', 'airplane']",airplane
3123,8,"['horse', 'airplane', 'cat', 'frog']",horse
3124,5,"['frog', 'ship', 'airplane', 'automobile']",ship
3125,3,"['frog', 'ship', 'automobile', 'airplane']",ship
3126,9,"['dog', 'frog', 'cat', 'airplane']",airplane
3127,9,"['dog', 'frog', 'cat', 'airplane']",airplane
3128,0,"['horse', 'deer', 'frog', 'cat']",horse
3129,9,"['dog', 'frog', 'cat', 'airplane']",airplane
3130,8,"['horse', 'airplane', 'cat', 'frog']",horse
3131,1,"['bird', 'dog', 'frog', 'cat', 'airplane']",airplane
3132,5,"['frog', 'ship', 'airplane', 'automobile']",ship
3133,4,"['cat', 'automobile', 'frog', 'airplane']",frog
3134,3,"['frog', 'ship', 'automobile', 'airplane']",ship
3135,7,"['automobile', 'cat', 'airplane', 'frog']",cat
3136,0,"['horse', 'deer', 'frog', 'cat']",horse
3137,9,"['dog', 'frog', 'cat', 'airplane']",dog
3138,7,"['automobile', 'cat', 'airplane', 'frog']",cat
3139,6,"['automobile', 'horse', 'ship', 'airplane']",airplane
3140,0,"['horse', 'deer', 'frog', 'cat']",horse
3141,4,"['cat', 'automobile', 'frog', 'airplane']",automobile
3142,1,"['bird', 'dog', 'frog', 'cat', 'airplane']",airplane
3143,9,"['dog', 'frog', 'cat', 'airplane']",airplane
3144,8,"['horse', 'airplane', 'cat', 'frog']",horse
3145,4,"['cat', 'automobile', 'frog', 'airplane']",automobile
3146,7,"['automobile', 'cat', 'airplane', 'frog']",airplane
3147,7,"['automobile', 'cat', 'airplane', 'frog']",cat
3148,5,"['frog', 'ship', 'airplane', 'automobile']",ship
3149,9,"['dog', 'frog', 'cat', 'airplane']",airplane
3150,7,"['automobile', 'cat', 'airplane', 'frog']",cat
3151,7,"['automobile', 'cat', 'airplane', 'frog']",airplane
3152,5,"['frog', 'ship', 'airplane', 'automobile']",ship
3153,5,"['frog', 'ship', 'airplane', 'automobile']",ship
3154,6,"['automobile', 'horse', 'ship', 'airplane']",airplane
3155,8,"['horse', 'airplane', 'cat', 'frog']",horse
3156,5,"['frog', 'ship', 'airplane', 'automobile']",ship
3157,7,"['automobile', 'cat', 'airplane', 'frog']",cat
3158,5,"['frog', 'ship', 'airplane', 'automobile']",ship
3159,8,"['horse', 'airplane', 'cat', 'frog']",horse
3160,8,"['horse', 'airplane', 'cat', 'frog']",horse
3161,2,"['ship', 'cat', 'automobile', 'airplane']",cat
3162,5,"['frog', 'ship', 'airplane', 'automobile']",ship
3163,5,"['frog', 'ship', 'airplane', 'automobile']",ship
3164,2,"['ship', 'cat', 'automobile', 'airplane']",automobile
3165,8,"['horse', 'airplane', 'cat', 'frog']",horse
3166,4,"['cat', 'automobile', 'frog', 'airplane']",automobile
3167,5,"['frog', 'ship', 'airplane', 'automobile']",ship
3168,6,"['automobile', 'horse', 'ship', 'airplane']",airplane
3169,8,"['horse', 'airplane', 'cat', 'frog']",horse
3170,8,"['horse', 'airplane', 'cat', 'frog']",horse
3171,5,"['frog', 'ship', 'airplane', 'automobile']",ship
3172,3,"['frog', 'ship', 'automobile', 'airplane']",ship
3173,5,"['frog', 'ship', 'airplane', 'automobile']",ship
3174,5,"['frog', 'ship', 'airplane', 'automobile']",ship
3175,9,"['dog', 'frog', 'cat', 'airplane']",airplane
3176,4,"['cat', 'automobile', 'frog', 'airplane']",automobile
3177,3,"['frog', 'ship', 'automobile', 'airplane']",ship
3178,3,"['frog', 'ship', 'automobile', 'airplane']",ship
3179,9,"['dog', 'frog', 'cat', 'airplane']",airplane
3180,0,"['horse', 'deer', 'frog', 'cat']",horse
3181,2,"['ship', 'cat', 'automobile', 'airplane']",automobile
3182,4,"['cat', 'automobile', 'frog', 'airplane']",automobile
3183,1,"['bird', 'dog', 'frog', 'cat', 'airplane']",airplane
3184,0,"['horse', 'deer', 'frog', 'cat']",horse
3185,2,"['ship', 'cat', 'automobile', 'airplane']",cat
3186,7,"['automobile', 'cat', 'airplane', 'frog']",cat
3187,5,"['frog', 'ship', 'airplane', 'automobile']",ship
3188,3,"['frog', 'ship', 'automobile', 'airplane']",ship
3189,4,"['cat', 'automobile', 'frog', 'airplane']",automobile
3190,3,"['frog', 'ship', 'automobile', 'airplane']",ship
3191,7,"['automobile', 'cat', 'airplane', 'frog']",airplane
3192,6,"['automobile', 'horse', 'ship', 'airplane']",airplane
3193,2,"['ship', 'cat', 'automobile', 'airplane']",automobile
3194,3,"['frog', 'ship', 'automobile', 'airplane']",ship
3195,5,"['frog', 'ship', 'airplane', 'automobile']",ship
3196,2,"['ship', 'cat', 'automobile', 'airplane']",automobile
3197,0,"['horse', 'deer', 'frog', 'cat']",horse
3198,5,"['frog', 'ship', 'airplane', 'automobile']",ship
3199,9,"['dog', 'frog', 'cat', 'airplane']",dog
3200,6,"['automobile', 'horse', 'ship', 'airplane']",airplane
3201,3,"['frog', 'ship', 'automobile', 'airplane']",ship
3202,9,"['dog', 'frog', 'cat', 'airplane']",airplane
3203,6,"['automobile', 'horse', 'ship', 'airplane']",airplane
3204,0,"['horse', 'deer', 'frog', 'cat']",horse
3205,2,"['ship', 'cat', 'automobile', 'airplane']",cat
3206,5,"['frog', 'ship', 'airplane', 'automobile']",ship
3207,6,"['automobile', 'horse', 'ship', 'airplane']",airplane
3208,7,"['automobile', 'cat', 'airplane', 'frog']",cat
3209,7,"['automobile', 'cat', 'airplane', 'frog']",cat
3210,2,"['ship', 'cat', 'automobile', 'airplane']",cat
3211,0,"['horse', 'deer', 'frog', 'cat']",horse
3212,1,"['bird', 'dog', 'frog', 'cat', 'airplane']",airplane
3213,7,"['automobile', 'cat', 'airplane', 'frog']",airplane
3214,0,"['horse', 'deer', 'frog', 'cat']",horse
3215,8,"['horse', 'airplane', 'cat', 'frog']",horse
3216,9,"['dog', 'frog', 'cat', 'airplane']",airplane
3217,4,"['cat', 'automobile', 'frog', 'airplane']",automobile
3218,3,"['frog', 'ship', 'automobile', 'airplane']",ship
3219,4,"['cat', 'automobile', 'frog', 'airplane']",airplane
3220,3,"['frog', 'ship', 'automobile', 'airplane']",ship
3221,5,"['frog', 'ship', 'airplane', 'automobile']",ship
3222,3,"['frog', 'ship', 'automobile', 'airplane']",ship
3223,6,"['automobile', 'horse', 'ship', 'airplane']",airplane
3224,0,"['horse', 'deer', 'frog', 'cat']",horse
3225,4,"['cat', 'automobile', 'frog', 'airplane']",automobile
3226,2,"['ship', 'cat', 'automobile', 'airplane']",cat
3227,6,"['automobile', 'horse', 'ship', 'airplane']",airplane
3228,9,"['dog', 'frog', 'cat', 'airplane']",dog
3229,5,"['frog', 'ship', 'airplane', 'automobile']",ship
3230,1,"['bird', 'dog', 'frog', 'cat', 'airplane']",airplane
3231,1,"['bird', 'dog', 'frog', 'cat', 'airplane']",airplane
3232,9,"['dog', 'frog', 'cat', 'airplane']",airplane
3233,1,"['bird', 'dog', 'frog', 'cat', 'airplane']",airplane
3234,9,"['dog', 'frog', 'cat', 'airplane']",airplane
3235,2,"['ship', 'cat', 'automobile', 'airplane']",automobile
3236,4,"['cat', 'automobile', 'frog', 'airplane']",frog
3237,9,"['dog', 'frog', 'cat', 'airplane']",dog
3238,1,"['bird', 'dog', 'frog', 'cat', 'airplane']",airplane
3239,9,"['dog', 'frog', 'cat', 'airplane']",airplane
3240,8,"['horse', 'airplane', 'cat', 'frog']",horse
3241,6,"['automobile', 'horse', 'ship', 'airplane']",automobile
3242,3,"['frog', 'ship', 'automobile', 'airplane']",ship
3243,6,"['automobile', 'horse', 'ship', 'airplane']",airplane
3244,8,"['horse', 'airplane', 'cat', 'frog']",horse
3245,2,"['ship', 'cat', 'automobile', 'airplane']",automobile
3246,0,"['horse', 'deer', 'frog', 'cat']",horse
3247,9,"['dog', 'frog', 'cat', 'airplane']",dog
3248,3,"['frog', 'ship', 'automobile', 'airplane']",ship
3249,5,"['frog', 'ship', 'airplane', 'automobile']",ship
3250,8,"['horse', 'airplane', 'cat', 'frog']",horse
3251,7,"['automobile', 'cat', 'airplane', 'frog']",airplane
3252,4,"['cat', 'automobile', 'frog', 'airplane']",automobile
3253,2,"['ship', 'cat', 'automobile', 'airplane']",cat
3254,2,"['ship', 'cat', 'automobile', 'airplane']",cat
3255,7,"['automobile', 'cat', 'airplane', 'frog']",airplane
3256,9,"['dog', 'frog', 'cat', 'airplane']",dog
3257,1,"['bird', 'dog', 'frog', 'cat', 'airplane']",airplane
3258,8,"['horse', 'airplane', 'cat', 'frog']",horse
3259,2,"['ship', 'cat', 'automobile', 'airplane']",cat
3260,4,"['cat', 'automobile', 'frog', 'airplane']",automobile
3261,7,"['automobile', 'cat', 'airplane', 'frog']",cat
3262,6,"['automobile', 'horse', 'ship', 'airplane']",airplane
3263,0,"['horse', 'deer', 'frog', 'cat']",horse
3264,5,"['frog', 'ship', 'airplane', 'automobile']",ship
3265,5,"['frog', 'ship', 'airplane', 'automobile']",ship
3266,6,"['automobile', 'horse', 'ship', 'airplane']",airplane
3267,9,"['dog', 'frog', 'cat', 'airplane']",dog
3268,8,"['horse', 'airplane', 'cat', 'frog']",horse
3269,8,"['horse', 'airplane', 'cat', 'frog']",horse
3270,5,"['frog', 'ship', 'airplane', 'automobile']",ship
3271,5,"['frog', 'ship', 'airplane', 'automobile']",ship
3272,7,"['automobile', 'cat', 'airplane', 'frog']",cat
3273,1,"['bird', 'dog', 'frog', 'cat', 'airplane']",airplane
3274,2,"['ship', 'cat', 'automobile', 'airplane']",cat
3275,7,"['automobile', 'cat', 'airplane', 'frog']",cat
3276,9,"['dog', 'frog', 'cat', 'airplane']",dog
3277,0,"['horse', 'deer', 'frog', 'cat']",horse
3278,5,"['frog', 'ship', 'airplane', 'automobile']",ship
3279,7,"['automobile', 'cat', 'airplane', 'frog']",airplane
3280,5,"['frog', 'ship', 'airplane', 'automobile']",ship
3281,2,"['ship', 'cat', 'automobile', 'airplane']",cat
3282,5,"['frog', 'ship', 'airplane', 'automobile']",ship
3283,4,"['cat', 'automobile', 'frog', 'airplane']",automobile
3284,7,"['automobile', 'cat', 'airplane', 'frog']",cat
3285,1,"['bird', 'dog', 'frog', 'cat', 'airplane']",airplane
3286,3,"['frog', 'ship', 'automobile', 'airplane']",frog
3287,3,"['frog', 'ship', 'automobile', 'airplane']",ship
3288,4,"['cat', 'automobile', 'frog', 'airplane']",automobile
3289,3,"['frog', 'ship', 'automobile', 'airplane']",ship
3290,6,"['automobile', 'horse', 'ship', 'airplane']",automobile
3291,2,"['ship', 'cat', 'automobile', 'airplane']",cat
3292,0,"['horse', 'deer', 'frog', 'cat']",horse
3293,5,"['frog', 'ship', 'airplane', 'automobile']",ship
3294,8,"['horse', 'airplane', 'cat', 'frog']",horse
3295,0,"['horse', 'deer', 'frog', 'cat']",horse
3296,4,"['cat', 'automobile', 'frog', 'airplane']",automobile
3297,2,"['ship', 'cat', 'automobile', 'airplane']",cat
3298,9,"['dog', 'frog', 'cat', 'airplane']",airplane
3299,2,"['ship', 'cat', 'automobile', 'airplane']",cat
3300,4,"['cat', 'automobile', 'frog', 'airplane']",automobile
3301,2,"['ship', 'cat', 'automobile', 'airplane']",cat
3302,3,"['frog', 'ship', 'automobile', 'airplane']",ship
3303,8,"['horse', 'airplane', 'cat', 'frog']",horse
3304,0,"['horse', 'deer', 'frog', 'cat']",horse
3305,8,"['horse', 'airplane', 'cat', 'frog']",horse
3306,4,"['cat', 'automobile', 'frog', 'airplane']",automobile
3307,6,"['automobile', 'horse', 'ship', 'airplane']",airplane
3308,4,"['cat', 'automobile', 'frog', 'airplane']",automobile
3309,2,"['ship', 'cat', 'automobile', 'airplane']",cat
3310,8,"['horse', 'airplane', 'cat', 'frog']",horse
3311,6,"['automobile', 'horse', 'ship', 'airplane']",horse
3312,9,"['dog', 'frog', 'cat', 'airplane']",airplane
3313,8,"['horse', 'airplane', 'cat', 'frog']",horse
3314,4,"['cat', 'automobile', 'frog', 'airplane']",automobile
3315,1,"['bird', 'dog', 'frog', 'cat', 'airplane']",airplane
3316,9,"['dog', 'frog', 'cat', 'airplane']",airplane
3317,7,"['automobile', 'cat', 'airplane', 'frog']",cat
3318,0,"['horse', 'deer', 'frog', 'cat']",horse
3319,8,"['horse', 'airplane', 'cat', 'frog']",horse
3320,3,"['frog', 'ship', 'automobile', 'airplane']",ship
3321,2,"['ship', 'cat', 'automobile', 'airplane']",automobile
3322,4,"['cat', 'automobile', 'frog', 'airplane']",automobile
3323,6,"['automobile', 'horse', 'ship', 'airplane']",airplane
3324,8,"['horse', 'airplane', 'cat', 'frog']",horse
3325,2,"['ship', 'cat', 'automobile', 'airplane']",cat
3326,4,"['cat', 'automobile', 'frog', 'airplane']",automobile
3327,1,"['bird', 'dog', 'frog', 'cat', 'airplane']",airplane
3328,3,"['frog', 'ship', 'automobile', 'airplane']",ship
3329,0,"['horse', 'deer', 'frog', 'cat']",horse
3330,8,"['horse', 'airplane', 'cat', 'frog']",horse
3331,2,"['ship', 'cat', 'automobile', 'airplane']",cat
3332,0,"['horse', 'deer', 'frog', 'cat']",horse
3333,8,"['horse', 'airplane', 'cat', 'frog']",horse
3334,0,"['horse', 'deer', 'frog', 'cat']",horse
3335,0,"['horse', 'deer', 'frog', 'cat']",horse
3336,0,"['horse', 'deer', 'frog', 'cat']",horse
3337,0,"['horse', 'deer', 'frog', 'cat']",horse
3338,2,"['ship', 'cat', 'automobile', 'airplane']",automobile
3339,2,"['ship', 'cat', 'automobile', 'airplane']",cat
3340,3,"['frog', 'ship', 'automobile', 'airplane']",ship
3341,6,"['automobile', 'horse', 'ship', 'airplane']",automobile
3342,9,"['dog', 'frog', 'cat', 'airplane']",airplane
3343,7,"['automobile', 'cat', 'airplane', 'frog']",airplane
3344,0,"['horse', 'deer', 'frog', 'cat']",horse
3345,9,"['dog', 'frog', 'cat', 'airplane']",dog
3346,1,"['bird', 'dog', 'frog', 'cat', 'airplane']",airplane
3347,0,"['horse', 'deer', 'frog', 'cat']",horse
3348,7,"['automobile', 'cat', 'airplane', 'frog']",airplane
3349,2,"['ship', 'cat', 'automobile', 'airplane']",automobile
3350,8,"['horse', 'airplane', 'cat', 'frog']",horse
3351,3,"['frog', 'ship', 'automobile', 'airplane']",ship
3352,0,"['horse', 'deer', 'frog', 'cat']",horse
3353,8,"['horse', 'airplane', 'cat', 'frog']",horse
3354,4,"['cat', 'automobile', 'frog', 'airplane']",airplane
3355,3,"['frog', 'ship', 'automobile', 'airplane']",ship
3356,5,"['frog', 'ship', 'airplane', 'automobile']",ship
3357,8,"['horse', 'airplane', 'cat', 'frog']",horse
3358,7,"['automobile', 'cat', 'airplane', 'frog']",cat
3359,8,"['horse', 'airplane', 'cat', 'frog']",horse
3360,4,"['cat', 'automobile', 'frog', 'airplane']",automobile
3361,0,"['horse', 'deer', 'frog', 'cat']",horse
3362,0,"['horse', 'deer', 'frog', 'cat']",horse
3363,9,"['dog', 'frog', 'cat', 'airplane']",airplane
3364,7,"['automobile', 'cat', 'airplane', 'frog']",cat
3365,3,"['frog', 'ship', 'automobile', 'airplane']",ship
3366,1,"['bird', 'dog', 'frog', 'cat', 'airplane']",airplane
3367,5,"['frog', 'ship', 'airplane', 'automobile']",ship
3368,2,"['ship', 'cat', 'automobile', 'airplane']",automobile
3369,6,"['automobile', 'horse', 'ship', 'airplane']",airplane
3370,5,"['frog', 'ship', 'airplane', 'automobile']",ship
3371,3,"['frog', 'ship', 'automobile', 'airplane']",ship
3372,2,"['ship', 'cat', 'automobile', 'airplane']",ship
3373,3,"['frog', 'ship', 'automobile', 'airplane']",ship
3374,7,"['automobile', 'cat', 'airplane', 'frog']",cat
3375,0,"['horse', 'deer', 'frog', 'cat']",horse
3376,3,"['frog', 'ship', 'automobile', 'airplane']",ship
3377,4,"['cat', 'automobile', 'frog', 'airplane']",automobile
3378,1,"['bird', 'dog', 'frog', 'cat', 'airplane']",airplane
3379,1,"['bird', 'dog', 'frog', 'cat', 'airplane']",airplane
3380,8,"['horse', 'airplane', 'cat', 'frog']",horse
3381,9,"['dog', 'frog', 'cat', 'airplane']",airplane
3382,0,"['horse', 'deer', 'frog', 'cat']",horse
3383,4,"['cat', 'automobile', 'frog', 'airplane']",automobile
3384,8,"['horse', 'airplane', 'cat', 'frog']",horse
3385,3,"['frog', 'ship', 'automobile', 'airplane']",ship
3386,1,"['bird', 'dog', 'frog', 'cat', 'airplane']",airplane
3387,1,"['bird', 'dog', 'frog', 'cat', 'airplane']",airplane
3388,5,"['frog', 'ship', 'airplane', 'automobile']",ship
3389,7,"['automobile', 'cat', 'airplane', 'frog']",frog
3390,2,"['ship', 'cat', 'automobile', 'airplane']",automobile
3391,3,"['frog', 'ship', 'automobile', 'airplane']",ship
3392,9,"['dog', 'frog', 'cat', 'airplane']",dog
3393,4,"['cat', 'automobile', 'frog', 'airplane']",automobile
3394,5,"['frog', 'ship', 'airplane', 'automobile']",ship
3395,2,"['ship', 'cat', 'automobile', 'airplane']",cat
3396,5,"['frog', 'ship', 'airplane', 'automobile']",ship
3397,4,"['cat', 'automobile', 'frog', 'airplane']",automobile
3398,7,"['automobile', 'cat', 'airplane', 'frog']",cat
3399,1,"['bird', 'dog', 'frog', 'cat', 'airplane']",airplane
3400,7,"['automobile', 'cat', 'airplane', 'frog']",cat
3401,6,"['automobile', 'horse', 'ship', 'airplane']",airplane
3402,2,"['ship', 'cat', 'automobile', 'airplane']",cat
3403,6,"['automobile', 'horse', 'ship', 'airplane']",ship
3404,1,"['bird', 'dog', 'frog', 'cat', 'airplane']",airplane
3405,8,"['horse', 'airplane', 'cat', 'frog']",horse
3406,8,"['horse', 'airplane', 'cat', 'frog']",airplane
3407,9,"['dog', 'frog', 'cat', 'airplane']",dog
3408,4,"['cat', 'automobile', 'frog', 'airplane']",automobile
3409,9,"['dog', 'frog', 'cat', 'airplane']",airplane
3410,5,"['frog', 'ship', 'airplane', 'automobile']",ship
3411,6,"['automobile', 'horse', 'ship', 'airplane']",airplane
3412,6,"['automobile', 'horse', 'ship', 'airplane']",airplane
3413,7,"['automobile', 'cat', 'airplane', 'frog']",cat
3414,1,"['bird', 'dog', 'frog', 'cat', 'airplane']",airplane
3415,1,"['bird', 'dog', 'frog', 'cat', 'airplane']",airplane
3416,2,"['ship', 'cat', 'automobile', 'airplane']",cat
3417,2,"['ship', 'cat', 'automobile', 'airplane']",cat
3418,4,"['cat', 'automobile', 'frog', 'airplane']",automobile
3419,8,"['horse', 'airplane', 'cat', 'frog']",horse
3420,5,"['frog', 'ship', 'airplane', 'automobile']",ship
3421,5,"['frog', 'ship', 'airplane', 'automobile']",ship
3422,9,"['dog', 'frog', 'cat', 'airplane']",airplane
3423,2,"['ship', 'cat', 'automobile', 'airplane']",automobile
3424,9,"['dog', 'frog', 'cat', 'airplane']",airplane
3425,8,"['horse', 'airplane', 'cat', 'frog']",horse
3426,5,"['frog', 'ship', 'airplane', 'automobile']",ship
3427,7,"['automobile', 'cat', 'airplane', 'frog']",cat
3428,2,"['ship', 'cat', 'automobile', 'airplane']",cat
3429,3,"['frog', 'ship', 'automobile', 'airplane']",ship
3430,8,"['horse', 'airplane', 'cat', 'frog']",horse
3431,5,"['frog', 'ship', 'airplane', 'automobile']",ship
3432,7,"['automobile', 'cat', 'airplane', 'frog']",cat
3433,4,"['cat', 'automobile', 'frog', 'airplane']",automobile
3434,7,"['automobile', 'cat', 'airplane', 'frog']",airplane
3435,6,"['automobile', 'horse', 'ship', 'airplane']",ship
3436,2,"['ship', 'cat', 'automobile', 'airplane']",cat
3437,6,"['automobile', 'horse', 'ship', 'airplane']",airplane
3438,0,"['horse', 'deer', 'frog', 'cat']",horse
3439,6,"['automobile', 'horse', 'ship', 'airplane']",ship
3440,2,"['ship', 'cat', 'automobile', 'airplane']",cat
3441,0,"['horse', 'deer', 'frog', 'cat']",horse
3442,4,"['cat', 'automobile', 'frog', 'airplane']",automobile
3443,0,"['horse', 'deer', 'frog', 'cat']",horse
3444,1,"['bird', 'dog', 'frog', 'cat', 'airplane']",airplane
3445,4,"['cat', 'automobile', 'frog', 'airplane']",automobile
3446,2,"['ship', 'cat', 'automobile', 'airplane']",ship
3447,3,"['frog', 'ship', 'automobile', 'airplane']",ship
3448,5,"['frog', 'ship', 'airplane', 'automobile']",ship
3449,8,"['horse', 'airplane', 'cat', 'frog']",horse
3450,7,"['automobile', 'cat', 'airplane', 'frog']",frog
3451,5,"['frog', 'ship', 'airplane', 'automobile']",ship
3452,1,"['bird', 'dog', 'frog', 'cat', 'airplane']",airplane
3453,5,"['frog', 'ship', 'airplane', 'automobile']",ship
3454,2,"['ship', 'cat', 'automobile', 'airplane']",cat
3455,2,"['ship', 'cat', 'automobile', 'airplane']",ship
3456,5,"['frog', 'ship', 'airplane', 'automobile']",ship
3457,3,"['frog', 'ship', 'automobile', 'airplane']",ship
3458,6,"['automobile', 'horse', 'ship', 'airplane']",airplane
3459,5,"['frog', 'ship', 'airplane', 'automobile']",ship
3460,4,"['cat', 'automobile', 'frog', 'airplane']",automobile
3461,3,"['frog', 'ship', 'automobile', 'airplane']",ship
3462,2,"['ship', 'cat', 'automobile', 'airplane']",automobile
3463,9,"['dog', 'frog', 'cat', 'airplane']",airplane
3464,4,"['cat', 'automobile', 'frog', 'airplane']",automobile
3465,4,"['cat', 'automobile', 'frog', 'airplane']",automobile
3466,0,"['horse', 'deer', 'frog', 'cat']",horse
3467,1,"['bird', 'dog', 'frog', 'cat', 'airplane']",airplane
3468,8,"['horse', 'airplane', 'cat', 'frog']",horse
3469,8,"['horse', 'airplane', 'cat', 'frog']",horse
3470,6,"['automobile', 'horse', 'ship', 'airplane']",airplane
3471,5,"['frog', 'ship', 'airplane', 'automobile']",ship
3472,3,"['frog', 'ship', 'automobile', 'airplane']",ship
3473,7,"['automobile', 'cat', 'airplane', 'frog']",airplane
3474,2,"['ship', 'cat', 'automobile', 'airplane']",cat
3475,3,"['frog', 'ship', 'automobile', 'airplane']",ship
3476,2,"['ship', 'cat', 'automobile', 'airplane']",cat
3477,9,"['dog', 'frog', 'cat', 'airplane']",airplane
3478,0,"['horse', 'deer', 'frog', 'cat']",horse
3479,9,"['dog', 'frog', 'cat', 'airplane']",dog
3480,2,"['ship', 'cat', 'automobile', 'airplane']",ship
3481,7,"['automobile', 'cat', 'airplane', 'frog']",frog
3482,8,"['horse', 'airplane', 'cat', 'frog']",horse
3483,1,"['bird', 'dog', 'frog', 'cat', 'airplane']",airplane
3484,2,"['ship', 'cat', 'automobile', 'airplane']",cat
3485,1,"['bird', 'dog', 'frog', 'cat', 'airplane']",airplane
3486,3,"['frog', 'ship', 'automobile', 'airplane']",ship
3487,7,"['automobile', 'cat', 'airplane', 'frog']",airplane
3488,2,"['ship', 'cat', 'automobile', 'airplane']",cat
3489,9,"['dog', 'frog', 'cat', 'airplane']",dog
3490,3,"['frog', 'ship', 'automobile', 'airplane']",ship
3491,5,"['frog', 'ship', 'airplane', 'automobile']",ship
3492,5,"['frog', 'ship', 'airplane', 'automobile']",ship
3493,8,"['horse', 'airplane', 'cat', 'frog']",horse
3494,4,"['cat', 'automobile', 'frog', 'airplane']",automobile
3495,5,"['frog', 'ship', 'airplane', 'automobile']",ship
3496,5,"['frog', 'ship', 'airplane', 'automobile']",ship
3497,8,"['horse', 'airplane', 'cat', 'frog']",horse
3498,5,"['frog', 'ship', 'airplane', 'automobile']",ship
3499,5,"['frog', 'ship', 'airplane', 'automobile']",ship
3500,6,"['automobile', 'horse', 'ship', 'airplane']",automobile
3501,9,"['dog', 'frog', 'cat', 'airplane']",airplane
3502,5,"['frog', 'ship', 'airplane', 'automobile']",ship
3503,8,"['horse', 'airplane', 'cat', 'frog']",horse
3504,6,"['automobile', 'horse', 'ship', 'airplane']",ship
3505,1,"['bird', 'dog', 'frog', 'cat', 'airplane']",airplane
3506,2,"['ship', 'cat', 'automobile', 'airplane']",automobile
3507,4,"['cat', 'automobile', 'frog', 'airplane']",automobile
3508,2,"['ship', 'cat', 'automobile', 'airplane']",automobile
3509,4,"['cat', 'automobile', 'frog', 'airplane']",automobile
3510,9,"['dog', 'frog', 'cat', 'airplane']",airplane
3511,2,"['ship', 'cat', 'automobile', 'airplane']",cat
3512,1,"['bird', 'dog', 'frog', 'cat', 'airplane']",airplane
3513,9,"['dog', 'frog', 'cat', 'airplane']",airplane
3514,3,"['frog', 'ship', 'automobile', 'airplane']",ship
3515,0,"['horse', 'deer', 'frog', 'cat']",horse
3516,8,"['horse', 'airplane', 'cat', 'frog']",horse
3517,2,"['ship', 'cat', 'automobile', 'airplane']",cat
3518,8,"['horse', 'airplane', 'cat', 'frog']",horse
3519,4,"['cat', 'automobile', 'frog', 'airplane']",automobile
3520,2,"['ship', 'cat', 'automobile', 'airplane']",cat
3521,6,"['automobile', 'horse', 'ship', 'airplane']",horse
3522,4,"['cat', 'automobile', 'frog', 'airplane']",automobile
3523,1,"['bird', 'dog', 'frog', 'cat', 'airplane']",airplane
3524,3,"['frog', 'ship', 'automobile', 'airplane']",ship
3525,6,"['automobile', 'horse', 'ship', 'airplane']",airplane
3526,9,"['dog', 'frog', 'cat', 'airplane']",dog
3527,4,"['cat', 'automobile', 'frog', 'airplane']",automobile
3528,6,"['automobile', 'horse', 'ship', 'airplane']",airplane
3529,8,"['horse', 'airplane', 'cat', 'frog']",horse
3530,6,"['automobile', 'horse', 'ship', 'airplane']",airplane
3531,9,"['dog', 'frog', 'cat', 'airplane']",airplane
3532,6,"['automobile', 'horse', 'ship', 'airplane']",airplane
3533,4,"['cat', 'automobile', 'frog', 'airplane']",automobile
3534,7,"['automobile', 'cat', 'airplane', 'frog']",cat
3535,2,"['ship', 'cat', 'automobile', 'airplane']",automobile
3536,0,"['horse', 'deer', 'frog', 'cat']",horse
3537,9,"['dog', 'frog', 'cat', 'airplane']",dog
3538,4,"['cat', 'automobile', 'frog', 'airplane']",automobile
3539,4,"['cat', 'automobile', 'frog', 'airplane']",automobile
3540,4,"['cat', 'automobile', 'frog', 'airplane']",automobile
3541,8,"['horse', 'airplane', 'cat', 'frog']",horse
3542,9,"['dog', 'frog', 'cat', 'airplane']",dog
3543,7,"['automobile', 'cat', 'airplane', 'frog']",cat
3544,7,"['automobile', 'cat', 'airplane', 'frog']",cat
3545,9,"['dog', 'frog', 'cat', 'airplane']",airplane
3546,3,"['frog', 'ship', 'automobile', 'airplane']",ship
3547,5,"['frog', 'ship', 'airplane', 'automobile']",ship
3548,0,"['horse', 'deer', 'frog', 'cat']",horse
3549,0,"['horse', 'deer', 'frog', 'cat']",horse
3550,3,"['frog', 'ship', 'automobile', 'airplane']",ship
3551,3,"['frog', 'ship', 'automobile', 'airplane']",ship
3552,3,"['frog', 'ship', 'automobile', 'airplane']",ship
3553,7,"['automobile', 'cat', 'airplane', 'frog']",cat
3554,6,"['automobile', 'horse', 'ship', 'airplane']",airplane
3555,1,"['bird', 'dog', 'frog', 'cat', 'airplane']",airplane
3556,4,"['cat', 'automobile', 'frog', 'airplane']",automobile
3557,5,"['frog', 'ship', 'airplane', 'automobile']",ship
3558,2,"['ship', 'cat', 'automobile', 'airplane']",cat
3559,4,"['cat', 'automobile', 'frog', 'airplane']",automobile
3560,4,"['cat', 'automobile', 'frog', 'airplane']",automobile
3561,8,"['horse', 'airplane', 'cat', 'frog']",airplane
3562,5,"['frog', 'ship', 'airplane', 'automobile']",ship
3563,6,"['automobile', 'horse', 'ship', 'airplane']",airplane
3564,0,"['horse', 'deer', 'frog', 'cat']",horse
3565,3,"['frog', 'ship', 'automobile', 'airplane']",ship
3566,4,"['cat', 'automobile', 'frog', 'airplane']",automobile
3567,6,"['automobile', 'horse', 'ship', 'airplane']",airplane
3568,3,"['frog', 'ship', 'automobile', 'airplane']",ship
3569,2,"['ship', 'cat', 'automobile', 'airplane']",cat
3570,0,"['horse', 'deer', 'frog', 'cat']",horse
3571,3,"['frog', 'ship', 'automobile', 'airplane']",ship
3572,5,"['frog', 'ship', 'airplane', 'automobile']",ship
3573,7,"['automobile', 'cat', 'airplane', 'frog']",airplane
3574,0,"['horse', 'deer', 'frog', 'cat']",horse
3575,3,"['frog', 'ship', 'automobile', 'airplane']",ship
3576,5,"['frog', 'ship', 'airplane', 'automobile']",ship
3577,4,"['cat', 'automobile', 'frog', 'airplane']",automobile
3578,7,"['automobile', 'cat', 'airplane', 'frog']",airplane
3579,8,"['horse', 'airplane', 'cat', 'frog']",horse
3580,5,"['frog', 'ship', 'airplane', 'automobile']",ship
3581,7,"['automobile', 'cat', 'airplane', 'frog']",airplane
3582,0,"['horse', 'deer', 'frog', 'cat']",horse
3583,2,"['ship', 'cat', 'automobile', 'airplane']",cat
3584,8,"['horse', 'airplane', 'cat', 'frog']",horse
3585,0,"['horse', 'deer', 'frog', 'cat']",horse
3586,2,"['ship', 'cat', 'automobile', 'airplane']",cat
3587,4,"['cat', 'automobile', 'frog', 'airplane']",airplane
3588,6,"['automobile', 'horse', 'ship', 'airplane']",airplane
3589,6,"['automobile', 'horse', 'ship', 'airplane']",airplane
3590,6,"['automobile', 'horse', 'ship', 'airplane']",airplane
3591,3,"['frog', 'ship', 'automobile', 'airplane']",ship
3592,7,"['automobile', 'cat', 'airplane', 'frog']",cat
3593,6,"['automobile', 'horse', 'ship', 'airplane']",airplane
3594,3,"['frog', 'ship', 'automobile', 'airplane']",ship
3595,5,"['frog', 'ship', 'airplane', 'automobile']",ship
3596,9,"['dog', 'frog', 'cat', 'airplane']",airplane
3597,9,"['dog', 'frog', 'cat', 'airplane']",airplane
3598,7,"['automobile', 'cat', 'airplane', 'frog']",airplane
3599,4,"['cat', 'automobile', 'frog', 'airplane']",automobile
3600,9,"['dog', 'frog', 'cat', 'airplane']",dog
3601,1,"['bird', 'dog', 'frog', 'cat', 'airplane']",airplane
3602,9,"['dog', 'frog', 'cat', 'airplane']",airplane
3603,6,"['automobile', 'horse', 'ship', 'airplane']",ship
3604,5,"['frog', 'ship', 'airplane', 'automobile']",ship
3605,1,"['bird', 'dog', 'frog', 'cat', 'airplane']",airplane
3606,7,"['automobile', 'cat', 'airplane', 'frog']",cat
3607,0,"['horse', 'deer', 'frog', 'cat']",horse
3608,2,"['ship', 'cat', 'automobile', 'airplane']",cat
3609,0,"['horse', 'deer', 'frog', 'cat']",horse
3610,2,"['ship', 'cat', 'automobile', 'airplane']",ship
3611,7,"['automobile', 'cat', 'airplane', 'frog']",cat
3612,4,"['cat', 'automobile', 'frog', 'airplane']",airplane
3613,9,"['dog', 'frog', 'cat', 'airplane']",airplane
3614,8,"['horse', 'airplane', 'cat', 'frog']",horse
3615,3,"['frog', 'ship', 'automobile', 'airplane']",ship
3616,5,"['frog', 'ship', 'airplane', 'automobile']",ship
3617,3,"['frog', 'ship', 'automobile', 'airplane']",ship
3618,0,"['horse', 'deer', 'frog', 'cat']",horse
3619,5,"['frog', 'ship', 'airplane', 'automobile']",ship
3620,1,"['bird', 'dog', 'frog', 'cat', 'airplane']",airplane
3621,6,"['automobile', 'horse', 'ship', 'airplane']",airplane
3622,7,"['automobile', 'cat', 'airplane', 'frog']",cat
3623,7,"['automobile', 'cat', 'airplane', 'frog']",cat
3624,8,"['horse', 'airplane', 'cat', 'frog']",horse
3625,8,"['horse', 'airplane', 'cat', 'frog']",horse
3626,2,"['ship', 'cat', 'automobile', 'airplane']",cat
3627,7,"['automobile', 'cat', 'airplane', 'frog']",cat
3628,9,"['dog', 'frog', 'cat', 'airplane']",dog
3629,2,"['ship', 'cat', 'automobile', 'airplane']",cat
3630,4,"['cat', 'automobile', 'frog', 'airplane']",automobile
3631,6,"['automobile', 'horse', 'ship', 'airplane']",airplane
3632,5,"['frog', 'ship', 'airplane', 'automobile']",ship
3633,9,"['dog', 'frog', 'cat', 'airplane']",dog
3634,8,"['horse', 'airplane', 'cat', 'frog']",horse
3635,4,"['cat', 'automobile', 'frog', 'airplane']",automobile
3636,6,"['automobile', 'horse', 'ship', 'airplane']",ship
3637,7,"['automobile', 'cat', 'airplane', 'frog']",cat
3638,8,"['horse', 'airplane', 'cat', 'frog']",horse
3639,2,"['ship', 'cat', 'automobile', 'airplane']",cat
3640,8,"['horse', 'airplane', 'cat', 'frog']",horse
3641,5,"['frog', 'ship', 'airplane', 'automobile']",ship
3642,8,"['horse', 'airplane', 'cat', 'frog']",horse
3643,9,"['dog', 'frog', 'cat', 'airplane']",dog
3644,0,"['horse', 'deer', 'frog', 'cat']",horse
3645,2,"['ship', 'cat', 'automobile', 'airplane']",automobile
3646,3,"['frog', 'ship', 'automobile', 'airplane']",ship
3647,0,"['horse', 'deer', 'frog', 'cat']",horse
3648,9,"['dog', 'frog', 'cat', 'airplane']",airplane
3649,7,"['automobile', 'cat', 'airplane', 'frog']",airplane
3650,3,"['frog', 'ship', 'automobile', 'airplane']",ship
3651,7,"['automobile', 'cat', 'airplane', 'frog']",cat
3652,9,"['dog', 'frog', 'cat', 'airplane']",dog
3653,5,"['frog', 'ship', 'airplane', 'automobile']",ship
3654,3,"['frog', 'ship', 'automobile', 'airplane']",ship
3655,6,"['automobile', 'horse', 'ship', 'airplane']",airplane
3656,6,"['automobile', 'horse', 'ship', 'airplane']",airplane
3657,9,"['dog', 'frog', 'cat', 'airplane']",airplane
3658,9,"['dog', 'frog', 'cat', 'airplane']",airplane
3659,1,"['bird', 'dog', 'frog', 'cat', 'airplane']",airplane
3660,5,"['frog', 'ship', 'airplane', 'automobile']",ship
3661,1,"['bird', 'dog', 'frog', 'cat', 'airplane']",airplane
3662,2,"['ship', 'cat', 'automobile', 'airplane']",cat
3663,2,"['ship', 'cat', 'automobile', 'airplane']",cat
3664,4,"['cat', 'automobile', 'frog', 'airplane']",automobile
3665,0,"['horse', 'deer', 'frog', 'cat']",horse
3666,9,"['dog', 'frog', 'cat', 'airplane']",dog
3667,5,"['frog', 'ship', 'airplane', 'automobile']",ship
3668,4,"['cat', 'automobile', 'frog', 'airplane']",automobile
3669,2,"['ship', 'cat', 'automobile', 'airplane']",cat
3670,8,"['horse', 'airplane', 'cat', 'frog']",horse
3671,9,"['dog', 'frog', 'cat', 'airplane']",dog
3672,9,"['dog', 'frog', 'cat', 'airplane']",airplane
3673,2,"['ship', 'cat', 'automobile', 'airplane']",cat
3674,0,"['horse', 'deer', 'frog', 'cat']",horse
3675,2,"['ship', 'cat', 'automobile', 'airplane']",cat
3676,6,"['automobile', 'horse', 'ship', 'airplane']",automobile
3677,9,"['dog', 'frog', 'cat', 'airplane']",dog
3678,1,"['bird', 'dog', 'frog', 'cat', 'airplane']",airplane
3679,3,"['frog', 'ship', 'automobile', 'airplane']",ship
3680,8,"['horse', 'airplane', 'cat', 'frog']",horse
3681,8,"['horse', 'airplane', 'cat', 'frog']",horse
3682,6,"['automobile', 'horse', 'ship', 'airplane']",airplane
3683,6,"['automobile', 'horse', 'ship', 'airplane']",airplane
3684,4,"['cat', 'automobile', 'frog', 'airplane']",automobile
3685,9,"['dog', 'frog', 'cat', 'airplane']",airplane
3686,6,"['automobile', 'horse', 'ship', 'airplane']",ship
3687,4,"['cat', 'automobile', 'frog', 'airplane']",automobile
3688,4,"['cat', 'automobile', 'frog', 'airplane']",automobile
3689,0,"['horse', 'deer', 'frog', 'cat']",horse
3690,4,"['cat', 'automobile', 'frog', 'airplane']",automobile
3691,9,"['dog', 'frog', 'cat', 'airplane']",airplane
3692,2,"['ship', 'cat', 'automobile', 'airplane']",cat
3693,2,"['ship', 'cat', 'automobile', 'airplane']",automobile
3694,0,"['horse', 'deer', 'frog', 'cat']",horse
3695,4,"['cat', 'automobile', 'frog', 'airplane']",automobile
3696,0,"['horse', 'deer', 'frog', 'cat']",horse
3697,9,"['dog', 'frog', 'cat', 'airplane']",dog
3698,6,"['automobile', 'horse', 'ship', 'airplane']",ship
3699,7,"['automobile', 'cat', 'airplane', 'frog']",cat
3700,9,"['dog', 'frog', 'cat', 'airplane']",airplane
3701,0,"['horse', 'deer', 'frog', 'cat']",horse
3702,9,"['dog', 'frog', 'cat', 'airplane']",airplane
3703,3,"['frog', 'ship', 'automobile', 'airplane']",ship
3704,9,"['dog', 'frog', 'cat', 'airplane']",airplane
3705,9,"['dog', 'frog', 'cat', 'airplane']",dog
3706,9,"['dog', 'frog', 'cat', 'airplane']",airplane
3707,6,"['automobile', 'horse', 'ship', 'airplane']",airplane
3708,2,"['ship', 'cat', 'automobile', 'airplane']",cat
3709,3,"['frog', 'ship', 'automobile', 'airplane']",ship
3710,6,"['automobile', 'horse', 'ship', 'airplane']",airplane
3711,7,"['automobile', 'cat', 'airplane', 'frog']",cat
3712,6,"['automobile', 'horse', 'ship', 'airplane']",airplane
3713,0,"['horse', 'deer', 'frog', 'cat']",horse
3714,5,"['frog', 'ship', 'airplane', 'automobile']",ship
3715,7,"['automobile', 'cat', 'airplane', 'frog']",frog
3716,6,"['automobile', 'horse', 'ship', 'airplane']",ship
3717,4,"['cat', 'automobile', 'frog', 'airplane']",automobile
3718,4,"['cat', 'automobile', 'frog', 'airplane']",automobile
3719,9,"['dog', 'frog', 'cat', 'airplane']",dog
3720,8,"['horse', 'airplane', 'cat', 'frog']",horse
3721,0,"['horse', 'deer', 'frog', 'cat']",horse
3722,9,"['dog', 'frog', 'cat', 'airplane']",airplane
3723,4,"['cat', 'automobile', 'frog', 'airplane']",automobile
3724,6,"['automobile', 'horse', 'ship', 'airplane']",airplane
3725,0,"['horse', 'deer', 'frog', 'cat']",horse
3726,7,"['automobile', 'cat', 'airplane', 'frog']",cat
3727,1,"['bird', 'dog', 'frog', 'cat', 'airplane']",airplane
3728,3,"['frog', 'ship', 'automobile', 'airplane']",ship
3729,6,"['automobile', 'horse', 'ship', 'airplane']",airplane
3730,6,"['automobile', 'horse', 'ship', 'airplane']",ship
3731,0,"['horse', 'deer', 'frog', 'cat']",horse
3732,4,"['cat', 'automobile', 'frog', 'airplane']",automobile
3733,7,"['automobile', 'cat', 'airplane', 'frog']",cat
3734,1,"['bird', 'dog', 'frog', 'cat', 'airplane']",airplane
3735,1,"['bird', 'dog', 'frog', 'cat', 'airplane']",airplane
3736,4,"['cat', 'automobile', 'frog', 'airplane']",automobile
3737,9,"['dog', 'frog', 'cat', 'airplane']",dog
3738,8,"['horse', 'airplane', 'cat', 'frog']",horse
3739,6,"['automobile', 'horse', 'ship', 'airplane']",airplane
3740,8,"['horse', 'airplane', 'cat', 'frog']",horse
3741,0,"['horse', 'deer', 'frog', 'cat']",horse
3742,6,"['automobile', 'horse', 'ship', 'airplane']",airplane
3743,1,"['bird', 'dog', 'frog', 'cat', 'airplane']",airplane
3744,1,"['bird', 'dog', 'frog', 'cat', 'airplane']",airplane
3745,8,"['horse', 'airplane', 'cat', 'frog']",horse
3746,5,"['frog', 'ship', 'airplane', 'automobile']",ship
3747,5,"['frog', 'ship', 'airplane', 'automobile']",ship
3748,5,"['frog', 'ship', 'airplane', 'automobile']",ship
3749,3,"['frog', 'ship', 'automobile', 'airplane']",ship
3750,4,"['cat', 'automobile', 'frog', 'airplane']",automobile
3751,5,"['frog', 'ship', 'airplane', 'automobile']",ship
3752,5,"['frog', 'ship', 'airplane', 'automobile']",ship
3753,8,"['horse', 'airplane', 'cat', 'frog']",horse
3754,6,"['automobile', 'horse', 'ship', 'airplane']",airplane
3755,9,"['dog', 'frog', 'cat', 'airplane']",airplane
3756,3,"['frog', 'ship', 'automobile', 'airplane']",ship
3757,4,"['cat', 'automobile', 'frog', 'airplane']",automobile
3758,3,"['frog', 'ship', 'automobile', 'airplane']",ship
3759,4,"['cat', 'automobile', 'frog', 'airplane']",automobile
3760,2,"['ship', 'cat', 'automobile', 'airplane']",automobile
3761,4,"['cat', 'automobile', 'frog', 'airplane']",automobile
3762,3,"['frog', 'ship', 'automobile', 'airplane']",ship
3763,3,"['frog', 'ship', 'automobile', 'airplane']",frog
3764,8,"['horse', 'airplane', 'cat', 'frog']",horse
3765,8,"['horse', 'airplane', 'cat', 'frog']",horse
3766,9,"['dog', 'frog', 'cat', 'airplane']",airplane
3767,5,"['frog', 'ship', 'airplane', 'automobile']",ship
3768,7,"['automobile', 'cat', 'airplane', 'frog']",cat
3769,2,"['ship', 'cat', 'automobile', 'airplane']",ship
3770,8,"['horse', 'airplane', 'cat', 'frog']",airplane
3771,2,"['ship', 'cat', 'automobile', 'airplane']",cat
3772,3,"['frog', 'ship', 'automobile', 'airplane']",ship
3773,1,"['bird', 'dog', 'frog', 'cat', 'airplane']",airplane
3774,9,"['dog', 'frog', 'cat', 'airplane']",dog
3775,6,"['automobile', 'horse', 'ship', 'airplane']",ship
3776,4,"['cat', 'automobile', 'frog', 'airplane']",automobile
3777,8,"['horse', 'airplane', 'cat', 'frog']",horse
3778,5,"['frog', 'ship', 'airplane', 'automobile']",ship
3779,1,"['bird', 'dog', 'frog', 'cat', 'airplane']",airplane
3780,6,"['automobile', 'horse', 'ship', 'airplane']",airplane
3781,1,"['bird', 'dog', 'frog', 'cat', 'airplane']",airplane
3782,7,"['automobile', 'cat', 'airplane', 'frog']",cat
3783,6,"['automobile', 'horse', 'ship', 'airplane']",ship
3784,4,"['cat', 'automobile', 'frog', 'airplane']",automobile
3785,3,"['frog', 'ship', 'automobile', 'airplane']",ship
3786,2,"['ship', 'cat', 'automobile', 'airplane']",cat
3787,3,"['frog', 'ship', 'automobile', 'airplane']",ship
3788,9,"['dog', 'frog', 'cat', 'airplane']",airplane
3789,0,"['horse', 'deer', 'frog', 'cat']",horse
3790,5,"['frog', 'ship', 'airplane', 'automobile']",ship
3791,2,"['ship', 'cat', 'automobile', 'airplane']",cat
3792,3,"['frog', 'ship', 'automobile', 'airplane']",ship
3793,9,"['dog', 'frog', 'cat', 'airplane']",airplane
3794,5,"['frog', 'ship', 'airplane', 'automobile']",ship
3795,3,"['frog', 'ship', 'automobile', 'airplane']",ship
3796,2,"['ship', 'cat', 'automobile', 'airplane']",cat
3797,4,"['cat', 'automobile', 'frog', 'airplane']",airplane
3798,4,"['cat', 'automobile', 'frog', 'airplane']",automobile
3799,5,"['frog', 'ship', 'airplane', 'automobile']",ship
3800,8,"['horse', 'airplane', 'cat', 'frog']",horse
3801,3,"['frog', 'ship', 'automobile', 'airplane']",ship
3802,4,"['cat', 'automobile', 'frog', 'airplane']",automobile
3803,5,"['frog', 'ship', 'airplane', 'automobile']",ship
3804,6,"['automobile', 'horse', 'ship', 'airplane']",airplane
3805,6,"['automobile', 'horse', 'ship', 'airplane']",airplane
3806,7,"['automobile', 'cat', 'airplane', 'frog']",cat
3807,3,"['frog', 'ship', 'automobile', 'airplane']",ship
3808,1,"['bird', 'dog', 'frog', 'cat', 'airplane']",airplane
3809,6,"['automobile', 'horse', 'ship', 'airplane']",horse
3810,5,"['frog', 'ship', 'airplane', 'automobile']",ship
3811,9,"['dog', 'frog', 'cat', 'airplane']",airplane
3812,8,"['horse', 'airplane', 'cat', 'frog']",horse
3813,3,"['frog', 'ship', 'automobile', 'airplane']",ship
3814,2,"['ship', 'cat', 'automobile', 'airplane']",cat
3815,0,"['horse', 'deer', 'frog', 'cat']",horse
3816,4,"['cat', 'automobile', 'frog', 'airplane']",automobile
3817,7,"['automobile', 'cat', 'airplane', 'frog']",cat
3818,3,"['frog', 'ship', 'automobile', 'airplane']",ship
3819,9,"['dog', 'frog', 'cat', 'airplane']",airplane
3820,9,"['dog', 'frog', 'cat', 'airplane']",airplane
3821,4,"['cat', 'automobile', 'frog', 'airplane']",automobile
3822,1,"['bird', 'dog', 'frog', 'cat', 'airplane']",airplane
3823,6,"['automobile', 'horse', 'ship', 'airplane']",automobile
3824,7,"['automobile', 'cat', 'airplane', 'frog']",airplane
3825,6,"['automobile', 'horse', 'ship', 'airplane']",airplane
3826,6,"['automobile', 'horse', 'ship', 'airplane']",horse
3827,1,"['bird', 'dog', 'frog', 'cat', 'airplane']",airplane
3828,5,"['frog', 'ship', 'airplane', 'automobile']",ship
3829,8,"['horse', 'airplane', 'cat', 'frog']",horse
3830,1,"['bird', 'dog', 'frog', 'cat', 'airplane']",airplane
3831,0,"['horse', 'deer', 'frog', 'cat']",horse
3832,8,"['horse', 'airplane', 'cat', 'frog']",horse
3833,6,"['automobile', 'horse', 'ship', 'airplane']",automobile
3834,3,"['frog', 'ship', 'automobile', 'airplane']",ship
3835,7,"['automobile', 'cat', 'airplane', 'frog']",airplane
3836,1,"['bird', 'dog', 'frog', 'cat', 'airplane']",airplane
3837,5,"['frog', 'ship', 'airplane', 'automobile']",ship
3838,9,"['dog', 'frog', 'cat', 'airplane']",dog
3839,4,"['cat', 'automobile', 'frog', 'airplane']",automobile
3840,1,"['bird', 'dog', 'frog', 'cat', 'airplane']",airplane
3841,6,"['automobile', 'horse', 'ship', 'airplane']",airplane
3842,0,"['horse', 'deer', 'frog', 'cat']",horse
3843,3,"['frog', 'ship', 'automobile', 'airplane']",ship
3844,7,"['automobile', 'cat', 'airplane', 'frog']",cat
3845,2,"['ship', 'cat', 'automobile', 'airplane']",cat
3846,9,"['dog', 'frog', 'cat', 'airplane']",dog
3847,2,"['ship', 'cat', 'automobile', 'airplane']",cat
3848,2,"['ship', 'cat', 'automobile', 'airplane']",cat
3849,6,"['automobile', 'horse', 'ship', 'airplane']",airplane
3850,9,"['dog', 'frog', 'cat', 'airplane']",dog
3851,1,"['bird', 'dog', 'frog', 'cat', 'airplane']",airplane
3852,0,"['horse', 'deer', 'frog', 'cat']",horse
3853,5,"['frog', 'ship', 'airplane', 'automobile']",ship
3854,7,"['automobile', 'cat', 'airplane', 'frog']",cat
3855,4,"['cat', 'automobile', 'frog', 'airplane']",frog
3856,2,"['ship', 'cat', 'automobile', 'airplane']",automobile
3857,8,"['horse', 'airplane', 'cat', 'frog']",horse
3858,9,"['dog', 'frog', 'cat', 'airplane']",dog
3859,0,"['horse', 'deer', 'frog', 'cat']",horse
3860,8,"['horse', 'airplane', 'cat', 'frog']",horse
3861,6,"['automobile', 'horse', 'ship', 'airplane']",airplane
3862,4,"['cat', 'automobile', 'frog', 'airplane']",automobile
3863,3,"['frog', 'ship', 'automobile', 'airplane']",ship
3864,3,"['frog', 'ship', 'automobile', 'airplane']",ship
3865,6,"['automobile', 'horse', 'ship', 'airplane']",airplane
3866,4,"['cat', 'automobile', 'frog', 'airplane']",automobile
3867,5,"['frog', 'ship', 'airplane', 'automobile']",ship
3868,4,"['cat', 'automobile', 'frog', 'airplane']",airplane
3869,2,"['ship', 'cat', 'automobile', 'airplane']",cat
3870,3,"['frog', 'ship', 'automobile', 'airplane']",frog
3871,1,"['bird', 'dog', 'frog', 'cat', 'airplane']",airplane
3872,4,"['cat', 'automobile', 'frog', 'airplane']",automobile
3873,6,"['automobile', 'horse', 'ship', 'airplane']",automobile
3874,8,"['horse', 'airplane', 'cat', 'frog']",horse
3875,3,"['frog', 'ship', 'automobile', 'airplane']",ship
3876,9,"['dog', 'frog', 'cat', 'airplane']",airplane
3877,7,"['automobile', 'cat', 'airplane', 'frog']",cat
3878,9,"['dog', 'frog', 'cat', 'airplane']",airplane
3879,4,"['cat', 'automobile', 'frog', 'airplane']",automobile
3880,0,"['horse', 'deer', 'frog', 'cat']",horse
3881,8,"['horse', 'airplane', 'cat', 'frog']",horse
3882,9,"['dog', 'frog', 'cat', 'airplane']",dog
3883,8,"['horse', 'airplane', 'cat', 'frog']",horse
3884,0,"['horse', 'deer', 'frog', 'cat']",horse
3885,8,"['horse', 'airplane', 'cat', 'frog']",horse
3886,1,"['bird', 'dog', 'frog', 'cat', 'airplane']",airplane
3887,9,"['dog', 'frog', 'cat', 'airplane']",airplane
3888,3,"['frog', 'ship', 'automobile', 'airplane']",ship
3889,2,"['ship', 'cat', 'automobile', 'airplane']",cat
3890,7,"['automobile', 'cat', 'airplane', 'frog']",airplane
3891,0,"['horse', 'deer', 'frog', 'cat']",horse
3892,6,"['automobile', 'horse', 'ship', 'airplane']",airplane
3893,0,"['horse', 'deer', 'frog', 'cat']",horse
3894,5,"['frog', 'ship', 'airplane', 'automobile']",ship
3895,9,"['dog', 'frog', 'cat', 'airplane']",dog
3896,5,"['frog', 'ship', 'airplane', 'automobile']",ship
3897,4,"['cat', 'automobile', 'frog', 'airplane']",automobile
3898,8,"['horse', 'airplane', 'cat', 'frog']",horse
3899,1,"['bird', 'dog', 'frog', 'cat', 'airplane']",airplane
3900,0,"['horse', 'deer', 'frog', 'cat']",horse
3901,2,"['ship', 'cat', 'automobile', 'airplane']",cat
3902,5,"['frog', 'ship', 'airplane', 'automobile']",ship
3903,0,"['horse', 'deer', 'frog', 'cat']",horse
3904,8,"['horse', 'airplane', 'cat', 'frog']",horse
3905,3,"['frog', 'ship', 'automobile', 'airplane']",ship
3906,0,"['horse', 'deer', 'frog', 'cat']",horse
3907,1,"['bird', 'dog', 'frog', 'cat', 'airplane']",airplane
3908,4,"['cat', 'automobile', 'frog', 'airplane']",automobile
3909,0,"['horse', 'deer', 'frog', 'cat']",horse
3910,3,"['frog', 'ship', 'automobile', 'airplane']",ship
3911,1,"['bird', 'dog', 'frog', 'cat', 'airplane']",airplane
3912,6,"['automobile', 'horse', 'ship', 'airplane']",airplane
3913,4,"['cat', 'automobile', 'frog', 'airplane']",airplane
3914,7,"['automobile', 'cat', 'airplane', 'frog']",frog
3915,9,"['dog', 'frog', 'cat', 'airplane']",airplane
3916,5,"['frog', 'ship', 'airplane', 'automobile']",ship
3917,5,"['frog', 'ship', 'airplane', 'automobile']",ship
3918,0,"['horse', 'deer', 'frog', 'cat']",horse
3919,4,"['cat', 'automobile', 'frog', 'airplane']",automobile
3920,7,"['automobile', 'cat', 'airplane', 'frog']",airplane
3921,9,"['dog', 'frog', 'cat', 'airplane']",dog
3922,1,"['bird', 'dog', 'frog', 'cat', 'airplane']",airplane
3923,9,"['dog', 'frog', 'cat', 'airplane']",airplane
3924,1,"['bird', 'dog', 'frog', 'cat', 'airplane']",airplane
3925,4,"['cat', 'automobile', 'frog', 'airplane']",automobile
3926,6,"['automobile', 'horse', 'ship', 'airplane']",airplane
3927,3,"['frog', 'ship', 'automobile', 'airplane']",ship
3928,9,"['dog', 'frog', 'cat', 'airplane']",dog
3929,9,"['dog', 'frog', 'cat', 'airplane']",airplane
3930,9,"['dog', 'frog', 'cat', 'airplane']",dog
3931,8,"['horse', 'airplane', 'cat', 'frog']",horse
3932,9,"['dog', 'frog', 'cat', 'airplane']",airplane
3933,7,"['automobile', 'cat', 'airplane', 'frog']",cat
3934,1,"['bird', 'dog', 'frog', 'cat', 'airplane']",airplane
3935,1,"['bird', 'dog', 'frog', 'cat', 'airplane']",airplane
3936,4,"['cat', 'automobile', 'frog', 'airplane']",automobile
3937,1,"['bird', 'dog', 'frog', 'cat', 'airplane']",airplane
3938,0,"['horse', 'deer', 'frog', 'cat']",horse
3939,7,"['automobile', 'cat', 'airplane', 'frog']",cat
3940,0,"['horse', 'deer', 'frog', 'cat']",horse
3941,9,"['dog', 'frog', 'cat', 'airplane']",dog
3942,6,"['automobile', 'horse', 'ship', 'airplane']",airplane
3943,6,"['automobile', 'horse', 'ship', 'airplane']",airplane
3944,2,"['ship', 'cat', 'automobile', 'airplane']",automobile
3945,4,"['cat', 'automobile', 'frog', 'airplane']",airplane
3946,7,"['automobile', 'cat', 'airplane', 'frog']",cat
3947,6,"['automobile', 'horse', 'ship', 'airplane']",airplane
3948,4,"['cat', 'automobile', 'frog', 'airplane']",airplane
3949,5,"['frog', 'ship', 'airplane', 'automobile']",ship
3950,8,"['horse', 'airplane', 'cat', 'frog']",horse
3951,0,"['horse', 'deer', 'frog', 'cat']",horse
3952,4,"['cat', 'automobile', 'frog', 'airplane']",automobile
3953,7,"['automobile', 'cat', 'airplane', 'frog']",airplane
3954,1,"['bird', 'dog', 'frog', 'cat', 'airplane']",airplane
3955,7,"['automobile', 'cat', 'airplane', 'frog']",cat
3956,3,"['frog', 'ship', 'automobile', 'airplane']",ship
3957,4,"['cat', 'automobile', 'frog', 'airplane']",automobile
3958,7,"['automobile', 'cat', 'airplane', 'frog']",cat
3959,5,"['frog', 'ship', 'airplane', 'automobile']",ship
3960,5,"['frog', 'ship', 'airplane', 'automobile']",ship
3961,2,"['ship', 'cat', 'automobile', 'airplane']",cat
3962,0,"['horse', 'deer', 'frog', 'cat']",horse
3963,2,"['ship', 'cat', 'automobile', 'airplane']",cat
3964,0,"['horse', 'deer', 'frog', 'cat']",horse
3965,5,"['frog', 'ship', 'airplane', 'automobile']",ship
3966,5,"['frog', 'ship', 'airplane', 'automobile']",ship
3967,8,"['horse', 'airplane', 'cat', 'frog']",horse
3968,5,"['frog', 'ship', 'airplane', 'automobile']",ship
3969,8,"['horse', 'airplane', 'cat', 'frog']",horse
3970,4,"['cat', 'automobile', 'frog', 'airplane']",automobile
3971,0,"['horse', 'deer', 'frog', 'cat']",horse
3972,8,"['horse', 'airplane', 'cat', 'frog']",horse
3973,4,"['cat', 'automobile', 'frog', 'airplane']",automobile
3974,9,"['dog', 'frog', 'cat', 'airplane']",dog
3975,7,"['automobile', 'cat', 'airplane', 'frog']",cat
3976,6,"['automobile', 'horse', 'ship', 'airplane']",airplane
3977,9,"['dog', 'frog', 'cat', 'airplane']",airplane
3978,8,"['horse', 'airplane', 'cat', 'frog']",horse
3979,0,"['horse', 'deer', 'frog', 'cat']",horse
3980,8,"['horse', 'airplane', 'cat', 'frog']",horse
3981,4,"['cat', 'automobile', 'frog', 'airplane']",automobile
3982,2,"['ship', 'cat', 'automobile', 'airplane']",cat
3983,9,"['dog', 'frog', 'cat', 'airplane']",airplane
3984,1,"['bird', 'dog', 'frog', 'cat', 'airplane']",airplane
3985,4,"['cat', 'automobile', 'frog', 'airplane']",automobile
3986,6,"['automobile', 'horse', 'ship', 'airplane']",airplane
3987,0,"['horse', 'deer', 'frog', 'cat']",horse
3988,7,"['automobile', 'cat', 'airplane', 'frog']",cat
3989,7,"['automobile', 'cat', 'airplane', 'frog']",cat
3990,1,"['bird', 'dog', 'frog', 'cat', 'airplane']",airplane
3991,6,"['automobile', 'horse', 'ship', 'airplane']",ship
3992,1,"['bird', 'dog', 'frog', 'cat', 'airplane']",airplane
3993,5,"['frog', 'ship', 'airplane', 'automobile']",ship
3994,6,"['automobile', 'horse', 'ship', 'airplane']",automobile
3995,5,"['frog', 'ship', 'airplane', 'automobile']",ship
3996,7,"['automobile', 'cat', 'airplane', 'frog']",cat
3997,3,"['frog', 'ship', 'automobile', 'airplane']",ship
3998,8,"['horse', 'airplane', 'cat', 'frog']",horse
3999,4,"['cat', 'automobile', 'frog', 'airplane']",automobile
4000,5,"['frog', 'ship', 'airplane', 'automobile']",ship
4001,8,"['horse', 'airplane', 'cat', 'frog']",horse
4002,5,"['frog', 'ship', 'airplane', 'automobile']",ship
4003,8,"['horse', 'airplane', 'cat', 'frog']",horse
4004,5,"['frog', 'ship', 'airplane', 'automobile']",ship
4005,9,"['dog', 'frog', 'cat', 'airplane']",dog
4006,1,"['bird', 'dog', 'frog', 'cat', 'airplane']",airplane
4007,3,"['frog', 'ship', 'automobile', 'airplane']",frog
4008,2,"['ship', 'cat', 'automobile', 'airplane']",automobile
4009,5,"['frog', 'ship', 'airplane', 'automobile']",ship
4010,3,"['frog', 'ship', 'automobile', 'airplane']",ship
4011,1,"['bird', 'dog', 'frog', 'cat', 'airplane']",airplane
4012,2,"['ship', 'cat', 'automobile', 'airplane']",ship
4013,1,"['bird', 'dog', 'frog', 'cat', 'airplane']",airplane
4014,2,"['ship', 'cat', 'automobile', 'airplane']",cat
4015,6,"['automobile', 'horse', 'ship', 'airplane']",airplane
4016,7,"['automobile', 'cat', 'airplane', 'frog']",airplane
4017,2,"['ship', 'cat', 'automobile', 'airplane']",ship
4018,0,"['horse', 'deer', 'frog', 'cat']",frog
4019,5,"['frog', 'ship', 'airplane', 'automobile']",ship
4020,3,"['frog', 'ship', 'automobile', 'airplane']",ship
4021,1,"['bird', 'dog', 'frog', 'cat', 'airplane']",airplane
4022,6,"['automobile', 'horse', 'ship', 'airplane']",airplane
4023,2,"['ship', 'cat', 'automobile', 'airplane']",automobile
4024,7,"['automobile', 'cat', 'airplane', 'frog']",cat
4025,3,"['frog', 'ship', 'automobile', 'airplane']",ship
4026,6,"['automobile', 'horse', 'ship', 'airplane']",airplane
4027,0,"['horse', 'deer', 'frog', 'cat']",frog
4028,9,"['dog', 'frog', 'cat', 'airplane']",airplane
4029,8,"['horse', 'airplane', 'cat', 'frog']",horse
4030,0,"['horse', 'deer', 'frog', 'cat']",horse
4031,6,"['automobile', 'horse', 'ship', 'airplane']",airplane
4032,4,"['cat', 'automobile', 'frog', 'airplane']",automobile
4033,3,"['frog', 'ship', 'automobile', 'airplane']",ship
4034,2,"['ship', 'cat', 'automobile', 'airplane']",cat
4035,6,"['automobile', 'horse', 'ship', 'airplane']",airplane
4036,8,"['horse', 'airplane', 'cat', 'frog']",horse
4037,7,"['automobile', 'cat', 'airplane', 'frog']",cat
4038,2,"['ship', 'cat', 'automobile', 'airplane']",cat
4039,1,"['bird', 'dog', 'frog', 'cat', 'airplane']",airplane
4040,1,"['bird', 'dog', 'frog', 'cat', 'airplane']",airplane
4041,9,"['dog', 'frog', 'cat', 'airplane']",airplane
4042,5,"['frog', 'ship', 'airplane', 'automobile']",ship
4043,4,"['cat', 'automobile', 'frog', 'airplane']",automobile
4044,5,"['frog', 'ship', 'airplane', 'automobile']",ship
4045,8,"['horse', 'airplane', 'cat', 'frog']",horse
4046,0,"['horse', 'deer', 'frog', 'cat']",horse
4047,1,"['bird', 'dog', 'frog', 'cat', 'airplane']",airplane
4048,0,"['horse', 'deer', 'frog', 'cat']",horse
4049,9,"['dog', 'frog', 'cat', 'airplane']",airplane
4050,1,"['bird', 'dog', 'frog', 'cat', 'airplane']",airplane
4051,8,"['horse', 'airplane', 'cat', 'frog']",horse
4052,2,"['ship', 'cat', 'automobile', 'airplane']",automobile
4053,4,"['cat', 'automobile', 'frog', 'airplane']",airplane
4054,7,"['automobile', 'cat', 'airplane', 'frog']",cat
4055,4,"['cat', 'automobile', 'frog', 'airplane']",automobile
4056,2,"['ship', 'cat', 'automobile', 'airplane']",cat
4057,4,"['cat', 'automobile', 'frog', 'airplane']",automobile
4058,4,"['cat', 'automobile', 'frog', 'airplane']",airplane
4059,7,"['automobile', 'cat', 'airplane', 'frog']",cat
4060,0,"['horse', 'deer', 'frog', 'cat']",horse
4061,0,"['horse', 'deer', 'frog', 'cat']",horse
4062,6,"['automobile', 'horse', 'ship', 'airplane']",airplane
4063,4,"['cat', 'automobile', 'frog', 'airplane']",automobile
4064,6,"['automobile', 'horse', 'ship', 'airplane']",automobile
4065,7,"['automobile', 'cat', 'airplane', 'frog']",airplane
4066,8,"['horse', 'airplane', 'cat', 'frog']",horse
4067,5,"['frog', 'ship', 'airplane', 'automobile']",ship
4068,9,"['dog', 'frog', 'cat', 'airplane']",airplane
4069,9,"['dog', 'frog', 'cat', 'airplane']",airplane
4070,2,"['ship', 'cat', 'automobile', 'airplane']",ship
4071,9,"['dog', 'frog', 'cat', 'airplane']",airplane
4072,3,"['frog', 'ship', 'automobile', 'airplane']",ship
4073,3,"['frog', 'ship', 'automobile', 'airplane']",ship
4074,5,"['frog', 'ship', 'airplane', 'automobile']",ship
4075,7,"['automobile', 'cat', 'airplane', 'frog']",cat
4076,7,"['automobile', 'cat', 'airplane', 'frog']",cat
4077,6,"['automobile', 'horse', 'ship', 'airplane']",airplane
4078,7,"['automobile', 'cat', 'airplane', 'frog']",cat
4079,0,"['horse', 'deer', 'frog', 'cat']",horse
4080,0,"['horse', 'deer', 'frog', 'cat']",horse
4081,0,"['horse', 'deer', 'frog', 'cat']",horse
4082,6,"['automobile', 'horse', 'ship', 'airplane']",airplane
4083,3,"['frog', 'ship', 'automobile', 'airplane']",ship
4084,1,"['bird', 'dog', 'frog', 'cat', 'airplane']",airplane
4085,2,"['ship', 'cat', 'automobile', 'airplane']",cat
4086,6,"['automobile', 'horse', 'ship', 'airplane']",airplane
4087,3,"['frog', 'ship', 'automobile', 'airplane']",ship
4088,7,"['automobile', 'cat', 'airplane', 'frog']",cat
4089,3,"['frog', 'ship', 'automobile', 'airplane']",ship
4090,2,"['ship', 'cat', 'automobile', 'airplane']",cat
4091,2,"['ship', 'cat', 'automobile', 'airplane']",cat
4092,8,"['horse', 'airplane', 'cat', 'frog']",horse
4093,8,"['horse', 'airplane', 'cat', 'frog']",horse
4094,6,"['automobile', 'horse', 'ship', 'airplane']",airplane
4095,6,"['automobile', 'horse', 'ship', 'airplane']",airplane
4096,0,"['horse', 'deer', 'frog', 'cat']",horse
4097,0,"['horse', 'deer', 'frog', 'cat']",horse
4098,3,"['frog', 'ship', 'automobile', 'airplane']",ship
4099,1,"['bird', 'dog', 'frog', 'cat', 'airplane']",airplane
4100,1,"['bird', 'dog', 'frog', 'cat', 'airplane']",airplane
4101,1,"['bird', 'dog', 'frog', 'cat', 'airplane']",airplane
4102,3,"['frog', 'ship', 'automobile', 'airplane']",ship
4103,4,"['cat', 'automobile', 'frog', 'airplane']",automobile
4104,4,"['cat', 'automobile', 'frog', 'airplane']",automobile
4105,6,"['automobile', 'horse', 'ship', 'airplane']",airplane
4106,4,"['cat', 'automobile', 'frog', 'airplane']",automobile
4107,7,"['automobile', 'cat', 'airplane', 'frog']",airplane
4108,3,"['frog', 'ship', 'automobile', 'airplane']",ship
4109,2,"['ship', 'cat', 'automobile', 'airplane']",cat
4110,3,"['frog', 'ship', 'automobile', 'airplane']",frog
4111,9,"['dog', 'frog', 'cat', 'airplane']",airplane
4112,7,"['automobile', 'cat', 'airplane', 'frog']",cat
4113,2,"['ship', 'cat', 'automobile', 'airplane']",cat
4114,7,"['automobile', 'cat', 'airplane', 'frog']",cat
4115,9,"['dog', 'frog', 'cat', 'airplane']",airplane
4116,2,"['ship', 'cat', 'automobile', 'airplane']",ship
4117,3,"['frog', 'ship', 'automobile', 'airplane']",ship
4118,6,"['automobile', 'horse', 'ship', 'airplane']",automobile
4119,7,"['automobile', 'cat', 'airplane', 'frog']",airplane
4120,5,"['frog', 'ship', 'airplane', 'automobile']",ship
4121,9,"['dog', 'frog', 'cat', 'airplane']",airplane
4122,2,"['ship', 'cat', 'automobile', 'airplane']",cat
4123,6,"['automobile', 'horse', 'ship', 'airplane']",ship
4124,3,"['frog', 'ship', 'automobile', 'airplane']",ship
4125,5,"['frog', 'ship', 'airplane', 'automobile']",ship
4126,6,"['automobile', 'horse', 'ship', 'airplane']",ship
4127,5,"['frog', 'ship', 'airplane', 'automobile']",ship
4128,3,"['frog', 'ship', 'automobile', 'airplane']",ship
4129,4,"['cat', 'automobile', 'frog', 'airplane']",airplane
4130,6,"['automobile', 'horse', 'ship', 'airplane']",airplane
4131,9,"['dog', 'frog', 'cat', 'airplane']",dog
4132,1,"['bird', 'dog', 'frog', 'cat', 'airplane']",airplane
4133,7,"['automobile', 'cat', 'airplane', 'frog']",airplane
4134,7,"['automobile', 'cat', 'airplane', 'frog']",cat
4135,5,"['frog', 'ship', 'airplane', 'automobile']",ship
4136,9,"['dog', 'frog', 'cat', 'airplane']",dog
4137,4,"['cat', 'automobile', 'frog', 'airplane']",automobile
4138,2,"['ship', 'cat', 'automobile', 'airplane']",cat
4139,3,"['frog', 'ship', 'automobile', 'airplane']",ship
4140,8,"['horse', 'airplane', 'cat', 'frog']",horse
4141,0,"['horse', 'deer', 'frog', 'cat']",horse
4142,9,"['dog', 'frog', 'cat', 'airplane']",airplane
4143,6,"['automobile', 'horse', 'ship', 'airplane']",ship
4144,6,"['automobile', 'horse', 'ship', 'airplane']",airplane
4145,1,"['bird', 'dog', 'frog', 'cat', 'airplane']",airplane
4146,3,"['frog', 'ship', 'automobile', 'airplane']",frog
4147,6,"['automobile', 'horse', 'ship', 'airplane']",airplane
4148,6,"['automobile', 'horse', 'ship', 'airplane']",airplane
4149,3,"['frog', 'ship', 'automobile', 'airplane']",ship
4150,9,"['dog', 'frog', 'cat', 'airplane']",airplane
4151,3,"['frog', 'ship', 'automobile', 'airplane']",ship
4152,6,"['automobile', 'horse', 'ship', 'airplane']",airplane
4153,5,"['frog', 'ship', 'airplane', 'automobile']",ship
4154,2,"['ship', 'cat', 'automobile', 'airplane']",cat
4155,0,"['horse', 'deer', 'frog', 'cat']",horse
4156,4,"['cat', 'automobile', 'frog', 'airplane']",automobile
4157,7,"['automobile', 'cat', 'airplane', 'frog']",airplane
4158,4,"['cat', 'automobile', 'frog', 'airplane']",automobile
4159,8,"['horse', 'airplane', 'cat', 'frog']",horse
4160,5,"['frog', 'ship', 'airplane', 'automobile']",ship
4161,5,"['frog', 'ship', 'airplane', 'automobile']",ship
4162,0,"['horse', 'deer', 'frog', 'cat']",horse
4163,0,"['horse', 'deer', 'frog', 'cat']",horse
4164,9,"['dog', 'frog', 'cat', 'airplane']",dog
4165,0,"['horse', 'deer', 'frog', 'cat']",horse
4166,3,"['frog', 'ship', 'automobile', 'airplane']",ship
4167,6,"['automobile', 'horse', 'ship', 'airplane']",airplane
4168,2,"['ship', 'cat', 'automobile', 'airplane']",cat
4169,9,"['dog', 'frog', 'cat', 'airplane']",dog
4170,8,"['horse', 'airplane', 'cat', 'frog']",horse
4171,1,"['bird', 'dog', 'frog', 'cat', 'airplane']",airplane
4172,1,"['bird', 'dog', 'frog', 'cat', 'airplane']",airplane
4173,4,"['cat', 'automobile', 'frog', 'airplane']",automobile
4174,3,"['frog', 'ship', 'automobile', 'airplane']",ship
4175,4,"['cat', 'automobile', 'frog', 'airplane']",automobile
4176,0,"['horse', 'deer', 'frog', 'cat']",horse
4177,3,"['frog', 'ship', 'automobile', 'airplane']",ship
4178,7,"['automobile', 'cat', 'airplane', 'frog']",airplane
4179,3,"['frog', 'ship', 'automobile', 'airplane']",ship
4180,8,"['horse', 'airplane', 'cat', 'frog']",horse
4181,6,"['automobile', 'horse', 'ship', 'airplane']",ship
4182,4,"['cat', 'automobile', 'frog', 'airplane']",automobile
4183,2,"['ship', 'cat', 'automobile', 'airplane']",cat
4184,4,"['cat', 'automobile', 'frog', 'airplane']",automobile
4185,1,"['bird', 'dog', 'frog', 'cat', 'airplane']",airplane
4186,2,"['ship', 'cat', 'automobile', 'airplane']",automobile
4187,7,"['automobile', 'cat', 'airplane', 'frog']",cat
4188,5,"['frog', 'ship', 'airplane', 'automobile']",ship
4189,2,"['ship', 'cat', 'automobile', 'airplane']",cat
4190,6,"['automobile', 'horse', 'ship', 'airplane']",airplane
4191,8,"['horse', 'airplane', 'cat', 'frog']",horse
4192,0,"['horse', 'deer', 'frog', 'cat']",horse
4193,4,"['cat', 'automobile', 'frog', 'airplane']",automobile
4194,6,"['automobile', 'horse', 'ship', 'airplane']",airplane
4195,4,"['cat', 'automobile', 'frog', 'airplane']",automobile
4196,2,"['ship', 'cat', 'automobile', 'airplane']",cat
4197,3,"['frog', 'ship', 'automobile', 'airplane']",ship
4198,2,"['ship', 'cat', 'automobile', 'airplane']",automobile
4199,4,"['cat', 'automobile', 'frog', 'airplane']",automobile
4200,1,"['bird', 'dog', 'frog', 'cat', 'airplane']",airplane
4201,6,"['automobile', 'horse', 'ship', 'airplane']",airplane
4202,0,"['horse', 'deer', 'frog', 'cat']",horse
4203,5,"['frog', 'ship', 'airplane', 'automobile']",ship
4204,8,"['horse', 'airplane', 'cat', 'frog']",horse
4205,8,"['horse', 'airplane', 'cat', 'frog']",horse
4206,1,"['bird', 'dog', 'frog', 'cat', 'airplane']",airplane
4207,8,"['horse', 'airplane', 'cat', 'frog']",horse
4208,6,"['automobile', 'horse', 'ship', 'airplane']",airplane
4209,2,"['ship', 'cat', 'automobile', 'airplane']",automobile
4210,8,"['horse', 'airplane', 'cat', 'frog']",horse
4211,2,"['ship', 'cat', 'automobile', 'airplane']",automobile
4212,4,"['cat', 'automobile', 'frog', 'airplane']",automobile
4213,4,"['cat', 'automobile', 'frog', 'airplane']",airplane
4214,0,"['horse', 'deer', 'frog', 'cat']",horse
4215,9,"['dog', 'frog', 'cat', 'airplane']",airplane
4216,7,"['automobile', 'cat', 'airplane', 'frog']",cat
4217,6,"['automobile', 'horse', 'ship', 'airplane']",airplane
4218,7,"['automobile', 'cat', 'airplane', 'frog']",airplane
4219,4,"['cat', 'automobile', 'frog', 'airplane']",automobile
4220,2,"['ship', 'cat', 'automobile', 'airplane']",cat
4221,3,"['frog', 'ship', 'automobile', 'airplane']",ship
4222,8,"['horse', 'airplane', 'cat', 'frog']",horse
4223,9,"['dog', 'frog', 'cat', 'airplane']",dog
4224,4,"['cat', 'automobile', 'frog', 'airplane']",automobile
4225,8,"['horse', 'airplane', 'cat', 'frog']",horse
4226,8,"['horse', 'airplane', 'cat', 'frog']",horse
4227,4,"['cat', 'automobile', 'frog', 'airplane']",automobile
4228,2,"['ship', 'cat', 'automobile', 'airplane']",cat
4229,0,"['horse', 'deer', 'frog', 'cat']",horse
4230,1,"['bird', 'dog', 'frog', 'cat', 'airplane']",airplane
4231,4,"['cat', 'automobile', 'frog', 'airplane']",airplane
4232,4,"['cat', 'automobile', 'frog', 'airplane']",automobile
4233,8,"['horse', 'airplane', 'cat', 'frog']",horse
4234,6,"['automobile', 'horse', 'ship', 'airplane']",airplane
4235,6,"['automobile', 'horse', 'ship', 'airplane']",airplane
4236,7,"['automobile', 'cat', 'airplane', 'frog']",cat
4237,2,"['ship', 'cat', 'automobile', 'airplane']",cat
4238,7,"['automobile', 'cat', 'airplane', 'frog']",cat
4239,0,"['horse', 'deer', 'frog', 'cat']",horse
4240,0,"['horse', 'deer', 'frog', 'cat']",horse
4241,7,"['automobile', 'cat', 'airplane', 'frog']",cat
4242,2,"['ship', 'cat', 'automobile', 'airplane']",ship
4243,3,"['frog', 'ship', 'automobile', 'airplane']",ship
4244,1,"['bird', 'dog', 'frog', 'cat', 'airplane']",airplane
4245,8,"['horse', 'airplane', 'cat', 'frog']",horse
4246,9,"['dog', 'frog', 'cat', 'airplane']",dog
4247,7,"['automobile', 'cat', 'airplane', 'frog']",airplane
4248,7,"['automobile', 'cat', 'airplane', 'frog']",frog
4249,0,"['horse', 'deer', 'frog', 'cat']",horse
4250,1,"['bird', 'dog', 'frog', 'cat', 'airplane']",airplane
4251,7,"['automobile', 'cat', 'airplane', 'frog']",cat
4252,9,"['dog', 'frog', 'cat', 'airplane']",airplane
4253,7,"['automobile', 'cat', 'airplane', 'frog']",airplane
4254,7,"['automobile', 'cat', 'airplane', 'frog']",cat
4255,5,"['frog', 'ship', 'airplane', 'automobile']",ship
4256,9,"['dog', 'frog', 'cat', 'airplane']",airplane
4257,2,"['ship', 'cat', 'automobile', 'airplane']",automobile
4258,7,"['automobile', 'cat', 'airplane', 'frog']",cat
4259,5,"['frog', 'ship', 'airplane', 'automobile']",ship
4260,5,"['frog', 'ship', 'airplane', 'automobile']",ship
4261,1,"['bird', 'dog', 'frog', 'cat', 'airplane']",airplane
4262,4,"['cat', 'automobile', 'frog', 'airplane']",automobile
4263,4,"['cat', 'automobile', 'frog', 'airplane']",automobile
4264,7,"['automobile', 'cat', 'airplane', 'frog']",cat
4265,1,"['bird', 'dog', 'frog', 'cat', 'airplane']",airplane
4266,3,"['frog', 'ship', 'automobile', 'airplane']",ship
4267,6,"['automobile', 'horse', 'ship', 'airplane']",horse
4268,3,"['frog', 'ship', 'automobile', 'airplane']",ship
4269,0,"['horse', 'deer', 'frog', 'cat']",horse
4270,0,"['horse', 'deer', 'frog', 'cat']",horse
4271,0,"['horse', 'deer', 'frog', 'cat']",horse
4272,8,"['horse', 'airplane', 'cat', 'frog']",horse
4273,0,"['horse', 'deer', 'frog', 'cat']",horse
4274,8,"['horse', 'airplane', 'cat', 'frog']",horse
4275,5,"['frog', 'ship', 'airplane', 'automobile']",ship
4276,6,"['automobile', 'horse', 'ship', 'airplane']",ship
4277,8,"['horse', 'airplane', 'cat', 'frog']",horse
4278,6,"['automobile', 'horse', 'ship', 'airplane']",ship
4279,6,"['automobile', 'horse', 'ship', 'airplane']",airplane
4280,4,"['cat', 'automobile', 'frog', 'airplane']",frog
4281,0,"['horse', 'deer', 'frog', 'cat']",horse
4282,0,"['horse', 'deer', 'frog', 'cat']",horse
4283,8,"['horse', 'airplane', 'cat', 'frog']",horse
4284,6,"['automobile', 'horse', 'ship', 'airplane']",airplane
4285,7,"['automobile', 'cat', 'airplane', 'frog']",cat
4286,4,"['cat', 'automobile', 'frog', 'airplane']",automobile
4287,8,"['horse', 'airplane', 'cat', 'frog']",horse
4288,3,"['frog', 'ship', 'automobile', 'airplane']",ship
4289,9,"['dog', 'frog', 'cat', 'airplane']",airplane
4290,4,"['cat', 'automobile', 'frog', 'airplane']",automobile
4291,9,"['dog', 'frog', 'cat', 'airplane']",airplane
4292,8,"['horse', 'airplane', 'cat', 'frog']",horse
4293,2,"['ship', 'cat', 'automobile', 'airplane']",cat
4294,3,"['frog', 'ship', 'automobile', 'airplane']",ship
4295,0,"['horse', 'deer', 'frog', 'cat']",horse
4296,4,"['cat', 'automobile', 'frog', 'airplane']",automobile
4297,4,"['cat', 'automobile', 'frog', 'airplane']",automobile
4298,8,"['horse', 'airplane', 'cat', 'frog']",horse
4299,1,"['bird', 'dog', 'frog', 'cat', 'airplane']",airplane
4300,8,"['horse', 'airplane', 'cat', 'frog']",horse
4301,4,"['cat', 'automobile', 'frog', 'airplane']",automobile
4302,3,"['frog', 'ship', 'automobile', 'airplane']",ship
4303,8,"['horse', 'airplane', 'cat', 'frog']",horse
4304,8,"['horse', 'airplane', 'cat', 'frog']",horse
4305,4,"['cat', 'automobile', 'frog', 'airplane']",automobile
4306,2,"['ship', 'cat', 'automobile', 'airplane']",automobile
4307,4,"['cat', 'automobile', 'frog', 'airplane']",automobile
4308,3,"['frog', 'ship', 'automobile', 'airplane']",ship
4309,6,"['automobile', 'horse', 'ship', 'airplane']",ship
4310,3,"['frog', 'ship', 'automobile', 'airplane']",ship
4311,0,"['horse', 'deer', 'frog', 'cat']",horse
4312,5,"['frog', 'ship', 'airplane', 'automobile']",ship
4313,8,"['horse', 'airplane', 'cat', 'frog']",horse
4314,0,"['horse', 'deer', 'frog', 'cat']",horse
4315,7,"['automobile', 'cat', 'airplane', 'frog']",cat
4316,5,"['frog', 'ship', 'airplane', 'automobile']",ship
4317,4,"['cat', 'automobile', 'frog', 'airplane']",automobile
4318,7,"['automobile', 'cat', 'airplane', 'frog']",cat
4319,5,"['frog', 'ship', 'airplane', 'automobile']",ship
4320,8,"['horse', 'airplane', 'cat', 'frog']",horse
4321,9,"['dog', 'frog', 'cat', 'airplane']",dog
4322,0,"['horse', 'deer', 'frog', 'cat']",horse
4323,4,"['cat', 'automobile', 'frog', 'airplane']",automobile
4324,6,"['automobile', 'horse', 'ship', 'airplane']",ship
4325,7,"['automobile', 'cat', 'airplane', 'frog']",cat
4326,1,"['bird', 'dog', 'frog', 'cat', 'airplane']",airplane
4327,1,"['bird', 'dog', 'frog', 'cat', 'airplane']",airplane
4328,4,"['cat', 'automobile', 'frog', 'airplane']",airplane
4329,3,"['frog', 'ship', 'automobile', 'airplane']",frog
4330,5,"['frog', 'ship', 'airplane', 'automobile']",ship
4331,7,"['automobile', 'cat', 'airplane', 'frog']",airplane
4332,1,"['bird', 'dog', 'frog', 'cat', 'airplane']",airplane
4333,7,"['automobile', 'cat', 'airplane', 'frog']",airplane
4334,1,"['bird', 'dog', 'frog', 'cat', 'airplane']",airplane
4335,9,"['dog', 'frog', 'cat', 'airplane']",airplane
4336,3,"['frog', 'ship', 'automobile', 'airplane']",ship
4337,0,"['horse', 'deer', 'frog', 'cat']",horse
4338,0,"['horse', 'deer', 'frog', 'cat']",horse
4339,8,"['horse', 'airplane', 'cat', 'frog']",horse
4340,9,"['dog', 'frog', 'cat', 'airplane']",dog
4341,7,"['automobile', 'cat', 'airplane', 'frog']",cat
4342,2,"['ship', 'cat', 'automobile', 'airplane']",cat
4343,8,"['horse', 'airplane', 'cat', 'frog']",horse
4344,9,"['dog', 'frog', 'cat', 'airplane']",dog
4345,9,"['dog', 'frog', 'cat', 'airplane']",airplane
4346,3,"['frog', 'ship', 'automobile', 'airplane']",ship
4347,5,"['frog', 'ship', 'airplane', 'automobile']",ship
4348,0,"['horse', 'deer', 'frog', 'cat']",horse
4349,3,"['frog', 'ship', 'automobile', 'airplane']",ship
4350,3,"['frog', 'ship', 'automobile', 'airplane']",ship
4351,2,"['ship', 'cat', 'automobile', 'airplane']",cat
4352,1,"['bird', 'dog', 'frog', 'cat', 'airplane']",airplane
4353,0,"['horse', 'deer', 'frog', 'cat']",horse
4354,1,"['bird', 'dog', 'frog', 'cat', 'airplane']",airplane
4355,5,"['frog', 'ship', 'airplane', 'automobile']",ship
4356,2,"['ship', 'cat', 'automobile', 'airplane']",cat
4357,7,"['automobile', 'cat', 'airplane', 'frog']",cat
4358,1,"['bird', 'dog', 'frog', 'cat', 'airplane']",airplane
4359,4,"['cat', 'automobile', 'frog', 'airplane']",automobile
4360,1,"['bird', 'dog', 'frog', 'cat', 'airplane']",airplane
4361,3,"['frog', 'ship', 'automobile', 'airplane']",ship
4362,5,"['frog', 'ship', 'airplane', 'automobile']",ship
4363,1,"['bird', 'dog', 'frog', 'cat', 'airplane']",airplane
4364,9,"['dog', 'frog', 'cat', 'airplane']",dog
4365,8,"['horse', 'airplane', 'cat', 'frog']",horse
4366,5,"['frog', 'ship', 'airplane', 'automobile']",ship
4367,2,"['ship', 'cat', 'automobile', 'airplane']",cat
4368,0,"['horse', 'deer', 'frog', 'cat']",horse
4369,7,"['automobile', 'cat', 'airplane', 'frog']",frog
4370,2,"['ship', 'cat', 'automobile', 'airplane']",cat
4371,9,"['dog', 'frog', 'cat', 'airplane']",dog
4372,2,"['ship', 'cat', 'automobile', 'airplane']",cat
4373,0,"['horse', 'deer', 'frog', 'cat']",horse
4374,9,"['dog', 'frog', 'cat', 'airplane']",dog
4375,2,"['ship', 'cat', 'automobile', 'airplane']",cat
4376,2,"['ship', 'cat', 'automobile', 'airplane']",automobile
4377,6,"['automobile', 'horse', 'ship', 'airplane']",airplane
4378,2,"['ship', 'cat', 'automobile', 'airplane']",cat
4379,1,"['bird', 'dog', 'frog', 'cat', 'airplane']",airplane
4380,8,"['horse', 'airplane', 'cat', 'frog']",horse
4381,4,"['cat', 'automobile', 'frog', 'airplane']",airplane
4382,4,"['cat', 'automobile', 'frog', 'airplane']",automobile
4383,8,"['horse', 'airplane', 'cat', 'frog']",horse
4384,4,"['cat', 'automobile', 'frog', 'airplane']",automobile
4385,1,"['bird', 'dog', 'frog', 'cat', 'airplane']",airplane
4386,7,"['automobile', 'cat', 'airplane', 'frog']",airplane
4387,0,"['horse', 'deer', 'frog', 'cat']",horse
4388,3,"['frog', 'ship', 'automobile', 'airplane']",ship
4389,6,"['automobile', 'horse', 'ship', 'airplane']",airplane
4390,1,"['bird', 'dog', 'frog', 'cat', 'airplane']",airplane
4391,6,"['automobile', 'horse', 'ship', 'airplane']",airplane
4392,3,"['frog', 'ship', 'automobile', 'airplane']",ship
4393,7,"['automobile', 'cat', 'airplane', 'frog']",cat
4394,4,"['cat', 'automobile', 'frog', 'airplane']",automobile
4395,4,"['cat', 'automobile', 'frog', 'airplane']",automobile
4396,7,"['automobile', 'cat', 'airplane', 'frog']",cat
4397,8,"['horse', 'airplane', 'cat', 'frog']",horse
4398,2,"['ship', 'cat', 'automobile', 'airplane']",automobile
4399,7,"['automobile', 'cat', 'airplane', 'frog']",cat
4400,4,"['cat', 'automobile', 'frog', 'airplane']",automobile
4401,7,"['automobile', 'cat', 'airplane', 'frog']",frog
4402,3,"['frog', 'ship', 'automobile', 'airplane']",ship
4403,6,"['automobile', 'horse', 'ship', 'airplane']",airplane
4404,6,"['automobile', 'horse', 'ship', 'airplane']",airplane
4405,3,"['frog', 'ship', 'automobile', 'airplane']",ship
4406,5,"['frog', 'ship', 'airplane', 'automobile']",ship
4407,9,"['dog', 'frog', 'cat', 'airplane']",dog
4408,8,"['horse', 'airplane', 'cat', 'frog']",horse
4409,6,"['automobile', 'horse', 'ship', 'airplane']",horse
4410,0,"['horse', 'deer', 'frog', 'cat']",horse
4411,0,"['horse', 'deer', 'frog', 'cat']",horse
4412,8,"['horse', 'airplane', 'cat', 'frog']",horse
4413,4,"['cat', 'automobile', 'frog', 'airplane']",automobile
4414,3,"['frog', 'ship', 'automobile', 'airplane']",ship
4415,6,"['automobile', 'horse', 'ship', 'airplane']",airplane
4416,9,"['dog', 'frog', 'cat', 'airplane']",dog
4417,6,"['automobile', 'horse', 'ship', 'airplane']",ship
4418,2,"['ship', 'cat', 'automobile', 'airplane']",cat
4419,5,"['frog', 'ship', 'airplane', 'automobile']",ship
4420,0,"['horse', 'deer', 'frog', 'cat']",horse
4421,6,"['automobile', 'horse', 'ship', 'airplane']",airplane
4422,3,"['frog', 'ship', 'automobile', 'airplane']",ship
4423,1,"['bird', 'dog', 'frog', 'cat', 'airplane']",airplane
4424,5,"['frog', 'ship', 'airplane', 'automobile']",ship
4425,2,"['ship', 'cat', 'automobile', 'airplane']",automobile
4426,2,"['ship', 'cat', 'automobile', 'airplane']",cat
4427,7,"['automobile', 'cat', 'airplane', 'frog']",frog
4428,3,"['frog', 'ship', 'automobile', 'airplane']",ship
4429,4,"['cat', 'automobile', 'frog', 'airplane']",automobile
4430,6,"['automobile', 'horse', 'ship', 'airplane']",airplane
4431,2,"['ship', 'cat', 'automobile', 'airplane']",ship
4432,8,"['horse', 'airplane', 'cat', 'frog']",horse
4433,7,"['automobile', 'cat', 'airplane', 'frog']",cat
4434,6,"['automobile', 'horse', 'ship', 'airplane']",ship
4435,3,"['frog', 'ship', 'automobile', 'airplane']",ship
4436,9,"['dog', 'frog', 'cat', 'airplane']",airplane
4437,3,"['frog', 'ship', 'automobile', 'airplane']",ship
4438,4,"['cat', 'automobile', 'frog', 'airplane']",automobile
4439,3,"['frog', 'ship', 'automobile', 'airplane']",ship
4440,6,"['automobile', 'horse', 'ship', 'airplane']",ship
4441,7,"['automobile', 'cat', 'airplane', 'frog']",airplane
4442,7,"['automobile', 'cat', 'airplane', 'frog']",cat
4443,1,"['bird', 'dog', 'frog', 'cat', 'airplane']",airplane
4444,1,"['bird', 'dog', 'frog', 'cat', 'airplane']",airplane
4445,7,"['automobile', 'cat', 'airplane', 'frog']",airplane
4446,8,"['horse', 'airplane', 'cat', 'frog']",horse
4447,4,"['cat', 'automobile', 'frog', 'airplane']",automobile
4448,5,"['frog', 'ship', 'airplane', 'automobile']",ship
4449,3,"['frog', 'ship', 'automobile', 'airplane']",ship
4450,6,"['automobile', 'horse', 'ship', 'airplane']",horse
4451,5,"['frog', 'ship', 'airplane', 'automobile']",ship
4452,6,"['automobile', 'horse', 'ship', 'airplane']",airplane
4453,2,"['ship', 'cat', 'automobile', 'airplane']",cat
4454,9,"['dog', 'frog', 'cat', 'airplane']",dog
4455,2,"['ship', 'cat', 'automobile', 'airplane']",cat
4456,5,"['frog', 'ship', 'airplane', 'automobile']",ship
4457,9,"['dog', 'frog', 'cat', 'airplane']",airplane
4458,1,"['bird', 'dog', 'frog', 'cat', 'airplane']",airplane
4459,1,"['bird', 'dog', 'frog', 'cat', 'airplane']",airplane
4460,7,"['automobile', 'cat', 'airplane', 'frog']",cat
4461,8,"['horse', 'airplane', 'cat', 'frog']",horse
4462,3,"['frog', 'ship', 'automobile', 'airplane']",ship
4463,5,"['frog', 'ship', 'airplane', 'automobile']",ship
4464,1,"['bird', 'dog', 'frog', 'cat', 'airplane']",airplane
4465,3,"['frog', 'ship', 'automobile', 'airplane']",ship
4466,8,"['horse', 'airplane', 'cat', 'frog']",horse
4467,5,"['frog', 'ship', 'airplane', 'automobile']",ship
4468,0,"['horse', 'deer', 'frog', 'cat']",horse
4469,8,"['horse', 'airplane', 'cat', 'frog']",horse
4470,0,"['horse', 'deer', 'frog', 'cat']",horse
4471,2,"['ship', 'cat', 'automobile', 'airplane']",automobile
4472,3,"['frog', 'ship', 'automobile', 'airplane']",ship
4473,9,"['dog', 'frog', 'cat', 'airplane']",airplane
4474,8,"['horse', 'airplane', 'cat', 'frog']",horse
4475,3,"['frog', 'ship', 'automobile', 'airplane']",ship
4476,0,"['horse', 'deer', 'frog', 'cat']",frog
4477,0,"['horse', 'deer', 'frog', 'cat']",horse
4478,7,"['automobile', 'cat', 'airplane', 'frog']",cat
4479,5,"['frog', 'ship', 'airplane', 'automobile']",ship
4480,7,"['automobile', 'cat', 'airplane', 'frog']",cat
4481,3,"['frog', 'ship', 'automobile', 'airplane']",ship
4482,2,"['ship', 'cat', 'automobile', 'airplane']",automobile
4483,3,"['frog', 'ship', 'automobile', 'airplane']",frog
4484,3,"['frog', 'ship', 'automobile', 'airplane']",ship
4485,7,"['automobile', 'cat', 'airplane', 'frog']",cat
4486,5,"['frog', 'ship', 'airplane', 'automobile']",ship
4487,5,"['frog', 'ship', 'airplane', 'automobile']",ship
4488,6,"['automobile', 'horse', 'ship', 'airplane']",airplane
4489,9,"['dog', 'frog', 'cat', 'airplane']",airplane
4490,0,"['horse', 'deer', 'frog', 'cat']",horse
4491,2,"['ship', 'cat', 'automobile', 'airplane']",cat
4492,1,"['bird', 'dog', 'frog', 'cat', 'airplane']",airplane
4493,2,"['ship', 'cat', 'automobile', 'airplane']",cat
4494,5,"['frog', 'ship', 'airplane', 'automobile']",ship
4495,5,"['frog', 'ship', 'airplane', 'automobile']",ship
4496,1,"['bird', 'dog', 'frog', 'cat', 'airplane']",airplane
4497,4,"['cat', 'automobile', 'frog', 'airplane']",automobile
4498,0,"['horse', 'deer', 'frog', 'cat']",horse
4499,7,"['automobile', 'cat', 'airplane', 'frog']",cat
4500,1,"['bird', 'dog', 'frog', 'cat', 'airplane']",airplane
4501,8,"['horse', 'airplane', 'cat', 'frog']",horse
4502,8,"['horse', 'airplane', 'cat', 'frog']",horse
4503,4,"['cat', 'automobile', 'frog', 'airplane']",automobile
4504,0,"['horse', 'deer', 'frog', 'cat']",horse
4505,1,"['bird', 'dog', 'frog', 'cat', 'airplane']",airplane
4506,7,"['automobile', 'cat', 'airplane', 'frog']",cat
4507,8,"['horse', 'airplane', 'cat', 'frog']",horse
4508,9,"['dog', 'frog', 'cat', 'airplane']",airplane
4509,0,"['horse', 'deer', 'frog', 'cat']",horse
4510,7,"['automobile', 'cat', 'airplane', 'frog']",airplane
4511,2,"['ship', 'cat', 'automobile', 'airplane']",cat
4512,5,"['frog', 'ship', 'airplane', 'automobile']",ship
4513,7,"['automobile', 'cat', 'airplane', 'frog']",cat
4514,8,"['horse', 'airplane', 'cat', 'frog']",horse
4515,3,"['frog', 'ship', 'automobile', 'airplane']",ship
4516,0,"['horse', 'deer', 'frog', 'cat']",horse
4517,1,"['bird', 'dog', 'frog', 'cat', 'airplane']",airplane
4518,2,"['ship', 'cat', 'automobile', 'airplane']",ship
4519,3,"['frog', 'ship', 'automobile', 'airplane']",ship
4520,9,"['dog', 'frog', 'cat', 'airplane']",dog
4521,2,"['ship', 'cat', 'automobile', 'airplane']",automobile
4522,7,"['automobile', 'cat', 'airplane', 'frog']",airplane
4523,0,"['horse', 'deer', 'frog', 'cat']",horse
4524,0,"['horse', 'deer', 'frog', 'cat']",horse
4525,2,"['ship', 'cat', 'automobile', 'airplane']",cat
4526,2,"['ship', 'cat', 'automobile', 'airplane']",cat
4527,4,"['cat', 'automobile', 'frog', 'airplane']",automobile
4528,1,"['bird', 'dog', 'frog', 'cat', 'airplane']",airplane
4529,5,"['frog', 'ship', 'airplane', 'automobile']",ship
4530,3,"['frog', 'ship', 'automobile', 'airplane']",ship
4531,3,"['frog', 'ship', 'automobile', 'airplane']",ship
4532,5,"['frog', 'ship', 'airplane', 'automobile']",ship
4533,1,"['bird', 'dog', 'frog', 'cat', 'airplane']",airplane
4534,5,"['frog', 'ship', 'airplane', 'automobile']",ship
4535,5,"['frog', 'ship', 'airplane', 'automobile']",ship
4536,9,"['dog', 'frog', 'cat', 'airplane']",airplane
4537,0,"['horse', 'deer', 'frog', 'cat']",horse
4538,9,"['dog', 'frog', 'cat', 'airplane']",airplane
4539,8,"['horse', 'airplane', 'cat', 'frog']",horse
4540,0,"['horse', 'deer', 'frog', 'cat']",horse
4541,9,"['dog', 'frog', 'cat', 'airplane']",dog
4542,3,"['frog', 'ship', 'automobile', 'airplane']",ship
4543,0,"['horse', 'deer', 'frog', 'cat']",horse
4544,7,"['automobile', 'cat', 'airplane', 'frog']",airplane
4545,9,"['dog', 'frog', 'cat', 'airplane']",airplane
4546,6,"['automobile', 'horse', 'ship', 'airplane']",ship
4547,5,"['frog', 'ship', 'airplane', 'automobile']",ship
4548,5,"['frog', 'ship', 'airplane', 'automobile']",ship
4549,2,"['ship', 'cat', 'automobile', 'airplane']",automobile
4550,6,"['automobile', 'horse', 'ship', 'airplane']",airplane
4551,8,"['horse', 'airplane', 'cat', 'frog']",horse
4552,0,"['horse', 'deer', 'frog', 'cat']",horse
4553,1,"['bird', 'dog', 'frog', 'cat', 'airplane']",airplane
4554,7,"['automobile', 'cat', 'airplane', 'frog']",cat
4555,7,"['automobile', 'cat', 'airplane', 'frog']",cat
4556,7,"['automobile', 'cat', 'airplane', 'frog']",airplane
4557,1,"['bird', 'dog', 'frog', 'cat', 'airplane']",airplane
4558,3,"['frog', 'ship', 'automobile', 'airplane']",ship
4559,0,"['horse', 'deer', 'frog', 'cat']",horse
4560,1,"['bird', 'dog', 'frog', 'cat', 'airplane']",airplane
4561,4,"['cat', 'automobile', 'frog', 'airplane']",automobile
4562,1,"['bird', 'dog', 'frog', 'cat', 'airplane']",airplane
4563,0,"['horse', 'deer', 'frog', 'cat']",horse
4564,3,"['frog', 'ship', 'automobile', 'airplane']",ship
4565,1,"['bird', 'dog', 'frog', 'cat', 'airplane']",airplane
4566,9,"['dog', 'frog', 'cat', 'airplane']",dog
4567,0,"['horse', 'deer', 'frog', 'cat']",horse
4568,6,"['automobile', 'horse', 'ship', 'airplane']",airplane
4569,3,"['frog', 'ship', 'automobile', 'airplane']",ship
4570,6,"['automobile', 'horse', 'ship', 'airplane']",airplane
4571,0,"['horse', 'deer', 'frog', 'cat']",horse
4572,5,"['frog', 'ship', 'airplane', 'automobile']",ship
4573,4,"['cat', 'automobile', 'frog', 'airplane']",automobile
4574,0,"['horse', 'deer', 'frog', 'cat']",horse
4575,8,"['horse', 'airplane', 'cat', 'frog']",horse
4576,8,"['horse', 'airplane', 'cat', 'frog']",horse
4577,0,"['horse', 'deer', 'frog', 'cat']",horse
4578,1,"['bird', 'dog', 'frog', 'cat', 'airplane']",airplane
4579,5,"['frog', 'ship', 'airplane', 'automobile']",ship
4580,8,"['horse', 'airplane', 'cat', 'frog']",frog
4581,3,"['frog', 'ship', 'automobile', 'airplane']",ship
4582,7,"['automobile', 'cat', 'airplane', 'frog']",cat
4583,2,"['ship', 'cat', 'automobile', 'airplane']",cat
4584,9,"['dog', 'frog', 'cat', 'airplane']",dog
4585,1,"['bird', 'dog', 'frog', 'cat', 'airplane']",airplane
4586,9,"['dog', 'frog', 'cat', 'airplane']",airplane
4587,9,"['dog', 'frog', 'cat', 'airplane']",airplane
4588,2,"['ship', 'cat', 'automobile', 'airplane']",automobile
4589,7,"['automobile', 'cat', 'airplane', 'frog']",cat
4590,6,"['automobile', 'horse', 'ship', 'airplane']",ship
4591,1,"['bird', 'dog', 'frog', 'cat', 'airplane']",airplane
4592,0,"['horse', 'deer', 'frog', 'cat']",horse
4593,9,"['dog', 'frog', 'cat', 'airplane']",airplane
4594,8,"['horse', 'airplane', 'cat', 'frog']",horse
4595,8,"['horse', 'airplane', 'cat', 'frog']",horse
4596,6,"['automobile', 'horse', 'ship', 'airplane']",airplane
4597,0,"['horse', 'deer', 'frog', 'cat']",horse
4598,2,"['ship', 'cat', 'automobile', 'airplane']",cat
4599,0,"['horse', 'deer', 'frog', 'cat']",horse
4600,5,"['frog', 'ship', 'airplane', 'automobile']",ship
4601,0,"['horse', 'deer', 'frog', 'cat']",horse
4602,8,"['horse', 'airplane', 'cat', 'frog']",horse
4603,9,"['dog', 'frog', 'cat', 'airplane']",airplane
4604,2,"['ship', 'cat', 'automobile', 'airplane']",cat
4605,6,"['automobile', 'horse', 'ship', 'airplane']",horse
4606,6,"['automobile', 'horse', 'ship', 'airplane']",airplane
4607,1,"['bird', 'dog', 'frog', 'cat', 'airplane']",airplane
4608,2,"['ship', 'cat', 'automobile', 'airplane']",cat
4609,1,"['bird', 'dog', 'frog', 'cat', 'airplane']",airplane
4610,5,"['frog', 'ship', 'airplane', 'automobile']",ship
4611,8,"['horse', 'airplane', 'cat', 'frog']",horse
4612,9,"['dog', 'frog', 'cat', 'airplane']",dog
4613,7,"['automobile', 'cat', 'airplane', 'frog']",airplane
4614,4,"['cat', 'automobile', 'frog', 'airplane']",automobile
4615,1,"['bird', 'dog', 'frog', 'cat', 'airplane']",airplane
4616,2,"['ship', 'cat', 'automobile', 'airplane']",cat
4617,8,"['horse', 'airplane', 'cat', 'frog']",horse
4618,9,"['dog', 'frog', 'cat', 'airplane']",airplane
4619,0,"['horse', 'deer', 'frog', 'cat']",horse
4620,2,"['ship', 'cat', 'automobile', 'airplane']",cat
4621,0,"['horse', 'deer', 'frog', 'cat']",horse
4622,9,"['dog', 'frog', 'cat', 'airplane']",dog
4623,9,"['dog', 'frog', 'cat', 'airplane']",airplane
4624,1,"['bird', 'dog', 'frog', 'cat', 'airplane']",airplane
4625,1,"['bird', 'dog', 'frog', 'cat', 'airplane']",airplane
4626,5,"['frog', 'ship', 'airplane', 'automobile']",ship
4627,5,"['frog', 'ship', 'airplane', 'automobile']",ship
4628,3,"['frog', 'ship', 'automobile', 'airplane']",ship
4629,9,"['dog', 'frog', 'cat', 'airplane']",dog
4630,3,"['frog', 'ship', 'automobile', 'airplane']",ship
4631,1,"['bird', 'dog', 'frog', 'cat', 'airplane']",airplane
4632,5,"['frog', 'ship', 'airplane', 'automobile']",ship
4633,2,"['ship', 'cat', 'automobile', 'airplane']",cat
4634,2,"['ship', 'cat', 'automobile', 'airplane']",cat
4635,5,"['frog', 'ship', 'airplane', 'automobile']",ship
4636,1,"['bird', 'dog', 'frog', 'cat', 'airplane']",airplane
4637,6,"['automobile', 'horse', 'ship', 'airplane']",airplane
4638,9,"['dog', 'frog', 'cat', 'airplane']",airplane
4639,5,"['frog', 'ship', 'airplane', 'automobile']",ship
4640,4,"['cat', 'automobile', 'frog', 'airplane']",airplane
4641,5,"['frog', 'ship', 'airplane', 'automobile']",ship
4642,4,"['cat', 'automobile', 'frog', 'airplane']",automobile
4643,9,"['dog', 'frog', 'cat', 'airplane']",dog
4644,6,"['automobile', 'horse', 'ship', 'airplane']",airplane
4645,0,"['horse', 'deer', 'frog', 'cat']",horse
4646,8,"['horse', 'airplane', 'cat', 'frog']",horse
4647,2,"['ship', 'cat', 'automobile', 'airplane']",automobile
4648,1,"['bird', 'dog', 'frog', 'cat', 'airplane']",airplane
4649,9,"['dog', 'frog', 'cat', 'airplane']",dog
4650,7,"['automobile', 'cat', 'airplane', 'frog']",airplane
4651,0,"['horse', 'deer', 'frog', 'cat']",horse
4652,8,"['horse', 'airplane', 'cat', 'frog']",horse
4653,0,"['horse', 'deer', 'frog', 'cat']",horse
4654,1,"['bird', 'dog', 'frog', 'cat', 'airplane']",airplane
4655,0,"['horse', 'deer', 'frog', 'cat']",horse
4656,2,"['ship', 'cat', 'automobile', 'airplane']",cat
4657,3,"['frog', 'ship', 'automobile', 'airplane']",frog
4658,8,"['horse', 'airplane', 'cat', 'frog']",horse
4659,6,"['automobile', 'horse', 'ship', 'airplane']",airplane
4660,4,"['cat', 'automobile', 'frog', 'airplane']",automobile
4661,1,"['bird', 'dog', 'frog', 'cat', 'airplane']",airplane
4662,5,"['frog', 'ship', 'airplane', 'automobile']",ship
4663,6,"['automobile', 'horse', 'ship', 'airplane']",automobile
4664,1,"['bird', 'dog', 'frog', 'cat', 'airplane']",airplane
4665,9,"['dog', 'frog', 'cat', 'airplane']",airplane
4666,4,"['cat', 'automobile', 'frog', 'airplane']",automobile
4667,9,"['dog', 'frog', 'cat', 'airplane']",dog
4668,6,"['automobile', 'horse', 'ship', 'airplane']",airplane
4669,3,"['frog', 'ship', 'automobile', 'airplane']",ship
4670,8,"['horse', 'airplane', 'cat', 'frog']",horse
4671,7,"['automobile', 'cat', 'airplane', 'frog']",frog
4672,3,"['frog', 'ship', 'automobile', 'airplane']",ship
4673,0,"['horse', 'deer', 'frog', 'cat']",horse
4674,3,"['frog', 'ship', 'automobile', 'airplane']",frog
4675,9,"['dog', 'frog', 'cat', 'airplane']",airplane
4676,7,"['automobile', 'cat', 'airplane', 'frog']",cat
4677,2,"['ship', 'cat', 'automobile', 'airplane']",cat
4678,6,"['automobile', 'horse', 'ship', 'airplane']",airplane
4679,2,"['ship', 'cat', 'automobile', 'airplane']",cat
4680,9,"['dog', 'frog', 'cat', 'airplane']",dog
4681,4,"['cat', 'automobile', 'frog', 'airplane']",automobile
4682,6,"['automobile', 'horse', 'ship', 'airplane']",airplane
4683,0,"['horse', 'deer', 'frog', 'cat']",horse
4684,9,"['dog', 'frog', 'cat', 'airplane']",dog
4685,6,"['automobile', 'horse', 'ship', 'airplane']",airplane
4686,7,"['automobile', 'cat', 'airplane', 'frog']",cat
4687,4,"['cat', 'automobile', 'frog', 'airplane']",automobile
4688,7,"['automobile', 'cat', 'airplane', 'frog']",cat
4689,0,"['horse', 'deer', 'frog', 'cat']",horse
4690,9,"['dog', 'frog', 'cat', 'airplane']",airplane
4691,9,"['dog', 'frog', 'cat', 'airplane']",airplane
4692,5,"['frog', 'ship', 'airplane', 'automobile']",ship
4693,6,"['automobile', 'horse', 'ship', 'airplane']",airplane
4694,5,"['frog', 'ship', 'airplane', 'automobile']",ship
4695,4,"['cat', 'automobile', 'frog', 'airplane']",automobile
4696,1,"['bird', 'dog', 'frog', 'cat', 'airplane']",airplane
4697,3,"['frog', 'ship', 'automobile', 'airplane']",ship
4698,5,"['frog', 'ship', 'airplane', 'automobile']",ship
4699,5,"['frog', 'ship', 'airplane', 'automobile']",ship
4700,2,"['ship', 'cat', 'automobile', 'airplane']",cat
4701,9,"['dog', 'frog', 'cat', 'airplane']",airplane
4702,5,"['frog', 'ship', 'airplane', 'automobile']",ship
4703,2,"['ship', 'cat', 'automobile', 'airplane']",automobile
4704,9,"['dog', 'frog', 'cat', 'airplane']",airplane
4705,7,"['automobile', 'cat', 'airplane', 'frog']",airplane
4706,7,"['automobile', 'cat', 'airplane', 'frog']",cat
4707,4,"['cat', 'automobile', 'frog', 'airplane']",automobile
4708,9,"['dog', 'frog', 'cat', 'airplane']",airplane
4709,4,"['cat', 'automobile', 'frog', 'airplane']",airplane
4710,4,"['cat', 'automobile', 'frog', 'airplane']",automobile
4711,8,"['horse', 'airplane', 'cat', 'frog']",horse
4712,7,"['automobile', 'cat', 'airplane', 'frog']",cat
4713,8,"['horse', 'airplane', 'cat', 'frog']",horse
4714,7,"['automobile', 'cat', 'airplane', 'frog']",cat
4715,4,"['cat', 'automobile', 'frog', 'airplane']",automobile
4716,5,"['frog', 'ship', 'airplane', 'automobile']",ship
4717,0,"['horse', 'deer', 'frog', 'cat']",frog
4718,8,"['horse', 'airplane', 'cat', 'frog']",horse
4719,2,"['ship', 'cat', 'automobile', 'airplane']",cat
4720,3,"['frog', 'ship', 'automobile', 'airplane']",ship
4721,0,"['horse', 'deer', 'frog', 'cat']",horse
4722,0,"['horse', 'deer', 'frog', 'cat']",horse
4723,8,"['horse', 'airplane', 'cat', 'frog']",horse
4724,8,"['horse', 'airplane', 'cat', 'frog']",horse
4725,4,"['cat', 'automobile', 'frog', 'airplane']",automobile
4726,0,"['horse', 'deer', 'frog', 'cat']",horse
4727,2,"['ship', 'cat', 'automobile', 'airplane']",cat
4728,5,"['frog', 'ship', 'airplane', 'automobile']",ship
4729,7,"['automobile', 'cat', 'airplane', 'frog']",cat
4730,2,"['ship', 'cat', 'automobile', 'airplane']",cat
4731,6,"['automobile', 'horse', 'ship', 'airplane']",airplane
4732,2,"['ship', 'cat', 'automobile', 'airplane']",cat
4733,5,"['frog', 'ship', 'airplane', 'automobile']",ship
4734,6,"['automobile', 'horse', 'ship', 'airplane']",airplane
4735,9,"['dog', 'frog', 'cat', 'airplane']",airplane
4736,7,"['automobile', 'cat', 'airplane', 'frog']",airplane
4737,3,"['frog', 'ship', 'automobile', 'airplane']",ship
4738,4,"['cat', 'automobile', 'frog', 'airplane']",automobile
4739,1,"['bird', 'dog', 'frog', 'cat', 'airplane']",airplane
4740,5,"['frog', 'ship', 'airplane', 'automobile']",ship
4741,4,"['cat', 'automobile', 'frog', 'airplane']",automobile
4742,8,"['horse', 'airplane', 'cat', 'frog']",horse
4743,8,"['horse', 'airplane', 'cat', 'frog']",horse
4744,4,"['cat', 'automobile', 'frog', 'airplane']",automobile
4745,3,"['frog', 'ship', 'automobile', 'airplane']",ship
4746,0,"['horse', 'deer', 'frog', 'cat']",horse
4747,7,"['automobile', 'cat', 'airplane', 'frog']",cat
4748,2,"['ship', 'cat', 'automobile', 'airplane']",cat
4749,9,"['dog', 'frog', 'cat', 'airplane']",dog
4750,4,"['cat', 'automobile', 'frog', 'airplane']",automobile
4751,6,"['automobile', 'horse', 'ship', 'airplane']",airplane
4752,6,"['automobile', 'horse', 'ship', 'airplane']",airplane
4753,4,"['cat', 'automobile', 'frog', 'airplane']",automobile
4754,9,"['dog', 'frog', 'cat', 'airplane']",dog
4755,2,"['ship', 'cat', 'automobile', 'airplane']",automobile
4756,4,"['cat', 'automobile', 'frog', 'airplane']",automobile
4757,8,"['horse', 'airplane', 'cat', 'frog']",horse
4758,8,"['horse', 'airplane', 'cat', 'frog']",horse
4759,0,"['horse', 'deer', 'frog', 'cat']",horse
4760,3,"['frog', 'ship', 'automobile', 'airplane']",ship
4761,8,"['horse', 'airplane', 'cat', 'frog']",horse
4762,1,"['bird', 'dog', 'frog', 'cat', 'airplane']",airplane
4763,4,"['cat', 'automobile', 'frog', 'airplane']",automobile
4764,1,"['bird', 'dog', 'frog', 'cat', 'airplane']",airplane
4765,0,"['horse', 'deer', 'frog', 'cat']",horse
4766,6,"['automobile', 'horse', 'ship', 'airplane']",airplane
4767,6,"['automobile', 'horse', 'ship', 'airplane']",automobile
4768,9,"['dog', 'frog', 'cat', 'airplane']",airplane
4769,1,"['bird', 'dog', 'frog', 'cat', 'airplane']",airplane
4770,6,"['automobile', 'horse', 'ship', 'airplane']",airplane
4771,2,"['ship', 'cat', 'automobile', 'airplane']",cat
4772,3,"['frog', 'ship', 'automobile', 'airplane']",ship
4773,4,"['cat', 'automobile', 'frog', 'airplane']",automobile
4774,0,"['horse', 'deer', 'frog', 'cat']",horse
4775,1,"['bird', 'dog', 'frog', 'cat', 'airplane']",airplane
4776,2,"['ship', 'cat', 'automobile', 'airplane']",cat
4777,2,"['ship', 'cat', 'automobile', 'airplane']",automobile
4778,0,"['horse', 'deer', 'frog', 'cat']",horse
4779,8,"['horse', 'airplane', 'cat', 'frog']",horse
4780,8,"['horse', 'airplane', 'cat', 'frog']",horse
4781,4,"['cat', 'automobile', 'frog', 'airplane']",automobile
4782,7,"['automobile', 'cat', 'airplane', 'frog']",cat
4783,9,"['dog', 'frog', 'cat', 'airplane']",dog
4784,9,"['dog', 'frog', 'cat', 'airplane']",dog
4785,6,"['automobile', 'horse', 'ship', 'airplane']",airplane
4786,6,"['automobile', 'horse', 'ship', 'airplane']",airplane
4787,0,"['horse', 'deer', 'frog', 'cat']",horse
4788,5,"['frog', 'ship', 'airplane', 'automobile']",ship
4789,6,"['automobile', 'horse', 'ship', 'airplane']",airplane
4790,7,"['automobile', 'cat', 'airplane', 'frog']",airplane
4791,3,"['frog', 'ship', 'automobile', 'airplane']",ship
4792,6,"['automobile', 'horse', 'ship', 'airplane']",airplane
4793,7,"['automobile', 'cat', 'airplane', 'frog']",cat
4794,8,"['horse', 'airplane', 'cat', 'frog']",horse
4795,7,"['automobile', 'cat', 'airplane', 'frog']",airplane
4796,3,"['frog', 'ship', 'automobile', 'airplane']",ship
4797,1,"['bird', 'dog', 'frog', 'cat', 'airplane']",airplane
4798,0,"['horse', 'deer', 'frog', 'cat']",horse
4799,3,"['frog', 'ship', 'automobile', 'airplane']",ship
4800,8,"['horse', 'airplane', 'cat', 'frog']",horse
4801,4,"['cat', 'automobile', 'frog', 'airplane']",automobile
4802,5,"['frog', 'ship', 'airplane', 'automobile']",ship
4803,1,"['bird', 'dog', 'frog', 'cat', 'airplane']",airplane
4804,8,"['horse', 'airplane', 'cat', 'frog']",horse
4805,6,"['automobile', 'horse', 'ship', 'airplane']",ship
4806,2,"['ship', 'cat', 'automobile', 'airplane']",automobile
4807,8,"['horse', 'airplane', 'cat', 'frog']",horse
4808,5,"['frog', 'ship', 'airplane', 'automobile']",ship
4809,7,"['automobile', 'cat', 'airplane', 'frog']",cat
4810,6,"['automobile', 'horse', 'ship', 'airplane']",airplane
4811,2,"['ship', 'cat', 'automobile', 'airplane']",cat
4812,8,"['horse', 'airplane', 'cat', 'frog']",horse
4813,6,"['automobile', 'horse', 'ship', 'airplane']",ship
4814,5,"['frog', 'ship', 'airplane', 'automobile']",ship
4815,8,"['horse', 'airplane', 'cat', 'frog']",horse
4816,0,"['horse', 'deer', 'frog', 'cat']",horse
4817,5,"['frog', 'ship', 'airplane', 'automobile']",ship
4818,9,"['dog', 'frog', 'cat', 'airplane']",airplane
4819,2,"['ship', 'cat', 'automobile', 'airplane']",automobile
4820,7,"['automobile', 'cat', 'airplane', 'frog']",cat
4821,0,"['horse', 'deer', 'frog', 'cat']",horse
4822,5,"['frog', 'ship', 'airplane', 'automobile']",ship
4823,8,"['horse', 'airplane', 'cat', 'frog']",horse
4824,6,"['automobile', 'horse', 'ship', 'airplane']",ship
4825,8,"['horse', 'airplane', 'cat', 'frog']",horse
4826,9,"['dog', 'frog', 'cat', 'airplane']",airplane
4827,3,"['frog', 'ship', 'automobile', 'airplane']",ship
4828,8,"['horse', 'airplane', 'cat', 'frog']",horse
4829,3,"['frog', 'ship', 'automobile', 'airplane']",ship
4830,2,"['ship', 'cat', 'automobile', 'airplane']",cat
4831,6,"['automobile', 'horse', 'ship', 'airplane']",ship
4832,8,"['horse', 'airplane', 'cat', 'frog']",horse
4833,7,"['automobile', 'cat', 'airplane', 'frog']",cat
4834,8,"['horse', 'airplane', 'cat', 'frog']",horse
4835,3,"['frog', 'ship', 'automobile', 'airplane']",ship
4836,3,"['frog', 'ship', 'automobile', 'airplane']",ship
4837,8,"['horse', 'airplane', 'cat', 'frog']",horse
4838,5,"['frog', 'ship', 'airplane', 'automobile']",ship
4839,4,"['cat', 'automobile', 'frog', 'airplane']",automobile
4840,1,"['bird', 'dog', 'frog', 'cat', 'airplane']",airplane
4841,2,"['ship', 'cat', 'automobile', 'airplane']",cat
4842,9,"['dog', 'frog', 'cat', 'airplane']",airplane
4843,6,"['automobile', 'horse', 'ship', 'airplane']",airplane
4844,5,"['frog', 'ship', 'airplane', 'automobile']",ship
4845,9,"['dog', 'frog', 'cat', 'airplane']",airplane
4846,4,"['cat', 'automobile', 'frog', 'airplane']",automobile
4847,3,"['frog', 'ship', 'automobile', 'airplane']",frog
4848,8,"['horse', 'airplane', 'cat', 'frog']",horse
4849,5,"['frog', 'ship', 'airplane', 'automobile']",ship
4850,5,"['frog', 'ship', 'airplane', 'automobile']",ship
4851,8,"['horse', 'airplane', 'cat', 'frog']",horse
4852,8,"['horse', 'airplane', 'cat', 'frog']",horse
4853,2,"['ship', 'cat', 'automobile', 'airplane']",cat
4854,0,"['horse', 'deer', 'frog', 'cat']",horse
4855,3,"['frog', 'ship', 'automobile', 'airplane']",ship
4856,1,"['bird', 'dog', 'frog', 'cat', 'airplane']",airplane
4857,4,"['cat', 'automobile', 'frog', 'airplane']",automobile
4858,1,"['bird', 'dog', 'frog', 'cat', 'airplane']",airplane
4859,0,"['horse', 'deer', 'frog', 'cat']",horse
4860,8,"['horse', 'airplane', 'cat', 'frog']",horse
4861,0,"['horse', 'deer', 'frog', 'cat']",horse
4862,5,"['frog', 'ship', 'airplane', 'automobile']",ship
4863,8,"['horse', 'airplane', 'cat', 'frog']",horse
4864,4,"['cat', 'automobile', 'frog', 'airplane']",automobile
4865,9,"['dog', 'frog', 'cat', 'airplane']",airplane
4866,1,"['bird', 'dog', 'frog', 'cat', 'airplane']",airplane
4867,8,"['horse', 'airplane', 'cat', 'frog']",horse
4868,0,"['horse', 'deer', 'frog', 'cat']",horse
4869,0,"['horse', 'deer', 'frog', 'cat']",horse
4870,6,"['automobile', 'horse', 'ship', 'airplane']",airplane
4871,7,"['automobile', 'cat', 'airplane', 'frog']",airplane
4872,7,"['automobile', 'cat', 'airplane', 'frog']",cat
4873,7,"['automobile', 'cat', 'airplane', 'frog']",cat
4874,5,"['frog', 'ship', 'airplane', 'automobile']",ship
4875,6,"['automobile', 'horse', 'ship', 'airplane']",airplane
4876,3,"['frog', 'ship', 'automobile', 'airplane']",ship
4877,6,"['automobile', 'horse', 'ship', 'airplane']",airplane
4878,5,"['frog', 'ship', 'airplane', 'automobile']",ship
4879,8,"['horse', 'airplane', 'cat', 'frog']",horse
4880,2,"['ship', 'cat', 'automobile', 'airplane']",ship
4881,6,"['automobile', 'horse', 'ship', 'airplane']",airplane
4882,5,"['frog', 'ship', 'airplane', 'automobile']",ship
4883,7,"['automobile', 'cat', 'airplane', 'frog']",cat
4884,5,"['frog', 'ship', 'airplane', 'automobile']",ship
4885,4,"['cat', 'automobile', 'frog', 'airplane']",automobile
4886,7,"['automobile', 'cat', 'airplane', 'frog']",cat
4887,3,"['frog', 'ship', 'automobile', 'airplane']",ship
4888,2,"['ship', 'cat', 'automobile', 'airplane']",automobile
4889,9,"['dog', 'frog', 'cat', 'airplane']",airplane
4890,5,"['frog', 'ship', 'airplane', 'automobile']",ship
4891,8,"['horse', 'airplane', 'cat', 'frog']",horse
4892,8,"['horse', 'airplane', 'cat', 'frog']",horse
4893,5,"['frog', 'ship', 'airplane', 'automobile']",ship
4894,7,"['automobile', 'cat', 'airplane', 'frog']",airplane
4895,2,"['ship', 'cat', 'automobile', 'airplane']",ship
4896,2,"['ship', 'cat', 'automobile', 'airplane']",cat
4897,8,"['horse', 'airplane', 'cat', 'frog']",horse
4898,7,"['automobile', 'cat', 'airplane', 'frog']",frog
4899,6,"['automobile', 'horse', 'ship', 'airplane']",airplane
4900,7,"['automobile', 'cat', 'airplane', 'frog']",airplane
4901,7,"['automobile', 'cat', 'airplane', 'frog']",airplane
4902,2,"['ship', 'cat', 'automobile', 'airplane']",cat
4903,7,"['automobile', 'cat', 'airplane', 'frog']",cat
4904,6,"['automobile', 'horse', 'ship', 'airplane']",airplane
4905,4,"['cat', 'automobile', 'frog', 'airplane']",automobile
4906,0,"['horse', 'deer', 'frog', 'cat']",horse
4907,6,"['automobile', 'horse', 'ship', 'airplane']",airplane
4908,3,"['frog', 'ship', 'automobile', 'airplane']",ship
4909,1,"['bird', 'dog', 'frog', 'cat', 'airplane']",airplane
4910,4,"['cat', 'automobile', 'frog', 'airplane']",automobile
4911,6,"['automobile', 'horse', 'ship', 'airplane']",airplane
4912,3,"['frog', 'ship', 'automobile', 'airplane']",ship
4913,9,"['dog', 'frog', 'cat', 'airplane']",airplane
4914,8,"['horse', 'airplane', 'cat', 'frog']",horse
4915,3,"['frog', 'ship', 'automobile', 'airplane']",ship
4916,8,"['horse', 'airplane', 'cat', 'frog']",horse
4917,1,"['bird', 'dog', 'frog', 'cat', 'airplane']",airplane
4918,0,"['horse', 'deer', 'frog', 'cat']",horse
4919,0,"['horse', 'deer', 'frog', 'cat']",horse
4920,5,"['frog', 'ship', 'airplane', 'automobile']",ship
4921,3,"['frog', 'ship', 'automobile', 'airplane']",ship
4922,5,"['frog', 'ship', 'airplane', 'automobile']",ship
4923,8,"['horse', 'airplane', 'cat', 'frog']",horse
4924,4,"['cat', 'automobile', 'frog', 'airplane']",frog
4925,0,"['horse', 'deer', 'frog', 'cat']",horse
4926,6,"['automobile', 'horse', 'ship', 'airplane']",airplane
4927,1,"['bird', 'dog', 'frog', 'cat', 'airplane']",airplane
4928,7,"['automobile', 'cat', 'airplane', 'frog']",cat
4929,0,"['horse', 'deer', 'frog', 'cat']",horse
4930,2,"['ship', 'cat', 'automobile', 'airplane']",automobile
4931,2,"['ship', 'cat', 'automobile', 'airplane']",ship
4932,1,"['bird', 'dog', 'frog', 'cat', 'airplane']",airplane
4933,7,"['automobile', 'cat', 'airplane', 'frog']",cat
4934,3,"['frog', 'ship', 'automobile', 'airplane']",ship
4935,0,"['horse', 'deer', 'frog', 'cat']",horse
4936,8,"['horse', 'airplane', 'cat', 'frog']",horse
4937,6,"['automobile', 'horse', 'ship', 'airplane']",automobile
4938,7,"['automobile', 'cat', 'airplane', 'frog']",airplane
4939,7,"['automobile', 'cat', 'airplane', 'frog']",cat
4940,0,"['horse', 'deer', 'frog', 'cat']",horse
4941,0,"['horse', 'deer', 'frog', 'cat']",horse
4942,1,"['bird', 'dog', 'frog', 'cat', 'airplane']",airplane
4943,4,"['cat', 'automobile', 'frog', 'airplane']",automobile
4944,1,"['bird', 'dog', 'frog', 'cat', 'airplane']",airplane
4945,1,"['bird', 'dog', 'frog', 'cat', 'airplane']",airplane
4946,6,"['automobile', 'horse', 'ship', 'airplane']",ship
4947,6,"['automobile', 'horse', 'ship', 'airplane']",airplane
4948,6,"['automobile', 'horse', 'ship', 'airplane']",airplane
4949,1,"['bird', 'dog', 'frog', 'cat', 'airplane']",airplane
4950,3,"['frog', 'ship', 'automobile', 'airplane']",ship
4951,6,"['automobile', 'horse', 'ship', 'airplane']",airplane
4952,0,"['horse', 'deer', 'frog', 'cat']",horse
4953,1,"['bird', 'dog', 'frog', 'cat', 'airplane']",airplane
4954,3,"['frog', 'ship', 'automobile', 'airplane']",ship
4955,8,"['horse', 'airplane', 'cat', 'frog']",horse
4956,5,"['frog', 'ship', 'airplane', 'automobile']",ship
4957,0,"['horse', 'deer', 'frog', 'cat']",horse
4958,1,"['bird', 'dog', 'frog', 'cat', 'airplane']",airplane
4959,6,"['automobile', 'horse', 'ship', 'airplane']",ship
4960,5,"['frog', 'ship', 'airplane', 'automobile']",ship
4961,5,"['frog', 'ship', 'airplane', 'automobile']",ship
4962,4,"['cat', 'automobile', 'frog', 'airplane']",automobile
4963,3,"['frog', 'ship', 'automobile', 'airplane']",ship
4964,9,"['dog', 'frog', 'cat', 'airplane']",airplane
4965,8,"['horse', 'airplane', 'cat', 'frog']",horse
4966,6,"['automobile', 'horse', 'ship', 'airplane']",automobile
4967,0,"['horse', 'deer', 'frog', 'cat']",horse
4968,5,"['frog', 'ship', 'airplane', 'automobile']",ship
4969,4,"['cat', 'automobile', 'frog', 'airplane']",automobile
4970,9,"['dog', 'frog', 'cat', 'airplane']",airplane
4971,2,"['ship', 'cat', 'automobile', 'airplane']",ship
4972,8,"['horse', 'airplane', 'cat', 'frog']",horse
4973,4,"['cat', 'automobile', 'frog', 'airplane']",automobile
4974,8,"['horse', 'airplane', 'cat', 'frog']",horse
4975,8,"['horse', 'airplane', 'cat', 'frog']",horse
4976,2,"['ship', 'cat', 'automobile', 'airplane']",automobile
4977,1,"['bird', 'dog', 'frog', 'cat', 'airplane']",airplane
4978,4,"['cat', 'automobile', 'frog', 'airplane']",automobile
4979,8,"['horse', 'airplane', 'cat', 'frog']",horse
4980,6,"['automobile', 'horse', 'ship', 'airplane']",airplane
4981,7,"['automobile', 'cat', 'airplane', 'frog']",cat
4982,3,"['frog', 'ship', 'automobile', 'airplane']",ship
4983,1,"['bird', 'dog', 'frog', 'cat', 'airplane']",airplane
4984,3,"['frog', 'ship', 'automobile', 'airplane']",ship
4985,4,"['cat', 'automobile', 'frog', 'airplane']",automobile
4986,9,"['dog', 'frog', 'cat', 'airplane']",airplane
4987,4,"['cat', 'automobile', 'frog', 'airplane']",airplane
4988,8,"['horse', 'airplane', 'cat', 'frog']",horse
4989,4,"['cat', 'automobile', 'frog', 'airplane']",automobile
4990,5,"['frog', 'ship', 'airplane', 'automobile']",ship
4991,0,"['horse', 'deer', 'frog', 'cat']",horse
4992,9,"['dog', 'frog', 'cat', 'airplane']",airplane
4993,1,"['bird', 'dog', 'frog', 'cat', 'airplane']",airplane
4994,3,"['frog', 'ship', 'automobile', 'airplane']",ship
4995,8,"['horse', 'airplane', 'cat', 'frog']",horse
4996,7,"['automobile', 'cat', 'airplane', 'frog']",airplane
4997,5,"['frog', 'ship', 'airplane', 'automobile']",ship
4998,4,"['cat', 'automobile', 'frog', 'airplane']",automobile
4999,6,"['automobile', 'horse', 'ship', 'airplane']",automobile
5000,6,"['automobile', 'horse', 'ship', 'airplane']",ship
5001,7,"['automobile', 'cat', 'airplane', 'frog']",cat
5002,9,"['dog', 'frog', 'cat', 'airplane']",dog
5003,0,"['horse', 'deer', 'frog', 'cat']",horse
5004,5,"['frog', 'ship', 'airplane', 'automobile']",ship
5005,2,"['ship', 'cat', 'automobile', 'airplane']",cat
5006,3,"['frog', 'ship', 'automobile', 'airplane']",ship
5007,3,"['frog', 'ship', 'automobile', 'airplane']",ship
5008,3,"['frog', 'ship', 'automobile', 'airplane']",ship
5009,9,"['dog', 'frog', 'cat', 'airplane']",airplane
5010,0,"['horse', 'deer', 'frog', 'cat']",horse
5011,9,"['dog', 'frog', 'cat', 'airplane']",airplane
5012,2,"['ship', 'cat', 'automobile', 'airplane']",cat
5013,9,"['dog', 'frog', 'cat', 'airplane']",airplane
5014,1,"['bird', 'dog', 'frog', 'cat', 'airplane']",airplane
5015,0,"['horse', 'deer', 'frog', 'cat']",horse
5016,2,"['ship', 'cat', 'automobile', 'airplane']",cat
5017,3,"['frog', 'ship', 'automobile', 'airplane']",ship
5018,9,"['dog', 'frog', 'cat', 'airplane']",airplane
5019,6,"['automobile', 'horse', 'ship', 'airplane']",airplane
5020,6,"['automobile', 'horse', 'ship', 'airplane']",horse
5021,1,"['bird', 'dog', 'frog', 'cat', 'airplane']",airplane
5022,6,"['automobile', 'horse', 'ship', 'airplane']",ship
5023,3,"['frog', 'ship', 'automobile', 'airplane']",ship
5024,7,"['automobile', 'cat', 'airplane', 'frog']",cat
5025,6,"['automobile', 'horse', 'ship', 'airplane']",automobile
5026,2,"['ship', 'cat', 'automobile', 'airplane']",cat
5027,7,"['automobile', 'cat', 'airplane', 'frog']",cat
5028,0,"['horse', 'deer', 'frog', 'cat']",horse
5029,4,"['cat', 'automobile', 'frog', 'airplane']",automobile
5030,8,"['horse', 'airplane', 'cat', 'frog']",horse
5031,9,"['dog', 'frog', 'cat', 'airplane']",airplane
5032,6,"['automobile', 'horse', 'ship', 'airplane']",ship
5033,0,"['horse', 'deer', 'frog', 'cat']",horse
5034,7,"['automobile', 'cat', 'airplane', 'frog']",cat
5035,7,"['automobile', 'cat', 'airplane', 'frog']",airplane
5036,5,"['frog', 'ship', 'airplane', 'automobile']",ship
5037,0,"['horse', 'deer', 'frog', 'cat']",horse
5038,4,"['cat', 'automobile', 'frog', 'airplane']",automobile
5039,5,"['frog', 'ship', 'airplane', 'automobile']",ship
5040,9,"['dog', 'frog', 'cat', 'airplane']",airplane
5041,6,"['automobile', 'horse', 'ship', 'airplane']",automobile
5042,4,"['cat', 'automobile', 'frog', 'airplane']",automobile
5043,5,"['frog', 'ship', 'airplane', 'automobile']",ship
5044,7,"['automobile', 'cat', 'airplane', 'frog']",cat
5045,9,"['dog', 'frog', 'cat', 'airplane']",airplane
5046,3,"['frog', 'ship', 'automobile', 'airplane']",ship
5047,7,"['automobile', 'cat', 'airplane', 'frog']",airplane
5048,8,"['horse', 'airplane', 'cat', 'frog']",horse
5049,5,"['frog', 'ship', 'airplane', 'automobile']",ship
5050,0,"['horse', 'deer', 'frog', 'cat']",horse
5051,4,"['cat', 'automobile', 'frog', 'airplane']",automobile
5052,1,"['bird', 'dog', 'frog', 'cat', 'airplane']",airplane
5053,3,"['frog', 'ship', 'automobile', 'airplane']",ship
5054,8,"['horse', 'airplane', 'cat', 'frog']",horse
5055,6,"['automobile', 'horse', 'ship', 'airplane']",airplane
5056,9,"['dog', 'frog', 'cat', 'airplane']",airplane
5057,5,"['frog', 'ship', 'airplane', 'automobile']",ship
5058,7,"['automobile', 'cat', 'airplane', 'frog']",cat
5059,6,"['automobile', 'horse', 'ship', 'airplane']",airplane
5060,7,"['automobile', 'cat', 'airplane', 'frog']",cat
5061,7,"['automobile', 'cat', 'airplane', 'frog']",frog
5062,3,"['frog', 'ship', 'automobile', 'airplane']",ship
5063,4,"['cat', 'automobile', 'frog', 'airplane']",automobile
5064,2,"['ship', 'cat', 'automobile', 'airplane']",cat
5065,3,"['frog', 'ship', 'automobile', 'airplane']",ship
5066,6,"['automobile', 'horse', 'ship', 'airplane']",airplane
5067,4,"['cat', 'automobile', 'frog', 'airplane']",automobile
5068,5,"['frog', 'ship', 'airplane', 'automobile']",ship
5069,0,"['horse', 'deer', 'frog', 'cat']",horse
5070,1,"['bird', 'dog', 'frog', 'cat', 'airplane']",airplane
5071,9,"['dog', 'frog', 'cat', 'airplane']",dog
5072,3,"['frog', 'ship', 'automobile', 'airplane']",ship
5073,8,"['horse', 'airplane', 'cat', 'frog']",horse
5074,4,"['cat', 'automobile', 'frog', 'airplane']",automobile
5075,4,"['cat', 'automobile', 'frog', 'airplane']",automobile
5076,1,"['bird', 'dog', 'frog', 'cat', 'airplane']",airplane
5077,9,"['dog', 'frog', 'cat', 'airplane']",dog
5078,8,"['horse', 'airplane', 'cat', 'frog']",horse
5079,9,"['dog', 'frog', 'cat', 'airplane']",airplane
5080,3,"['frog', 'ship', 'automobile', 'airplane']",ship
5081,6,"['automobile', 'horse', 'ship', 'airplane']",ship
5082,0,"['horse', 'deer', 'frog', 'cat']",horse
5083,9,"['dog', 'frog', 'cat', 'airplane']",dog
5084,1,"['bird', 'dog', 'frog', 'cat', 'airplane']",airplane
5085,6,"['automobile', 'horse', 'ship', 'airplane']",airplane
5086,3,"['frog', 'ship', 'automobile', 'airplane']",ship
5087,2,"['ship', 'cat', 'automobile', 'airplane']",automobile
5088,3,"['frog', 'ship', 'automobile', 'airplane']",ship
5089,0,"['horse', 'deer', 'frog', 'cat']",horse
5090,5,"['frog', 'ship', 'airplane', 'automobile']",ship
5091,8,"['horse', 'airplane', 'cat', 'frog']",horse
5092,8,"['horse', 'airplane', 'cat', 'frog']",horse
5093,0,"['horse', 'deer', 'frog', 'cat']",horse
5094,0,"['horse', 'deer', 'frog', 'cat']",horse
5095,6,"['automobile', 'horse', 'ship', 'airplane']",airplane
5096,2,"['ship', 'cat', 'automobile', 'airplane']",automobile
5097,3,"['frog', 'ship', 'automobile', 'airplane']",ship
5098,5,"['frog', 'ship', 'airplane', 'automobile']",ship
5099,1,"['bird', 'dog', 'frog', 'cat', 'airplane']",airplane
5100,5,"['frog', 'ship', 'airplane', 'automobile']",ship
5101,7,"['automobile', 'cat', 'airplane', 'frog']",cat
5102,1,"['bird', 'dog', 'frog', 'cat', 'airplane']",airplane
5103,0,"['horse', 'deer', 'frog', 'cat']",horse
5104,9,"['dog', 'frog', 'cat', 'airplane']",airplane
5105,8,"['horse', 'airplane', 'cat', 'frog']",horse
5106,3,"['frog', 'ship', 'automobile', 'airplane']",ship
5107,3,"['frog', 'ship', 'automobile', 'airplane']",ship
5108,5,"['frog', 'ship', 'airplane', 'automobile']",ship
5109,6,"['automobile', 'horse', 'ship', 'airplane']",horse
5110,3,"['frog', 'ship', 'automobile', 'airplane']",ship
5111,2,"['ship', 'cat', 'automobile', 'airplane']",cat
5112,1,"['bird', 'dog', 'frog', 'cat', 'airplane']",airplane
5113,3,"['frog', 'ship', 'automobile', 'airplane']",ship
5114,7,"['automobile', 'cat', 'airplane', 'frog']",cat
5115,0,"['horse', 'deer', 'frog', 'cat']",horse
5116,7,"['automobile', 'cat', 'airplane', 'frog']",cat
5117,7,"['automobile', 'cat', 'airplane', 'frog']",cat
5118,2,"['ship', 'cat', 'automobile', 'airplane']",automobile
5119,4,"['cat', 'automobile', 'frog', 'airplane']",automobile
5120,7,"['automobile', 'cat', 'airplane', 'frog']",airplane
5121,7,"['automobile', 'cat', 'airplane', 'frog']",airplane
5122,6,"['automobile', 'horse', 'ship', 'airplane']",airplane
5123,2,"['ship', 'cat', 'automobile', 'airplane']",cat
5124,6,"['automobile', 'horse', 'ship', 'airplane']",airplane
5125,1,"['bird', 'dog', 'frog', 'cat', 'airplane']",airplane
5126,7,"['automobile', 'cat', 'airplane', 'frog']",cat
5127,2,"['ship', 'cat', 'automobile', 'airplane']",ship
5128,3,"['frog', 'ship', 'automobile', 'airplane']",ship
5129,3,"['frog', 'ship', 'automobile', 'airplane']",ship
5130,0,"['horse', 'deer', 'frog', 'cat']",horse
5131,2,"['ship', 'cat', 'automobile', 'airplane']",cat
5132,2,"['ship', 'cat', 'automobile', 'airplane']",cat
5133,9,"['dog', 'frog', 'cat', 'airplane']",airplane
5134,6,"['automobile', 'horse', 'ship', 'airplane']",airplane
5135,5,"['frog', 'ship', 'airplane', 'automobile']",ship
5136,5,"['frog', 'ship', 'airplane', 'automobile']",ship
5137,1,"['bird', 'dog', 'frog', 'cat', 'airplane']",airplane
5138,9,"['dog', 'frog', 'cat', 'airplane']",dog
5139,7,"['automobile', 'cat', 'airplane', 'frog']",cat
5140,9,"['dog', 'frog', 'cat', 'airplane']",airplane
5141,4,"['cat', 'automobile', 'frog', 'airplane']",automobile
5142,6,"['automobile', 'horse', 'ship', 'airplane']",ship
5143,4,"['cat', 'automobile', 'frog', 'airplane']",automobile
5144,1,"['bird', 'dog', 'frog', 'cat', 'airplane']",airplane
5145,9,"['dog', 'frog', 'cat', 'airplane']",airplane
5146,1,"['bird', 'dog', 'frog', 'cat', 'airplane']",airplane
5147,3,"['frog', 'ship', 'automobile', 'airplane']",ship
5148,6,"['automobile', 'horse', 'ship', 'airplane']",airplane
5149,1,"['bird', 'dog', 'frog', 'cat', 'airplane']",airplane
5150,2,"['ship', 'cat', 'automobile', 'airplane']",cat
5151,2,"['ship', 'cat', 'automobile', 'airplane']",cat
5152,5,"['frog', 'ship', 'airplane', 'automobile']",ship
5153,8,"['horse', 'airplane', 'cat', 'frog']",horse
5154,0,"['horse', 'deer', 'frog', 'cat']",horse
5155,8,"['horse', 'airplane', 'cat', 'frog']",horse
5156,5,"['frog', 'ship', 'airplane', 'automobile']",ship
5157,1,"['bird', 'dog', 'frog', 'cat', 'airplane']",airplane
5158,7,"['automobile', 'cat', 'airplane', 'frog']",frog
5159,6,"['automobile', 'horse', 'ship', 'airplane']",airplane
5160,7,"['automobile', 'cat', 'airplane', 'frog']",cat
5161,9,"['dog', 'frog', 'cat', 'airplane']",dog
5162,3,"['frog', 'ship', 'automobile', 'airplane']",ship
5163,0,"['horse', 'deer', 'frog', 'cat']",horse
5164,9,"['dog', 'frog', 'cat', 'airplane']",dog
5165,2,"['ship', 'cat', 'automobile', 'airplane']",cat
5166,2,"['ship', 'cat', 'automobile', 'airplane']",automobile
5167,6,"['automobile', 'horse', 'ship', 'airplane']",ship
5168,7,"['automobile', 'cat', 'airplane', 'frog']",airplane
5169,6,"['automobile', 'horse', 'ship', 'airplane']",airplane
5170,9,"['dog', 'frog', 'cat', 'airplane']",dog
5171,1,"['bird', 'dog', 'frog', 'cat', 'airplane']",airplane
5172,9,"['dog', 'frog', 'cat', 'airplane']",airplane
5173,4,"['cat', 'automobile', 'frog', 'airplane']",airplane
5174,0,"['horse', 'deer', 'frog', 'cat']",horse
5175,5,"['frog', 'ship', 'airplane', 'automobile']",ship
5176,6,"['automobile', 'horse', 'ship', 'airplane']",airplane
5177,6,"['automobile', 'horse', 'ship', 'airplane']",airplane
5178,4,"['cat', 'automobile', 'frog', 'airplane']",automobile
5179,4,"['cat', 'automobile', 'frog', 'airplane']",automobile
5180,4,"['cat', 'automobile', 'frog', 'airplane']",automobile
5181,1,"['bird', 'dog', 'frog', 'cat', 'airplane']",airplane
5182,6,"['automobile', 'horse', 'ship', 'airplane']",automobile
5183,3,"['frog', 'ship', 'automobile', 'airplane']",ship
5184,2,"['ship', 'cat', 'automobile', 'airplane']",automobile
5185,8,"['horse', 'airplane', 'cat', 'frog']",horse
5186,9,"['dog', 'frog', 'cat', 'airplane']",airplane
5187,4,"['cat', 'automobile', 'frog', 'airplane']",automobile
5188,7,"['automobile', 'cat', 'airplane', 'frog']",cat
5189,2,"['ship', 'cat', 'automobile', 'airplane']",automobile
5190,3,"['frog', 'ship', 'automobile', 'airplane']",ship
5191,9,"['dog', 'frog', 'cat', 'airplane']",airplane
5192,3,"['frog', 'ship', 'automobile', 'airplane']",ship
5193,4,"['cat', 'automobile', 'frog', 'airplane']",automobile
5194,0,"['horse', 'deer', 'frog', 'cat']",horse
5195,1,"['bird', 'dog', 'frog', 'cat', 'airplane']",airplane
5196,1,"['bird', 'dog', 'frog', 'cat', 'airplane']",airplane
5197,1,"['bird', 'dog', 'frog', 'cat', 'airplane']",airplane
5198,9,"['dog', 'frog', 'cat', 'airplane']",airplane
5199,9,"['dog', 'frog', 'cat', 'airplane']",dog
5200,7,"['automobile', 'cat', 'airplane', 'frog']",cat
5201,5,"['frog', 'ship', 'airplane', 'automobile']",ship
5202,1,"['bird', 'dog', 'frog', 'cat', 'airplane']",airplane
5203,9,"['dog', 'frog', 'cat', 'airplane']",airplane
5204,2,"['ship', 'cat', 'automobile', 'airplane']",automobile
5205,5,"['frog', 'ship', 'airplane', 'automobile']",ship
5206,6,"['automobile', 'horse', 'ship', 'airplane']",airplane
5207,1,"['bird', 'dog', 'frog', 'cat', 'airplane']",airplane
5208,5,"['frog', 'ship', 'airplane', 'automobile']",ship
5209,3,"['frog', 'ship', 'automobile', 'airplane']",ship
5210,0,"['horse', 'deer', 'frog', 'cat']",horse
5211,1,"['bird', 'dog', 'frog', 'cat', 'airplane']",airplane
5212,4,"['cat', 'automobile', 'frog', 'airplane']",frog
5213,9,"['dog', 'frog', 'cat', 'airplane']",dog
5214,4,"['cat', 'automobile', 'frog', 'airplane']",automobile
5215,2,"['ship', 'cat', 'automobile', 'airplane']",cat
5216,0,"['horse', 'deer', 'frog', 'cat']",horse
5217,8,"['horse', 'airplane', 'cat', 'frog']",horse
5218,3,"['frog', 'ship', 'automobile', 'airplane']",ship
5219,2,"['ship', 'cat', 'automobile', 'airplane']",cat
5220,7,"['automobile', 'cat', 'airplane', 'frog']",cat
5221,3,"['frog', 'ship', 'automobile', 'airplane']",ship
5222,8,"['horse', 'airplane', 'cat', 'frog']",horse
5223,6,"['automobile', 'horse', 'ship', 'airplane']",automobile
5224,1,"['bird', 'dog', 'frog', 'cat', 'airplane']",airplane
5225,4,"['cat', 'automobile', 'frog', 'airplane']",automobile
5226,2,"['ship', 'cat', 'automobile', 'airplane']",cat
5227,4,"['cat', 'automobile', 'frog', 'airplane']",automobile
5228,9,"['dog', 'frog', 'cat', 'airplane']",dog
5229,4,"['cat', 'automobile', 'frog', 'airplane']",automobile
5230,6,"['automobile', 'horse', 'ship', 'airplane']",airplane
5231,9,"['dog', 'frog', 'cat', 'airplane']",airplane
5232,1,"['bird', 'dog', 'frog', 'cat', 'airplane']",airplane
5233,5,"['frog', 'ship', 'airplane', 'automobile']",ship
5234,9,"['dog', 'frog', 'cat', 'airplane']",airplane
5235,9,"['dog', 'frog', 'cat', 'airplane']",airplane
5236,1,"['bird', 'dog', 'frog', 'cat', 'airplane']",airplane
5237,4,"['cat', 'automobile', 'frog', 'airplane']",automobile
5238,2,"['ship', 'cat', 'automobile', 'airplane']",automobile
5239,7,"['automobile', 'cat', 'airplane', 'frog']",cat
5240,2,"['ship', 'cat', 'automobile', 'airplane']",cat
5241,7,"['automobile', 'cat', 'airplane', 'frog']",cat
5242,3,"['frog', 'ship', 'automobile', 'airplane']",ship
5243,1,"['bird', 'dog', 'frog', 'cat', 'airplane']",airplane
5244,9,"['dog', 'frog', 'cat', 'airplane']",airplane
5245,8,"['horse', 'airplane', 'cat', 'frog']",horse
5246,8,"['horse', 'airplane', 'cat', 'frog']",horse
5247,1,"['bird', 'dog', 'frog', 'cat', 'airplane']",airplane
5248,2,"['ship', 'cat', 'automobile', 'airplane']",cat
5249,0,"['horse', 'deer', 'frog', 'cat']",horse
5250,8,"['horse', 'airplane', 'cat', 'frog']",horse
5251,8,"['horse', 'airplane', 'cat', 'frog']",horse
5252,2,"['ship', 'cat', 'automobile', 'airplane']",cat
5253,8,"['horse', 'airplane', 'cat', 'frog']",horse
5254,7,"['automobile', 'cat', 'airplane', 'frog']",airplane
5255,8,"['horse', 'airplane', 'cat', 'frog']",horse
5256,4,"['cat', 'automobile', 'frog', 'airplane']",automobile
5257,1,"['bird', 'dog', 'frog', 'cat', 'airplane']",airplane
5258,7,"['automobile', 'cat', 'airplane', 'frog']",cat
5259,4,"['cat', 'automobile', 'frog', 'airplane']",automobile
5260,3,"['frog', 'ship', 'automobile', 'airplane']",ship
5261,1,"['bird', 'dog', 'frog', 'cat', 'airplane']",airplane
5262,8,"['horse', 'airplane', 'cat', 'frog']",horse
5263,6,"['automobile', 'horse', 'ship', 'airplane']",airplane
5264,4,"['cat', 'automobile', 'frog', 'airplane']",automobile
5265,5,"['frog', 'ship', 'airplane', 'automobile']",ship
5266,0,"['horse', 'deer', 'frog', 'cat']",horse
5267,5,"['frog', 'ship', 'airplane', 'automobile']",ship
5268,6,"['automobile', 'horse', 'ship', 'airplane']",airplane
5269,7,"['automobile', 'cat', 'airplane', 'frog']",cat
5270,5,"['frog', 'ship', 'airplane', 'automobile']",ship
5271,9,"['dog', 'frog', 'cat', 'airplane']",dog
5272,8,"['horse', 'airplane', 'cat', 'frog']",horse
5273,8,"['horse', 'airplane', 'cat', 'frog']",horse
5274,8,"['horse', 'airplane', 'cat', 'frog']",horse
5275,9,"['dog', 'frog', 'cat', 'airplane']",airplane
5276,7,"['automobile', 'cat', 'airplane', 'frog']",cat
5277,3,"['frog', 'ship', 'automobile', 'airplane']",ship
5278,8,"['horse', 'airplane', 'cat', 'frog']",horse
5279,7,"['automobile', 'cat', 'airplane', 'frog']",airplane
5280,8,"['horse', 'airplane', 'cat', 'frog']",horse
5281,2,"['ship', 'cat', 'automobile', 'airplane']",cat
5282,1,"['bird', 'dog', 'frog', 'cat', 'airplane']",airplane
5283,8,"['horse', 'airplane', 'cat', 'frog']",horse
5284,8,"['horse', 'airplane', 'cat', 'frog']",horse
5285,4,"['cat', 'automobile', 'frog', 'airplane']",automobile
5286,9,"['dog', 'frog', 'cat', 'airplane']",airplane
5287,1,"['bird', 'dog', 'frog', 'cat', 'airplane']",airplane
5288,5,"['frog', 'ship', 'airplane', 'automobile']",ship
5289,4,"['cat', 'automobile', 'frog', 'airplane']",automobile
5290,2,"['ship', 'cat', 'automobile', 'airplane']",cat
5291,6,"['automobile', 'horse', 'ship', 'airplane']",airplane
5292,6,"['automobile', 'horse', 'ship', 'airplane']",airplane
5293,9,"['dog', 'frog', 'cat', 'airplane']",airplane
5294,2,"['ship', 'cat', 'automobile', 'airplane']",cat
5295,7,"['automobile', 'cat', 'airplane', 'frog']",airplane
5296,2,"['ship', 'cat', 'automobile', 'airplane']",cat
5297,8,"['horse', 'airplane', 'cat', 'frog']",horse
5298,4,"['cat', 'automobile', 'frog', 'airplane']",automobile
5299,2,"['ship', 'cat', 'automobile', 'airplane']",automobile
5300,9,"['dog', 'frog', 'cat', 'airplane']",airplane
5301,1,"['bird', 'dog', 'frog', 'cat', 'airplane']",airplane
5302,6,"['automobile', 'horse', 'ship', 'airplane']",airplane
5303,5,"['frog', 'ship', 'airplane', 'automobile']",ship
5304,8,"['horse', 'airplane', 'cat', 'frog']",horse
5305,5,"['frog', 'ship', 'airplane', 'automobile']",ship
5306,9,"['dog', 'frog', 'cat', 'airplane']",airplane
5307,7,"['automobile', 'cat', 'airplane', 'frog']",airplane
5308,6,"['automobile', 'horse', 'ship', 'airplane']",airplane
5309,2,"['ship', 'cat', 'automobile', 'airplane']",cat
5310,9,"['dog', 'frog', 'cat', 'airplane']",dog
5311,1,"['bird', 'dog', 'frog', 'cat', 'airplane']",airplane
5312,8,"['horse', 'airplane', 'cat', 'frog']",horse
5313,7,"['automobile', 'cat', 'airplane', 'frog']",cat
5314,0,"['horse', 'deer', 'frog', 'cat']",horse
5315,9,"['dog', 'frog', 'cat', 'airplane']",dog
5316,9,"['dog', 'frog', 'cat', 'airplane']",dog
5317,7,"['automobile', 'cat', 'airplane', 'frog']",cat
5318,6,"['automobile', 'horse', 'ship', 'airplane']",airplane
5319,3,"['frog', 'ship', 'automobile', 'airplane']",ship
5320,9,"['dog', 'frog', 'cat', 'airplane']",airplane
5321,3,"['frog', 'ship', 'automobile', 'airplane']",ship
5322,0,"['horse', 'deer', 'frog', 'cat']",horse
5323,0,"['horse', 'deer', 'frog', 'cat']",horse
5324,0,"['horse', 'deer', 'frog', 'cat']",horse
5325,7,"['automobile', 'cat', 'airplane', 'frog']",cat
5326,7,"['automobile', 'cat', 'airplane', 'frog']",cat
5327,0,"['horse', 'deer', 'frog', 'cat']",horse
5328,7,"['automobile', 'cat', 'airplane', 'frog']",cat
5329,3,"['frog', 'ship', 'automobile', 'airplane']",ship
5330,9,"['dog', 'frog', 'cat', 'airplane']",dog
5331,0,"['horse', 'deer', 'frog', 'cat']",horse
5332,9,"['dog', 'frog', 'cat', 'airplane']",airplane
5333,2,"['ship', 'cat', 'automobile', 'airplane']",cat
5334,1,"['bird', 'dog', 'frog', 'cat', 'airplane']",airplane
5335,5,"['frog', 'ship', 'airplane', 'automobile']",ship
5336,7,"['automobile', 'cat', 'airplane', 'frog']",cat
5337,1,"['bird', 'dog', 'frog', 'cat', 'airplane']",airplane
5338,6,"['automobile', 'horse', 'ship', 'airplane']",airplane
5339,8,"['horse', 'airplane', 'cat', 'frog']",horse
5340,2,"['ship', 'cat', 'automobile', 'airplane']",cat
5341,0,"['horse', 'deer', 'frog', 'cat']",horse
5342,4,"['cat', 'automobile', 'frog', 'airplane']",automobile
5343,2,"['ship', 'cat', 'automobile', 'airplane']",cat
5344,1,"['bird', 'dog', 'frog', 'cat', 'airplane']",airplane
5345,4,"['cat', 'automobile', 'frog', 'airplane']",automobile
5346,0,"['horse', 'deer', 'frog', 'cat']",horse
5347,4,"['cat', 'automobile', 'frog', 'airplane']",automobile
5348,8,"['horse', 'airplane', 'cat', 'frog']",horse
5349,0,"['horse', 'deer', 'frog', 'cat']",horse
5350,4,"['cat', 'automobile', 'frog', 'airplane']",automobile
5351,9,"['dog', 'frog', 'cat', 'airplane']",airplane
5352,9,"['dog', 'frog', 'cat', 'airplane']",dog
5353,6,"['automobile', 'horse', 'ship', 'airplane']",automobile
5354,3,"['frog', 'ship', 'automobile', 'airplane']",ship
5355,6,"['automobile', 'horse', 'ship', 'airplane']",airplane
5356,1,"['bird', 'dog', 'frog', 'cat', 'airplane']",airplane
5357,7,"['automobile', 'cat', 'airplane', 'frog']",cat
5358,4,"['cat', 'automobile', 'frog', 'airplane']",automobile
5359,6,"['automobile', 'horse', 'ship', 'airplane']",ship
5360,8,"['horse', 'airplane', 'cat', 'frog']",horse
5361,6,"['automobile', 'horse', 'ship', 'airplane']",airplane
5362,0,"['horse', 'deer', 'frog', 'cat']",frog
5363,7,"['automobile', 'cat', 'airplane', 'frog']",frog
5364,4,"['cat', 'automobile', 'frog', 'airplane']",automobile
5365,8,"['horse', 'airplane', 'cat', 'frog']",horse
5366,7,"['automobile', 'cat', 'airplane', 'frog']",cat
5367,5,"['frog', 'ship', 'airplane', 'automobile']",ship
5368,7,"['automobile', 'cat', 'airplane', 'frog']",airplane
5369,5,"['frog', 'ship', 'airplane', 'automobile']",ship
5370,2,"['ship', 'cat', 'automobile', 'airplane']",cat
5371,0,"['horse', 'deer', 'frog', 'cat']",horse
5372,5,"['frog', 'ship', 'airplane', 'automobile']",ship
5373,8,"['horse', 'airplane', 'cat', 'frog']",horse
5374,6,"['automobile', 'horse', 'ship', 'airplane']",airplane
5375,6,"['automobile', 'horse', 'ship', 'airplane']",airplane
5376,6,"['automobile', 'horse', 'ship', 'airplane']",airplane
5377,8,"['horse', 'airplane', 'cat', 'frog']",horse
5378,8,"['horse', 'airplane', 'cat', 'frog']",horse
5379,5,"['frog', 'ship', 'airplane', 'automobile']",ship
5380,6,"['automobile', 'horse', 'ship', 'airplane']",automobile
5381,6,"['automobile', 'horse', 'ship', 'airplane']",horse
5382,9,"['dog', 'frog', 'cat', 'airplane']",airplane
5383,9,"['dog', 'frog', 'cat', 'airplane']",airplane
5384,2,"['ship', 'cat', 'automobile', 'airplane']",cat
5385,7,"['automobile', 'cat', 'airplane', 'frog']",cat
5386,2,"['ship', 'cat', 'automobile', 'airplane']",cat
5387,1,"['bird', 'dog', 'frog', 'cat', 'airplane']",airplane
5388,9,"['dog', 'frog', 'cat', 'airplane']",airplane
5389,3,"['frog', 'ship', 'automobile', 'airplane']",ship
5390,9,"['dog', 'frog', 'cat', 'airplane']",airplane
5391,0,"['horse', 'deer', 'frog', 'cat']",horse
5392,1,"['bird', 'dog', 'frog', 'cat', 'airplane']",airplane
5393,5,"['frog', 'ship', 'airplane', 'automobile']",ship
5394,9,"['dog', 'frog', 'cat', 'airplane']",airplane
5395,9,"['dog', 'frog', 'cat', 'airplane']",dog
5396,7,"['automobile', 'cat', 'airplane', 'frog']",cat
5397,9,"['dog', 'frog', 'cat', 'airplane']",airplane
5398,6,"['automobile', 'horse', 'ship', 'airplane']",airplane
5399,5,"['frog', 'ship', 'airplane', 'automobile']",ship
5400,3,"['frog', 'ship', 'automobile', 'airplane']",ship
5401,7,"['automobile', 'cat', 'airplane', 'frog']",cat
5402,6,"['automobile', 'horse', 'ship', 'airplane']",airplane
5403,7,"['automobile', 'cat', 'airplane', 'frog']",cat
5404,0,"['horse', 'deer', 'frog', 'cat']",horse
5405,4,"['cat', 'automobile', 'frog', 'airplane']",automobile
5406,2,"['ship', 'cat', 'automobile', 'airplane']",cat
5407,3,"['frog', 'ship', 'automobile', 'airplane']",ship
5408,9,"['dog', 'frog', 'cat', 'airplane']",airplane
5409,6,"['automobile', 'horse', 'ship', 'airplane']",airplane
5410,2,"['ship', 'cat', 'automobile', 'airplane']",automobile
5411,5,"['frog', 'ship', 'airplane', 'automobile']",ship
5412,7,"['automobile', 'cat', 'airplane', 'frog']",airplane
5413,5,"['frog', 'ship', 'airplane', 'automobile']",ship
5414,0,"['horse', 'deer', 'frog', 'cat']",horse
5415,2,"['ship', 'cat', 'automobile', 'airplane']",cat
5416,8,"['horse', 'airplane', 'cat', 'frog']",horse
5417,2,"['ship', 'cat', 'automobile', 'airplane']",automobile
5418,9,"['dog', 'frog', 'cat', 'airplane']",airplane
5419,6,"['automobile', 'horse', 'ship', 'airplane']",airplane
5420,1,"['bird', 'dog', 'frog', 'cat', 'airplane']",airplane
5421,5,"['frog', 'ship', 'airplane', 'automobile']",ship
5422,1,"['bird', 'dog', 'frog', 'cat', 'airplane']",airplane
5423,3,"['frog', 'ship', 'automobile', 'airplane']",ship
5424,6,"['automobile', 'horse', 'ship', 'airplane']",airplane
5425,3,"['frog', 'ship', 'automobile', 'airplane']",ship
5426,0,"['horse', 'deer', 'frog', 'cat']",horse
5427,8,"['horse', 'airplane', 'cat', 'frog']",horse
5428,0,"['horse', 'deer', 'frog', 'cat']",horse
5429,6,"['automobile', 'horse', 'ship', 'airplane']",automobile
5430,3,"['frog', 'ship', 'automobile', 'airplane']",ship
5431,5,"['frog', 'ship', 'airplane', 'automobile']",ship
5432,0,"['horse', 'deer', 'frog', 'cat']",horse
5433,1,"['bird', 'dog', 'frog', 'cat', 'airplane']",airplane
5434,4,"['cat', 'automobile', 'frog', 'airplane']",airplane
5435,6,"['automobile', 'horse', 'ship', 'airplane']",airplane
5436,7,"['automobile', 'cat', 'airplane', 'frog']",airplane
5437,9,"['dog', 'frog', 'cat', 'airplane']",airplane
5438,1,"['bird', 'dog', 'frog', 'cat', 'airplane']",airplane
5439,5,"['frog', 'ship', 'airplane', 'automobile']",ship
5440,4,"['cat', 'automobile', 'frog', 'airplane']",airplane
5441,0,"['horse', 'deer', 'frog', 'cat']",horse
5442,4,"['cat', 'automobile', 'frog', 'airplane']",automobile
5443,6,"['automobile', 'horse', 'ship', 'airplane']",airplane
5444,2,"['ship', 'cat', 'automobile', 'airplane']",cat
5445,3,"['frog', 'ship', 'automobile', 'airplane']",ship
5446,8,"['horse', 'airplane', 'cat', 'frog']",horse
5447,7,"['automobile', 'cat', 'airplane', 'frog']",cat
5448,5,"['frog', 'ship', 'airplane', 'automobile']",ship
5449,7,"['automobile', 'cat', 'airplane', 'frog']",cat
5450,3,"['frog', 'ship', 'automobile', 'airplane']",ship
5451,4,"['cat', 'automobile', 'frog', 'airplane']",automobile
5452,8,"['horse', 'airplane', 'cat', 'frog']",horse
5453,9,"['dog', 'frog', 'cat', 'airplane']",airplane
5454,8,"['horse', 'airplane', 'cat', 'frog']",horse
5455,3,"['frog', 'ship', 'automobile', 'airplane']",ship
5456,6,"['automobile', 'horse', 'ship', 'airplane']",airplane
5457,0,"['horse', 'deer', 'frog', 'cat']",horse
5458,5,"['frog', 'ship', 'airplane', 'automobile']",ship
5459,1,"['bird', 'dog', 'frog', 'cat', 'airplane']",airplane
5460,1,"['bird', 'dog', 'frog', 'cat', 'airplane']",airplane
5461,9,"['dog', 'frog', 'cat', 'airplane']",dog
5462,4,"['cat', 'automobile', 'frog', 'airplane']",automobile
5463,8,"['horse', 'airplane', 'cat', 'frog']",horse
5464,9,"['dog', 'frog', 'cat', 'airplane']",dog
5465,9,"['dog', 'frog', 'cat', 'airplane']",dog
5466,9,"['dog', 'frog', 'cat', 'airplane']",airplane
5467,5,"['frog', 'ship', 'airplane', 'automobile']",ship
5468,0,"['horse', 'deer', 'frog', 'cat']",horse
5469,8,"['horse', 'airplane', 'cat', 'frog']",horse
5470,0,"['horse', 'deer', 'frog', 'cat']",horse
5471,2,"['ship', 'cat', 'automobile', 'airplane']",cat
5472,0,"['horse', 'deer', 'frog', 'cat']",horse
5473,3,"['frog', 'ship', 'automobile', 'airplane']",ship
5474,6,"['automobile', 'horse', 'ship', 'airplane']",airplane
5475,3,"['frog', 'ship', 'automobile', 'airplane']",ship
5476,9,"['dog', 'frog', 'cat', 'airplane']",airplane
5477,0,"['horse', 'deer', 'frog', 'cat']",horse
5478,3,"['frog', 'ship', 'automobile', 'airplane']",ship
5479,3,"['frog', 'ship', 'automobile', 'airplane']",ship
5480,8,"['horse', 'airplane', 'cat', 'frog']",horse
5481,0,"['horse', 'deer', 'frog', 'cat']",horse
5482,8,"['horse', 'airplane', 'cat', 'frog']",horse
5483,8,"['horse', 'airplane', 'cat', 'frog']",horse
5484,0,"['horse', 'deer', 'frog', 'cat']",horse
5485,9,"['dog', 'frog', 'cat', 'airplane']",dog
5486,4,"['cat', 'automobile', 'frog', 'airplane']",automobile
5487,8,"['horse', 'airplane', 'cat', 'frog']",horse
5488,4,"['cat', 'automobile', 'frog', 'airplane']",automobile
5489,6,"['automobile', 'horse', 'ship', 'airplane']",horse
5490,4,"['cat', 'automobile', 'frog', 'airplane']",automobile
5491,4,"['cat', 'automobile', 'frog', 'airplane']",airplane
5492,3,"['frog', 'ship', 'automobile', 'airplane']",ship
5493,3,"['frog', 'ship', 'automobile', 'airplane']",ship
5494,0,"['horse', 'deer', 'frog', 'cat']",horse
5495,4,"['cat', 'automobile', 'frog', 'airplane']",automobile
5496,9,"['dog', 'frog', 'cat', 'airplane']",airplane
5497,6,"['automobile', 'horse', 'ship', 'airplane']",horse
5498,7,"['automobile', 'cat', 'airplane', 'frog']",cat
5499,9,"['dog', 'frog', 'cat', 'airplane']",airplane
5500,5,"['frog', 'ship', 'airplane', 'automobile']",ship
5501,4,"['cat', 'automobile', 'frog', 'airplane']",automobile
5502,3,"['frog', 'ship', 'automobile', 'airplane']",ship
5503,5,"['frog', 'ship', 'airplane', 'automobile']",ship
5504,5,"['frog', 'ship', 'airplane', 'automobile']",ship
5505,5,"['frog', 'ship', 'airplane', 'automobile']",ship
5506,2,"['ship', 'cat', 'automobile', 'airplane']",cat
5507,3,"['frog', 'ship', 'automobile', 'airplane']",ship
5508,6,"['automobile', 'horse', 'ship', 'airplane']",ship
5509,5,"['frog', 'ship', 'airplane', 'automobile']",ship
5510,5,"['frog', 'ship', 'airplane', 'automobile']",ship
5511,9,"['dog', 'frog', 'cat', 'airplane']",dog
5512,1,"['bird', 'dog', 'frog', 'cat', 'airplane']",airplane
5513,6,"['automobile', 'horse', 'ship', 'airplane']",airplane
5514,4,"['cat', 'automobile', 'frog', 'airplane']",airplane
5515,1,"['bird', 'dog', 'frog', 'cat', 'airplane']",airplane
5516,0,"['horse', 'deer', 'frog', 'cat']",horse
5517,5,"['frog', 'ship', 'airplane', 'automobile']",ship
5518,7,"['automobile', 'cat', 'airplane', 'frog']",cat
5519,9,"['dog', 'frog', 'cat', 'airplane']",airplane
5520,3,"['frog', 'ship', 'automobile', 'airplane']",ship
5521,0,"['horse', 'deer', 'frog', 'cat']",horse
5522,6,"['automobile', 'horse', 'ship', 'airplane']",airplane
5523,8,"['horse', 'airplane', 'cat', 'frog']",horse
5524,9,"['dog', 'frog', 'cat', 'airplane']",dog
5525,7,"['automobile', 'cat', 'airplane', 'frog']",cat
5526,6,"['automobile', 'horse', 'ship', 'airplane']",airplane
5527,2,"['ship', 'cat', 'automobile', 'airplane']",cat
5528,8,"['horse', 'airplane', 'cat', 'frog']",horse
5529,0,"['horse', 'deer', 'frog', 'cat']",horse
5530,0,"['horse', 'deer', 'frog', 'cat']",horse
5531,2,"['ship', 'cat', 'automobile', 'airplane']",cat
5532,9,"['dog', 'frog', 'cat', 'airplane']",airplane
5533,0,"['horse', 'deer', 'frog', 'cat']",horse
5534,3,"['frog', 'ship', 'automobile', 'airplane']",ship
5535,2,"['ship', 'cat', 'automobile', 'airplane']",cat
5536,7,"['automobile', 'cat', 'airplane', 'frog']",cat
5537,2,"['ship', 'cat', 'automobile', 'airplane']",cat
5538,7,"['automobile', 'cat', 'airplane', 'frog']",airplane
5539,3,"['frog', 'ship', 'automobile', 'airplane']",ship
5540,2,"['ship', 'cat', 'automobile', 'airplane']",cat
5541,3,"['frog', 'ship', 'automobile', 'airplane']",ship
5542,7,"['automobile', 'cat', 'airplane', 'frog']",cat
5543,7,"['automobile', 'cat', 'airplane', 'frog']",cat
5544,5,"['frog', 'ship', 'airplane', 'automobile']",ship
5545,3,"['frog', 'ship', 'automobile', 'airplane']",ship
5546,8,"['horse', 'airplane', 'cat', 'frog']",horse
5547,5,"['frog', 'ship', 'airplane', 'automobile']",ship
5548,4,"['cat', 'automobile', 'frog', 'airplane']",automobile
5549,0,"['horse', 'deer', 'frog', 'cat']",horse
5550,2,"['ship', 'cat', 'automobile', 'airplane']",cat
5551,9,"['dog', 'frog', 'cat', 'airplane']",dog
5552,1,"['bird', 'dog', 'frog', 'cat', 'airplane']",airplane
5553,3,"['frog', 'ship', 'automobile', 'airplane']",ship
5554,2,"['ship', 'cat', 'automobile', 'airplane']",cat
5555,5,"['frog', 'ship', 'airplane', 'automobile']",ship
5556,8,"['horse', 'airplane', 'cat', 'frog']",horse
5557,0,"['horse', 'deer', 'frog', 'cat']",horse
5558,6,"['automobile', 'horse', 'ship', 'airplane']",airplane
5559,1,"['bird', 'dog', 'frog', 'cat', 'airplane']",airplane
5560,7,"['automobile', 'cat', 'airplane', 'frog']",cat
5561,5,"['frog', 'ship', 'airplane', 'automobile']",ship
5562,9,"['dog', 'frog', 'cat', 'airplane']",airplane
5563,7,"['automobile', 'cat', 'airplane', 'frog']",cat
5564,7,"['automobile', 'cat', 'airplane', 'frog']",cat
5565,5,"['frog', 'ship', 'airplane', 'automobile']",ship
5566,0,"['horse', 'deer', 'frog', 'cat']",horse
5567,1,"['bird', 'dog', 'frog', 'cat', 'airplane']",airplane
5568,1,"['bird', 'dog', 'frog', 'cat', 'airplane']",airplane
5569,9,"['dog', 'frog', 'cat', 'airplane']",dog
5570,4,"['cat', 'automobile', 'frog', 'airplane']",automobile
5571,2,"['ship', 'cat', 'automobile', 'airplane']",cat
5572,1,"['bird', 'dog', 'frog', 'cat', 'airplane']",airplane
5573,8,"['horse', 'airplane', 'cat', 'frog']",horse
5574,2,"['ship', 'cat', 'automobile', 'airplane']",automobile
5575,2,"['ship', 'cat', 'automobile', 'airplane']",cat
5576,2,"['ship', 'cat', 'automobile', 'airplane']",automobile
5577,7,"['automobile', 'cat', 'airplane', 'frog']",cat
5578,3,"['frog', 'ship', 'automobile', 'airplane']",ship
5579,7,"['automobile', 'cat', 'airplane', 'frog']",cat
5580,0,"['horse', 'deer', 'frog', 'cat']",horse
5581,4,"['cat', 'automobile', 'frog', 'airplane']",automobile
5582,6,"['automobile', 'horse', 'ship', 'airplane']",airplane
5583,6,"['automobile', 'horse', 'ship', 'airplane']",ship
5584,2,"['ship', 'cat', 'automobile', 'airplane']",ship
5585,9,"['dog', 'frog', 'cat', 'airplane']",airplane
5586,3,"['frog', 'ship', 'automobile', 'airplane']",ship
5587,0,"['horse', 'deer', 'frog', 'cat']",horse
5588,6,"['automobile', 'horse', 'ship', 'airplane']",airplane
5589,0,"['horse', 'deer', 'frog', 'cat']",horse
5590,1,"['bird', 'dog', 'frog', 'cat', 'airplane']",airplane
5591,9,"['dog', 'frog', 'cat', 'airplane']",dog
5592,3,"['frog', 'ship', 'automobile', 'airplane']",ship
5593,5,"['frog', 'ship', 'airplane', 'automobile']",ship
5594,4,"['cat', 'automobile', 'frog', 'airplane']",automobile
5595,9,"['dog', 'frog', 'cat', 'airplane']",airplane
5596,6,"['automobile', 'horse', 'ship', 'airplane']",airplane
5597,7,"['automobile', 'cat', 'airplane', 'frog']",cat
5598,3,"['frog', 'ship', 'automobile', 'airplane']",ship
5599,6,"['automobile', 'horse', 'ship', 'airplane']",airplane
5600,8,"['horse', 'airplane', 'cat', 'frog']",horse
5601,3,"['frog', 'ship', 'automobile', 'airplane']",ship
5602,9,"['dog', 'frog', 'cat', 'airplane']",dog
5603,2,"['ship', 'cat', 'automobile', 'airplane']",cat
5604,0,"['horse', 'deer', 'frog', 'cat']",horse
5605,9,"['dog', 'frog', 'cat', 'airplane']",dog
5606,5,"['frog', 'ship', 'airplane', 'automobile']",ship
5607,4,"['cat', 'automobile', 'frog', 'airplane']",automobile
5608,7,"['automobile', 'cat', 'airplane', 'frog']",cat
5609,2,"['ship', 'cat', 'automobile', 'airplane']",cat
5610,3,"['frog', 'ship', 'automobile', 'airplane']",ship
5611,9,"['dog', 'frog', 'cat', 'airplane']",dog
5612,9,"['dog', 'frog', 'cat', 'airplane']",airplane
5613,5,"['frog', 'ship', 'airplane', 'automobile']",ship
5614,0,"['horse', 'deer', 'frog', 'cat']",horse
5615,3,"['frog', 'ship', 'automobile', 'airplane']",ship
5616,1,"['bird', 'dog', 'frog', 'cat', 'airplane']",airplane
5617,7,"['automobile', 'cat', 'airplane', 'frog']",cat
5618,2,"['ship', 'cat', 'automobile', 'airplane']",cat
5619,4,"['cat', 'automobile', 'frog', 'airplane']",automobile
5620,7,"['automobile', 'cat', 'airplane', 'frog']",cat
5621,9,"['dog', 'frog', 'cat', 'airplane']",airplane
5622,9,"['dog', 'frog', 'cat', 'airplane']",airplane
5623,0,"['horse', 'deer', 'frog', 'cat']",horse
5624,4,"['cat', 'automobile', 'frog', 'airplane']",automobile
5625,4,"['cat', 'automobile', 'frog', 'airplane']",automobile
5626,5,"['frog', 'ship', 'airplane', 'automobile']",ship
5627,1,"['bird', 'dog', 'frog', 'cat', 'airplane']",airplane
5628,7,"['automobile', 'cat', 'airplane', 'frog']",cat
5629,1,"['bird', 'dog', 'frog', 'cat', 'airplane']",airplane
5630,8,"['horse', 'airplane', 'cat', 'frog']",horse
5631,4,"['cat', 'automobile', 'frog', 'airplane']",frog
5632,1,"['bird', 'dog', 'frog', 'cat', 'airplane']",airplane
5633,4,"['cat', 'automobile', 'frog', 'airplane']",automobile
5634,2,"['ship', 'cat', 'automobile', 'airplane']",cat
5635,1,"['bird', 'dog', 'frog', 'cat', 'airplane']",airplane
5636,6,"['automobile', 'horse', 'ship', 'airplane']",ship
5637,9,"['dog', 'frog', 'cat', 'airplane']",airplane
5638,2,"['ship', 'cat', 'automobile', 'airplane']",automobile
5639,2,"['ship', 'cat', 'automobile', 'airplane']",cat
5640,0,"['horse', 'deer', 'frog', 'cat']",horse
5641,8,"['horse', 'airplane', 'cat', 'frog']",horse
5642,0,"['horse', 'deer', 'frog', 'cat']",horse
5643,8,"['horse', 'airplane', 'cat', 'frog']",horse
5644,8,"['horse', 'airplane', 'cat', 'frog']",frog
5645,5,"['frog', 'ship', 'airplane', 'automobile']",ship
5646,5,"['frog', 'ship', 'airplane', 'automobile']",ship
5647,2,"['ship', 'cat', 'automobile', 'airplane']",cat
5648,8,"['horse', 'airplane', 'cat', 'frog']",horse
5649,0,"['horse', 'deer', 'frog', 'cat']",horse
5650,9,"['dog', 'frog', 'cat', 'airplane']",dog
5651,5,"['frog', 'ship', 'airplane', 'automobile']",ship
5652,7,"['automobile', 'cat', 'airplane', 'frog']",cat
5653,4,"['cat', 'automobile', 'frog', 'airplane']",automobile
5654,9,"['dog', 'frog', 'cat', 'airplane']",airplane
5655,5,"['frog', 'ship', 'airplane', 'automobile']",ship
5656,2,"['ship', 'cat', 'automobile', 'airplane']",cat
5657,0,"['horse', 'deer', 'frog', 'cat']",horse
5658,8,"['horse', 'airplane', 'cat', 'frog']",horse
5659,0,"['horse', 'deer', 'frog', 'cat']",horse
5660,2,"['ship', 'cat', 'automobile', 'airplane']",ship
5661,6,"['automobile', 'horse', 'ship', 'airplane']",airplane
5662,9,"['dog', 'frog', 'cat', 'airplane']",airplane
5663,1,"['bird', 'dog', 'frog', 'cat', 'airplane']",airplane
5664,3,"['frog', 'ship', 'automobile', 'airplane']",ship
5665,0,"['horse', 'deer', 'frog', 'cat']",horse
5666,1,"['bird', 'dog', 'frog', 'cat', 'airplane']",airplane
5667,8,"['horse', 'airplane', 'cat', 'frog']",horse
5668,9,"['dog', 'frog', 'cat', 'airplane']",dog
5669,4,"['cat', 'automobile', 'frog', 'airplane']",automobile
5670,5,"['frog', 'ship', 'airplane', 'automobile']",ship
5671,9,"['dog', 'frog', 'cat', 'airplane']",dog
5672,8,"['horse', 'airplane', 'cat', 'frog']",horse
5673,0,"['horse', 'deer', 'frog', 'cat']",horse
5674,7,"['automobile', 'cat', 'airplane', 'frog']",airplane
5675,8,"['horse', 'airplane', 'cat', 'frog']",horse
5676,4,"['cat', 'automobile', 'frog', 'airplane']",automobile
5677,4,"['cat', 'automobile', 'frog', 'airplane']",automobile
5678,3,"['frog', 'ship', 'automobile', 'airplane']",ship
5679,6,"['automobile', 'horse', 'ship', 'airplane']",ship
5680,6,"['automobile', 'horse', 'ship', 'airplane']",airplane
5681,5,"['frog', 'ship', 'airplane', 'automobile']",ship
5682,6,"['automobile', 'horse', 'ship', 'airplane']",horse
5683,1,"['bird', 'dog', 'frog', 'cat', 'airplane']",airplane
5684,0,"['horse', 'deer', 'frog', 'cat']",horse
5685,1,"['bird', 'dog', 'frog', 'cat', 'airplane']",airplane
5686,2,"['ship', 'cat', 'automobile', 'airplane']",ship
5687,8,"['horse', 'airplane', 'cat', 'frog']",horse
5688,9,"['dog', 'frog', 'cat', 'airplane']",airplane
5689,6,"['automobile', 'horse', 'ship', 'airplane']",airplane
5690,5,"['frog', 'ship', 'airplane', 'automobile']",ship
5691,9,"['dog', 'frog', 'cat', 'airplane']",dog
5692,9,"['dog', 'frog', 'cat', 'airplane']",airplane
5693,9,"['dog', 'frog', 'cat', 'airplane']",airplane
5694,6,"['automobile', 'horse', 'ship', 'airplane']",airplane
5695,5,"['frog', 'ship', 'airplane', 'automobile']",ship
5696,0,"['horse', 'deer', 'frog', 'cat']",horse
5697,9,"['dog', 'frog', 'cat', 'airplane']",dog
5698,5,"['frog', 'ship', 'airplane', 'automobile']",ship
5699,0,"['horse', 'deer', 'frog', 'cat']",horse
5700,5,"['frog', 'ship', 'airplane', 'automobile']",ship
5701,8,"['horse', 'airplane', 'cat', 'frog']",horse
5702,0,"['horse', 'deer', 'frog', 'cat']",horse
5703,0,"['horse', 'deer', 'frog', 'cat']",horse
5704,4,"['cat', 'automobile', 'frog', 'airplane']",automobile
5705,3,"['frog', 'ship', 'automobile', 'airplane']",ship
5706,4,"['cat', 'automobile', 'frog', 'airplane']",automobile
5707,2,"['ship', 'cat', 'automobile', 'airplane']",cat
5708,6,"['automobile', 'horse', 'ship', 'airplane']",airplane
5709,1,"['bird', 'dog', 'frog', 'cat', 'airplane']",airplane
5710,7,"['automobile', 'cat', 'airplane', 'frog']",cat
5711,6,"['automobile', 'horse', 'ship', 'airplane']",ship
5712,2,"['ship', 'cat', 'automobile', 'airplane']",cat
5713,3,"['frog', 'ship', 'automobile', 'airplane']",ship
5714,1,"['bird', 'dog', 'frog', 'cat', 'airplane']",airplane
5715,2,"['ship', 'cat', 'automobile', 'airplane']",automobile
5716,8,"['horse', 'airplane', 'cat', 'frog']",airplane
5717,2,"['ship', 'cat', 'automobile', 'airplane']",cat
5718,6,"['automobile', 'horse', 'ship', 'airplane']",airplane
5719,0,"['horse', 'deer', 'frog', 'cat']",horse
5720,3,"['frog', 'ship', 'automobile', 'airplane']",ship
5721,4,"['cat', 'automobile', 'frog', 'airplane']",automobile
5722,1,"['bird', 'dog', 'frog', 'cat', 'airplane']",airplane
5723,6,"['automobile', 'horse', 'ship', 'airplane']",airplane
5724,2,"['ship', 'cat', 'automobile', 'airplane']",cat
5725,3,"['frog', 'ship', 'automobile', 'airplane']",ship
5726,4,"['cat', 'automobile', 'frog', 'airplane']",automobile
5727,2,"['ship', 'cat', 'automobile', 'airplane']",cat
5728,6,"['automobile', 'horse', 'ship', 'airplane']",ship
5729,5,"['frog', 'ship', 'airplane', 'automobile']",ship
5730,8,"['horse', 'airplane', 'cat', 'frog']",horse
5731,9,"['dog', 'frog', 'cat', 'airplane']",airplane
5732,8,"['horse', 'airplane', 'cat', 'frog']",horse
5733,3,"['frog', 'ship', 'automobile', 'airplane']",ship
5734,5,"['frog', 'ship', 'airplane', 'automobile']",ship
5735,7,"['automobile', 'cat', 'airplane', 'frog']",cat
5736,5,"['frog', 'ship', 'airplane', 'automobile']",ship
5737,7,"['automobile', 'cat', 'airplane', 'frog']",cat
5738,0,"['horse', 'deer', 'frog', 'cat']",horse
5739,4,"['cat', 'automobile', 'frog', 'airplane']",automobile
5740,6,"['automobile', 'horse', 'ship', 'airplane']",automobile
5741,3,"['frog', 'ship', 'automobile', 'airplane']",ship
5742,4,"['cat', 'automobile', 'frog', 'airplane']",automobile
5743,0,"['horse', 'deer', 'frog', 'cat']",horse
5744,3,"['frog', 'ship', 'automobile', 'airplane']",ship
5745,6,"['automobile', 'horse', 'ship', 'airplane']",airplane
5746,2,"['ship', 'cat', 'automobile', 'airplane']",cat
5747,1,"['bird', 'dog', 'frog', 'cat', 'airplane']",airplane
5748,7,"['automobile', 'cat', 'airplane', 'frog']",airplane
5749,5,"['frog', 'ship', 'airplane', 'automobile']",ship
5750,8,"['horse', 'airplane', 'cat', 'frog']",horse
5751,5,"['frog', 'ship', 'airplane', 'automobile']",ship
5752,8,"['horse', 'airplane', 'cat', 'frog']",horse
5753,7,"['automobile', 'cat', 'airplane', 'frog']",cat
5754,4,"['cat', 'automobile', 'frog', 'airplane']",automobile
5755,5,"['frog', 'ship', 'airplane', 'automobile']",ship
5756,4,"['cat', 'automobile', 'frog', 'airplane']",automobile
5757,0,"['horse', 'deer', 'frog', 'cat']",horse
5758,2,"['ship', 'cat', 'automobile', 'airplane']",cat
5759,1,"['bird', 'dog', 'frog', 'cat', 'airplane']",airplane
5760,5,"['frog', 'ship', 'airplane', 'automobile']",ship
5761,7,"['automobile', 'cat', 'airplane', 'frog']",airplane
5762,2,"['ship', 'cat', 'automobile', 'airplane']",cat
5763,6,"['automobile', 'horse', 'ship', 'airplane']",airplane
5764,8,"['horse', 'airplane', 'cat', 'frog']",horse
5765,0,"['horse', 'deer', 'frog', 'cat']",horse
5766,7,"['automobile', 'cat', 'airplane', 'frog']",cat
5767,7,"['automobile', 'cat', 'airplane', 'frog']",cat
5768,4,"['cat', 'automobile', 'frog', 'airplane']",automobile
5769,1,"['bird', 'dog', 'frog', 'cat', 'airplane']",airplane
5770,0,"['horse', 'deer', 'frog', 'cat']",horse
5771,7,"['automobile', 'cat', 'airplane', 'frog']",airplane
5772,9,"['dog', 'frog', 'cat', 'airplane']",airplane
5773,2,"['ship', 'cat', 'automobile', 'airplane']",cat
5774,7,"['automobile', 'cat', 'airplane', 'frog']",cat
5775,0,"['horse', 'deer', 'frog', 'cat']",horse
5776,9,"['dog', 'frog', 'cat', 'airplane']",dog
5777,8,"['horse', 'airplane', 'cat', 'frog']",horse
5778,7,"['automobile', 'cat', 'airplane', 'frog']",airplane
5779,7,"['automobile', 'cat', 'airplane', 'frog']",cat
5780,5,"['frog', 'ship', 'airplane', 'automobile']",ship
5781,2,"['ship', 'cat', 'automobile', 'airplane']",cat
5782,7,"['automobile', 'cat', 'airplane', 'frog']",frog
5783,9,"['dog', 'frog', 'cat', 'airplane']",dog
5784,7,"['automobile', 'cat', 'airplane', 'frog']",cat
5785,6,"['automobile', 'horse', 'ship', 'airplane']",airplane
5786,4,"['cat', 'automobile', 'frog', 'airplane']",automobile
5787,8,"['horse', 'airplane', 'cat', 'frog']",horse
5788,4,"['cat', 'automobile', 'frog', 'airplane']",automobile
5789,6,"['automobile', 'horse', 'ship', 'airplane']",ship
5790,4,"['cat', 'automobile', 'frog', 'airplane']",automobile
5791,1,"['bird', 'dog', 'frog', 'cat', 'airplane']",airplane
5792,7,"['automobile', 'cat', 'airplane', 'frog']",cat
5793,9,"['dog', 'frog', 'cat', 'airplane']",airplane
5794,8,"['horse', 'airplane', 'cat', 'frog']",horse
5795,8,"['horse', 'airplane', 'cat', 'frog']",horse
5796,6,"['automobile', 'horse', 'ship', 'airplane']",airplane
5797,3,"['frog', 'ship', 'automobile', 'airplane']",ship
5798,7,"['automobile', 'cat', 'airplane', 'frog']",airplane
5799,3,"['frog', 'ship', 'automobile', 'airplane']",ship
5800,3,"['frog', 'ship', 'automobile', 'airplane']",ship
5801,9,"['dog', 'frog', 'cat', 'airplane']",airplane
5802,7,"['automobile', 'cat', 'airplane', 'frog']",cat
5803,0,"['horse', 'deer', 'frog', 'cat']",horse
5804,7,"['automobile', 'cat', 'airplane', 'frog']",cat
5805,1,"['bird', 'dog', 'frog', 'cat', 'airplane']",airplane
5806,8,"['horse', 'airplane', 'cat', 'frog']",horse
5807,8,"['horse', 'airplane', 'cat', 'frog']",horse
5808,5,"['frog', 'ship', 'airplane', 'automobile']",ship
5809,7,"['automobile', 'cat', 'airplane', 'frog']",cat
5810,1,"['bird', 'dog', 'frog', 'cat', 'airplane']",airplane
5811,1,"['bird', 'dog', 'frog', 'cat', 'airplane']",airplane
5812,7,"['automobile', 'cat', 'airplane', 'frog']",cat
5813,4,"['cat', 'automobile', 'frog', 'airplane']",automobile
5814,0,"['horse', 'deer', 'frog', 'cat']",horse
5815,4,"['cat', 'automobile', 'frog', 'airplane']",automobile
5816,1,"['bird', 'dog', 'frog', 'cat', 'airplane']",airplane
5817,2,"['ship', 'cat', 'automobile', 'airplane']",cat
5818,2,"['ship', 'cat', 'automobile', 'airplane']",automobile
5819,9,"['dog', 'frog', 'cat', 'airplane']",airplane
5820,8,"['horse', 'airplane', 'cat', 'frog']",horse
5821,7,"['automobile', 'cat', 'airplane', 'frog']",cat
5822,1,"['bird', 'dog', 'frog', 'cat', 'airplane']",airplane
5823,3,"['frog', 'ship', 'automobile', 'airplane']",ship
5824,2,"['ship', 'cat', 'automobile', 'airplane']",cat
5825,2,"['ship', 'cat', 'automobile', 'airplane']",cat
5826,4,"['cat', 'automobile', 'frog', 'airplane']",automobile
5827,1,"['bird', 'dog', 'frog', 'cat', 'airplane']",airplane
5828,0,"['horse', 'deer', 'frog', 'cat']",horse
5829,4,"['cat', 'automobile', 'frog', 'airplane']",automobile
5830,5,"['frog', 'ship', 'airplane', 'automobile']",ship
5831,1,"['bird', 'dog', 'frog', 'cat', 'airplane']",airplane
5832,5,"['frog', 'ship', 'airplane', 'automobile']",ship
5833,6,"['automobile', 'horse', 'ship', 'airplane']",horse
5834,1,"['bird', 'dog', 'frog', 'cat', 'airplane']",airplane
5835,8,"['horse', 'airplane', 'cat', 'frog']",horse
5836,2,"['ship', 'cat', 'automobile', 'airplane']",cat
5837,5,"['frog', 'ship', 'airplane', 'automobile']",ship
5838,3,"['frog', 'ship', 'automobile', 'airplane']",ship
5839,9,"['dog', 'frog', 'cat', 'airplane']",dog
5840,5,"['frog', 'ship', 'airplane', 'automobile']",ship
5841,1,"['bird', 'dog', 'frog', 'cat', 'airplane']",airplane
5842,7,"['automobile', 'cat', 'airplane', 'frog']",frog
5843,0,"['horse', 'deer', 'frog', 'cat']",horse
5844,4,"['cat', 'automobile', 'frog', 'airplane']",automobile
5845,6,"['automobile', 'horse', 'ship', 'airplane']",airplane
5846,7,"['automobile', 'cat', 'airplane', 'frog']",airplane
5847,2,"['ship', 'cat', 'automobile', 'airplane']",cat
5848,3,"['frog', 'ship', 'automobile', 'airplane']",ship
5849,5,"['frog', 'ship', 'airplane', 'automobile']",ship
5850,5,"['frog', 'ship', 'airplane', 'automobile']",ship
5851,9,"['dog', 'frog', 'cat', 'airplane']",dog
5852,0,"['horse', 'deer', 'frog', 'cat']",horse
5853,5,"['frog', 'ship', 'airplane', 'automobile']",ship
5854,7,"['automobile', 'cat', 'airplane', 'frog']",airplane
5855,8,"['horse', 'airplane', 'cat', 'frog']",horse
5856,3,"['frog', 'ship', 'automobile', 'airplane']",ship
5857,6,"['automobile', 'horse', 'ship', 'airplane']",ship
5858,0,"['horse', 'deer', 'frog', 'cat']",horse
5859,3,"['frog', 'ship', 'automobile', 'airplane']",ship
5860,1,"['bird', 'dog', 'frog', 'cat', 'airplane']",airplane
5861,9,"['dog', 'frog', 'cat', 'airplane']",airplane
5862,2,"['ship', 'cat', 'automobile', 'airplane']",cat
5863,7,"['automobile', 'cat', 'airplane', 'frog']",airplane
5864,0,"['horse', 'deer', 'frog', 'cat']",horse
5865,9,"['dog', 'frog', 'cat', 'airplane']",dog
5866,8,"['horse', 'airplane', 'cat', 'frog']",horse
5867,2,"['ship', 'cat', 'automobile', 'airplane']",cat
5868,9,"['dog', 'frog', 'cat', 'airplane']",airplane
5869,8,"['horse', 'airplane', 'cat', 'frog']",horse
5870,3,"['frog', 'ship', 'automobile', 'airplane']",ship
5871,2,"['ship', 'cat', 'automobile', 'airplane']",cat
5872,5,"['frog', 'ship', 'airplane', 'automobile']",ship
5873,0,"['horse', 'deer', 'frog', 'cat']",horse
5874,0,"['horse', 'deer', 'frog', 'cat']",horse
5875,8,"['horse', 'airplane', 'cat', 'frog']",horse
5876,3,"['frog', 'ship', 'automobile', 'airplane']",ship
5877,3,"['frog', 'ship', 'automobile', 'airplane']",ship
5878,6,"['automobile', 'horse', 'ship', 'airplane']",ship
5879,6,"['automobile', 'horse', 'ship', 'airplane']",ship
5880,4,"['cat', 'automobile', 'frog', 'airplane']",airplane
5881,9,"['dog', 'frog', 'cat', 'airplane']",dog
5882,6,"['automobile', 'horse', 'ship', 'airplane']",airplane
5883,0,"['horse', 'deer', 'frog', 'cat']",horse
5884,9,"['dog', 'frog', 'cat', 'airplane']",dog
5885,1,"['bird', 'dog', 'frog', 'cat', 'airplane']",airplane
5886,5,"['frog', 'ship', 'airplane', 'automobile']",ship
5887,7,"['automobile', 'cat', 'airplane', 'frog']",airplane
5888,0,"['horse', 'deer', 'frog', 'cat']",horse
5889,2,"['ship', 'cat', 'automobile', 'airplane']",cat
5890,7,"['automobile', 'cat', 'airplane', 'frog']",cat
5891,8,"['horse', 'airplane', 'cat', 'frog']",horse
5892,2,"['ship', 'cat', 'automobile', 'airplane']",cat
5893,9,"['dog', 'frog', 'cat', 'airplane']",dog
5894,4,"['cat', 'automobile', 'frog', 'airplane']",automobile
5895,1,"['bird', 'dog', 'frog', 'cat', 'airplane']",airplane
5896,3,"['frog', 'ship', 'automobile', 'airplane']",ship
5897,1,"['bird', 'dog', 'frog', 'cat', 'airplane']",airplane
5898,6,"['automobile', 'horse', 'ship', 'airplane']",airplane
5899,5,"['frog', 'ship', 'airplane', 'automobile']",ship
5900,6,"['automobile', 'horse', 'ship', 'airplane']",airplane
5901,2,"['ship', 'cat', 'automobile', 'airplane']",cat
5902,4,"['cat', 'automobile', 'frog', 'airplane']",automobile
5903,2,"['ship', 'cat', 'automobile', 'airplane']",cat
5904,8,"['horse', 'airplane', 'cat', 'frog']",horse
5905,5,"['frog', 'ship', 'airplane', 'automobile']",ship
5906,8,"['horse', 'airplane', 'cat', 'frog']",airplane
5907,6,"['automobile', 'horse', 'ship', 'airplane']",ship
5908,4,"['cat', 'automobile', 'frog', 'airplane']",automobile
5909,4,"['cat', 'automobile', 'frog', 'airplane']",automobile
5910,8,"['horse', 'airplane', 'cat', 'frog']",horse
5911,8,"['horse', 'airplane', 'cat', 'frog']",horse
5912,6,"['automobile', 'horse', 'ship', 'airplane']",airplane
5913,2,"['ship', 'cat', 'automobile', 'airplane']",cat
5914,3,"['frog', 'ship', 'automobile', 'airplane']",ship
5915,3,"['frog', 'ship', 'automobile', 'airplane']",ship
5916,8,"['horse', 'airplane', 'cat', 'frog']",horse
5917,1,"['bird', 'dog', 'frog', 'cat', 'airplane']",airplane
5918,3,"['frog', 'ship', 'automobile', 'airplane']",ship
5919,4,"['cat', 'automobile', 'frog', 'airplane']",automobile
5920,5,"['frog', 'ship', 'airplane', 'automobile']",ship
5921,6,"['automobile', 'horse', 'ship', 'airplane']",airplane
5922,2,"['ship', 'cat', 'automobile', 'airplane']",automobile
5923,9,"['dog', 'frog', 'cat', 'airplane']",airplane
5924,0,"['horse', 'deer', 'frog', 'cat']",horse
5925,7,"['automobile', 'cat', 'airplane', 'frog']",cat
5926,2,"['ship', 'cat', 'automobile', 'airplane']",cat
5927,7,"['automobile', 'cat', 'airplane', 'frog']",cat
5928,0,"['horse', 'deer', 'frog', 'cat']",horse
5929,8,"['horse', 'airplane', 'cat', 'frog']",horse
5930,7,"['automobile', 'cat', 'airplane', 'frog']",cat
5931,4,"['cat', 'automobile', 'frog', 'airplane']",airplane
5932,8,"['horse', 'airplane', 'cat', 'frog']",horse
5933,2,"['ship', 'cat', 'automobile', 'airplane']",cat
5934,7,"['automobile', 'cat', 'airplane', 'frog']",cat
5935,7,"['automobile', 'cat', 'airplane', 'frog']",cat
5936,7,"['automobile', 'cat', 'airplane', 'frog']",frog
5937,9,"['dog', 'frog', 'cat', 'airplane']",airplane
5938,9,"['dog', 'frog', 'cat', 'airplane']",dog
5939,1,"['bird', 'dog', 'frog', 'cat', 'airplane']",airplane
5940,4,"['cat', 'automobile', 'frog', 'airplane']",automobile
5941,8,"['horse', 'airplane', 'cat', 'frog']",horse
5942,3,"['frog', 'ship', 'automobile', 'airplane']",frog
5943,7,"['automobile', 'cat', 'airplane', 'frog']",cat
5944,4,"['cat', 'automobile', 'frog', 'airplane']",automobile
5945,3,"['frog', 'ship', 'automobile', 'airplane']",ship
5946,4,"['cat', 'automobile', 'frog', 'airplane']",airplane
5947,1,"['bird', 'dog', 'frog', 'cat', 'airplane']",airplane
5948,8,"['horse', 'airplane', 'cat', 'frog']",horse
5949,8,"['horse', 'airplane', 'cat', 'frog']",horse
5950,4,"['cat', 'automobile', 'frog', 'airplane']",automobile
5951,1,"['bird', 'dog', 'frog', 'cat', 'airplane']",airplane
5952,0,"['horse', 'deer', 'frog', 'cat']",horse
5953,8,"['horse', 'airplane', 'cat', 'frog']",horse
5954,0,"['horse', 'deer', 'frog', 'cat']",horse
5955,0,"['horse', 'deer', 'frog', 'cat']",horse
5956,0,"['horse', 'deer', 'frog', 'cat']",horse
5957,4,"['cat', 'automobile', 'frog', 'airplane']",automobile
5958,7,"['automobile', 'cat', 'airplane', 'frog']",airplane
5959,1,"['bird', 'dog', 'frog', 'cat', 'airplane']",airplane
5960,5,"['frog', 'ship', 'airplane', 'automobile']",ship
5961,5,"['frog', 'ship', 'airplane', 'automobile']",ship
5962,5,"['frog', 'ship', 'airplane', 'automobile']",ship
5963,3,"['frog', 'ship', 'automobile', 'airplane']",ship
5964,6,"['automobile', 'horse', 'ship', 'airplane']",airplane
5965,5,"['frog', 'ship', 'airplane', 'automobile']",ship
5966,3,"['frog', 'ship', 'automobile', 'airplane']",ship
5967,2,"['ship', 'cat', 'automobile', 'airplane']",cat
5968,9,"['dog', 'frog', 'cat', 'airplane']",dog
5969,0,"['horse', 'deer', 'frog', 'cat']",horse
5970,5,"['frog', 'ship', 'airplane', 'automobile']",ship
5971,1,"['bird', 'dog', 'frog', 'cat', 'airplane']",airplane
5972,0,"['horse', 'deer', 'frog', 'cat']",horse
5973,0,"['horse', 'deer', 'frog', 'cat']",horse
5974,9,"['dog', 'frog', 'cat', 'airplane']",dog
5975,1,"['bird', 'dog', 'frog', 'cat', 'airplane']",airplane
5976,7,"['automobile', 'cat', 'airplane', 'frog']",airplane
5977,8,"['horse', 'airplane', 'cat', 'frog']",horse
5978,9,"['dog', 'frog', 'cat', 'airplane']",dog
5979,2,"['ship', 'cat', 'automobile', 'airplane']",cat
5980,3,"['frog', 'ship', 'automobile', 'airplane']",ship
5981,5,"['frog', 'ship', 'airplane', 'automobile']",ship
5982,7,"['automobile', 'cat', 'airplane', 'frog']",airplane
5983,1,"['bird', 'dog', 'frog', 'cat', 'airplane']",airplane
5984,0,"['horse', 'deer', 'frog', 'cat']",horse
5985,8,"['horse', 'airplane', 'cat', 'frog']",horse
5986,8,"['horse', 'airplane', 'cat', 'frog']",horse
5987,8,"['horse', 'airplane', 'cat', 'frog']",horse
5988,0,"['horse', 'deer', 'frog', 'cat']",horse
5989,7,"['automobile', 'cat', 'airplane', 'frog']",airplane
5990,2,"['ship', 'cat', 'automobile', 'airplane']",cat
5991,7,"['automobile', 'cat', 'airplane', 'frog']",cat
5992,2,"['ship', 'cat', 'automobile', 'airplane']",automobile
5993,5,"['frog', 'ship', 'airplane', 'automobile']",ship
5994,0,"['horse', 'deer', 'frog', 'cat']",horse
5995,7,"['automobile', 'cat', 'airplane', 'frog']",cat
5996,7,"['automobile', 'cat', 'airplane', 'frog']",cat
5997,9,"['dog', 'frog', 'cat', 'airplane']",airplane
5998,4,"['cat', 'automobile', 'frog', 'airplane']",automobile
5999,8,"['horse', 'airplane', 'cat', 'frog']",horse
6000,6,"['automobile', 'horse', 'ship', 'airplane']",ship
6001,5,"['frog', 'ship', 'airplane', 'automobile']",ship
6002,9,"['dog', 'frog', 'cat', 'airplane']",airplane
6003,6,"['automobile', 'horse', 'ship', 'airplane']",airplane
6004,8,"['horse', 'airplane', 'cat', 'frog']",horse
6005,6,"['automobile', 'horse', 'ship', 'airplane']",airplane
6006,9,"['dog', 'frog', 'cat', 'airplane']",airplane
6007,4,"['cat', 'automobile', 'frog', 'airplane']",automobile
6008,0,"['horse', 'deer', 'frog', 'cat']",horse
6009,4,"['cat', 'automobile', 'frog', 'airplane']",automobile
6010,7,"['automobile', 'cat', 'airplane', 'frog']",cat
6011,2,"['ship', 'cat', 'automobile', 'airplane']",cat
6012,9,"['dog', 'frog', 'cat', 'airplane']",airplane
6013,0,"['horse', 'deer', 'frog', 'cat']",horse
6014,3,"['frog', 'ship', 'automobile', 'airplane']",frog
6015,0,"['horse', 'deer', 'frog', 'cat']",horse
6016,9,"['dog', 'frog', 'cat', 'airplane']",dog
6017,5,"['frog', 'ship', 'airplane', 'automobile']",ship
6018,2,"['ship', 'cat', 'automobile', 'airplane']",automobile
6019,2,"['ship', 'cat', 'automobile', 'airplane']",cat
6020,1,"['bird', 'dog', 'frog', 'cat', 'airplane']",airplane
6021,4,"['cat', 'automobile', 'frog', 'airplane']",automobile
6022,4,"['cat', 'automobile', 'frog', 'airplane']",automobile
6023,2,"['ship', 'cat', 'automobile', 'airplane']",ship
6024,5,"['frog', 'ship', 'airplane', 'automobile']",ship
6025,6,"['automobile', 'horse', 'ship', 'airplane']",automobile
6026,2,"['ship', 'cat', 'automobile', 'airplane']",cat
6027,4,"['cat', 'automobile', 'frog', 'airplane']",automobile
6028,2,"['ship', 'cat', 'automobile', 'airplane']",cat
6029,5,"['frog', 'ship', 'airplane', 'automobile']",ship
6030,3,"['frog', 'ship', 'automobile', 'airplane']",ship
6031,1,"['bird', 'dog', 'frog', 'cat', 'airplane']",airplane
6032,7,"['automobile', 'cat', 'airplane', 'frog']",airplane
6033,5,"['frog', 'ship', 'airplane', 'automobile']",ship
6034,9,"['dog', 'frog', 'cat', 'airplane']",airplane
6035,6,"['automobile', 'horse', 'ship', 'airplane']",airplane
6036,9,"['dog', 'frog', 'cat', 'airplane']",airplane
6037,5,"['frog', 'ship', 'airplane', 'automobile']",ship
6038,9,"['dog', 'frog', 'cat', 'airplane']",airplane
6039,4,"['cat', 'automobile', 'frog', 'airplane']",automobile
6040,1,"['bird', 'dog', 'frog', 'cat', 'airplane']",airplane
6041,2,"['ship', 'cat', 'automobile', 'airplane']",cat
6042,5,"['frog', 'ship', 'airplane', 'automobile']",ship
6043,9,"['dog', 'frog', 'cat', 'airplane']",airplane
6044,8,"['horse', 'airplane', 'cat', 'frog']",horse
6045,3,"['frog', 'ship', 'automobile', 'airplane']",ship
6046,6,"['automobile', 'horse', 'ship', 'airplane']",horse
6047,5,"['frog', 'ship', 'airplane', 'automobile']",ship
6048,5,"['frog', 'ship', 'airplane', 'automobile']",ship
6049,4,"['cat', 'automobile', 'frog', 'airplane']",automobile
6050,8,"['horse', 'airplane', 'cat', 'frog']",horse
6051,7,"['automobile', 'cat', 'airplane', 'frog']",airplane
6052,9,"['dog', 'frog', 'cat', 'airplane']",airplane
6053,5,"['frog', 'ship', 'airplane', 'automobile']",ship
6054,0,"['horse', 'deer', 'frog', 'cat']",horse
6055,8,"['horse', 'airplane', 'cat', 'frog']",horse
6056,4,"['cat', 'automobile', 'frog', 'airplane']",automobile
6057,9,"['dog', 'frog', 'cat', 'airplane']",dog
6058,5,"['frog', 'ship', 'airplane', 'automobile']",ship
6059,7,"['automobile', 'cat', 'airplane', 'frog']",cat
6060,3,"['frog', 'ship', 'automobile', 'airplane']",ship
6061,3,"['frog', 'ship', 'automobile', 'airplane']",ship
6062,0,"['horse', 'deer', 'frog', 'cat']",horse
6063,2,"['ship', 'cat', 'automobile', 'airplane']",cat
6064,1,"['bird', 'dog', 'frog', 'cat', 'airplane']",airplane
6065,5,"['frog', 'ship', 'airplane', 'automobile']",ship
6066,9,"['dog', 'frog', 'cat', 'airplane']",airplane
6067,0,"['horse', 'deer', 'frog', 'cat']",horse
6068,1,"['bird', 'dog', 'frog', 'cat', 'airplane']",airplane
6069,2,"['ship', 'cat', 'automobile', 'airplane']",cat
6070,3,"['frog', 'ship', 'automobile', 'airplane']",ship
6071,3,"['frog', 'ship', 'automobile', 'airplane']",ship
6072,7,"['automobile', 'cat', 'airplane', 'frog']",airplane
6073,2,"['ship', 'cat', 'automobile', 'airplane']",cat
6074,1,"['bird', 'dog', 'frog', 'cat', 'airplane']",airplane
6075,0,"['horse', 'deer', 'frog', 'cat']",horse
6076,7,"['automobile', 'cat', 'airplane', 'frog']",cat
6077,7,"['automobile', 'cat', 'airplane', 'frog']",airplane
6078,1,"['bird', 'dog', 'frog', 'cat', 'airplane']",airplane
6079,3,"['frog', 'ship', 'automobile', 'airplane']",ship
6080,4,"['cat', 'automobile', 'frog', 'airplane']",automobile
6081,2,"['ship', 'cat', 'automobile', 'airplane']",automobile
6082,5,"['frog', 'ship', 'airplane', 'automobile']",ship
6083,9,"['dog', 'frog', 'cat', 'airplane']",airplane
6084,4,"['cat', 'automobile', 'frog', 'airplane']",automobile
6085,0,"['horse', 'deer', 'frog', 'cat']",horse
6086,8,"['horse', 'airplane', 'cat', 'frog']",horse
6087,9,"['dog', 'frog', 'cat', 'airplane']",airplane
6088,5,"['frog', 'ship', 'airplane', 'automobile']",ship
6089,3,"['frog', 'ship', 'automobile', 'airplane']",ship
6090,0,"['horse', 'deer', 'frog', 'cat']",horse
6091,5,"['frog', 'ship', 'airplane', 'automobile']",ship
6092,5,"['frog', 'ship', 'airplane', 'automobile']",ship
6093,6,"['automobile', 'horse', 'ship', 'airplane']",automobile
6094,5,"['frog', 'ship', 'airplane', 'automobile']",ship
6095,6,"['automobile', 'horse', 'ship', 'airplane']",airplane
6096,6,"['automobile', 'horse', 'ship', 'airplane']",ship
6097,2,"['ship', 'cat', 'automobile', 'airplane']",automobile
6098,0,"['horse', 'deer', 'frog', 'cat']",horse
6099,8,"['horse', 'airplane', 'cat', 'frog']",horse
6100,5,"['frog', 'ship', 'airplane', 'automobile']",ship
6101,6,"['automobile', 'horse', 'ship', 'airplane']",ship
6102,5,"['frog', 'ship', 'airplane', 'automobile']",ship
6103,4,"['cat', 'automobile', 'frog', 'airplane']",automobile
6104,5,"['frog', 'ship', 'airplane', 'automobile']",ship
6105,5,"['frog', 'ship', 'airplane', 'automobile']",ship
6106,2,"['ship', 'cat', 'automobile', 'airplane']",cat
6107,6,"['automobile', 'horse', 'ship', 'airplane']",automobile
6108,3,"['frog', 'ship', 'automobile', 'airplane']",ship
6109,1,"['bird', 'dog', 'frog', 'cat', 'airplane']",airplane
6110,4,"['cat', 'automobile', 'frog', 'airplane']",automobile
6111,9,"['dog', 'frog', 'cat', 'airplane']",dog
6112,0,"['horse', 'deer', 'frog', 'cat']",horse
6113,0,"['horse', 'deer', 'frog', 'cat']",horse
6114,9,"['dog', 'frog', 'cat', 'airplane']",airplane
6115,4,"['cat', 'automobile', 'frog', 'airplane']",automobile
6116,9,"['dog', 'frog', 'cat', 'airplane']",dog
6117,7,"['automobile', 'cat', 'airplane', 'frog']",airplane
6118,6,"['automobile', 'horse', 'ship', 'airplane']",airplane
6119,7,"['automobile', 'cat', 'airplane', 'frog']",airplane
6120,1,"['bird', 'dog', 'frog', 'cat', 'airplane']",airplane
6121,1,"['bird', 'dog', 'frog', 'cat', 'airplane']",airplane
6122,1,"['bird', 'dog', 'frog', 'cat', 'airplane']",airplane
6123,8,"['horse', 'airplane', 'cat', 'frog']",horse
6124,0,"['horse', 'deer', 'frog', 'cat']",horse
6125,6,"['automobile', 'horse', 'ship', 'airplane']",airplane
6126,2,"['ship', 'cat', 'automobile', 'airplane']",automobile
6127,6,"['automobile', 'horse', 'ship', 'airplane']",airplane
6128,4,"['cat', 'automobile', 'frog', 'airplane']",automobile
6129,9,"['dog', 'frog', 'cat', 'airplane']",dog
6130,1,"['bird', 'dog', 'frog', 'cat', 'airplane']",airplane
6131,5,"['frog', 'ship', 'airplane', 'automobile']",ship
6132,0,"['horse', 'deer', 'frog', 'cat']",horse
6133,2,"['ship', 'cat', 'automobile', 'airplane']",automobile
6134,8,"['horse', 'airplane', 'cat', 'frog']",horse
6135,3,"['frog', 'ship', 'automobile', 'airplane']",ship
6136,1,"['bird', 'dog', 'frog', 'cat', 'airplane']",airplane
6137,1,"['bird', 'dog', 'frog', 'cat', 'airplane']",airplane
6138,8,"['horse', 'airplane', 'cat', 'frog']",horse
6139,8,"['horse', 'airplane', 'cat', 'frog']",horse
6140,5,"['frog', 'ship', 'airplane', 'automobile']",ship
6141,1,"['bird', 'dog', 'frog', 'cat', 'airplane']",airplane
6142,0,"['horse', 'deer', 'frog', 'cat']",horse
6143,8,"['horse', 'airplane', 'cat', 'frog']",airplane
6144,4,"['cat', 'automobile', 'frog', 'airplane']",automobile
6145,6,"['automobile', 'horse', 'ship', 'airplane']",airplane
6146,2,"['ship', 'cat', 'automobile', 'airplane']",cat
6147,7,"['automobile', 'cat', 'airplane', 'frog']",cat
6148,6,"['automobile', 'horse', 'ship', 'airplane']",airplane
6149,9,"['dog', 'frog', 'cat', 'airplane']",airplane
6150,9,"['dog', 'frog', 'cat', 'airplane']",airplane
6151,3,"['frog', 'ship', 'automobile', 'airplane']",ship
6152,9,"['dog', 'frog', 'cat', 'airplane']",dog
6153,8,"['horse', 'airplane', 'cat', 'frog']",horse
6154,5,"['frog', 'ship', 'airplane', 'automobile']",ship
6155,5,"['frog', 'ship', 'airplane', 'automobile']",ship
6156,2,"['ship', 'cat', 'automobile', 'airplane']",automobile
6157,7,"['automobile', 'cat', 'airplane', 'frog']",cat
6158,9,"['dog', 'frog', 'cat', 'airplane']",airplane
6159,8,"['horse', 'airplane', 'cat', 'frog']",horse
6160,8,"['horse', 'airplane', 'cat', 'frog']",horse
6161,1,"['bird', 'dog', 'frog', 'cat', 'airplane']",airplane
6162,3,"['frog', 'ship', 'automobile', 'airplane']",ship
6163,9,"['dog', 'frog', 'cat', 'airplane']",dog
6164,7,"['automobile', 'cat', 'airplane', 'frog']",cat
6165,0,"['horse', 'deer', 'frog', 'cat']",horse
6166,8,"['horse', 'airplane', 'cat', 'frog']",horse
6167,3,"['frog', 'ship', 'automobile', 'airplane']",ship
6168,4,"['cat', 'automobile', 'frog', 'airplane']",automobile
6169,3,"['frog', 'ship', 'automobile', 'airplane']",ship
6170,0,"['horse', 'deer', 'frog', 'cat']",horse
6171,9,"['dog', 'frog', 'cat', 'airplane']",airplane
6172,6,"['automobile', 'horse', 'ship', 'airplane']",airplane
6173,4,"['cat', 'automobile', 'frog', 'airplane']",automobile
6174,9,"['dog', 'frog', 'cat', 'airplane']",airplane
6175,4,"['cat', 'automobile', 'frog', 'airplane']",automobile
6176,8,"['horse', 'airplane', 'cat', 'frog']",horse
6177,2,"['ship', 'cat', 'automobile', 'airplane']",cat
6178,9,"['dog', 'frog', 'cat', 'airplane']",dog
6179,6,"['automobile', 'horse', 'ship', 'airplane']",airplane
6180,4,"['cat', 'automobile', 'frog', 'airplane']",automobile
6181,4,"['cat', 'automobile', 'frog', 'airplane']",automobile
6182,8,"['horse', 'airplane', 'cat', 'frog']",horse
6183,9,"['dog', 'frog', 'cat', 'airplane']",airplane
6184,5,"['frog', 'ship', 'airplane', 'automobile']",ship
6185,3,"['frog', 'ship', 'automobile', 'airplane']",ship
6186,3,"['frog', 'ship', 'automobile', 'airplane']",ship
6187,0,"['horse', 'deer', 'frog', 'cat']",horse
6188,0,"['horse', 'deer', 'frog', 'cat']",horse
6189,7,"['automobile', 'cat', 'airplane', 'frog']",frog
6190,0,"['horse', 'deer', 'frog', 'cat']",horse
6191,1,"['bird', 'dog', 'frog', 'cat', 'airplane']",airplane
6192,8,"['horse', 'airplane', 'cat', 'frog']",horse
6193,6,"['automobile', 'horse', 'ship', 'airplane']",automobile
6194,7,"['automobile', 'cat', 'airplane', 'frog']",airplane
6195,9,"['dog', 'frog', 'cat', 'airplane']",dog
6196,1,"['bird', 'dog', 'frog', 'cat', 'airplane']",airplane
6197,7,"['automobile', 'cat', 'airplane', 'frog']",airplane
6198,3,"['frog', 'ship', 'automobile', 'airplane']",ship
6199,3,"['frog', 'ship', 'automobile', 'airplane']",ship
6200,3,"['frog', 'ship', 'automobile', 'airplane']",ship
6201,9,"['dog', 'frog', 'cat', 'airplane']",airplane
6202,5,"['frog', 'ship', 'airplane', 'automobile']",ship
6203,4,"['cat', 'automobile', 'frog', 'airplane']",automobile
6204,4,"['cat', 'automobile', 'frog', 'airplane']",automobile
6205,3,"['frog', 'ship', 'automobile', 'airplane']",ship
6206,4,"['cat', 'automobile', 'frog', 'airplane']",automobile
6207,3,"['frog', 'ship', 'automobile', 'airplane']",ship
6208,3,"['frog', 'ship', 'automobile', 'airplane']",ship
6209,2,"['ship', 'cat', 'automobile', 'airplane']",automobile
6210,2,"['ship', 'cat', 'automobile', 'airplane']",automobile
6211,4,"['cat', 'automobile', 'frog', 'airplane']",automobile
6212,4,"['cat', 'automobile', 'frog', 'airplane']",automobile
6213,6,"['automobile', 'horse', 'ship', 'airplane']",airplane
6214,4,"['cat', 'automobile', 'frog', 'airplane']",automobile
6215,5,"['frog', 'ship', 'airplane', 'automobile']",ship
6216,7,"['automobile', 'cat', 'airplane', 'frog']",airplane
6217,3,"['frog', 'ship', 'automobile', 'airplane']",ship
6218,7,"['automobile', 'cat', 'airplane', 'frog']",cat
6219,8,"['horse', 'airplane', 'cat', 'frog']",horse
6220,5,"['frog', 'ship', 'airplane', 'automobile']",ship
6221,0,"['horse', 'deer', 'frog', 'cat']",horse
6222,5,"['frog', 'ship', 'airplane', 'automobile']",ship
6223,3,"['frog', 'ship', 'automobile', 'airplane']",ship
6224,6,"['automobile', 'horse', 'ship', 'airplane']",airplane
6225,8,"['horse', 'airplane', 'cat', 'frog']",horse
6226,1,"['bird', 'dog', 'frog', 'cat', 'airplane']",airplane
6227,2,"['ship', 'cat', 'automobile', 'airplane']",cat
6228,2,"['ship', 'cat', 'automobile', 'airplane']",cat
6229,3,"['frog', 'ship', 'automobile', 'airplane']",ship
6230,2,"['ship', 'cat', 'automobile', 'airplane']",cat
6231,1,"['bird', 'dog', 'frog', 'cat', 'airplane']",airplane
6232,5,"['frog', 'ship', 'airplane', 'automobile']",ship
6233,1,"['bird', 'dog', 'frog', 'cat', 'airplane']",airplane
6234,4,"['cat', 'automobile', 'frog', 'airplane']",airplane
6235,7,"['automobile', 'cat', 'airplane', 'frog']",airplane
6236,2,"['ship', 'cat', 'automobile', 'airplane']",cat
6237,9,"['dog', 'frog', 'cat', 'airplane']",airplane
6238,8,"['horse', 'airplane', 'cat', 'frog']",horse
6239,7,"['automobile', 'cat', 'airplane', 'frog']",airplane
6240,0,"['horse', 'deer', 'frog', 'cat']",horse
6241,1,"['bird', 'dog', 'frog', 'cat', 'airplane']",airplane
6242,0,"['horse', 'deer', 'frog', 'cat']",horse
6243,4,"['cat', 'automobile', 'frog', 'airplane']",automobile
6244,1,"['bird', 'dog', 'frog', 'cat', 'airplane']",airplane
6245,9,"['dog', 'frog', 'cat', 'airplane']",airplane
6246,6,"['automobile', 'horse', 'ship', 'airplane']",ship
6247,8,"['horse', 'airplane', 'cat', 'frog']",horse
6248,5,"['frog', 'ship', 'airplane', 'automobile']",ship
6249,4,"['cat', 'automobile', 'frog', 'airplane']",automobile
6250,8,"['horse', 'airplane', 'cat', 'frog']",horse
6251,4,"['cat', 'automobile', 'frog', 'airplane']",automobile
6252,6,"['automobile', 'horse', 'ship', 'airplane']",airplane
6253,5,"['frog', 'ship', 'airplane', 'automobile']",ship
6254,6,"['automobile', 'horse', 'ship', 'airplane']",ship
6255,7,"['automobile', 'cat', 'airplane', 'frog']",cat
6256,3,"['frog', 'ship', 'automobile', 'airplane']",ship
6257,7,"['automobile', 'cat', 'airplane', 'frog']",cat
6258,9,"['dog', 'frog', 'cat', 'airplane']",airplane
6259,5,"['frog', 'ship', 'airplane', 'automobile']",ship
6260,0,"['horse', 'deer', 'frog', 'cat']",horse
6261,7,"['automobile', 'cat', 'airplane', 'frog']",airplane
6262,6,"['automobile', 'horse', 'ship', 'airplane']",airplane
6263,3,"['frog', 'ship', 'automobile', 'airplane']",ship
6264,9,"['dog', 'frog', 'cat', 'airplane']",dog
6265,2,"['ship', 'cat', 'automobile', 'airplane']",cat
6266,4,"['cat', 'automobile', 'frog', 'airplane']",automobile
6267,6,"['automobile', 'horse', 'ship', 'airplane']",airplane
6268,9,"['dog', 'frog', 'cat', 'airplane']",airplane
6269,1,"['bird', 'dog', 'frog', 'cat', 'airplane']",airplane
6270,4,"['cat', 'automobile', 'frog', 'airplane']",automobile
6271,7,"['automobile', 'cat', 'airplane', 'frog']",frog
6272,1,"['bird', 'dog', 'frog', 'cat', 'airplane']",airplane
6273,6,"['automobile', 'horse', 'ship', 'airplane']",horse
6274,4,"['cat', 'automobile', 'frog', 'airplane']",automobile
6275,9,"['dog', 'frog', 'cat', 'airplane']",dog
6276,0,"['horse', 'deer', 'frog', 'cat']",horse
6277,6,"['automobile', 'horse', 'ship', 'airplane']",airplane
6278,7,"['automobile', 'cat', 'airplane', 'frog']",cat
6279,5,"['frog', 'ship', 'airplane', 'automobile']",ship
6280,4,"['cat', 'automobile', 'frog', 'airplane']",automobile
6281,4,"['cat', 'automobile', 'frog', 'airplane']",automobile
6282,9,"['dog', 'frog', 'cat', 'airplane']",airplane
6283,7,"['automobile', 'cat', 'airplane', 'frog']",airplane
6284,3,"['frog', 'ship', 'automobile', 'airplane']",ship
6285,1,"['bird', 'dog', 'frog', 'cat', 'airplane']",airplane
6286,9,"['dog', 'frog', 'cat', 'airplane']",airplane
6287,7,"['automobile', 'cat', 'airplane', 'frog']",cat
6288,9,"['dog', 'frog', 'cat', 'airplane']",airplane
6289,4,"['cat', 'automobile', 'frog', 'airplane']",automobile
6290,6,"['automobile', 'horse', 'ship', 'airplane']",airplane
6291,7,"['automobile', 'cat', 'airplane', 'frog']",cat
6292,4,"['cat', 'automobile', 'frog', 'airplane']",automobile
6293,9,"['dog', 'frog', 'cat', 'airplane']",airplane
6294,6,"['automobile', 'horse', 'ship', 'airplane']",airplane
6295,1,"['bird', 'dog', 'frog', 'cat', 'airplane']",airplane
6296,2,"['ship', 'cat', 'automobile', 'airplane']",cat
6297,6,"['automobile', 'horse', 'ship', 'airplane']",ship
6298,4,"['cat', 'automobile', 'frog', 'airplane']",automobile
6299,7,"['automobile', 'cat', 'airplane', 'frog']",cat
6300,6,"['automobile', 'horse', 'ship', 'airplane']",airplane
6301,7,"['automobile', 'cat', 'airplane', 'frog']",airplane
6302,1,"['bird', 'dog', 'frog', 'cat', 'airplane']",airplane
6303,4,"['cat', 'automobile', 'frog', 'airplane']",automobile
6304,3,"['frog', 'ship', 'automobile', 'airplane']",ship
6305,2,"['ship', 'cat', 'automobile', 'airplane']",cat
6306,3,"['frog', 'ship', 'automobile', 'airplane']",ship
6307,7,"['automobile', 'cat', 'airplane', 'frog']",airplane
6308,0,"['horse', 'deer', 'frog', 'cat']",horse
6309,3,"['frog', 'ship', 'automobile', 'airplane']",ship
6310,9,"['dog', 'frog', 'cat', 'airplane']",airplane
6311,4,"['cat', 'automobile', 'frog', 'airplane']",automobile
6312,0,"['horse', 'deer', 'frog', 'cat']",horse
6313,0,"['horse', 'deer', 'frog', 'cat']",horse
6314,4,"['cat', 'automobile', 'frog', 'airplane']",frog
6315,2,"['ship', 'cat', 'automobile', 'airplane']",cat
6316,8,"['horse', 'airplane', 'cat', 'frog']",horse
6317,2,"['ship', 'cat', 'automobile', 'airplane']",cat
6318,1,"['bird', 'dog', 'frog', 'cat', 'airplane']",airplane
6319,3,"['frog', 'ship', 'automobile', 'airplane']",ship
6320,7,"['automobile', 'cat', 'airplane', 'frog']",cat
6321,7,"['automobile', 'cat', 'airplane', 'frog']",cat
6322,8,"['horse', 'airplane', 'cat', 'frog']",horse
6323,2,"['ship', 'cat', 'automobile', 'airplane']",cat
6324,3,"['frog', 'ship', 'automobile', 'airplane']",frog
6325,1,"['bird', 'dog', 'frog', 'cat', 'airplane']",airplane
6326,7,"['automobile', 'cat', 'airplane', 'frog']",cat
6327,2,"['ship', 'cat', 'automobile', 'airplane']",automobile
6328,0,"['horse', 'deer', 'frog', 'cat']",horse
6329,7,"['automobile', 'cat', 'airplane', 'frog']",cat
6330,3,"['frog', 'ship', 'automobile', 'airplane']",ship
6331,4,"['cat', 'automobile', 'frog', 'airplane']",automobile
6332,3,"['frog', 'ship', 'automobile', 'airplane']",ship
6333,5,"['frog', 'ship', 'airplane', 'automobile']",ship
6334,2,"['ship', 'cat', 'automobile', 'airplane']",cat
6335,7,"['automobile', 'cat', 'airplane', 'frog']",cat
6336,6,"['automobile', 'horse', 'ship', 'airplane']",airplane
6337,8,"['horse', 'airplane', 'cat', 'frog']",cat
6338,5,"['frog', 'ship', 'airplane', 'automobile']",ship
6339,4,"['cat', 'automobile', 'frog', 'airplane']",automobile
6340,5,"['frog', 'ship', 'airplane', 'automobile']",ship
6341,2,"['ship', 'cat', 'automobile', 'airplane']",cat
6342,8,"['horse', 'airplane', 'cat', 'frog']",horse
6343,3,"['frog', 'ship', 'automobile', 'airplane']",ship
6344,4,"['cat', 'automobile', 'frog', 'airplane']",automobile
6345,5,"['frog', 'ship', 'airplane', 'automobile']",ship
6346,8,"['horse', 'airplane', 'cat', 'frog']",horse
6347,1,"['bird', 'dog', 'frog', 'cat', 'airplane']",airplane
6348,3,"['frog', 'ship', 'automobile', 'airplane']",ship
6349,1,"['bird', 'dog', 'frog', 'cat', 'airplane']",airplane
6350,6,"['automobile', 'horse', 'ship', 'airplane']",airplane
6351,3,"['frog', 'ship', 'automobile', 'airplane']",ship
6352,5,"['frog', 'ship', 'airplane', 'automobile']",ship
6353,1,"['bird', 'dog', 'frog', 'cat', 'airplane']",airplane
6354,0,"['horse', 'deer', 'frog', 'cat']",horse
6355,5,"['frog', 'ship', 'airplane', 'automobile']",ship
6356,1,"['bird', 'dog', 'frog', 'cat', 'airplane']",airplane
6357,9,"['dog', 'frog', 'cat', 'airplane']",dog
6358,5,"['frog', 'ship', 'airplane', 'automobile']",ship
6359,2,"['ship', 'cat', 'automobile', 'airplane']",cat
6360,9,"['dog', 'frog', 'cat', 'airplane']",airplane
6361,4,"['cat', 'automobile', 'frog', 'airplane']",automobile
6362,2,"['ship', 'cat', 'automobile', 'airplane']",cat
6363,7,"['automobile', 'cat', 'airplane', 'frog']",cat
6364,9,"['dog', 'frog', 'cat', 'airplane']",airplane
6365,9,"['dog', 'frog', 'cat', 'airplane']",dog
6366,1,"['bird', 'dog', 'frog', 'cat', 'airplane']",airplane
6367,6,"['automobile', 'horse', 'ship', 'airplane']",airplane
6368,3,"['frog', 'ship', 'automobile', 'airplane']",ship
6369,2,"['ship', 'cat', 'automobile', 'airplane']",cat
6370,0,"['horse', 'deer', 'frog', 'cat']",horse
6371,1,"['bird', 'dog', 'frog', 'cat', 'airplane']",airplane
6372,7,"['automobile', 'cat', 'airplane', 'frog']",airplane
6373,0,"['horse', 'deer', 'frog', 'cat']",horse
6374,0,"['horse', 'deer', 'frog', 'cat']",horse
6375,1,"['bird', 'dog', 'frog', 'cat', 'airplane']",airplane
6376,0,"['horse', 'deer', 'frog', 'cat']",horse
6377,5,"['frog', 'ship', 'airplane', 'automobile']",ship
6378,4,"['cat', 'automobile', 'frog', 'airplane']",automobile
6379,8,"['horse', 'airplane', 'cat', 'frog']",horse
6380,0,"['horse', 'deer', 'frog', 'cat']",horse
6381,9,"['dog', 'frog', 'cat', 'airplane']",dog
6382,0,"['horse', 'deer', 'frog', 'cat']",horse
6383,1,"['bird', 'dog', 'frog', 'cat', 'airplane']",airplane
6384,9,"['dog', 'frog', 'cat', 'airplane']",airplane
6385,3,"['frog', 'ship', 'automobile', 'airplane']",ship
6386,7,"['automobile', 'cat', 'airplane', 'frog']",cat
6387,4,"['cat', 'automobile', 'frog', 'airplane']",automobile
6388,2,"['ship', 'cat', 'automobile', 'airplane']",cat
6389,4,"['cat', 'automobile', 'frog', 'airplane']",automobile
6390,2,"['ship', 'cat', 'automobile', 'airplane']",cat
6391,6,"['automobile', 'horse', 'ship', 'airplane']",airplane
6392,2,"['ship', 'cat', 'automobile', 'airplane']",cat
6393,0,"['horse', 'deer', 'frog', 'cat']",horse
6394,3,"['frog', 'ship', 'automobile', 'airplane']",ship
6395,6,"['automobile', 'horse', 'ship', 'airplane']",airplane
6396,0,"['horse', 'deer', 'frog', 'cat']",horse
6397,8,"['horse', 'airplane', 'cat', 'frog']",horse
6398,7,"['automobile', 'cat', 'airplane', 'frog']",cat
6399,0,"['horse', 'deer', 'frog', 'cat']",horse
6400,0,"['horse', 'deer', 'frog', 'cat']",horse
6401,7,"['automobile', 'cat', 'airplane', 'frog']",cat
6402,3,"['frog', 'ship', 'automobile', 'airplane']",frog
6403,8,"['horse', 'airplane', 'cat', 'frog']",horse
6404,3,"['frog', 'ship', 'automobile', 'airplane']",ship
6405,3,"['frog', 'ship', 'automobile', 'airplane']",ship
6406,6,"['automobile', 'horse', 'ship', 'airplane']",airplane
6407,8,"['horse', 'airplane', 'cat', 'frog']",horse
6408,2,"['ship', 'cat', 'automobile', 'airplane']",automobile
6409,7,"['automobile', 'cat', 'airplane', 'frog']",cat
6410,4,"['cat', 'automobile', 'frog', 'airplane']",automobile
6411,1,"['bird', 'dog', 'frog', 'cat', 'airplane']",airplane
6412,2,"['ship', 'cat', 'automobile', 'airplane']",cat
6413,9,"['dog', 'frog', 'cat', 'airplane']",dog
6414,2,"['ship', 'cat', 'automobile', 'airplane']",automobile
6415,4,"['cat', 'automobile', 'frog', 'airplane']",automobile
6416,6,"['automobile', 'horse', 'ship', 'airplane']",airplane
6417,6,"['automobile', 'horse', 'ship', 'airplane']",airplane
6418,8,"['horse', 'airplane', 'cat', 'frog']",horse
6419,5,"['frog', 'ship', 'airplane', 'automobile']",ship
6420,1,"['bird', 'dog', 'frog', 'cat', 'airplane']",airplane
6421,4,"['cat', 'automobile', 'frog', 'airplane']",automobile
6422,3,"['frog', 'ship', 'automobile', 'airplane']",ship
6423,7,"['automobile', 'cat', 'airplane', 'frog']",airplane
6424,5,"['frog', 'ship', 'airplane', 'automobile']",ship
6425,0,"['horse', 'deer', 'frog', 'cat']",horse
6426,9,"['dog', 'frog', 'cat', 'airplane']",airplane
6427,2,"['ship', 'cat', 'automobile', 'airplane']",cat
6428,0,"['horse', 'deer', 'frog', 'cat']",horse
6429,1,"['bird', 'dog', 'frog', 'cat', 'airplane']",dog
6430,3,"['frog', 'ship', 'automobile', 'airplane']",ship
6431,9,"['dog', 'frog', 'cat', 'airplane']",airplane
6432,4,"['cat', 'automobile', 'frog', 'airplane']",automobile
6433,3,"['frog', 'ship', 'automobile', 'airplane']",ship
6434,1,"['bird', 'dog', 'frog', 'cat', 'airplane']",airplane
6435,8,"['horse', 'airplane', 'cat', 'frog']",horse
6436,5,"['frog', 'ship', 'airplane', 'automobile']",ship
6437,4,"['cat', 'automobile', 'frog', 'airplane']",automobile
6438,9,"['dog', 'frog', 'cat', 'airplane']",dog
6439,9,"['dog', 'frog', 'cat', 'airplane']",airplane
6440,0,"['horse', 'deer', 'frog', 'cat']",horse
6441,7,"['automobile', 'cat', 'airplane', 'frog']",cat
6442,6,"['automobile', 'horse', 'ship', 'airplane']",airplane
6443,5,"['frog', 'ship', 'airplane', 'automobile']",ship
6444,5,"['frog', 'ship', 'airplane', 'automobile']",ship
6445,2,"['ship', 'cat', 'automobile', 'airplane']",automobile
6446,1,"['bird', 'dog', 'frog', 'cat', 'airplane']",airplane
6447,6,"['automobile', 'horse', 'ship', 'airplane']",airplane
6448,2,"['ship', 'cat', 'automobile', 'airplane']",cat
6449,7,"['automobile', 'cat', 'airplane', 'frog']",airplane
6450,4,"['cat', 'automobile', 'frog', 'airplane']",automobile
6451,6,"['automobile', 'horse', 'ship', 'airplane']",ship
6452,4,"['cat', 'automobile', 'frog', 'airplane']",automobile
6453,1,"['bird', 'dog', 'frog', 'cat', 'airplane']",airplane
6454,6,"['automobile', 'horse', 'ship', 'airplane']",ship
6455,5,"['frog', 'ship', 'airplane', 'automobile']",ship
6456,1,"['bird', 'dog', 'frog', 'cat', 'airplane']",airplane
6457,9,"['dog', 'frog', 'cat', 'airplane']",airplane
6458,3,"['frog', 'ship', 'automobile', 'airplane']",ship
6459,8,"['horse', 'airplane', 'cat', 'frog']",horse
6460,7,"['automobile', 'cat', 'airplane', 'frog']",cat
6461,2,"['ship', 'cat', 'automobile', 'airplane']",automobile
6462,3,"['frog', 'ship', 'automobile', 'airplane']",ship
6463,6,"['automobile', 'horse', 'ship', 'airplane']",airplane
6464,1,"['bird', 'dog', 'frog', 'cat', 'airplane']",airplane
6465,4,"['cat', 'automobile', 'frog', 'airplane']",automobile
6466,3,"['frog', 'ship', 'automobile', 'airplane']",ship
6467,2,"['ship', 'cat', 'automobile', 'airplane']",cat
6468,8,"['horse', 'airplane', 'cat', 'frog']",horse
6469,2,"['ship', 'cat', 'automobile', 'airplane']",cat
6470,8,"['horse', 'airplane', 'cat', 'frog']",horse
6471,6,"['automobile', 'horse', 'ship', 'airplane']",automobile
6472,4,"['cat', 'automobile', 'frog', 'airplane']",automobile
6473,6,"['automobile', 'horse', 'ship', 'airplane']",airplane
6474,8,"['horse', 'airplane', 'cat', 'frog']",horse
6475,4,"['cat', 'automobile', 'frog', 'airplane']",automobile
6476,5,"['frog', 'ship', 'airplane', 'automobile']",ship
6477,2,"['ship', 'cat', 'automobile', 'airplane']",cat
6478,8,"['horse', 'airplane', 'cat', 'frog']",horse
6479,0,"['horse', 'deer', 'frog', 'cat']",horse
6480,9,"['dog', 'frog', 'cat', 'airplane']",airplane
6481,7,"['automobile', 'cat', 'airplane', 'frog']",cat
6482,3,"['frog', 'ship', 'automobile', 'airplane']",ship
6483,5,"['frog', 'ship', 'airplane', 'automobile']",ship
6484,2,"['ship', 'cat', 'automobile', 'airplane']",cat
6485,4,"['cat', 'automobile', 'frog', 'airplane']",automobile
6486,6,"['automobile', 'horse', 'ship', 'airplane']",airplane
6487,7,"['automobile', 'cat', 'airplane', 'frog']",airplane
6488,2,"['ship', 'cat', 'automobile', 'airplane']",cat
6489,1,"['bird', 'dog', 'frog', 'cat', 'airplane']",airplane
6490,3,"['frog', 'ship', 'automobile', 'airplane']",ship
6491,3,"['frog', 'ship', 'automobile', 'airplane']",ship
6492,3,"['frog', 'ship', 'automobile', 'airplane']",ship
6493,3,"['frog', 'ship', 'automobile', 'airplane']",ship
6494,1,"['bird', 'dog', 'frog', 'cat', 'airplane']",airplane
6495,1,"['bird', 'dog', 'frog', 'cat', 'airplane']",airplane
6496,3,"['frog', 'ship', 'automobile', 'airplane']",ship
6497,7,"['automobile', 'cat', 'airplane', 'frog']",cat
6498,4,"['cat', 'automobile', 'frog', 'airplane']",automobile
6499,2,"['ship', 'cat', 'automobile', 'airplane']",automobile
6500,6,"['automobile', 'horse', 'ship', 'airplane']",airplane
6501,8,"['horse', 'airplane', 'cat', 'frog']",horse
6502,2,"['ship', 'cat', 'automobile', 'airplane']",cat
6503,0,"['horse', 'deer', 'frog', 'cat']",horse
6504,0,"['horse', 'deer', 'frog', 'cat']",horse
6505,4,"['cat', 'automobile', 'frog', 'airplane']",automobile
6506,6,"['automobile', 'horse', 'ship', 'airplane']",airplane
6507,3,"['frog', 'ship', 'automobile', 'airplane']",ship
6508,8,"['horse', 'airplane', 'cat', 'frog']",horse
6509,4,"['cat', 'automobile', 'frog', 'airplane']",automobile
6510,6,"['automobile', 'horse', 'ship', 'airplane']",airplane
6511,3,"['frog', 'ship', 'automobile', 'airplane']",ship
6512,0,"['horse', 'deer', 'frog', 'cat']",horse
6513,7,"['automobile', 'cat', 'airplane', 'frog']",frog
6514,8,"['horse', 'airplane', 'cat', 'frog']",horse
6515,1,"['bird', 'dog', 'frog', 'cat', 'airplane']",airplane
6516,9,"['dog', 'frog', 'cat', 'airplane']",airplane
6517,6,"['automobile', 'horse', 'ship', 'airplane']",airplane
6518,0,"['horse', 'deer', 'frog', 'cat']",horse
6519,5,"['frog', 'ship', 'airplane', 'automobile']",ship
6520,2,"['ship', 'cat', 'automobile', 'airplane']",cat
6521,6,"['automobile', 'horse', 'ship', 'airplane']",airplane
6522,7,"['automobile', 'cat', 'airplane', 'frog']",airplane
6523,6,"['automobile', 'horse', 'ship', 'airplane']",airplane
6524,4,"['cat', 'automobile', 'frog', 'airplane']",automobile
6525,9,"['dog', 'frog', 'cat', 'airplane']",airplane
6526,6,"['automobile', 'horse', 'ship', 'airplane']",airplane
6527,4,"['cat', 'automobile', 'frog', 'airplane']",automobile
6528,7,"['automobile', 'cat', 'airplane', 'frog']",airplane
6529,8,"['horse', 'airplane', 'cat', 'frog']",horse
6530,5,"['frog', 'ship', 'airplane', 'automobile']",ship
6531,9,"['dog', 'frog', 'cat', 'airplane']",airplane
6532,4,"['cat', 'automobile', 'frog', 'airplane']",automobile
6533,5,"['frog', 'ship', 'airplane', 'automobile']",ship
6534,1,"['bird', 'dog', 'frog', 'cat', 'airplane']",airplane
6535,4,"['cat', 'automobile', 'frog', 'airplane']",automobile
6536,6,"['automobile', 'horse', 'ship', 'airplane']",airplane
6537,6,"['automobile', 'horse', 'ship', 'airplane']",airplane
6538,7,"['automobile', 'cat', 'airplane', 'frog']",airplane
6539,9,"['dog', 'frog', 'cat', 'airplane']",dog
6540,3,"['frog', 'ship', 'automobile', 'airplane']",ship
6541,8,"['horse', 'airplane', 'cat', 'frog']",horse
6542,2,"['ship', 'cat', 'automobile', 'airplane']",automobile
6543,0,"['horse', 'deer', 'frog', 'cat']",horse
6544,1,"['bird', 'dog', 'frog', 'cat', 'airplane']",airplane
6545,6,"['automobile', 'horse', 'ship', 'airplane']",ship
6546,9,"['dog', 'frog', 'cat', 'airplane']",airplane
6547,2,"['ship', 'cat', 'automobile', 'airplane']",cat
6548,6,"['automobile', 'horse', 'ship', 'airplane']",airplane
6549,2,"['ship', 'cat', 'automobile', 'airplane']",airplane
6550,1,"['bird', 'dog', 'frog', 'cat', 'airplane']",airplane
6551,6,"['automobile', 'horse', 'ship', 'airplane']",airplane
6552,7,"['automobile', 'cat', 'airplane', 'frog']",airplane
6553,0,"['horse', 'deer', 'frog', 'cat']",horse
6554,6,"['automobile', 'horse', 'ship', 'airplane']",airplane
6555,3,"['frog', 'ship', 'automobile', 'airplane']",ship
6556,3,"['frog', 'ship', 'automobile', 'airplane']",frog
6557,3,"['frog', 'ship', 'automobile', 'airplane']",ship
6558,2,"['ship', 'cat', 'automobile', 'airplane']",cat
6559,1,"['bird', 'dog', 'frog', 'cat', 'airplane']",airplane
6560,4,"['cat', 'automobile', 'frog', 'airplane']",automobile
6561,5,"['frog', 'ship', 'airplane', 'automobile']",ship
6562,4,"['cat', 'automobile', 'frog', 'airplane']",automobile
6563,0,"['horse', 'deer', 'frog', 'cat']",horse
6564,7,"['automobile', 'cat', 'airplane', 'frog']",cat
6565,8,"['horse', 'airplane', 'cat', 'frog']",horse
6566,6,"['automobile', 'horse', 'ship', 'airplane']",ship
6567,3,"['frog', 'ship', 'automobile', 'airplane']",ship
6568,7,"['automobile', 'cat', 'airplane', 'frog']",airplane
6569,4,"['cat', 'automobile', 'frog', 'airplane']",automobile
6570,0,"['horse', 'deer', 'frog', 'cat']",horse
6571,9,"['dog', 'frog', 'cat', 'airplane']",airplane
6572,6,"['automobile', 'horse', 'ship', 'airplane']",airplane
6573,7,"['automobile', 'cat', 'airplane', 'frog']",cat
6574,3,"['frog', 'ship', 'automobile', 'airplane']",ship
6575,5,"['frog', 'ship', 'airplane', 'automobile']",ship
6576,8,"['horse', 'airplane', 'cat', 'frog']",horse
6577,5,"['frog', 'ship', 'airplane', 'automobile']",ship
6578,6,"['automobile', 'horse', 'ship', 'airplane']",horse
6579,9,"['dog', 'frog', 'cat', 'airplane']",airplane
6580,5,"['frog', 'ship', 'airplane', 'automobile']",ship
6581,6,"['automobile', 'horse', 'ship', 'airplane']",airplane
6582,6,"['automobile', 'horse', 'ship', 'airplane']",airplane
6583,2,"['ship', 'cat', 'automobile', 'airplane']",cat
6584,3,"['frog', 'ship', 'automobile', 'airplane']",ship
6585,3,"['frog', 'ship', 'automobile', 'airplane']",ship
6586,4,"['cat', 'automobile', 'frog', 'airplane']",airplane
6587,9,"['dog', 'frog', 'cat', 'airplane']",airplane
6588,7,"['automobile', 'cat', 'airplane', 'frog']",cat
6589,1,"['bird', 'dog', 'frog', 'cat', 'airplane']",airplane
6590,3,"['frog', 'ship', 'automobile', 'airplane']",ship
6591,4,"['cat', 'automobile', 'frog', 'airplane']",automobile
6592,6,"['automobile', 'horse', 'ship', 'airplane']",airplane
6593,2,"['ship', 'cat', 'automobile', 'airplane']",automobile
6594,4,"['cat', 'automobile', 'frog', 'airplane']",automobile
6595,3,"['frog', 'ship', 'automobile', 'airplane']",ship
6596,3,"['frog', 'ship', 'automobile', 'airplane']",ship
6597,0,"['horse', 'deer', 'frog', 'cat']",horse
6598,8,"['horse', 'airplane', 'cat', 'frog']",horse
6599,6,"['automobile', 'horse', 'ship', 'airplane']",horse
6600,7,"['automobile', 'cat', 'airplane', 'frog']",cat
6601,7,"['automobile', 'cat', 'airplane', 'frog']",cat
6602,3,"['frog', 'ship', 'automobile', 'airplane']",ship
6603,4,"['cat', 'automobile', 'frog', 'airplane']",airplane
6604,5,"['frog', 'ship', 'airplane', 'automobile']",ship
6605,4,"['cat', 'automobile', 'frog', 'airplane']",frog
6606,2,"['ship', 'cat', 'automobile', 'airplane']",cat
6607,3,"['frog', 'ship', 'automobile', 'airplane']",ship
6608,1,"['bird', 'dog', 'frog', 'cat', 'airplane']",airplane
6609,0,"['horse', 'deer', 'frog', 'cat']",horse
6610,9,"['dog', 'frog', 'cat', 'airplane']",airplane
6611,4,"['cat', 'automobile', 'frog', 'airplane']",automobile
6612,4,"['cat', 'automobile', 'frog', 'airplane']",automobile
6613,4,"['cat', 'automobile', 'frog', 'airplane']",airplane
6614,2,"['ship', 'cat', 'automobile', 'airplane']",cat
6615,5,"['frog', 'ship', 'airplane', 'automobile']",ship
6616,2,"['ship', 'cat', 'automobile', 'airplane']",automobile
6617,0,"['horse', 'deer', 'frog', 'cat']",horse
6618,3,"['frog', 'ship', 'automobile', 'airplane']",ship
6619,3,"['frog', 'ship', 'automobile', 'airplane']",ship
6620,6,"['automobile', 'horse', 'ship', 'airplane']",horse
6621,2,"['ship', 'cat', 'automobile', 'airplane']",cat
6622,5,"['frog', 'ship', 'airplane', 'automobile']",ship
6623,1,"['bird', 'dog', 'frog', 'cat', 'airplane']",airplane
6624,7,"['automobile', 'cat', 'airplane', 'frog']",cat
6625,9,"['dog', 'frog', 'cat', 'airplane']",airplane
6626,2,"['ship', 'cat', 'automobile', 'airplane']",cat
6627,8,"['horse', 'airplane', 'cat', 'frog']",horse
6628,2,"['ship', 'cat', 'automobile', 'airplane']",automobile
6629,0,"['horse', 'deer', 'frog', 'cat']",horse
6630,1,"['bird', 'dog', 'frog', 'cat', 'airplane']",airplane
6631,8,"['horse', 'airplane', 'cat', 'frog']",horse
6632,8,"['horse', 'airplane', 'cat', 'frog']",horse
6633,7,"['automobile', 'cat', 'airplane', 'frog']",frog
6634,2,"['ship', 'cat', 'automobile', 'airplane']",cat
6635,3,"['frog', 'ship', 'automobile', 'airplane']",ship
6636,4,"['cat', 'automobile', 'frog', 'airplane']",automobile
6637,3,"['frog', 'ship', 'automobile', 'airplane']",ship
6638,2,"['ship', 'cat', 'automobile', 'airplane']",cat
6639,1,"['bird', 'dog', 'frog', 'cat', 'airplane']",airplane
6640,0,"['horse', 'deer', 'frog', 'cat']",horse
6641,7,"['automobile', 'cat', 'airplane', 'frog']",cat
6642,5,"['frog', 'ship', 'airplane', 'automobile']",ship
6643,9,"['dog', 'frog', 'cat', 'airplane']",airplane
6644,9,"['dog', 'frog', 'cat', 'airplane']",airplane
6645,6,"['automobile', 'horse', 'ship', 'airplane']",airplane
6646,8,"['horse', 'airplane', 'cat', 'frog']",horse
6647,6,"['automobile', 'horse', 'ship', 'airplane']",airplane
6648,2,"['ship', 'cat', 'automobile', 'airplane']",automobile
6649,3,"['frog', 'ship', 'automobile', 'airplane']",ship
6650,0,"['horse', 'deer', 'frog', 'cat']",horse
6651,8,"['horse', 'airplane', 'cat', 'frog']",horse
6652,4,"['cat', 'automobile', 'frog', 'airplane']",automobile
6653,7,"['automobile', 'cat', 'airplane', 'frog']",airplane
6654,4,"['cat', 'automobile', 'frog', 'airplane']",automobile
6655,7,"['automobile', 'cat', 'airplane', 'frog']",airplane
6656,1,"['bird', 'dog', 'frog', 'cat', 'airplane']",airplane
6657,9,"['dog', 'frog', 'cat', 'airplane']",dog
6658,3,"['frog', 'ship', 'automobile', 'airplane']",ship
6659,1,"['bird', 'dog', 'frog', 'cat', 'airplane']",airplane
6660,2,"['ship', 'cat', 'automobile', 'airplane']",cat
6661,1,"['bird', 'dog', 'frog', 'cat', 'airplane']",airplane
6662,9,"['dog', 'frog', 'cat', 'airplane']",airplane
6663,0,"['horse', 'deer', 'frog', 'cat']",horse
6664,6,"['automobile', 'horse', 'ship', 'airplane']",airplane
6665,0,"['horse', 'deer', 'frog', 'cat']",horse
6666,9,"['dog', 'frog', 'cat', 'airplane']",airplane
6667,8,"['horse', 'airplane', 'cat', 'frog']",horse
6668,1,"['bird', 'dog', 'frog', 'cat', 'airplane']",airplane
6669,3,"['frog', 'ship', 'automobile', 'airplane']",ship
6670,1,"['bird', 'dog', 'frog', 'cat', 'airplane']",airplane
6671,9,"['dog', 'frog', 'cat', 'airplane']",airplane
6672,6,"['automobile', 'horse', 'ship', 'airplane']",airplane
6673,1,"['bird', 'dog', 'frog', 'cat', 'airplane']",airplane
6674,3,"['frog', 'ship', 'automobile', 'airplane']",ship
6675,5,"['frog', 'ship', 'airplane', 'automobile']",ship
6676,7,"['automobile', 'cat', 'airplane', 'frog']",airplane
6677,7,"['automobile', 'cat', 'airplane', 'frog']",airplane
6678,1,"['bird', 'dog', 'frog', 'cat', 'airplane']",airplane
6679,8,"['horse', 'airplane', 'cat', 'frog']",horse
6680,7,"['automobile', 'cat', 'airplane', 'frog']",cat
6681,4,"['cat', 'automobile', 'frog', 'airplane']",automobile
6682,0,"['horse', 'deer', 'frog', 'cat']",horse
6683,1,"['bird', 'dog', 'frog', 'cat', 'airplane']",airplane
6684,3,"['frog', 'ship', 'automobile', 'airplane']",ship
6685,2,"['ship', 'cat', 'automobile', 'airplane']",cat
6686,6,"['automobile', 'horse', 'ship', 'airplane']",airplane
6687,0,"['horse', 'deer', 'frog', 'cat']",horse
6688,0,"['horse', 'deer', 'frog', 'cat']",horse
6689,5,"['frog', 'ship', 'airplane', 'automobile']",ship
6690,3,"['frog', 'ship', 'automobile', 'airplane']",ship
6691,2,"['ship', 'cat', 'automobile', 'airplane']",cat
6692,9,"['dog', 'frog', 'cat', 'airplane']",airplane
6693,9,"['dog', 'frog', 'cat', 'airplane']",dog
6694,5,"['frog', 'ship', 'airplane', 'automobile']",ship
6695,7,"['automobile', 'cat', 'airplane', 'frog']",frog
6696,7,"['automobile', 'cat', 'airplane', 'frog']",cat
6697,5,"['frog', 'ship', 'airplane', 'automobile']",ship
6698,5,"['frog', 'ship', 'airplane', 'automobile']",ship
6699,7,"['automobile', 'cat', 'airplane', 'frog']",cat
6700,3,"['frog', 'ship', 'automobile', 'airplane']",ship
6701,1,"['bird', 'dog', 'frog', 'cat', 'airplane']",airplane
6702,0,"['horse', 'deer', 'frog', 'cat']",horse
6703,1,"['bird', 'dog', 'frog', 'cat', 'airplane']",airplane
6704,2,"['ship', 'cat', 'automobile', 'airplane']",cat
6705,9,"['dog', 'frog', 'cat', 'airplane']",dog
6706,9,"['dog', 'frog', 'cat', 'airplane']",airplane
6707,5,"['frog', 'ship', 'airplane', 'automobile']",ship
6708,9,"['dog', 'frog', 'cat', 'airplane']",airplane
6709,1,"['bird', 'dog', 'frog', 'cat', 'airplane']",airplane
6710,4,"['cat', 'automobile', 'frog', 'airplane']",automobile
6711,0,"['horse', 'deer', 'frog', 'cat']",horse
6712,6,"['automobile', 'horse', 'ship', 'airplane']",airplane
6713,7,"['automobile', 'cat', 'airplane', 'frog']",cat
6714,3,"['frog', 'ship', 'automobile', 'airplane']",ship
6715,7,"['automobile', 'cat', 'airplane', 'frog']",cat
6716,3,"['frog', 'ship', 'automobile', 'airplane']",ship
6717,8,"['horse', 'airplane', 'cat', 'frog']",horse
6718,8,"['horse', 'airplane', 'cat', 'frog']",horse
6719,0,"['horse', 'deer', 'frog', 'cat']",horse
6720,4,"['cat', 'automobile', 'frog', 'airplane']",automobile
6721,6,"['automobile', 'horse', 'ship', 'airplane']",horse
6722,6,"['automobile', 'horse', 'ship', 'airplane']",airplane
6723,5,"['frog', 'ship', 'airplane', 'automobile']",ship
6724,3,"['frog', 'ship', 'automobile', 'airplane']",frog
6725,1,"['bird', 'dog', 'frog', 'cat', 'airplane']",airplane
6726,7,"['automobile', 'cat', 'airplane', 'frog']",cat
6727,9,"['dog', 'frog', 'cat', 'airplane']",dog
6728,8,"['horse', 'airplane', 'cat', 'frog']",horse
6729,3,"['frog', 'ship', 'automobile', 'airplane']",ship
6730,5,"['frog', 'ship', 'airplane', 'automobile']",ship
6731,1,"['bird', 'dog', 'frog', 'cat', 'airplane']",airplane
6732,3,"['frog', 'ship', 'automobile', 'airplane']",ship
6733,1,"['bird', 'dog', 'frog', 'cat', 'airplane']",airplane
6734,7,"['automobile', 'cat', 'airplane', 'frog']",cat
6735,0,"['horse', 'deer', 'frog', 'cat']",horse
6736,1,"['bird', 'dog', 'frog', 'cat', 'airplane']",airplane
6737,1,"['bird', 'dog', 'frog', 'cat', 'airplane']",airplane
6738,2,"['ship', 'cat', 'automobile', 'airplane']",cat
6739,7,"['automobile', 'cat', 'airplane', 'frog']",airplane
6740,8,"['horse', 'airplane', 'cat', 'frog']",airplane
6741,6,"['automobile', 'horse', 'ship', 'airplane']",airplane
6742,3,"['frog', 'ship', 'automobile', 'airplane']",ship
6743,0,"['horse', 'deer', 'frog', 'cat']",horse
6744,2,"['ship', 'cat', 'automobile', 'airplane']",automobile
6745,6,"['automobile', 'horse', 'ship', 'airplane']",airplane
6746,9,"['dog', 'frog', 'cat', 'airplane']",airplane
6747,6,"['automobile', 'horse', 'ship', 'airplane']",airplane
6748,7,"['automobile', 'cat', 'airplane', 'frog']",airplane
6749,6,"['automobile', 'horse', 'ship', 'airplane']",airplane
6750,6,"['automobile', 'horse', 'ship', 'airplane']",automobile
6751,1,"['bird', 'dog', 'frog', 'cat', 'airplane']",airplane
6752,7,"['automobile', 'cat', 'airplane', 'frog']",cat
6753,3,"['frog', 'ship', 'automobile', 'airplane']",ship
6754,6,"['automobile', 'horse', 'ship', 'airplane']",airplane
6755,6,"['automobile', 'horse', 'ship', 'airplane']",horse
6756,8,"['horse', 'airplane', 'cat', 'frog']",horse
6757,2,"['ship', 'cat', 'automobile', 'airplane']",cat
6758,3,"['frog', 'ship', 'automobile', 'airplane']",ship
6759,7,"['automobile', 'cat', 'airplane', 'frog']",cat
6760,5,"['frog', 'ship', 'airplane', 'automobile']",ship
6761,0,"['horse', 'deer', 'frog', 'cat']",horse
6762,8,"['horse', 'airplane', 'cat', 'frog']",horse
6763,7,"['automobile', 'cat', 'airplane', 'frog']",cat
6764,7,"['automobile', 'cat', 'airplane', 'frog']",cat
6765,1,"['bird', 'dog', 'frog', 'cat', 'airplane']",airplane
6766,9,"['dog', 'frog', 'cat', 'airplane']",airplane
6767,3,"['frog', 'ship', 'automobile', 'airplane']",ship
6768,6,"['automobile', 'horse', 'ship', 'airplane']",airplane
6769,1,"['bird', 'dog', 'frog', 'cat', 'airplane']",airplane
6770,4,"['cat', 'automobile', 'frog', 'airplane']",automobile
6771,5,"['frog', 'ship', 'airplane', 'automobile']",ship
6772,2,"['ship', 'cat', 'automobile', 'airplane']",cat
6773,8,"['horse', 'airplane', 'cat', 'frog']",horse
6774,2,"['ship', 'cat', 'automobile', 'airplane']",cat
6775,8,"['horse', 'airplane', 'cat', 'frog']",horse
6776,7,"['automobile', 'cat', 'airplane', 'frog']",cat
6777,6,"['automobile', 'horse', 'ship', 'airplane']",airplane
6778,5,"['frog', 'ship', 'airplane', 'automobile']",ship
6779,1,"['bird', 'dog', 'frog', 'cat', 'airplane']",airplane
6780,4,"['cat', 'automobile', 'frog', 'airplane']",automobile
6781,5,"['frog', 'ship', 'airplane', 'automobile']",ship
6782,3,"['frog', 'ship', 'automobile', 'airplane']",ship
6783,3,"['frog', 'ship', 'automobile', 'airplane']",ship
6784,9,"['dog', 'frog', 'cat', 'airplane']",airplane
6785,4,"['cat', 'automobile', 'frog', 'airplane']",automobile
6786,1,"['bird', 'dog', 'frog', 'cat', 'airplane']",airplane
6787,3,"['frog', 'ship', 'automobile', 'airplane']",ship
6788,8,"['horse', 'airplane', 'cat', 'frog']",horse
6789,8,"['horse', 'airplane', 'cat', 'frog']",horse
6790,3,"['frog', 'ship', 'automobile', 'airplane']",ship
6791,8,"['horse', 'airplane', 'cat', 'frog']",horse
6792,7,"['automobile', 'cat', 'airplane', 'frog']",cat
6793,7,"['automobile', 'cat', 'airplane', 'frog']",cat
6794,5,"['frog', 'ship', 'airplane', 'automobile']",ship
6795,6,"['automobile', 'horse', 'ship', 'airplane']",airplane
6796,8,"['horse', 'airplane', 'cat', 'frog']",horse
6797,5,"['frog', 'ship', 'airplane', 'automobile']",ship
6798,1,"['bird', 'dog', 'frog', 'cat', 'airplane']",airplane
6799,2,"['ship', 'cat', 'automobile', 'airplane']",cat
6800,7,"['automobile', 'cat', 'airplane', 'frog']",cat
6801,2,"['ship', 'cat', 'automobile', 'airplane']",automobile
6802,2,"['ship', 'cat', 'automobile', 'airplane']",cat
6803,8,"['horse', 'airplane', 'cat', 'frog']",horse
6804,6,"['automobile', 'horse', 'ship', 'airplane']",airplane
6805,2,"['ship', 'cat', 'automobile', 'airplane']",ship
6806,8,"['horse', 'airplane', 'cat', 'frog']",horse
6807,5,"['frog', 'ship', 'airplane', 'automobile']",ship
6808,7,"['automobile', 'cat', 'airplane', 'frog']",cat
6809,4,"['cat', 'automobile', 'frog', 'airplane']",automobile
6810,6,"['automobile', 'horse', 'ship', 'airplane']",horse
6811,9,"['dog', 'frog', 'cat', 'airplane']",airplane
6812,3,"['frog', 'ship', 'automobile', 'airplane']",ship
6813,1,"['bird', 'dog', 'frog', 'cat', 'airplane']",airplane
6814,1,"['bird', 'dog', 'frog', 'cat', 'airplane']",airplane
6815,5,"['frog', 'ship', 'airplane', 'automobile']",ship
6816,2,"['ship', 'cat', 'automobile', 'airplane']",cat
6817,8,"['horse', 'airplane', 'cat', 'frog']",horse
6818,7,"['automobile', 'cat', 'airplane', 'frog']",cat
6819,1,"['bird', 'dog', 'frog', 'cat', 'airplane']",airplane
6820,1,"['bird', 'dog', 'frog', 'cat', 'airplane']",airplane
6821,7,"['automobile', 'cat', 'airplane', 'frog']",cat
6822,7,"['automobile', 'cat', 'airplane', 'frog']",frog
6823,8,"['horse', 'airplane', 'cat', 'frog']",horse
6824,6,"['automobile', 'horse', 'ship', 'airplane']",airplane
6825,8,"['horse', 'airplane', 'cat', 'frog']",horse
6826,6,"['automobile', 'horse', 'ship', 'airplane']",airplane
6827,7,"['automobile', 'cat', 'airplane', 'frog']",cat
6828,1,"['bird', 'dog', 'frog', 'cat', 'airplane']",airplane
6829,6,"['automobile', 'horse', 'ship', 'airplane']",automobile
6830,8,"['horse', 'airplane', 'cat', 'frog']",horse
6831,1,"['bird', 'dog', 'frog', 'cat', 'airplane']",airplane
6832,6,"['automobile', 'horse', 'ship', 'airplane']",automobile
6833,0,"['horse', 'deer', 'frog', 'cat']",horse
6834,9,"['dog', 'frog', 'cat', 'airplane']",airplane
6835,9,"['dog', 'frog', 'cat', 'airplane']",dog
6836,2,"['ship', 'cat', 'automobile', 'airplane']",cat
6837,3,"['frog', 'ship', 'automobile', 'airplane']",ship
6838,4,"['cat', 'automobile', 'frog', 'airplane']",automobile
6839,7,"['automobile', 'cat', 'airplane', 'frog']",airplane
6840,4,"['cat', 'automobile', 'frog', 'airplane']",automobile
6841,7,"['automobile', 'cat', 'airplane', 'frog']",cat
6842,7,"['automobile', 'cat', 'airplane', 'frog']",airplane
6843,2,"['ship', 'cat', 'automobile', 'airplane']",cat
6844,4,"['cat', 'automobile', 'frog', 'airplane']",automobile
6845,9,"['dog', 'frog', 'cat', 'airplane']",airplane
6846,8,"['horse', 'airplane', 'cat', 'frog']",horse
6847,3,"['frog', 'ship', 'automobile', 'airplane']",frog
6848,8,"['horse', 'airplane', 'cat', 'frog']",horse
6849,3,"['frog', 'ship', 'automobile', 'airplane']",ship
6850,7,"['automobile', 'cat', 'airplane', 'frog']",airplane
6851,1,"['bird', 'dog', 'frog', 'cat', 'airplane']",airplane
6852,4,"['cat', 'automobile', 'frog', 'airplane']",automobile
6853,5,"['frog', 'ship', 'airplane', 'automobile']",ship
6854,6,"['automobile', 'horse', 'ship', 'airplane']",airplane
6855,3,"['frog', 'ship', 'automobile', 'airplane']",ship
6856,2,"['ship', 'cat', 'automobile', 'airplane']",cat
6857,2,"['ship', 'cat', 'automobile', 'airplane']",cat
6858,0,"['horse', 'deer', 'frog', 'cat']",horse
6859,6,"['automobile', 'horse', 'ship', 'airplane']",airplane
6860,0,"['horse', 'deer', 'frog', 'cat']",horse
6861,9,"['dog', 'frog', 'cat', 'airplane']",airplane
6862,8,"['horse', 'airplane', 'cat', 'frog']",horse
6863,4,"['cat', 'automobile', 'frog', 'airplane']",automobile
6864,7,"['automobile', 'cat', 'airplane', 'frog']",cat
6865,7,"['automobile', 'cat', 'airplane', 'frog']",airplane
6866,5,"['frog', 'ship', 'airplane', 'automobile']",ship
6867,0,"['horse', 'deer', 'frog', 'cat']",horse
6868,3,"['frog', 'ship', 'automobile', 'airplane']",ship
6869,1,"['bird', 'dog', 'frog', 'cat', 'airplane']",airplane
6870,9,"['dog', 'frog', 'cat', 'airplane']",airplane
6871,1,"['bird', 'dog', 'frog', 'cat', 'airplane']",airplane
6872,3,"['frog', 'ship', 'automobile', 'airplane']",ship
6873,5,"['frog', 'ship', 'airplane', 'automobile']",ship
6874,5,"['frog', 'ship', 'airplane', 'automobile']",ship
6875,4,"['cat', 'automobile', 'frog', 'airplane']",automobile
6876,7,"['automobile', 'cat', 'airplane', 'frog']",cat
6877,4,"['cat', 'automobile', 'frog', 'airplane']",automobile
6878,5,"['frog', 'ship', 'airplane', 'automobile']",ship
6879,4,"['cat', 'automobile', 'frog', 'airplane']",automobile
6880,8,"['horse', 'airplane', 'cat', 'frog']",horse
6881,8,"['horse', 'airplane', 'cat', 'frog']",horse
6882,8,"['horse', 'airplane', 'cat', 'frog']",horse
6883,3,"['frog', 'ship', 'automobile', 'airplane']",ship
6884,2,"['ship', 'cat', 'automobile', 'airplane']",cat
6885,1,"['bird', 'dog', 'frog', 'cat', 'airplane']",airplane
6886,2,"['ship', 'cat', 'automobile', 'airplane']",automobile
6887,9,"['dog', 'frog', 'cat', 'airplane']",dog
6888,6,"['automobile', 'horse', 'ship', 'airplane']",airplane
6889,1,"['bird', 'dog', 'frog', 'cat', 'airplane']",airplane
6890,9,"['dog', 'frog', 'cat', 'airplane']",airplane
6891,4,"['cat', 'automobile', 'frog', 'airplane']",automobile
6892,7,"['automobile', 'cat', 'airplane', 'frog']",frog
6893,6,"['automobile', 'horse', 'ship', 'airplane']",automobile
6894,4,"['cat', 'automobile', 'frog', 'airplane']",automobile
6895,1,"['bird', 'dog', 'frog', 'cat', 'airplane']",airplane
6896,1,"['bird', 'dog', 'frog', 'cat', 'airplane']",airplane
6897,4,"['cat', 'automobile', 'frog', 'airplane']",automobile
6898,8,"['horse', 'airplane', 'cat', 'frog']",horse
6899,1,"['bird', 'dog', 'frog', 'cat', 'airplane']",airplane
6900,9,"['dog', 'frog', 'cat', 'airplane']",dog
6901,2,"['ship', 'cat', 'automobile', 'airplane']",cat
6902,3,"['frog', 'ship', 'automobile', 'airplane']",ship
6903,9,"['dog', 'frog', 'cat', 'airplane']",dog
6904,0,"['horse', 'deer', 'frog', 'cat']",horse
6905,3,"['frog', 'ship', 'automobile', 'airplane']",ship
6906,9,"['dog', 'frog', 'cat', 'airplane']",dog
6907,4,"['cat', 'automobile', 'frog', 'airplane']",airplane
6908,1,"['bird', 'dog', 'frog', 'cat', 'airplane']",airplane
6909,8,"['horse', 'airplane', 'cat', 'frog']",horse
6910,3,"['frog', 'ship', 'automobile', 'airplane']",ship
6911,4,"['cat', 'automobile', 'frog', 'airplane']",airplane
6912,8,"['horse', 'airplane', 'cat', 'frog']",horse
6913,3,"['frog', 'ship', 'automobile', 'airplane']",ship
6914,3,"['frog', 'ship', 'automobile', 'airplane']",ship
6915,1,"['bird', 'dog', 'frog', 'cat', 'airplane']",airplane
6916,8,"['horse', 'airplane', 'cat', 'frog']",horse
6917,2,"['ship', 'cat', 'automobile', 'airplane']",cat
6918,6,"['automobile', 'horse', 'ship', 'airplane']",airplane
6919,0,"['horse', 'deer', 'frog', 'cat']",horse
6920,0,"['horse', 'deer', 'frog', 'cat']",horse
6921,2,"['ship', 'cat', 'automobile', 'airplane']",automobile
6922,1,"['bird', 'dog', 'frog', 'cat', 'airplane']",airplane
6923,0,"['horse', 'deer', 'frog', 'cat']",horse
6924,4,"['cat', 'automobile', 'frog', 'airplane']",automobile
6925,6,"['automobile', 'horse', 'ship', 'airplane']",airplane
6926,6,"['automobile', 'horse', 'ship', 'airplane']",airplane
6927,2,"['ship', 'cat', 'automobile', 'airplane']",cat
6928,1,"['bird', 'dog', 'frog', 'cat', 'airplane']",airplane
6929,0,"['horse', 'deer', 'frog', 'cat']",horse
6930,3,"['frog', 'ship', 'automobile', 'airplane']",ship
6931,1,"['bird', 'dog', 'frog', 'cat', 'airplane']",airplane
6932,6,"['automobile', 'horse', 'ship', 'airplane']",airplane
6933,1,"['bird', 'dog', 'frog', 'cat', 'airplane']",airplane
6934,9,"['dog', 'frog', 'cat', 'airplane']",airplane
6935,6,"['automobile', 'horse', 'ship', 'airplane']",automobile
6936,3,"['frog', 'ship', 'automobile', 'airplane']",ship
6937,9,"['dog', 'frog', 'cat', 'airplane']",airplane
6938,6,"['automobile', 'horse', 'ship', 'airplane']",airplane
6939,7,"['automobile', 'cat', 'airplane', 'frog']",cat
6940,4,"['cat', 'automobile', 'frog', 'airplane']",automobile
6941,6,"['automobile', 'horse', 'ship', 'airplane']",airplane
6942,8,"['horse', 'airplane', 'cat', 'frog']",horse
6943,4,"['cat', 'automobile', 'frog', 'airplane']",automobile
6944,2,"['ship', 'cat', 'automobile', 'airplane']",cat
6945,3,"['frog', 'ship', 'automobile', 'airplane']",ship
6946,2,"['ship', 'cat', 'automobile', 'airplane']",automobile
6947,0,"['horse', 'deer', 'frog', 'cat']",horse
6948,8,"['horse', 'airplane', 'cat', 'frog']",horse
6949,6,"['automobile', 'horse', 'ship', 'airplane']",airplane
6950,4,"['cat', 'automobile', 'frog', 'airplane']",airplane
6951,9,"['dog', 'frog', 'cat', 'airplane']",airplane
6952,0,"['horse', 'deer', 'frog', 'cat']",horse
6953,7,"['automobile', 'cat', 'airplane', 'frog']",airplane
6954,0,"['horse', 'deer', 'frog', 'cat']",horse
6955,1,"['bird', 'dog', 'frog', 'cat', 'airplane']",airplane
6956,2,"['ship', 'cat', 'automobile', 'airplane']",cat
6957,5,"['frog', 'ship', 'airplane', 'automobile']",ship
6958,5,"['frog', 'ship', 'airplane', 'automobile']",ship
6959,1,"['bird', 'dog', 'frog', 'cat', 'airplane']",airplane
6960,6,"['automobile', 'horse', 'ship', 'airplane']",airplane
6961,3,"['frog', 'ship', 'automobile', 'airplane']",ship
6962,6,"['automobile', 'horse', 'ship', 'airplane']",airplane
6963,2,"['ship', 'cat', 'automobile', 'airplane']",ship
6964,8,"['horse', 'airplane', 'cat', 'frog']",horse
6965,5,"['frog', 'ship', 'airplane', 'automobile']",ship
6966,7,"['automobile', 'cat', 'airplane', 'frog']",frog
6967,1,"['bird', 'dog', 'frog', 'cat', 'airplane']",airplane
6968,6,"['automobile', 'horse', 'ship', 'airplane']",airplane
6969,1,"['bird', 'dog', 'frog', 'cat', 'airplane']",airplane
6970,2,"['ship', 'cat', 'automobile', 'airplane']",automobile
6971,1,"['bird', 'dog', 'frog', 'cat', 'airplane']",airplane
6972,0,"['horse', 'deer', 'frog', 'cat']",horse
6973,0,"['horse', 'deer', 'frog', 'cat']",horse
6974,8,"['horse', 'airplane', 'cat', 'frog']",horse
6975,8,"['horse', 'airplane', 'cat', 'frog']",horse
6976,2,"['ship', 'cat', 'automobile', 'airplane']",cat
6977,8,"['horse', 'airplane', 'cat', 'frog']",horse
6978,5,"['frog', 'ship', 'airplane', 'automobile']",ship
6979,7,"['automobile', 'cat', 'airplane', 'frog']",cat
6980,3,"['frog', 'ship', 'automobile', 'airplane']",ship
6981,3,"['frog', 'ship', 'automobile', 'airplane']",ship
6982,5,"['frog', 'ship', 'airplane', 'automobile']",ship
6983,4,"['cat', 'automobile', 'frog', 'airplane']",airplane
6984,9,"['dog', 'frog', 'cat', 'airplane']",airplane
6985,4,"['cat', 'automobile', 'frog', 'airplane']",automobile
6986,7,"['automobile', 'cat', 'airplane', 'frog']",cat
6987,6,"['automobile', 'horse', 'ship', 'airplane']",airplane
6988,1,"['bird', 'dog', 'frog', 'cat', 'airplane']",airplane
6989,8,"['horse', 'airplane', 'cat', 'frog']",horse
6990,4,"['cat', 'automobile', 'frog', 'airplane']",automobile
6991,9,"['dog', 'frog', 'cat', 'airplane']",dog
6992,7,"['automobile', 'cat', 'airplane', 'frog']",cat
6993,4,"['cat', 'automobile', 'frog', 'airplane']",automobile
6994,3,"['frog', 'ship', 'automobile', 'airplane']",ship
6995,8,"['horse', 'airplane', 'cat', 'frog']",horse
6996,2,"['ship', 'cat', 'automobile', 'airplane']",automobile
6997,9,"['dog', 'frog', 'cat', 'airplane']",dog
6998,7,"['automobile', 'cat', 'airplane', 'frog']",airplane
6999,7,"['automobile', 'cat', 'airplane', 'frog']",airplane
7000,5,"['frog', 'ship', 'airplane', 'automobile']",ship
7001,6,"['automobile', 'horse', 'ship', 'airplane']",airplane
7002,0,"['horse', 'deer', 'frog', 'cat']",horse
7003,6,"['automobile', 'horse', 'ship', 'airplane']",airplane
7004,3,"['frog', 'ship', 'automobile', 'airplane']",ship
7005,1,"['bird', 'dog', 'frog', 'cat', 'airplane']",airplane
7006,3,"['frog', 'ship', 'automobile', 'airplane']",ship
7007,8,"['horse', 'airplane', 'cat', 'frog']",horse
7008,2,"['ship', 'cat', 'automobile', 'airplane']",automobile
7009,2,"['ship', 'cat', 'automobile', 'airplane']",cat
7010,9,"['dog', 'frog', 'cat', 'airplane']",airplane
7011,7,"['automobile', 'cat', 'airplane', 'frog']",cat
7012,8,"['horse', 'airplane', 'cat', 'frog']",horse
7013,8,"['horse', 'airplane', 'cat', 'frog']",horse
7014,0,"['horse', 'deer', 'frog', 'cat']",horse
7015,0,"['horse', 'deer', 'frog', 'cat']",horse
7016,7,"['automobile', 'cat', 'airplane', 'frog']",cat
7017,5,"['frog', 'ship', 'airplane', 'automobile']",ship
7018,1,"['bird', 'dog', 'frog', 'cat', 'airplane']",airplane
7019,1,"['bird', 'dog', 'frog', 'cat', 'airplane']",airplane
7020,6,"['automobile', 'horse', 'ship', 'airplane']",airplane
7021,5,"['frog', 'ship', 'airplane', 'automobile']",ship
7022,8,"['horse', 'airplane', 'cat', 'frog']",horse
7023,7,"['automobile', 'cat', 'airplane', 'frog']",cat
7024,4,"['cat', 'automobile', 'frog', 'airplane']",automobile
7025,6,"['automobile', 'horse', 'ship', 'airplane']",airplane
7026,2,"['ship', 'cat', 'automobile', 'airplane']",cat
7027,7,"['automobile', 'cat', 'airplane', 'frog']",airplane
7028,7,"['automobile', 'cat', 'airplane', 'frog']",frog
7029,8,"['horse', 'airplane', 'cat', 'frog']",horse
7030,7,"['automobile', 'cat', 'airplane', 'frog']",cat
7031,5,"['frog', 'ship', 'airplane', 'automobile']",ship
7032,5,"['frog', 'ship', 'airplane', 'automobile']",ship
7033,7,"['automobile', 'cat', 'airplane', 'frog']",cat
7034,6,"['automobile', 'horse', 'ship', 'airplane']",airplane
7035,4,"['cat', 'automobile', 'frog', 'airplane']",automobile
7036,6,"['automobile', 'horse', 'ship', 'airplane']",airplane
7037,2,"['ship', 'cat', 'automobile', 'airplane']",automobile
7038,2,"['ship', 'cat', 'automobile', 'airplane']",cat
7039,8,"['horse', 'airplane', 'cat', 'frog']",horse
7040,9,"['dog', 'frog', 'cat', 'airplane']",airplane
7041,6,"['automobile', 'horse', 'ship', 'airplane']",airplane
7042,9,"['dog', 'frog', 'cat', 'airplane']",airplane
7043,4,"['cat', 'automobile', 'frog', 'airplane']",airplane
7044,6,"['automobile', 'horse', 'ship', 'airplane']",airplane
7045,8,"['horse', 'airplane', 'cat', 'frog']",horse
7046,8,"['horse', 'airplane', 'cat', 'frog']",horse
7047,2,"['ship', 'cat', 'automobile', 'airplane']",cat
7048,1,"['bird', 'dog', 'frog', 'cat', 'airplane']",airplane
7049,3,"['frog', 'ship', 'automobile', 'airplane']",ship
7050,3,"['frog', 'ship', 'automobile', 'airplane']",frog
7051,8,"['horse', 'airplane', 'cat', 'frog']",horse
7052,4,"['cat', 'automobile', 'frog', 'airplane']",airplane
7053,0,"['horse', 'deer', 'frog', 'cat']",horse
7054,4,"['cat', 'automobile', 'frog', 'airplane']",automobile
7055,7,"['automobile', 'cat', 'airplane', 'frog']",cat
7056,2,"['ship', 'cat', 'automobile', 'airplane']",cat
7057,5,"['frog', 'ship', 'airplane', 'automobile']",ship
7058,4,"['cat', 'automobile', 'frog', 'airplane']",automobile
7059,4,"['cat', 'automobile', 'frog', 'airplane']",airplane
7060,0,"['horse', 'deer', 'frog', 'cat']",horse
7061,8,"['horse', 'airplane', 'cat', 'frog']",horse
7062,4,"['cat', 'automobile', 'frog', 'airplane']",automobile
7063,3,"['frog', 'ship', 'automobile', 'airplane']",ship
7064,6,"['automobile', 'horse', 'ship', 'airplane']",airplane
7065,3,"['frog', 'ship', 'automobile', 'airplane']",ship
7066,8,"['horse', 'airplane', 'cat', 'frog']",horse
7067,8,"['horse', 'airplane', 'cat', 'frog']",horse
7068,2,"['ship', 'cat', 'automobile', 'airplane']",automobile
7069,9,"['dog', 'frog', 'cat', 'airplane']",airplane
7070,6,"['automobile', 'horse', 'ship', 'airplane']",airplane
7071,9,"['dog', 'frog', 'cat', 'airplane']",airplane
7072,5,"['frog', 'ship', 'airplane', 'automobile']",ship
7073,6,"['automobile', 'horse', 'ship', 'airplane']",horse
7074,2,"['ship', 'cat', 'automobile', 'airplane']",cat
7075,3,"['frog', 'ship', 'automobile', 'airplane']",ship
7076,7,"['automobile', 'cat', 'airplane', 'frog']",cat
7077,1,"['bird', 'dog', 'frog', 'cat', 'airplane']",airplane
7078,4,"['cat', 'automobile', 'frog', 'airplane']",automobile
7079,7,"['automobile', 'cat', 'airplane', 'frog']",cat
7080,9,"['dog', 'frog', 'cat', 'airplane']",dog
7081,0,"['horse', 'deer', 'frog', 'cat']",horse
7082,5,"['frog', 'ship', 'airplane', 'automobile']",ship
7083,8,"['horse', 'airplane', 'cat', 'frog']",horse
7084,6,"['automobile', 'horse', 'ship', 'airplane']",airplane
7085,7,"['automobile', 'cat', 'airplane', 'frog']",airplane
7086,3,"['frog', 'ship', 'automobile', 'airplane']",ship
7087,1,"['bird', 'dog', 'frog', 'cat', 'airplane']",airplane
7088,7,"['automobile', 'cat', 'airplane', 'frog']",cat
7089,2,"['ship', 'cat', 'automobile', 'airplane']",automobile
7090,5,"['frog', 'ship', 'airplane', 'automobile']",ship
7091,6,"['automobile', 'horse', 'ship', 'airplane']",airplane
7092,6,"['automobile', 'horse', 'ship', 'airplane']",ship
7093,0,"['horse', 'deer', 'frog', 'cat']",horse
7094,5,"['frog', 'ship', 'airplane', 'automobile']",ship
7095,0,"['horse', 'deer', 'frog', 'cat']",horse
7096,8,"['horse', 'airplane', 'cat', 'frog']",horse
7097,4,"['cat', 'automobile', 'frog', 'airplane']",automobile
7098,2,"['ship', 'cat', 'automobile', 'airplane']",cat
7099,4,"['cat', 'automobile', 'frog', 'airplane']",airplane
7100,4,"['cat', 'automobile', 'frog', 'airplane']",automobile
7101,7,"['automobile', 'cat', 'airplane', 'frog']",cat
7102,1,"['bird', 'dog', 'frog', 'cat', 'airplane']",airplane
7103,5,"['frog', 'ship', 'airplane', 'automobile']",ship
7104,8,"['horse', 'airplane', 'cat', 'frog']",horse
7105,5,"['frog', 'ship', 'airplane', 'automobile']",ship
7106,2,"['ship', 'cat', 'automobile', 'airplane']",automobile
7107,3,"['frog', 'ship', 'automobile', 'airplane']",ship
7108,8,"['horse', 'airplane', 'cat', 'frog']",horse
7109,8,"['horse', 'airplane', 'cat', 'frog']",horse
7110,4,"['cat', 'automobile', 'frog', 'airplane']",automobile
7111,9,"['dog', 'frog', 'cat', 'airplane']",dog
7112,8,"['horse', 'airplane', 'cat', 'frog']",horse
7113,5,"['frog', 'ship', 'airplane', 'automobile']",ship
7114,9,"['dog', 'frog', 'cat', 'airplane']",airplane
7115,5,"['frog', 'ship', 'airplane', 'automobile']",ship
7116,2,"['ship', 'cat', 'automobile', 'airplane']",cat
7117,5,"['frog', 'ship', 'airplane', 'automobile']",ship
7118,8,"['horse', 'airplane', 'cat', 'frog']",horse
7119,4,"['cat', 'automobile', 'frog', 'airplane']",automobile
7120,7,"['automobile', 'cat', 'airplane', 'frog']",airplane
7121,3,"['frog', 'ship', 'automobile', 'airplane']",ship
7122,3,"['frog', 'ship', 'automobile', 'airplane']",ship
7123,3,"['frog', 'ship', 'automobile', 'airplane']",ship
7124,1,"['bird', 'dog', 'frog', 'cat', 'airplane']",airplane
7125,3,"['frog', 'ship', 'automobile', 'airplane']",ship
7126,8,"['horse', 'airplane', 'cat', 'frog']",horse
7127,9,"['dog', 'frog', 'cat', 'airplane']",dog
7128,3,"['frog', 'ship', 'automobile', 'airplane']",ship
7129,8,"['horse', 'airplane', 'cat', 'frog']",horse
7130,1,"['bird', 'dog', 'frog', 'cat', 'airplane']",airplane
7131,8,"['horse', 'airplane', 'cat', 'frog']",horse
7132,3,"['frog', 'ship', 'automobile', 'airplane']",ship
7133,6,"['automobile', 'horse', 'ship', 'airplane']",airplane
7134,9,"['dog', 'frog', 'cat', 'airplane']",dog
7135,2,"['ship', 'cat', 'automobile', 'airplane']",automobile
7136,2,"['ship', 'cat', 'automobile', 'airplane']",ship
7137,6,"['automobile', 'horse', 'ship', 'airplane']",ship
7138,3,"['frog', 'ship', 'automobile', 'airplane']",ship
7139,5,"['frog', 'ship', 'airplane', 'automobile']",ship
7140,5,"['frog', 'ship', 'airplane', 'automobile']",ship
7141,7,"['automobile', 'cat', 'airplane', 'frog']",airplane
7142,3,"['frog', 'ship', 'automobile', 'airplane']",ship
7143,6,"['automobile', 'horse', 'ship', 'airplane']",airplane
7144,0,"['horse', 'deer', 'frog', 'cat']",horse
7145,1,"['bird', 'dog', 'frog', 'cat', 'airplane']",airplane
7146,2,"['ship', 'cat', 'automobile', 'airplane']",automobile
7147,1,"['bird', 'dog', 'frog', 'cat', 'airplane']",airplane
7148,1,"['bird', 'dog', 'frog', 'cat', 'airplane']",airplane
7149,8,"['horse', 'airplane', 'cat', 'frog']",horse
7150,5,"['frog', 'ship', 'airplane', 'automobile']",ship
7151,2,"['ship', 'cat', 'automobile', 'airplane']",cat
7152,7,"['automobile', 'cat', 'airplane', 'frog']",airplane
7153,3,"['frog', 'ship', 'automobile', 'airplane']",ship
7154,4,"['cat', 'automobile', 'frog', 'airplane']",automobile
7155,4,"['cat', 'automobile', 'frog', 'airplane']",automobile
7156,8,"['horse', 'airplane', 'cat', 'frog']",horse
7157,5,"['frog', 'ship', 'airplane', 'automobile']",ship
7158,5,"['frog', 'ship', 'airplane', 'automobile']",ship
7159,6,"['automobile', 'horse', 'ship', 'airplane']",horse
7160,5,"['frog', 'ship', 'airplane', 'automobile']",ship
7161,3,"['frog', 'ship', 'automobile', 'airplane']",ship
7162,5,"['frog', 'ship', 'airplane', 'automobile']",ship
7163,4,"['cat', 'automobile', 'frog', 'airplane']",automobile
7164,5,"['frog', 'ship', 'airplane', 'automobile']",ship
7165,2,"['ship', 'cat', 'automobile', 'airplane']",cat
7166,2,"['ship', 'cat', 'automobile', 'airplane']",cat
7167,9,"['dog', 'frog', 'cat', 'airplane']",airplane
7168,0,"['horse', 'deer', 'frog', 'cat']",horse
7169,8,"['horse', 'airplane', 'cat', 'frog']",horse
7170,9,"['dog', 'frog', 'cat', 'airplane']",airplane
7171,3,"['frog', 'ship', 'automobile', 'airplane']",ship
7172,6,"['automobile', 'horse', 'ship', 'airplane']",airplane
7173,1,"['bird', 'dog', 'frog', 'cat', 'airplane']",airplane
7174,0,"['horse', 'deer', 'frog', 'cat']",horse
7175,6,"['automobile', 'horse', 'ship', 'airplane']",horse
7176,1,"['bird', 'dog', 'frog', 'cat', 'airplane']",airplane
7177,1,"['bird', 'dog', 'frog', 'cat', 'airplane']",airplane
7178,2,"['ship', 'cat', 'automobile', 'airplane']",cat
7179,0,"['horse', 'deer', 'frog', 'cat']",horse
7180,3,"['frog', 'ship', 'automobile', 'airplane']",ship
7181,5,"['frog', 'ship', 'airplane', 'automobile']",ship
7182,7,"['automobile', 'cat', 'airplane', 'frog']",cat
7183,0,"['horse', 'deer', 'frog', 'cat']",horse
7184,2,"['ship', 'cat', 'automobile', 'airplane']",cat
7185,7,"['automobile', 'cat', 'airplane', 'frog']",airplane
7186,7,"['automobile', 'cat', 'airplane', 'frog']",airplane
7187,0,"['horse', 'deer', 'frog', 'cat']",horse
7188,4,"['cat', 'automobile', 'frog', 'airplane']",automobile
7189,5,"['frog', 'ship', 'airplane', 'automobile']",ship
7190,6,"['automobile', 'horse', 'ship', 'airplane']",airplane
7191,7,"['automobile', 'cat', 'airplane', 'frog']",airplane
7192,5,"['frog', 'ship', 'airplane', 'automobile']",ship
7193,7,"['automobile', 'cat', 'airplane', 'frog']",frog
7194,2,"['ship', 'cat', 'automobile', 'airplane']",cat
7195,5,"['frog', 'ship', 'airplane', 'automobile']",ship
7196,0,"['horse', 'deer', 'frog', 'cat']",horse
7197,7,"['automobile', 'cat', 'airplane', 'frog']",airplane
7198,1,"['bird', 'dog', 'frog', 'cat', 'airplane']",airplane
7199,9,"['dog', 'frog', 'cat', 'airplane']",airplane
7200,3,"['frog', 'ship', 'automobile', 'airplane']",ship
7201,7,"['automobile', 'cat', 'airplane', 'frog']",cat
7202,6,"['automobile', 'horse', 'ship', 'airplane']",airplane
7203,0,"['horse', 'deer', 'frog', 'cat']",horse
7204,7,"['automobile', 'cat', 'airplane', 'frog']",cat
7205,3,"['frog', 'ship', 'automobile', 'airplane']",ship
7206,4,"['cat', 'automobile', 'frog', 'airplane']",automobile
7207,4,"['cat', 'automobile', 'frog', 'airplane']",automobile
7208,5,"['frog', 'ship', 'airplane', 'automobile']",ship
7209,2,"['ship', 'cat', 'automobile', 'airplane']",automobile
7210,9,"['dog', 'frog', 'cat', 'airplane']",dog
7211,2,"['ship', 'cat', 'automobile', 'airplane']",cat
7212,0,"['horse', 'deer', 'frog', 'cat']",horse
7213,3,"['frog', 'ship', 'automobile', 'airplane']",ship
7214,1,"['bird', 'dog', 'frog', 'cat', 'airplane']",airplane
7215,6,"['automobile', 'horse', 'ship', 'airplane']",airplane
7216,2,"['ship', 'cat', 'automobile', 'airplane']",cat
7217,2,"['ship', 'cat', 'automobile', 'airplane']",cat
7218,4,"['cat', 'automobile', 'frog', 'airplane']",automobile
7219,7,"['automobile', 'cat', 'airplane', 'frog']",airplane
7220,3,"['frog', 'ship', 'automobile', 'airplane']",ship
7221,1,"['bird', 'dog', 'frog', 'cat', 'airplane']",airplane
7222,8,"['horse', 'airplane', 'cat', 'frog']",horse
7223,7,"['automobile', 'cat', 'airplane', 'frog']",frog
7224,3,"['frog', 'ship', 'automobile', 'airplane']",ship
7225,0,"['horse', 'deer', 'frog', 'cat']",horse
7226,6,"['automobile', 'horse', 'ship', 'airplane']",airplane
7227,5,"['frog', 'ship', 'airplane', 'automobile']",ship
7228,3,"['frog', 'ship', 'automobile', 'airplane']",ship
7229,5,"['frog', 'ship', 'airplane', 'automobile']",ship
7230,3,"['frog', 'ship', 'automobile', 'airplane']",ship
7231,8,"['horse', 'airplane', 'cat', 'frog']",horse
7232,6,"['automobile', 'horse', 'ship', 'airplane']",airplane
7233,8,"['horse', 'airplane', 'cat', 'frog']",horse
7234,3,"['frog', 'ship', 'automobile', 'airplane']",ship
7235,3,"['frog', 'ship', 'automobile', 'airplane']",ship
7236,5,"['frog', 'ship', 'airplane', 'automobile']",ship
7237,8,"['horse', 'airplane', 'cat', 'frog']",cat
7238,1,"['bird', 'dog', 'frog', 'cat', 'airplane']",airplane
7239,6,"['automobile', 'horse', 'ship', 'airplane']",airplane
7240,9,"['dog', 'frog', 'cat', 'airplane']",airplane
7241,5,"['frog', 'ship', 'airplane', 'automobile']",ship
7242,6,"['automobile', 'horse', 'ship', 'airplane']",airplane
7243,0,"['horse', 'deer', 'frog', 'cat']",horse
7244,9,"['dog', 'frog', 'cat', 'airplane']",airplane
7245,9,"['dog', 'frog', 'cat', 'airplane']",airplane
7246,5,"['frog', 'ship', 'airplane', 'automobile']",ship
7247,6,"['automobile', 'horse', 'ship', 'airplane']",airplane
7248,8,"['horse', 'airplane', 'cat', 'frog']",horse
7249,9,"['dog', 'frog', 'cat', 'airplane']",airplane
7250,6,"['automobile', 'horse', 'ship', 'airplane']",horse
7251,0,"['horse', 'deer', 'frog', 'cat']",horse
7252,6,"['automobile', 'horse', 'ship', 'airplane']",airplane
7253,3,"['frog', 'ship', 'automobile', 'airplane']",ship
7254,6,"['automobile', 'horse', 'ship', 'airplane']",ship
7255,1,"['bird', 'dog', 'frog', 'cat', 'airplane']",airplane
7256,0,"['horse', 'deer', 'frog', 'cat']",horse
7257,6,"['automobile', 'horse', 'ship', 'airplane']",airplane
7258,2,"['ship', 'cat', 'automobile', 'airplane']",ship
7259,3,"['frog', 'ship', 'automobile', 'airplane']",ship
7260,5,"['frog', 'ship', 'airplane', 'automobile']",ship
7261,1,"['bird', 'dog', 'frog', 'cat', 'airplane']",airplane
7262,9,"['dog', 'frog', 'cat', 'airplane']",dog
7263,0,"['horse', 'deer', 'frog', 'cat']",horse
7264,6,"['automobile', 'horse', 'ship', 'airplane']",ship
7265,6,"['automobile', 'horse', 'ship', 'airplane']",airplane
7266,5,"['frog', 'ship', 'airplane', 'automobile']",ship
7267,6,"['automobile', 'horse', 'ship', 'airplane']",airplane
7268,3,"['frog', 'ship', 'automobile', 'airplane']",ship
7269,4,"['cat', 'automobile', 'frog', 'airplane']",automobile
7270,5,"['frog', 'ship', 'airplane', 'automobile']",ship
7271,1,"['bird', 'dog', 'frog', 'cat', 'airplane']",airplane
7272,6,"['automobile', 'horse', 'ship', 'airplane']",horse
7273,7,"['automobile', 'cat', 'airplane', 'frog']",airplane
7274,4,"['cat', 'automobile', 'frog', 'airplane']",airplane
7275,2,"['ship', 'cat', 'automobile', 'airplane']",cat
7276,9,"['dog', 'frog', 'cat', 'airplane']",airplane
7277,6,"['automobile', 'horse', 'ship', 'airplane']",airplane
7278,6,"['automobile', 'horse', 'ship', 'airplane']",airplane
7279,2,"['ship', 'cat', 'automobile', 'airplane']",cat
7280,5,"['frog', 'ship', 'airplane', 'automobile']",ship
7281,8,"['horse', 'airplane', 'cat', 'frog']",horse
7282,8,"['horse', 'airplane', 'cat', 'frog']",horse
7283,4,"['cat', 'automobile', 'frog', 'airplane']",automobile
7284,1,"['bird', 'dog', 'frog', 'cat', 'airplane']",airplane
7285,7,"['automobile', 'cat', 'airplane', 'frog']",airplane
7286,1,"['bird', 'dog', 'frog', 'cat', 'airplane']",airplane
7287,8,"['horse', 'airplane', 'cat', 'frog']",horse
7288,1,"['bird', 'dog', 'frog', 'cat', 'airplane']",airplane
7289,1,"['bird', 'dog', 'frog', 'cat', 'airplane']",airplane
7290,3,"['frog', 'ship', 'automobile', 'airplane']",ship
7291,7,"['automobile', 'cat', 'airplane', 'frog']",airplane
7292,9,"['dog', 'frog', 'cat', 'airplane']",airplane
7293,5,"['frog', 'ship', 'airplane', 'automobile']",ship
7294,8,"['horse', 'airplane', 'cat', 'frog']",horse
7295,4,"['cat', 'automobile', 'frog', 'airplane']",automobile
7296,4,"['cat', 'automobile', 'frog', 'airplane']",automobile
7297,1,"['bird', 'dog', 'frog', 'cat', 'airplane']",airplane
7298,2,"['ship', 'cat', 'automobile', 'airplane']",cat
7299,0,"['horse', 'deer', 'frog', 'cat']",horse
7300,1,"['bird', 'dog', 'frog', 'cat', 'airplane']",airplane
7301,4,"['cat', 'automobile', 'frog', 'airplane']",automobile
7302,9,"['dog', 'frog', 'cat', 'airplane']",dog
7303,2,"['ship', 'cat', 'automobile', 'airplane']",cat
7304,7,"['automobile', 'cat', 'airplane', 'frog']",frog
7305,5,"['frog', 'ship', 'airplane', 'automobile']",ship
7306,8,"['horse', 'airplane', 'cat', 'frog']",horse
7307,3,"['frog', 'ship', 'automobile', 'airplane']",ship
7308,2,"['ship', 'cat', 'automobile', 'airplane']",cat
7309,3,"['frog', 'ship', 'automobile', 'airplane']",ship
7310,8,"['horse', 'airplane', 'cat', 'frog']",horse
7311,0,"['horse', 'deer', 'frog', 'cat']",horse
7312,1,"['bird', 'dog', 'frog', 'cat', 'airplane']",airplane
7313,3,"['frog', 'ship', 'automobile', 'airplane']",ship
7314,7,"['automobile', 'cat', 'airplane', 'frog']",cat
7315,6,"['automobile', 'horse', 'ship', 'airplane']",airplane
7316,6,"['automobile', 'horse', 'ship', 'airplane']",automobile
7317,4,"['cat', 'automobile', 'frog', 'airplane']",automobile
7318,3,"['frog', 'ship', 'automobile', 'airplane']",ship
7319,5,"['frog', 'ship', 'airplane', 'automobile']",ship
7320,0,"['horse', 'deer', 'frog', 'cat']",horse
7321,6,"['automobile', 'horse', 'ship', 'airplane']",airplane
7322,4,"['cat', 'automobile', 'frog', 'airplane']",automobile
7323,7,"['automobile', 'cat', 'airplane', 'frog']",airplane
7324,1,"['bird', 'dog', 'frog', 'cat', 'airplane']",airplane
7325,7,"['automobile', 'cat', 'airplane', 'frog']",cat
7326,1,"['bird', 'dog', 'frog', 'cat', 'airplane']",airplane
7327,0,"['horse', 'deer', 'frog', 'cat']",horse
7328,0,"['horse', 'deer', 'frog', 'cat']",horse
7329,8,"['horse', 'airplane', 'cat', 'frog']",horse
7330,2,"['ship', 'cat', 'automobile', 'airplane']",cat
7331,7,"['automobile', 'cat', 'airplane', 'frog']",airplane
7332,2,"['ship', 'cat', 'automobile', 'airplane']",cat
7333,7,"['automobile', 'cat', 'airplane', 'frog']",cat
7334,8,"['horse', 'airplane', 'cat', 'frog']",horse
7335,6,"['automobile', 'horse', 'ship', 'airplane']",automobile
7336,2,"['ship', 'cat', 'automobile', 'airplane']",cat
7337,9,"['dog', 'frog', 'cat', 'airplane']",airplane
7338,1,"['bird', 'dog', 'frog', 'cat', 'airplane']",airplane
7339,6,"['automobile', 'horse', 'ship', 'airplane']",airplane
7340,2,"['ship', 'cat', 'automobile', 'airplane']",cat
7341,6,"['automobile', 'horse', 'ship', 'airplane']",airplane
7342,1,"['bird', 'dog', 'frog', 'cat', 'airplane']",airplane
7343,3,"['frog', 'ship', 'automobile', 'airplane']",ship
7344,0,"['horse', 'deer', 'frog', 'cat']",horse
7345,5,"['frog', 'ship', 'airplane', 'automobile']",ship
7346,3,"['frog', 'ship', 'automobile', 'airplane']",ship
7347,0,"['horse', 'deer', 'frog', 'cat']",horse
7348,6,"['automobile', 'horse', 'ship', 'airplane']",airplane
7349,1,"['bird', 'dog', 'frog', 'cat', 'airplane']",airplane
7350,1,"['bird', 'dog', 'frog', 'cat', 'airplane']",airplane
7351,5,"['frog', 'ship', 'airplane', 'automobile']",ship
7352,1,"['bird', 'dog', 'frog', 'cat', 'airplane']",airplane
7353,7,"['automobile', 'cat', 'airplane', 'frog']",cat
7354,5,"['frog', 'ship', 'airplane', 'automobile']",ship
7355,3,"['frog', 'ship', 'automobile', 'airplane']",ship
7356,4,"['cat', 'automobile', 'frog', 'airplane']",automobile
7357,1,"['bird', 'dog', 'frog', 'cat', 'airplane']",airplane
7358,1,"['bird', 'dog', 'frog', 'cat', 'airplane']",airplane
7359,4,"['cat', 'automobile', 'frog', 'airplane']",automobile
7360,0,"['horse', 'deer', 'frog', 'cat']",horse
7361,8,"['horse', 'airplane', 'cat', 'frog']",horse
7362,4,"['cat', 'automobile', 'frog', 'airplane']",automobile
7363,2,"['ship', 'cat', 'automobile', 'airplane']",cat
7364,5,"['frog', 'ship', 'airplane', 'automobile']",ship
7365,4,"['cat', 'automobile', 'frog', 'airplane']",automobile
7366,8,"['horse', 'airplane', 'cat', 'frog']",horse
7367,3,"['frog', 'ship', 'automobile', 'airplane']",ship
7368,4,"['cat', 'automobile', 'frog', 'airplane']",automobile
7369,3,"['frog', 'ship', 'automobile', 'airplane']",ship
7370,1,"['bird', 'dog', 'frog', 'cat', 'airplane']",airplane
7371,1,"['bird', 'dog', 'frog', 'cat', 'airplane']",airplane
7372,7,"['automobile', 'cat', 'airplane', 'frog']",cat
7373,9,"['dog', 'frog', 'cat', 'airplane']",airplane
7374,1,"['bird', 'dog', 'frog', 'cat', 'airplane']",airplane
7375,1,"['bird', 'dog', 'frog', 'cat', 'airplane']",airplane
7376,8,"['horse', 'airplane', 'cat', 'frog']",horse
7377,0,"['horse', 'deer', 'frog', 'cat']",frog
7378,1,"['bird', 'dog', 'frog', 'cat', 'airplane']",airplane
7379,1,"['bird', 'dog', 'frog', 'cat', 'airplane']",airplane
7380,2,"['ship', 'cat', 'automobile', 'airplane']",cat
7381,1,"['bird', 'dog', 'frog', 'cat', 'airplane']",airplane
7382,4,"['cat', 'automobile', 'frog', 'airplane']",automobile
7383,4,"['cat', 'automobile', 'frog', 'airplane']",airplane
7384,8,"['horse', 'airplane', 'cat', 'frog']",horse
7385,7,"['automobile', 'cat', 'airplane', 'frog']",cat
7386,4,"['cat', 'automobile', 'frog', 'airplane']",automobile
7387,8,"['horse', 'airplane', 'cat', 'frog']",horse
7388,6,"['automobile', 'horse', 'ship', 'airplane']",airplane
7389,3,"['frog', 'ship', 'automobile', 'airplane']",ship
7390,1,"['bird', 'dog', 'frog', 'cat', 'airplane']",airplane
7391,9,"['dog', 'frog', 'cat', 'airplane']",dog
7392,6,"['automobile', 'horse', 'ship', 'airplane']",horse
7393,6,"['automobile', 'horse', 'ship', 'airplane']",airplane
7394,4,"['cat', 'automobile', 'frog', 'airplane']",automobile
7395,4,"['cat', 'automobile', 'frog', 'airplane']",automobile
7396,0,"['horse', 'deer', 'frog', 'cat']",horse
7397,2,"['ship', 'cat', 'automobile', 'airplane']",automobile
7398,5,"['frog', 'ship', 'airplane', 'automobile']",ship
7399,9,"['dog', 'frog', 'cat', 'airplane']",airplane
7400,7,"['automobile', 'cat', 'airplane', 'frog']",frog
7401,1,"['bird', 'dog', 'frog', 'cat', 'airplane']",airplane
7402,7,"['automobile', 'cat', 'airplane', 'frog']",cat
7403,6,"['automobile', 'horse', 'ship', 'airplane']",ship
7404,4,"['cat', 'automobile', 'frog', 'airplane']",automobile
7405,7,"['automobile', 'cat', 'airplane', 'frog']",cat
7406,5,"['frog', 'ship', 'airplane', 'automobile']",ship
7407,4,"['cat', 'automobile', 'frog', 'airplane']",automobile
7408,1,"['bird', 'dog', 'frog', 'cat', 'airplane']",airplane
7409,0,"['horse', 'deer', 'frog', 'cat']",horse
7410,2,"['ship', 'cat', 'automobile', 'airplane']",automobile
7411,3,"['frog', 'ship', 'automobile', 'airplane']",ship
7412,3,"['frog', 'ship', 'automobile', 'airplane']",ship
7413,8,"['horse', 'airplane', 'cat', 'frog']",horse
7414,9,"['dog', 'frog', 'cat', 'airplane']",dog
7415,9,"['dog', 'frog', 'cat', 'airplane']",airplane
7416,7,"['automobile', 'cat', 'airplane', 'frog']",cat
7417,5,"['frog', 'ship', 'airplane', 'automobile']",ship
7418,9,"['dog', 'frog', 'cat', 'airplane']",airplane
7419,9,"['dog', 'frog', 'cat', 'airplane']",dog
7420,7,"['automobile', 'cat', 'airplane', 'frog']",airplane
7421,9,"['dog', 'frog', 'cat', 'airplane']",airplane
7422,6,"['automobile', 'horse', 'ship', 'airplane']",airplane
7423,0,"['horse', 'deer', 'frog', 'cat']",horse
7424,4,"['cat', 'automobile', 'frog', 'airplane']",automobile
7425,5,"['frog', 'ship', 'airplane', 'automobile']",ship
7426,3,"['frog', 'ship', 'automobile', 'airplane']",ship
7427,3,"['frog', 'ship', 'automobile', 'airplane']",ship
7428,1,"['bird', 'dog', 'frog', 'cat', 'airplane']",airplane
7429,5,"['frog', 'ship', 'airplane', 'automobile']",ship
7430,1,"['bird', 'dog', 'frog', 'cat', 'airplane']",airplane
7431,8,"['horse', 'airplane', 'cat', 'frog']",horse
7432,3,"['frog', 'ship', 'automobile', 'airplane']",ship
7433,8,"['horse', 'airplane', 'cat', 'frog']",horse
7434,0,"['horse', 'deer', 'frog', 'cat']",horse
7435,5,"['frog', 'ship', 'airplane', 'automobile']",ship
7436,4,"['cat', 'automobile', 'frog', 'airplane']",automobile
7437,8,"['horse', 'airplane', 'cat', 'frog']",horse
7438,1,"['bird', 'dog', 'frog', 'cat', 'airplane']",airplane
7439,3,"['frog', 'ship', 'automobile', 'airplane']",ship
7440,8,"['horse', 'airplane', 'cat', 'frog']",horse
7441,9,"['dog', 'frog', 'cat', 'airplane']",dog
7442,1,"['bird', 'dog', 'frog', 'cat', 'airplane']",airplane
7443,8,"['horse', 'airplane', 'cat', 'frog']",horse
7444,0,"['horse', 'deer', 'frog', 'cat']",horse
7445,0,"['horse', 'deer', 'frog', 'cat']",horse
7446,5,"['frog', 'ship', 'airplane', 'automobile']",ship
7447,8,"['horse', 'airplane', 'cat', 'frog']",horse
7448,1,"['bird', 'dog', 'frog', 'cat', 'airplane']",airplane
7449,2,"['ship', 'cat', 'automobile', 'airplane']",cat
7450,7,"['automobile', 'cat', 'airplane', 'frog']",cat
7451,8,"['horse', 'airplane', 'cat', 'frog']",horse
7452,2,"['ship', 'cat', 'automobile', 'airplane']",automobile
7453,9,"['dog', 'frog', 'cat', 'airplane']",dog
7454,5,"['frog', 'ship', 'airplane', 'automobile']",ship
7455,8,"['horse', 'airplane', 'cat', 'frog']",horse
7456,9,"['dog', 'frog', 'cat', 'airplane']",airplane
7457,9,"['dog', 'frog', 'cat', 'airplane']",airplane
7458,6,"['automobile', 'horse', 'ship', 'airplane']",airplane
7459,4,"['cat', 'automobile', 'frog', 'airplane']",automobile
7460,3,"['frog', 'ship', 'automobile', 'airplane']",ship
7461,9,"['dog', 'frog', 'cat', 'airplane']",dog
7462,0,"['horse', 'deer', 'frog', 'cat']",horse
7463,7,"['automobile', 'cat', 'airplane', 'frog']",cat
7464,0,"['horse', 'deer', 'frog', 'cat']",horse
7465,2,"['ship', 'cat', 'automobile', 'airplane']",cat
7466,2,"['ship', 'cat', 'automobile', 'airplane']",cat
7467,3,"['frog', 'ship', 'automobile', 'airplane']",ship
7468,8,"['horse', 'airplane', 'cat', 'frog']",horse
7469,3,"['frog', 'ship', 'automobile', 'airplane']",frog
7470,0,"['horse', 'deer', 'frog', 'cat']",horse
7471,9,"['dog', 'frog', 'cat', 'airplane']",airplane
7472,5,"['frog', 'ship', 'airplane', 'automobile']",ship
7473,6,"['automobile', 'horse', 'ship', 'airplane']",airplane
7474,3,"['frog', 'ship', 'automobile', 'airplane']",ship
7475,1,"['bird', 'dog', 'frog', 'cat', 'airplane']",airplane
7476,5,"['frog', 'ship', 'airplane', 'automobile']",ship
7477,2,"['ship', 'cat', 'automobile', 'airplane']",cat
7478,3,"['frog', 'ship', 'automobile', 'airplane']",ship
7479,9,"['dog', 'frog', 'cat', 'airplane']",airplane
7480,2,"['ship', 'cat', 'automobile', 'airplane']",cat
7481,6,"['automobile', 'horse', 'ship', 'airplane']",ship
7482,7,"['automobile', 'cat', 'airplane', 'frog']",cat
7483,3,"['frog', 'ship', 'automobile', 'airplane']",ship
7484,8,"['horse', 'airplane', 'cat', 'frog']",horse
7485,3,"['frog', 'ship', 'automobile', 'airplane']",ship
7486,6,"['automobile', 'horse', 'ship', 'airplane']",airplane
7487,3,"['frog', 'ship', 'automobile', 'airplane']",ship
7488,7,"['automobile', 'cat', 'airplane', 'frog']",cat
7489,3,"['frog', 'ship', 'automobile', 'airplane']",ship
7490,0,"['horse', 'deer', 'frog', 'cat']",horse
7491,6,"['automobile', 'horse', 'ship', 'airplane']",airplane
7492,3,"['frog', 'ship', 'automobile', 'airplane']",ship
7493,3,"['frog', 'ship', 'automobile', 'airplane']",ship
7494,9,"['dog', 'frog', 'cat', 'airplane']",dog
7495,1,"['bird', 'dog', 'frog', 'cat', 'airplane']",airplane
7496,8,"['horse', 'airplane', 'cat', 'frog']",horse
7497,8,"['horse', 'airplane', 'cat', 'frog']",horse
7498,3,"['frog', 'ship', 'automobile', 'airplane']",ship
7499,8,"['horse', 'airplane', 'cat', 'frog']",horse
7500,3,"['frog', 'ship', 'automobile', 'airplane']",ship
7501,3,"['frog', 'ship', 'automobile', 'airplane']",ship
7502,0,"['horse', 'deer', 'frog', 'cat']",horse
7503,1,"['bird', 'dog', 'frog', 'cat', 'airplane']",airplane
7504,0,"['horse', 'deer', 'frog', 'cat']",horse
7505,0,"['horse', 'deer', 'frog', 'cat']",horse
7506,7,"['automobile', 'cat', 'airplane', 'frog']",cat
7507,8,"['horse', 'airplane', 'cat', 'frog']",horse
7508,8,"['horse', 'airplane', 'cat', 'frog']",horse
7509,0,"['horse', 'deer', 'frog', 'cat']",horse
7510,5,"['frog', 'ship', 'airplane', 'automobile']",ship
7511,0,"['horse', 'deer', 'frog', 'cat']",horse
7512,9,"['dog', 'frog', 'cat', 'airplane']",airplane
7513,1,"['bird', 'dog', 'frog', 'cat', 'airplane']",airplane
7514,8,"['horse', 'airplane', 'cat', 'frog']",horse
7515,5,"['frog', 'ship', 'airplane', 'automobile']",ship
7516,6,"['automobile', 'horse', 'ship', 'airplane']",airplane
7517,3,"['frog', 'ship', 'automobile', 'airplane']",ship
7518,5,"['frog', 'ship', 'airplane', 'automobile']",frog
7519,3,"['frog', 'ship', 'automobile', 'airplane']",ship
7520,0,"['horse', 'deer', 'frog', 'cat']",horse
7521,2,"['ship', 'cat', 'automobile', 'airplane']",cat
7522,2,"['ship', 'cat', 'automobile', 'airplane']",cat
7523,8,"['horse', 'airplane', 'cat', 'frog']",horse
7524,6,"['automobile', 'horse', 'ship', 'airplane']",automobile
7525,2,"['ship', 'cat', 'automobile', 'airplane']",cat
7526,9,"['dog', 'frog', 'cat', 'airplane']",airplane
7527,0,"['horse', 'deer', 'frog', 'cat']",horse
7528,0,"['horse', 'deer', 'frog', 'cat']",horse
7529,1,"['bird', 'dog', 'frog', 'cat', 'airplane']",airplane
7530,0,"['horse', 'deer', 'frog', 'cat']",horse
7531,4,"['cat', 'automobile', 'frog', 'airplane']",automobile
7532,3,"['frog', 'ship', 'automobile', 'airplane']",ship
7533,3,"['frog', 'ship', 'automobile', 'airplane']",ship
7534,8,"['horse', 'airplane', 'cat', 'frog']",horse
7535,8,"['horse', 'airplane', 'cat', 'frog']",horse
7536,4,"['cat', 'automobile', 'frog', 'airplane']",automobile
7537,0,"['horse', 'deer', 'frog', 'cat']",horse
7538,6,"['automobile', 'horse', 'ship', 'airplane']",airplane
7539,3,"['frog', 'ship', 'automobile', 'airplane']",ship
7540,1,"['bird', 'dog', 'frog', 'cat', 'airplane']",airplane
7541,6,"['automobile', 'horse', 'ship', 'airplane']",airplane
7542,2,"['ship', 'cat', 'automobile', 'airplane']",automobile
7543,0,"['horse', 'deer', 'frog', 'cat']",horse
7544,7,"['automobile', 'cat', 'airplane', 'frog']",airplane
7545,5,"['frog', 'ship', 'airplane', 'automobile']",ship
7546,7,"['automobile', 'cat', 'airplane', 'frog']",cat
7547,0,"['horse', 'deer', 'frog', 'cat']",horse
7548,1,"['bird', 'dog', 'frog', 'cat', 'airplane']",airplane
7549,6,"['automobile', 'horse', 'ship', 'airplane']",ship
7550,0,"['horse', 'deer', 'frog', 'cat']",horse
7551,3,"['frog', 'ship', 'automobile', 'airplane']",ship
7552,2,"['ship', 'cat', 'automobile', 'airplane']",cat
7553,6,"['automobile', 'horse', 'ship', 'airplane']",airplane
7554,9,"['dog', 'frog', 'cat', 'airplane']",airplane
7555,2,"['ship', 'cat', 'automobile', 'airplane']",cat
7556,9,"['dog', 'frog', 'cat', 'airplane']",airplane
7557,4,"['cat', 'automobile', 'frog', 'airplane']",automobile
7558,7,"['automobile', 'cat', 'airplane', 'frog']",cat
7559,4,"['cat', 'automobile', 'frog', 'airplane']",automobile
7560,5,"['frog', 'ship', 'airplane', 'automobile']",ship
7561,8,"['horse', 'airplane', 'cat', 'frog']",horse
7562,5,"['frog', 'ship', 'airplane', 'automobile']",ship
7563,4,"['cat', 'automobile', 'frog', 'airplane']",frog
7564,7,"['automobile', 'cat', 'airplane', 'frog']",cat
7565,7,"['automobile', 'cat', 'airplane', 'frog']",airplane
7566,3,"['frog', 'ship', 'automobile', 'airplane']",ship
7567,3,"['frog', 'ship', 'automobile', 'airplane']",ship
7568,7,"['automobile', 'cat', 'airplane', 'frog']",cat
7569,8,"['horse', 'airplane', 'cat', 'frog']",horse
7570,9,"['dog', 'frog', 'cat', 'airplane']",airplane
7571,9,"['dog', 'frog', 'cat', 'airplane']",airplane
7572,1,"['bird', 'dog', 'frog', 'cat', 'airplane']",airplane
7573,0,"['horse', 'deer', 'frog', 'cat']",horse
7574,4,"['cat', 'automobile', 'frog', 'airplane']",automobile
7575,6,"['automobile', 'horse', 'ship', 'airplane']",horse
7576,2,"['ship', 'cat', 'automobile', 'airplane']",cat
7577,7,"['automobile', 'cat', 'airplane', 'frog']",cat
7578,5,"['frog', 'ship', 'airplane', 'automobile']",ship
7579,1,"['bird', 'dog', 'frog', 'cat', 'airplane']",airplane
7580,8,"['horse', 'airplane', 'cat', 'frog']",horse
7581,0,"['horse', 'deer', 'frog', 'cat']",horse
7582,7,"['automobile', 'cat', 'airplane', 'frog']",cat
7583,9,"['dog', 'frog', 'cat', 'airplane']",dog
7584,3,"['frog', 'ship', 'automobile', 'airplane']",ship
7585,4,"['cat', 'automobile', 'frog', 'airplane']",automobile
7586,2,"['ship', 'cat', 'automobile', 'airplane']",cat
7587,1,"['bird', 'dog', 'frog', 'cat', 'airplane']",airplane
7588,0,"['horse', 'deer', 'frog', 'cat']",horse
7589,2,"['ship', 'cat', 'automobile', 'airplane']",automobile
7590,5,"['frog', 'ship', 'airplane', 'automobile']",ship
7591,6,"['automobile', 'horse', 'ship', 'airplane']",airplane
7592,0,"['horse', 'deer', 'frog', 'cat']",horse
7593,3,"['frog', 'ship', 'automobile', 'airplane']",ship
7594,9,"['dog', 'frog', 'cat', 'airplane']",airplane
7595,4,"['cat', 'automobile', 'frog', 'airplane']",automobile
7596,2,"['ship', 'cat', 'automobile', 'airplane']",cat
7597,1,"['bird', 'dog', 'frog', 'cat', 'airplane']",airplane
7598,7,"['automobile', 'cat', 'airplane', 'frog']",airplane
7599,0,"['horse', 'deer', 'frog', 'cat']",horse
7600,1,"['bird', 'dog', 'frog', 'cat', 'airplane']",airplane
7601,5,"['frog', 'ship', 'airplane', 'automobile']",ship
7602,4,"['cat', 'automobile', 'frog', 'airplane']",airplane
7603,3,"['frog', 'ship', 'automobile', 'airplane']",frog
7604,7,"['automobile', 'cat', 'airplane', 'frog']",cat
7605,1,"['bird', 'dog', 'frog', 'cat', 'airplane']",airplane
7606,7,"['automobile', 'cat', 'airplane', 'frog']",cat
7607,1,"['bird', 'dog', 'frog', 'cat', 'airplane']",airplane
7608,9,"['dog', 'frog', 'cat', 'airplane']",airplane
7609,7,"['automobile', 'cat', 'airplane', 'frog']",airplane
7610,8,"['horse', 'airplane', 'cat', 'frog']",horse
7611,7,"['automobile', 'cat', 'airplane', 'frog']",cat
7612,0,"['horse', 'deer', 'frog', 'cat']",horse
7613,7,"['automobile', 'cat', 'airplane', 'frog']",cat
7614,8,"['horse', 'airplane', 'cat', 'frog']",horse
7615,3,"['frog', 'ship', 'automobile', 'airplane']",ship
7616,2,"['ship', 'cat', 'automobile', 'airplane']",cat
7617,8,"['horse', 'airplane', 'cat', 'frog']",horse
7618,7,"['automobile', 'cat', 'airplane', 'frog']",cat
7619,4,"['cat', 'automobile', 'frog', 'airplane']",automobile
7620,5,"['frog', 'ship', 'airplane', 'automobile']",ship
7621,7,"['automobile', 'cat', 'airplane', 'frog']",airplane
7622,1,"['bird', 'dog', 'frog', 'cat', 'airplane']",airplane
7623,4,"['cat', 'automobile', 'frog', 'airplane']",automobile
7624,7,"['automobile', 'cat', 'airplane', 'frog']",cat
7625,4,"['cat', 'automobile', 'frog', 'airplane']",automobile
7626,4,"['cat', 'automobile', 'frog', 'airplane']",automobile
7627,8,"['horse', 'airplane', 'cat', 'frog']",horse
7628,9,"['dog', 'frog', 'cat', 'airplane']",airplane
7629,9,"['dog', 'frog', 'cat', 'airplane']",dog
7630,8,"['horse', 'airplane', 'cat', 'frog']",horse
7631,0,"['horse', 'deer', 'frog', 'cat']",horse
7632,6,"['automobile', 'horse', 'ship', 'airplane']",airplane
7633,2,"['ship', 'cat', 'automobile', 'airplane']",cat
7634,4,"['cat', 'automobile', 'frog', 'airplane']",automobile
7635,2,"['ship', 'cat', 'automobile', 'airplane']",cat
7636,4,"['cat', 'automobile', 'frog', 'airplane']",automobile
7637,7,"['automobile', 'cat', 'airplane', 'frog']",cat
7638,6,"['automobile', 'horse', 'ship', 'airplane']",automobile
7639,8,"['horse', 'airplane', 'cat', 'frog']",horse
7640,1,"['bird', 'dog', 'frog', 'cat', 'airplane']",airplane
7641,7,"['automobile', 'cat', 'airplane', 'frog']",airplane
7642,4,"['cat', 'automobile', 'frog', 'airplane']",automobile
7643,0,"['horse', 'deer', 'frog', 'cat']",horse
7644,2,"['ship', 'cat', 'automobile', 'airplane']",cat
7645,9,"['dog', 'frog', 'cat', 'airplane']",airplane
7646,8,"['horse', 'airplane', 'cat', 'frog']",horse
7647,0,"['horse', 'deer', 'frog', 'cat']",horse
7648,6,"['automobile', 'horse', 'ship', 'airplane']",horse
7649,1,"['bird', 'dog', 'frog', 'cat', 'airplane']",airplane
7650,6,"['automobile', 'horse', 'ship', 'airplane']",airplane
7651,3,"['frog', 'ship', 'automobile', 'airplane']",ship
7652,9,"['dog', 'frog', 'cat', 'airplane']",airplane
7653,2,"['ship', 'cat', 'automobile', 'airplane']",cat
7654,0,"['horse', 'deer', 'frog', 'cat']",horse
7655,0,"['horse', 'deer', 'frog', 'cat']",horse
7656,4,"['cat', 'automobile', 'frog', 'airplane']",automobile
7657,9,"['dog', 'frog', 'cat', 'airplane']",airplane
7658,2,"['ship', 'cat', 'automobile', 'airplane']",automobile
7659,1,"['bird', 'dog', 'frog', 'cat', 'airplane']",airplane
7660,0,"['horse', 'deer', 'frog', 'cat']",horse
7661,2,"['ship', 'cat', 'automobile', 'airplane']",ship
7662,2,"['ship', 'cat', 'automobile', 'airplane']",cat
7663,0,"['horse', 'deer', 'frog', 'cat']",horse
7664,2,"['ship', 'cat', 'automobile', 'airplane']",cat
7665,3,"['frog', 'ship', 'automobile', 'airplane']",ship
7666,7,"['automobile', 'cat', 'airplane', 'frog']",cat
7667,3,"['frog', 'ship', 'automobile', 'airplane']",ship
7668,8,"['horse', 'airplane', 'cat', 'frog']",horse
7669,6,"['automobile', 'horse', 'ship', 'airplane']",airplane
7670,4,"['cat', 'automobile', 'frog', 'airplane']",automobile
7671,3,"['frog', 'ship', 'automobile', 'airplane']",frog
7672,7,"['automobile', 'cat', 'airplane', 'frog']",airplane
7673,1,"['bird', 'dog', 'frog', 'cat', 'airplane']",airplane
7674,0,"['horse', 'deer', 'frog', 'cat']",horse
7675,6,"['automobile', 'horse', 'ship', 'airplane']",airplane
7676,4,"['cat', 'automobile', 'frog', 'airplane']",automobile
7677,5,"['frog', 'ship', 'airplane', 'automobile']",ship
7678,8,"['horse', 'airplane', 'cat', 'frog']",horse
7679,5,"['frog', 'ship', 'airplane', 'automobile']",ship
7680,3,"['frog', 'ship', 'automobile', 'airplane']",ship
7681,3,"['frog', 'ship', 'automobile', 'airplane']",ship
7682,7,"['automobile', 'cat', 'airplane', 'frog']",airplane
7683,1,"['bird', 'dog', 'frog', 'cat', 'airplane']",airplane
7684,7,"['automobile', 'cat', 'airplane', 'frog']",cat
7685,5,"['frog', 'ship', 'airplane', 'automobile']",ship
7686,7,"['automobile', 'cat', 'airplane', 'frog']",airplane
7687,9,"['dog', 'frog', 'cat', 'airplane']",dog
7688,2,"['ship', 'cat', 'automobile', 'airplane']",cat
7689,3,"['frog', 'ship', 'automobile', 'airplane']",ship
7690,4,"['cat', 'automobile', 'frog', 'airplane']",automobile
7691,9,"['dog', 'frog', 'cat', 'airplane']",airplane
7692,9,"['dog', 'frog', 'cat', 'airplane']",airplane
7693,8,"['horse', 'airplane', 'cat', 'frog']",horse
7694,9,"['dog', 'frog', 'cat', 'airplane']",airplane
7695,8,"['horse', 'airplane', 'cat', 'frog']",horse
7696,2,"['ship', 'cat', 'automobile', 'airplane']",cat
7697,5,"['frog', 'ship', 'airplane', 'automobile']",ship
7698,9,"['dog', 'frog', 'cat', 'airplane']",airplane
7699,5,"['frog', 'ship', 'airplane', 'automobile']",ship
7700,0,"['horse', 'deer', 'frog', 'cat']",horse
7701,6,"['automobile', 'horse', 'ship', 'airplane']",ship
7702,8,"['horse', 'airplane', 'cat', 'frog']",cat
7703,9,"['dog', 'frog', 'cat', 'airplane']",dog
7704,9,"['dog', 'frog', 'cat', 'airplane']",dog
7705,6,"['automobile', 'horse', 'ship', 'airplane']",airplane
7706,1,"['bird', 'dog', 'frog', 'cat', 'airplane']",airplane
7707,1,"['bird', 'dog', 'frog', 'cat', 'airplane']",airplane
7708,9,"['dog', 'frog', 'cat', 'airplane']",airplane
7709,1,"['bird', 'dog', 'frog', 'cat', 'airplane']",airplane
7710,6,"['automobile', 'horse', 'ship', 'airplane']",airplane
7711,9,"['dog', 'frog', 'cat', 'airplane']",dog
7712,4,"['cat', 'automobile', 'frog', 'airplane']",automobile
7713,2,"['ship', 'cat', 'automobile', 'airplane']",ship
7714,2,"['ship', 'cat', 'automobile', 'airplane']",cat
7715,6,"['automobile', 'horse', 'ship', 'airplane']",airplane
7716,8,"['horse', 'airplane', 'cat', 'frog']",horse
7717,7,"['automobile', 'cat', 'airplane', 'frog']",frog
7718,1,"['bird', 'dog', 'frog', 'cat', 'airplane']",airplane
7719,3,"['frog', 'ship', 'automobile', 'airplane']",ship
7720,6,"['automobile', 'horse', 'ship', 'airplane']",airplane
7721,1,"['bird', 'dog', 'frog', 'cat', 'airplane']",airplane
7722,1,"['bird', 'dog', 'frog', 'cat', 'airplane']",airplane
7723,1,"['bird', 'dog', 'frog', 'cat', 'airplane']",airplane
7724,5,"['frog', 'ship', 'airplane', 'automobile']",ship
7725,7,"['automobile', 'cat', 'airplane', 'frog']",airplane
7726,5,"['frog', 'ship', 'airplane', 'automobile']",ship
7727,0,"['horse', 'deer', 'frog', 'cat']",horse
7728,1,"['bird', 'dog', 'frog', 'cat', 'airplane']",airplane
7729,5,"['frog', 'ship', 'airplane', 'automobile']",ship
7730,8,"['horse', 'airplane', 'cat', 'frog']",horse
7731,0,"['horse', 'deer', 'frog', 'cat']",horse
7732,6,"['automobile', 'horse', 'ship', 'airplane']",ship
7733,4,"['cat', 'automobile', 'frog', 'airplane']",automobile
7734,3,"['frog', 'ship', 'automobile', 'airplane']",ship
7735,1,"['bird', 'dog', 'frog', 'cat', 'airplane']",airplane
7736,7,"['automobile', 'cat', 'airplane', 'frog']",airplane
7737,8,"['horse', 'airplane', 'cat', 'frog']",horse
7738,1,"['bird', 'dog', 'frog', 'cat', 'airplane']",airplane
7739,2,"['ship', 'cat', 'automobile', 'airplane']",automobile
7740,1,"['bird', 'dog', 'frog', 'cat', 'airplane']",airplane
7741,2,"['ship', 'cat', 'automobile', 'airplane']",cat
7742,5,"['frog', 'ship', 'airplane', 'automobile']",ship
7743,4,"['cat', 'automobile', 'frog', 'airplane']",automobile
7744,8,"['horse', 'airplane', 'cat', 'frog']",horse
7745,2,"['ship', 'cat', 'automobile', 'airplane']",cat
7746,9,"['dog', 'frog', 'cat', 'airplane']",dog
7747,0,"['horse', 'deer', 'frog', 'cat']",horse
7748,8,"['horse', 'airplane', 'cat', 'frog']",horse
7749,3,"['frog', 'ship', 'automobile', 'airplane']",ship
7750,5,"['frog', 'ship', 'airplane', 'automobile']",ship
7751,4,"['cat', 'automobile', 'frog', 'airplane']",automobile
7752,9,"['dog', 'frog', 'cat', 'airplane']",airplane
7753,3,"['frog', 'ship', 'automobile', 'airplane']",ship
7754,6,"['automobile', 'horse', 'ship', 'airplane']",airplane
7755,5,"['frog', 'ship', 'airplane', 'automobile']",ship
7756,7,"['automobile', 'cat', 'airplane', 'frog']",cat
7757,0,"['horse', 'deer', 'frog', 'cat']",horse
7758,7,"['automobile', 'cat', 'airplane', 'frog']",cat
7759,9,"['dog', 'frog', 'cat', 'airplane']",dog
7760,9,"['dog', 'frog', 'cat', 'airplane']",airplane
7761,2,"['ship', 'cat', 'automobile', 'airplane']",ship
7762,6,"['automobile', 'horse', 'ship', 'airplane']",airplane
7763,9,"['dog', 'frog', 'cat', 'airplane']",dog
7764,9,"['dog', 'frog', 'cat', 'airplane']",airplane
7765,3,"['frog', 'ship', 'automobile', 'airplane']",ship
7766,2,"['ship', 'cat', 'automobile', 'airplane']",cat
7767,4,"['cat', 'automobile', 'frog', 'airplane']",automobile
7768,3,"['frog', 'ship', 'automobile', 'airplane']",ship
7769,5,"['frog', 'ship', 'airplane', 'automobile']",ship
7770,0,"['horse', 'deer', 'frog', 'cat']",horse
7771,3,"['frog', 'ship', 'automobile', 'airplane']",ship
7772,0,"['horse', 'deer', 'frog', 'cat']",horse
7773,5,"['frog', 'ship', 'airplane', 'automobile']",ship
7774,1,"['bird', 'dog', 'frog', 'cat', 'airplane']",airplane
7775,4,"['cat', 'automobile', 'frog', 'airplane']",automobile
7776,5,"['frog', 'ship', 'airplane', 'automobile']",ship
7777,1,"['bird', 'dog', 'frog', 'cat', 'airplane']",airplane
7778,1,"['bird', 'dog', 'frog', 'cat', 'airplane']",airplane
7779,5,"['frog', 'ship', 'airplane', 'automobile']",ship
7780,5,"['frog', 'ship', 'airplane', 'automobile']",ship
7781,7,"['automobile', 'cat', 'airplane', 'frog']",cat
7782,0,"['horse', 'deer', 'frog', 'cat']",horse
7783,2,"['ship', 'cat', 'automobile', 'airplane']",cat
7784,0,"['horse', 'deer', 'frog', 'cat']",horse
7785,5,"['frog', 'ship', 'airplane', 'automobile']",ship
7786,9,"['dog', 'frog', 'cat', 'airplane']",airplane
7787,4,"['cat', 'automobile', 'frog', 'airplane']",automobile
7788,0,"['horse', 'deer', 'frog', 'cat']",horse
7789,3,"['frog', 'ship', 'automobile', 'airplane']",ship
7790,8,"['horse', 'airplane', 'cat', 'frog']",horse
7791,9,"['dog', 'frog', 'cat', 'airplane']",dog
7792,0,"['horse', 'deer', 'frog', 'cat']",horse
7793,9,"['dog', 'frog', 'cat', 'airplane']",airplane
7794,8,"['horse', 'airplane', 'cat', 'frog']",horse
7795,6,"['automobile', 'horse', 'ship', 'airplane']",ship
7796,1,"['bird', 'dog', 'frog', 'cat', 'airplane']",airplane
7797,2,"['ship', 'cat', 'automobile', 'airplane']",cat
7798,7,"['automobile', 'cat', 'airplane', 'frog']",cat
7799,6,"['automobile', 'horse', 'ship', 'airplane']",airplane
7800,7,"['automobile', 'cat', 'airplane', 'frog']",cat
7801,0,"['horse', 'deer', 'frog', 'cat']",horse
7802,3,"['frog', 'ship', 'automobile', 'airplane']",ship
7803,3,"['frog', 'ship', 'automobile', 'airplane']",ship
7804,3,"['frog', 'ship', 'automobile', 'airplane']",ship
7805,0,"['horse', 'deer', 'frog', 'cat']",horse
7806,6,"['automobile', 'horse', 'ship', 'airplane']",horse
7807,2,"['ship', 'cat', 'automobile', 'airplane']",automobile
7808,0,"['horse', 'deer', 'frog', 'cat']",horse
7809,7,"['automobile', 'cat', 'airplane', 'frog']",cat
7810,0,"['horse', 'deer', 'frog', 'cat']",horse
7811,4,"['cat', 'automobile', 'frog', 'airplane']",automobile
7812,3,"['frog', 'ship', 'automobile', 'airplane']",ship
7813,7,"['automobile', 'cat', 'airplane', 'frog']",airplane
7814,3,"['frog', 'ship', 'automobile', 'airplane']",ship
7815,5,"['frog', 'ship', 'airplane', 'automobile']",ship
7816,7,"['automobile', 'cat', 'airplane', 'frog']",airplane
7817,7,"['automobile', 'cat', 'airplane', 'frog']",cat
7818,4,"['cat', 'automobile', 'frog', 'airplane']",automobile
7819,7,"['automobile', 'cat', 'airplane', 'frog']",cat
7820,6,"['automobile', 'horse', 'ship', 'airplane']",automobile
7821,1,"['bird', 'dog', 'frog', 'cat', 'airplane']",airplane
7822,4,"['cat', 'automobile', 'frog', 'airplane']",automobile
7823,6,"['automobile', 'horse', 'ship', 'airplane']",airplane
7824,6,"['automobile', 'horse', 'ship', 'airplane']",automobile
7825,6,"['automobile', 'horse', 'ship', 'airplane']",ship
7826,0,"['horse', 'deer', 'frog', 'cat']",horse
7827,1,"['bird', 'dog', 'frog', 'cat', 'airplane']",airplane
7828,4,"['cat', 'automobile', 'frog', 'airplane']",automobile
7829,7,"['automobile', 'cat', 'airplane', 'frog']",cat
7830,7,"['automobile', 'cat', 'airplane', 'frog']",airplane
7831,7,"['automobile', 'cat', 'airplane', 'frog']",cat
7832,1,"['bird', 'dog', 'frog', 'cat', 'airplane']",airplane
7833,7,"['automobile', 'cat', 'airplane', 'frog']",airplane
7834,8,"['horse', 'airplane', 'cat', 'frog']",horse
7835,3,"['frog', 'ship', 'automobile', 'airplane']",ship
7836,7,"['automobile', 'cat', 'airplane', 'frog']",frog
7837,3,"['frog', 'ship', 'automobile', 'airplane']",ship
7838,9,"['dog', 'frog', 'cat', 'airplane']",airplane
7839,3,"['frog', 'ship', 'automobile', 'airplane']",ship
7840,2,"['ship', 'cat', 'automobile', 'airplane']",cat
7841,1,"['bird', 'dog', 'frog', 'cat', 'airplane']",airplane
7842,0,"['horse', 'deer', 'frog', 'cat']",horse
7843,6,"['automobile', 'horse', 'ship', 'airplane']",airplane
7844,2,"['ship', 'cat', 'automobile', 'airplane']",cat
7845,7,"['automobile', 'cat', 'airplane', 'frog']",cat
7846,5,"['frog', 'ship', 'airplane', 'automobile']",ship
7847,0,"['horse', 'deer', 'frog', 'cat']",horse
7848,6,"['automobile', 'horse', 'ship', 'airplane']",airplane
7849,7,"['automobile', 'cat', 'airplane', 'frog']",airplane
7850,2,"['ship', 'cat', 'automobile', 'airplane']",cat
7851,4,"['cat', 'automobile', 'frog', 'airplane']",automobile
7852,3,"['frog', 'ship', 'automobile', 'airplane']",ship
7853,2,"['ship', 'cat', 'automobile', 'airplane']",cat
7854,9,"['dog', 'frog', 'cat', 'airplane']",airplane
7855,4,"['cat', 'automobile', 'frog', 'airplane']",automobile
7856,9,"['dog', 'frog', 'cat', 'airplane']",dog
7857,8,"['horse', 'airplane', 'cat', 'frog']",horse
7858,2,"['ship', 'cat', 'automobile', 'airplane']",automobile
7859,0,"['horse', 'deer', 'frog', 'cat']",horse
7860,6,"['automobile', 'horse', 'ship', 'airplane']",airplane
7861,1,"['bird', 'dog', 'frog', 'cat', 'airplane']",airplane
7862,1,"['bird', 'dog', 'frog', 'cat', 'airplane']",airplane
7863,7,"['automobile', 'cat', 'airplane', 'frog']",frog
7864,5,"['frog', 'ship', 'airplane', 'automobile']",ship
7865,0,"['horse', 'deer', 'frog', 'cat']",cat
7866,6,"['automobile', 'horse', 'ship', 'airplane']",airplane
7867,6,"['automobile', 'horse', 'ship', 'airplane']",ship
7868,2,"['ship', 'cat', 'automobile', 'airplane']",cat
7869,3,"['frog', 'ship', 'automobile', 'airplane']",ship
7870,5,"['frog', 'ship', 'airplane', 'automobile']",ship
7871,8,"['horse', 'airplane', 'cat', 'frog']",horse
7872,3,"['frog', 'ship', 'automobile', 'airplane']",ship
7873,5,"['frog', 'ship', 'airplane', 'automobile']",ship
7874,7,"['automobile', 'cat', 'airplane', 'frog']",cat
7875,1,"['bird', 'dog', 'frog', 'cat', 'airplane']",airplane
7876,8,"['horse', 'airplane', 'cat', 'frog']",horse
7877,2,"['ship', 'cat', 'automobile', 'airplane']",ship
7878,2,"['ship', 'cat', 'automobile', 'airplane']",cat
7879,1,"['bird', 'dog', 'frog', 'cat', 'airplane']",airplane
7880,4,"['cat', 'automobile', 'frog', 'airplane']",automobile
7881,6,"['automobile', 'horse', 'ship', 'airplane']",airplane
7882,2,"['ship', 'cat', 'automobile', 'airplane']",cat
7883,0,"['horse', 'deer', 'frog', 'cat']",horse
7884,1,"['bird', 'dog', 'frog', 'cat', 'airplane']",airplane
7885,7,"['automobile', 'cat', 'airplane', 'frog']",airplane
7886,8,"['horse', 'airplane', 'cat', 'frog']",horse
7887,1,"['bird', 'dog', 'frog', 'cat', 'airplane']",airplane
7888,2,"['ship', 'cat', 'automobile', 'airplane']",automobile
7889,0,"['horse', 'deer', 'frog', 'cat']",horse
7890,2,"['ship', 'cat', 'automobile', 'airplane']",cat
7891,9,"['dog', 'frog', 'cat', 'airplane']",airplane
7892,9,"['dog', 'frog', 'cat', 'airplane']",dog
7893,3,"['frog', 'ship', 'automobile', 'airplane']",ship
7894,7,"['automobile', 'cat', 'airplane', 'frog']",airplane
7895,7,"['automobile', 'cat', 'airplane', 'frog']",frog
7896,4,"['cat', 'automobile', 'frog', 'airplane']",automobile
7897,2,"['ship', 'cat', 'automobile', 'airplane']",automobile
7898,0,"['horse', 'deer', 'frog', 'cat']",horse
7899,6,"['automobile', 'horse', 'ship', 'airplane']",ship
7900,8,"['horse', 'airplane', 'cat', 'frog']",horse
7901,5,"['frog', 'ship', 'airplane', 'automobile']",ship
7902,9,"['dog', 'frog', 'cat', 'airplane']",dog
7903,4,"['cat', 'automobile', 'frog', 'airplane']",automobile
7904,9,"['dog', 'frog', 'cat', 'airplane']",airplane
7905,2,"['ship', 'cat', 'automobile', 'airplane']",cat
7906,3,"['frog', 'ship', 'automobile', 'airplane']",ship
7907,0,"['horse', 'deer', 'frog', 'cat']",horse
7908,5,"['frog', 'ship', 'airplane', 'automobile']",ship
7909,3,"['frog', 'ship', 'automobile', 'airplane']",ship
7910,4,"['cat', 'automobile', 'frog', 'airplane']",automobile
7911,6,"['automobile', 'horse', 'ship', 'airplane']",ship
7912,1,"['bird', 'dog', 'frog', 'cat', 'airplane']",airplane
7913,1,"['bird', 'dog', 'frog', 'cat', 'airplane']",airplane
7914,0,"['horse', 'deer', 'frog', 'cat']",horse
7915,1,"['bird', 'dog', 'frog', 'cat', 'airplane']",airplane
7916,6,"['automobile', 'horse', 'ship', 'airplane']",airplane
7917,9,"['dog', 'frog', 'cat', 'airplane']",dog
7918,6,"['automobile', 'horse', 'ship', 'airplane']",ship
7919,2,"['ship', 'cat', 'automobile', 'airplane']",cat
7920,9,"['dog', 'frog', 'cat', 'airplane']",airplane
7921,5,"['frog', 'ship', 'airplane', 'automobile']",ship
7922,7,"['automobile', 'cat', 'airplane', 'frog']",cat
7923,7,"['automobile', 'cat', 'airplane', 'frog']",cat
7924,3,"['frog', 'ship', 'automobile', 'airplane']",ship
7925,0,"['horse', 'deer', 'frog', 'cat']",horse
7926,5,"['frog', 'ship', 'airplane', 'automobile']",ship
7927,6,"['automobile', 'horse', 'ship', 'airplane']",airplane
7928,3,"['frog', 'ship', 'automobile', 'airplane']",ship
7929,2,"['ship', 'cat', 'automobile', 'airplane']",automobile
7930,0,"['horse', 'deer', 'frog', 'cat']",horse
7931,3,"['frog', 'ship', 'automobile', 'airplane']",ship
7932,3,"['frog', 'ship', 'automobile', 'airplane']",ship
7933,4,"['cat', 'automobile', 'frog', 'airplane']",automobile
7934,8,"['horse', 'airplane', 'cat', 'frog']",horse
7935,5,"['frog', 'ship', 'airplane', 'automobile']",ship
7936,1,"['bird', 'dog', 'frog', 'cat', 'airplane']",airplane
7937,6,"['automobile', 'horse', 'ship', 'airplane']",automobile
7938,5,"['frog', 'ship', 'airplane', 'automobile']",ship
7939,7,"['automobile', 'cat', 'airplane', 'frog']",cat
7940,7,"['automobile', 'cat', 'airplane', 'frog']",cat
7941,8,"['horse', 'airplane', 'cat', 'frog']",horse
7942,2,"['ship', 'cat', 'automobile', 'airplane']",cat
7943,9,"['dog', 'frog', 'cat', 'airplane']",dog
7944,9,"['dog', 'frog', 'cat', 'airplane']",dog
7945,7,"['automobile', 'cat', 'airplane', 'frog']",airplane
7946,3,"['frog', 'ship', 'automobile', 'airplane']",ship
7947,8,"['horse', 'airplane', 'cat', 'frog']",horse
7948,2,"['ship', 'cat', 'automobile', 'airplane']",cat
7949,8,"['horse', 'airplane', 'cat', 'frog']",horse
7950,6,"['automobile', 'horse', 'ship', 'airplane']",airplane
7951,2,"['ship', 'cat', 'automobile', 'airplane']",automobile
7952,2,"['ship', 'cat', 'automobile', 'airplane']",cat
7953,1,"['bird', 'dog', 'frog', 'cat', 'airplane']",airplane
7954,4,"['cat', 'automobile', 'frog', 'airplane']",automobile
7955,7,"['automobile', 'cat', 'airplane', 'frog']",cat
7956,4,"['cat', 'automobile', 'frog', 'airplane']",automobile
7957,4,"['cat', 'automobile', 'frog', 'airplane']",automobile
7958,6,"['automobile', 'horse', 'ship', 'airplane']",ship
7959,6,"['automobile', 'horse', 'ship', 'airplane']",airplane
7960,9,"['dog', 'frog', 'cat', 'airplane']",airplane
7961,7,"['automobile', 'cat', 'airplane', 'frog']",cat
7962,2,"['ship', 'cat', 'automobile', 'airplane']",cat
7963,4,"['cat', 'automobile', 'frog', 'airplane']",automobile
7964,6,"['automobile', 'horse', 'ship', 'airplane']",airplane
7965,0,"['horse', 'deer', 'frog', 'cat']",horse
7966,8,"['horse', 'airplane', 'cat', 'frog']",horse
7967,6,"['automobile', 'horse', 'ship', 'airplane']",airplane
7968,6,"['automobile', 'horse', 'ship', 'airplane']",automobile
7969,7,"['automobile', 'cat', 'airplane', 'frog']",airplane
7970,0,"['horse', 'deer', 'frog', 'cat']",horse
7971,0,"['horse', 'deer', 'frog', 'cat']",horse
7972,0,"['horse', 'deer', 'frog', 'cat']",horse
7973,8,"['horse', 'airplane', 'cat', 'frog']",horse
7974,2,"['ship', 'cat', 'automobile', 'airplane']",cat
7975,6,"['automobile', 'horse', 'ship', 'airplane']",ship
7976,6,"['automobile', 'horse', 'ship', 'airplane']",ship
7977,1,"['bird', 'dog', 'frog', 'cat', 'airplane']",airplane
7978,5,"['frog', 'ship', 'airplane', 'automobile']",ship
7979,0,"['horse', 'deer', 'frog', 'cat']",horse
7980,9,"['dog', 'frog', 'cat', 'airplane']",airplane
7981,5,"['frog', 'ship', 'airplane', 'automobile']",ship
7982,6,"['automobile', 'horse', 'ship', 'airplane']",airplane
7983,1,"['bird', 'dog', 'frog', 'cat', 'airplane']",airplane
7984,4,"['cat', 'automobile', 'frog', 'airplane']",automobile
7985,0,"['horse', 'deer', 'frog', 'cat']",horse
7986,7,"['automobile', 'cat', 'airplane', 'frog']",airplane
7987,3,"['frog', 'ship', 'automobile', 'airplane']",ship
7988,1,"['bird', 'dog', 'frog', 'cat', 'airplane']",airplane
7989,7,"['automobile', 'cat', 'airplane', 'frog']",airplane
7990,9,"['dog', 'frog', 'cat', 'airplane']",airplane
7991,0,"['horse', 'deer', 'frog', 'cat']",horse
7992,1,"['bird', 'dog', 'frog', 'cat', 'airplane']",airplane
7993,6,"['automobile', 'horse', 'ship', 'airplane']",airplane
7994,6,"['automobile', 'horse', 'ship', 'airplane']",airplane
7995,8,"['horse', 'airplane', 'cat', 'frog']",horse
7996,8,"['horse', 'airplane', 'cat', 'frog']",horse
7997,3,"['frog', 'ship', 'automobile', 'airplane']",ship
7998,0,"['horse', 'deer', 'frog', 'cat']",horse
7999,3,"['frog', 'ship', 'automobile', 'airplane']",ship
8000,3,"['frog', 'ship', 'automobile', 'airplane']",ship
8001,1,"['bird', 'dog', 'frog', 'cat', 'airplane']",airplane
8002,6,"['automobile', 'horse', 'ship', 'airplane']",airplane
8003,9,"['dog', 'frog', 'cat', 'airplane']",dog
8004,4,"['cat', 'automobile', 'frog', 'airplane']",automobile
8005,8,"['horse', 'airplane', 'cat', 'frog']",horse
8006,8,"['horse', 'airplane', 'cat', 'frog']",horse
8007,8,"['horse', 'airplane', 'cat', 'frog']",horse
8008,6,"['automobile', 'horse', 'ship', 'airplane']",airplane
8009,6,"['automobile', 'horse', 'ship', 'airplane']",airplane
8010,2,"['ship', 'cat', 'automobile', 'airplane']",cat
8011,3,"['frog', 'ship', 'automobile', 'airplane']",frog
8012,9,"['dog', 'frog', 'cat', 'airplane']",airplane
8013,3,"['frog', 'ship', 'automobile', 'airplane']",ship
8014,8,"['horse', 'airplane', 'cat', 'frog']",horse
8015,6,"['automobile', 'horse', 'ship', 'airplane']",airplane
8016,2,"['ship', 'cat', 'automobile', 'airplane']",automobile
8017,2,"['ship', 'cat', 'automobile', 'airplane']",cat
8018,0,"['horse', 'deer', 'frog', 'cat']",horse
8019,2,"['ship', 'cat', 'automobile', 'airplane']",cat
8020,5,"['frog', 'ship', 'airplane', 'automobile']",ship
8021,6,"['automobile', 'horse', 'ship', 'airplane']",ship
8022,8,"['horse', 'airplane', 'cat', 'frog']",horse
8023,0,"['horse', 'deer', 'frog', 'cat']",horse
8024,2,"['ship', 'cat', 'automobile', 'airplane']",automobile
8025,2,"['ship', 'cat', 'automobile', 'airplane']",cat
8026,8,"['horse', 'airplane', 'cat', 'frog']",horse
8027,8,"['horse', 'airplane', 'cat', 'frog']",horse
8028,3,"['frog', 'ship', 'automobile', 'airplane']",ship
8029,3,"['frog', 'ship', 'automobile', 'airplane']",ship
8030,3,"['frog', 'ship', 'automobile', 'airplane']",ship
8031,8,"['horse', 'airplane', 'cat', 'frog']",horse
8032,2,"['ship', 'cat', 'automobile', 'airplane']",cat
8033,6,"['automobile', 'horse', 'ship', 'airplane']",airplane
8034,6,"['automobile', 'horse', 'ship', 'airplane']",airplane
8035,1,"['bird', 'dog', 'frog', 'cat', 'airplane']",airplane
8036,7,"['automobile', 'cat', 'airplane', 'frog']",cat
8037,2,"['ship', 'cat', 'automobile', 'airplane']",cat
8038,7,"['automobile', 'cat', 'airplane', 'frog']",cat
8039,5,"['frog', 'ship', 'airplane', 'automobile']",ship
8040,5,"['frog', 'ship', 'airplane', 'automobile']",ship
8041,3,"['frog', 'ship', 'automobile', 'airplane']",ship
8042,8,"['horse', 'airplane', 'cat', 'frog']",horse
8043,2,"['ship', 'cat', 'automobile', 'airplane']",cat
8044,0,"['horse', 'deer', 'frog', 'cat']",horse
8045,8,"['horse', 'airplane', 'cat', 'frog']",horse
8046,4,"['cat', 'automobile', 'frog', 'airplane']",automobile
8047,4,"['cat', 'automobile', 'frog', 'airplane']",automobile
8048,8,"['horse', 'airplane', 'cat', 'frog']",horse
8049,4,"['cat', 'automobile', 'frog', 'airplane']",automobile
8050,5,"['frog', 'ship', 'airplane', 'automobile']",ship
8051,5,"['frog', 'ship', 'airplane', 'automobile']",ship
8052,7,"['automobile', 'cat', 'airplane', 'frog']",cat
8053,6,"['automobile', 'horse', 'ship', 'airplane']",airplane
8054,3,"['frog', 'ship', 'automobile', 'airplane']",ship
8055,2,"['ship', 'cat', 'automobile', 'airplane']",cat
8056,3,"['frog', 'ship', 'automobile', 'airplane']",ship
8057,8,"['horse', 'airplane', 'cat', 'frog']",horse
8058,1,"['bird', 'dog', 'frog', 'cat', 'airplane']",airplane
8059,1,"['bird', 'dog', 'frog', 'cat', 'airplane']",airplane
8060,6,"['automobile', 'horse', 'ship', 'airplane']",automobile
8061,9,"['dog', 'frog', 'cat', 'airplane']",dog
8062,0,"['horse', 'deer', 'frog', 'cat']",horse
8063,6,"['automobile', 'horse', 'ship', 'airplane']",airplane
8064,7,"['automobile', 'cat', 'airplane', 'frog']",cat
8065,2,"['ship', 'cat', 'automobile', 'airplane']",automobile
8066,4,"['cat', 'automobile', 'frog', 'airplane']",automobile
8067,3,"['frog', 'ship', 'automobile', 'airplane']",ship
8068,4,"['cat', 'automobile', 'frog', 'airplane']",automobile
8069,6,"['automobile', 'horse', 'ship', 'airplane']",airplane
8070,8,"['horse', 'airplane', 'cat', 'frog']",horse
8071,6,"['automobile', 'horse', 'ship', 'airplane']",airplane
8072,0,"['horse', 'deer', 'frog', 'cat']",horse
8073,8,"['horse', 'airplane', 'cat', 'frog']",horse
8074,8,"['horse', 'airplane', 'cat', 'frog']",horse
8075,9,"['dog', 'frog', 'cat', 'airplane']",airplane
8076,7,"['automobile', 'cat', 'airplane', 'frog']",airplane
8077,2,"['ship', 'cat', 'automobile', 'airplane']",automobile
8078,7,"['automobile', 'cat', 'airplane', 'frog']",cat
8079,0,"['horse', 'deer', 'frog', 'cat']",horse
8080,4,"['cat', 'automobile', 'frog', 'airplane']",airplane
8081,2,"['ship', 'cat', 'automobile', 'airplane']",cat
8082,3,"['frog', 'ship', 'automobile', 'airplane']",ship
8083,0,"['horse', 'deer', 'frog', 'cat']",horse
8084,6,"['automobile', 'horse', 'ship', 'airplane']",horse
8085,1,"['bird', 'dog', 'frog', 'cat', 'airplane']",airplane
8086,0,"['horse', 'deer', 'frog', 'cat']",horse
8087,9,"['dog', 'frog', 'cat', 'airplane']",airplane
8088,3,"['frog', 'ship', 'automobile', 'airplane']",ship
8089,9,"['dog', 'frog', 'cat', 'airplane']",airplane
8090,1,"['bird', 'dog', 'frog', 'cat', 'airplane']",airplane
8091,6,"['automobile', 'horse', 'ship', 'airplane']",airplane
8092,2,"['ship', 'cat', 'automobile', 'airplane']",ship
8093,1,"['bird', 'dog', 'frog', 'cat', 'airplane']",airplane
8094,1,"['bird', 'dog', 'frog', 'cat', 'airplane']",airplane
8095,1,"['bird', 'dog', 'frog', 'cat', 'airplane']",airplane
8096,0,"['horse', 'deer', 'frog', 'cat']",horse
8097,0,"['horse', 'deer', 'frog', 'cat']",horse
8098,0,"['horse', 'deer', 'frog', 'cat']",horse
8099,0,"['horse', 'deer', 'frog', 'cat']",horse
8100,2,"['ship', 'cat', 'automobile', 'airplane']",cat
8101,3,"['frog', 'ship', 'automobile', 'airplane']",ship
8102,0,"['horse', 'deer', 'frog', 'cat']",horse
8103,9,"['dog', 'frog', 'cat', 'airplane']",dog
8104,3,"['frog', 'ship', 'automobile', 'airplane']",ship
8105,3,"['frog', 'ship', 'automobile', 'airplane']",ship
8106,7,"['automobile', 'cat', 'airplane', 'frog']",frog
8107,1,"['bird', 'dog', 'frog', 'cat', 'airplane']",airplane
8108,6,"['automobile', 'horse', 'ship', 'airplane']",airplane
8109,7,"['automobile', 'cat', 'airplane', 'frog']",airplane
8110,9,"['dog', 'frog', 'cat', 'airplane']",airplane
8111,8,"['horse', 'airplane', 'cat', 'frog']",horse
8112,2,"['ship', 'cat', 'automobile', 'airplane']",automobile
8113,8,"['horse', 'airplane', 'cat', 'frog']",airplane
8114,4,"['cat', 'automobile', 'frog', 'airplane']",automobile
8115,7,"['automobile', 'cat', 'airplane', 'frog']",airplane
8116,0,"['horse', 'deer', 'frog', 'cat']",horse
8117,4,"['cat', 'automobile', 'frog', 'airplane']",automobile
8118,0,"['horse', 'deer', 'frog', 'cat']",horse
8119,1,"['bird', 'dog', 'frog', 'cat', 'airplane']",airplane
8120,8,"['horse', 'airplane', 'cat', 'frog']",horse
8121,2,"['ship', 'cat', 'automobile', 'airplane']",cat
8122,3,"['frog', 'ship', 'automobile', 'airplane']",ship
8123,8,"['horse', 'airplane', 'cat', 'frog']",horse
8124,1,"['bird', 'dog', 'frog', 'cat', 'airplane']",airplane
8125,9,"['dog', 'frog', 'cat', 'airplane']",dog
8126,9,"['dog', 'frog', 'cat', 'airplane']",dog
8127,1,"['bird', 'dog', 'frog', 'cat', 'airplane']",airplane
8128,6,"['automobile', 'horse', 'ship', 'airplane']",automobile
8129,7,"['automobile', 'cat', 'airplane', 'frog']",cat
8130,1,"['bird', 'dog', 'frog', 'cat', 'airplane']",airplane
8131,4,"['cat', 'automobile', 'frog', 'airplane']",automobile
8132,0,"['horse', 'deer', 'frog', 'cat']",horse
8133,3,"['frog', 'ship', 'automobile', 'airplane']",ship
8134,5,"['frog', 'ship', 'airplane', 'automobile']",ship
8135,1,"['bird', 'dog', 'frog', 'cat', 'airplane']",airplane
8136,0,"['horse', 'deer', 'frog', 'cat']",horse
8137,4,"['cat', 'automobile', 'frog', 'airplane']",airplane
8138,8,"['horse', 'airplane', 'cat', 'frog']",horse
8139,3,"['frog', 'ship', 'automobile', 'airplane']",ship
8140,5,"['frog', 'ship', 'airplane', 'automobile']",ship
8141,9,"['dog', 'frog', 'cat', 'airplane']",dog
8142,7,"['automobile', 'cat', 'airplane', 'frog']",cat
8143,4,"['cat', 'automobile', 'frog', 'airplane']",automobile
8144,2,"['ship', 'cat', 'automobile', 'airplane']",cat
8145,9,"['dog', 'frog', 'cat', 'airplane']",airplane
8146,9,"['dog', 'frog', 'cat', 'airplane']",dog
8147,0,"['horse', 'deer', 'frog', 'cat']",horse
8148,2,"['ship', 'cat', 'automobile', 'airplane']",cat
8149,1,"['bird', 'dog', 'frog', 'cat', 'airplane']",airplane
8150,8,"['horse', 'airplane', 'cat', 'frog']",horse
8151,3,"['frog', 'ship', 'automobile', 'airplane']",ship
8152,9,"['dog', 'frog', 'cat', 'airplane']",airplane
8153,3,"['frog', 'ship', 'automobile', 'airplane']",ship
8154,5,"['frog', 'ship', 'airplane', 'automobile']",ship
8155,0,"['horse', 'deer', 'frog', 'cat']",horse
8156,5,"['frog', 'ship', 'airplane', 'automobile']",ship
8157,2,"['ship', 'cat', 'automobile', 'airplane']",cat
8158,3,"['frog', 'ship', 'automobile', 'airplane']",ship
8159,9,"['dog', 'frog', 'cat', 'airplane']",airplane
8160,0,"['horse', 'deer', 'frog', 'cat']",horse
8161,3,"['frog', 'ship', 'automobile', 'airplane']",ship
8162,3,"['frog', 'ship', 'automobile', 'airplane']",ship
8163,8,"['horse', 'airplane', 'cat', 'frog']",horse
8164,3,"['frog', 'ship', 'automobile', 'airplane']",ship
8165,2,"['ship', 'cat', 'automobile', 'airplane']",cat
8166,2,"['ship', 'cat', 'automobile', 'airplane']",cat
8167,5,"['frog', 'ship', 'airplane', 'automobile']",ship
8168,8,"['horse', 'airplane', 'cat', 'frog']",horse
8169,2,"['ship', 'cat', 'automobile', 'airplane']",cat
8170,6,"['automobile', 'horse', 'ship', 'airplane']",airplane
8171,6,"['automobile', 'horse', 'ship', 'airplane']",automobile
8172,2,"['ship', 'cat', 'automobile', 'airplane']",cat
8173,2,"['ship', 'cat', 'automobile', 'airplane']",automobile
8174,1,"['bird', 'dog', 'frog', 'cat', 'airplane']",airplane
8175,1,"['bird', 'dog', 'frog', 'cat', 'airplane']",airplane
8176,7,"['automobile', 'cat', 'airplane', 'frog']",cat
8177,4,"['cat', 'automobile', 'frog', 'airplane']",automobile
8178,2,"['ship', 'cat', 'automobile', 'airplane']",cat
8179,3,"['frog', 'ship', 'automobile', 'airplane']",ship
8180,8,"['horse', 'airplane', 'cat', 'frog']",horse
8181,1,"['bird', 'dog', 'frog', 'cat', 'airplane']",airplane
8182,2,"['ship', 'cat', 'automobile', 'airplane']",cat
8183,3,"['frog', 'ship', 'automobile', 'airplane']",ship
8184,4,"['cat', 'automobile', 'frog', 'airplane']",automobile
8185,0,"['horse', 'deer', 'frog', 'cat']",horse
8186,2,"['ship', 'cat', 'automobile', 'airplane']",ship
8187,7,"['automobile', 'cat', 'airplane', 'frog']",cat
8188,5,"['frog', 'ship', 'airplane', 'automobile']",ship
8189,1,"['bird', 'dog', 'frog', 'cat', 'airplane']",airplane
8190,0,"['horse', 'deer', 'frog', 'cat']",horse
8191,1,"['bird', 'dog', 'frog', 'cat', 'airplane']",airplane
8192,2,"['ship', 'cat', 'automobile', 'airplane']",cat
8193,3,"['frog', 'ship', 'automobile', 'airplane']",ship
8194,6,"['automobile', 'horse', 'ship', 'airplane']",airplane
8195,2,"['ship', 'cat', 'automobile', 'airplane']",automobile
8196,5,"['frog', 'ship', 'airplane', 'automobile']",ship
8197,1,"['bird', 'dog', 'frog', 'cat', 'airplane']",airplane
8198,5,"['frog', 'ship', 'airplane', 'automobile']",ship
8199,0,"['horse', 'deer', 'frog', 'cat']",horse
8200,0,"['horse', 'deer', 'frog', 'cat']",horse
8201,1,"['bird', 'dog', 'frog', 'cat', 'airplane']",airplane
8202,7,"['automobile', 'cat', 'airplane', 'frog']",cat
8203,7,"['automobile', 'cat', 'airplane', 'frog']",cat
8204,5,"['frog', 'ship', 'airplane', 'automobile']",ship
8205,5,"['frog', 'ship', 'airplane', 'automobile']",ship
8206,6,"['automobile', 'horse', 'ship', 'airplane']",airplane
8207,0,"['horse', 'deer', 'frog', 'cat']",horse
8208,4,"['cat', 'automobile', 'frog', 'airplane']",frog
8209,0,"['horse', 'deer', 'frog', 'cat']",horse
8210,3,"['frog', 'ship', 'automobile', 'airplane']",ship
8211,8,"['horse', 'airplane', 'cat', 'frog']",horse
8212,6,"['automobile', 'horse', 'ship', 'airplane']",ship
8213,9,"['dog', 'frog', 'cat', 'airplane']",airplane
8214,8,"['horse', 'airplane', 'cat', 'frog']",horse
8215,6,"['automobile', 'horse', 'ship', 'airplane']",airplane
8216,1,"['bird', 'dog', 'frog', 'cat', 'airplane']",airplane
8217,0,"['horse', 'deer', 'frog', 'cat']",horse
8218,2,"['ship', 'cat', 'automobile', 'airplane']",cat
8219,2,"['ship', 'cat', 'automobile', 'airplane']",cat
8220,6,"['automobile', 'horse', 'ship', 'airplane']",automobile
8221,1,"['bird', 'dog', 'frog', 'cat', 'airplane']",airplane
8222,8,"['horse', 'airplane', 'cat', 'frog']",horse
8223,5,"['frog', 'ship', 'airplane', 'automobile']",ship
8224,3,"['frog', 'ship', 'automobile', 'airplane']",ship
8225,1,"['bird', 'dog', 'frog', 'cat', 'airplane']",airplane
8226,9,"['dog', 'frog', 'cat', 'airplane']",airplane
8227,1,"['bird', 'dog', 'frog', 'cat', 'airplane']",airplane
8228,1,"['bird', 'dog', 'frog', 'cat', 'airplane']",airplane
8229,8,"['horse', 'airplane', 'cat', 'frog']",horse
8230,5,"['frog', 'ship', 'airplane', 'automobile']",ship
8231,6,"['automobile', 'horse', 'ship', 'airplane']",airplane
8232,1,"['bird', 'dog', 'frog', 'cat', 'airplane']",airplane
8233,4,"['cat', 'automobile', 'frog', 'airplane']",automobile
8234,2,"['ship', 'cat', 'automobile', 'airplane']",automobile
8235,8,"['horse', 'airplane', 'cat', 'frog']",horse
8236,4,"['cat', 'automobile', 'frog', 'airplane']",automobile
8237,2,"['ship', 'cat', 'automobile', 'airplane']",cat
8238,7,"['automobile', 'cat', 'airplane', 'frog']",cat
8239,5,"['frog', 'ship', 'airplane', 'automobile']",ship
8240,5,"['frog', 'ship', 'airplane', 'automobile']",ship
8241,8,"['horse', 'airplane', 'cat', 'frog']",horse
8242,0,"['horse', 'deer', 'frog', 'cat']",horse
8243,5,"['frog', 'ship', 'airplane', 'automobile']",ship
8244,1,"['bird', 'dog', 'frog', 'cat', 'airplane']",airplane
8245,9,"['dog', 'frog', 'cat', 'airplane']",airplane
8246,3,"['frog', 'ship', 'automobile', 'airplane']",ship
8247,4,"['cat', 'automobile', 'frog', 'airplane']",automobile
8248,8,"['horse', 'airplane', 'cat', 'frog']",horse
8249,0,"['horse', 'deer', 'frog', 'cat']",horse
8250,8,"['horse', 'airplane', 'cat', 'frog']",horse
8251,3,"['frog', 'ship', 'automobile', 'airplane']",ship
8252,5,"['frog', 'ship', 'airplane', 'automobile']",ship
8253,6,"['automobile', 'horse', 'ship', 'airplane']",airplane
8254,4,"['cat', 'automobile', 'frog', 'airplane']",automobile
8255,3,"['frog', 'ship', 'automobile', 'airplane']",ship
8256,6,"['automobile', 'horse', 'ship', 'airplane']",airplane
8257,4,"['cat', 'automobile', 'frog', 'airplane']",automobile
8258,0,"['horse', 'deer', 'frog', 'cat']",horse
8259,3,"['frog', 'ship', 'automobile', 'airplane']",ship
8260,4,"['cat', 'automobile', 'frog', 'airplane']",automobile
8261,5,"['frog', 'ship', 'airplane', 'automobile']",ship
8262,3,"['frog', 'ship', 'automobile', 'airplane']",ship
8263,4,"['cat', 'automobile', 'frog', 'airplane']",automobile
8264,2,"['ship', 'cat', 'automobile', 'airplane']",cat
8265,5,"['frog', 'ship', 'airplane', 'automobile']",ship
8266,3,"['frog', 'ship', 'automobile', 'airplane']",ship
8267,8,"['horse', 'airplane', 'cat', 'frog']",horse
8268,0,"['horse', 'deer', 'frog', 'cat']",horse
8269,5,"['frog', 'ship', 'airplane', 'automobile']",ship
8270,8,"['horse', 'airplane', 'cat', 'frog']",horse
8271,4,"['cat', 'automobile', 'frog', 'airplane']",automobile
8272,0,"['horse', 'deer', 'frog', 'cat']",horse
8273,8,"['horse', 'airplane', 'cat', 'frog']",horse
8274,5,"['frog', 'ship', 'airplane', 'automobile']",ship
8275,2,"['ship', 'cat', 'automobile', 'airplane']",cat
8276,5,"['frog', 'ship', 'airplane', 'automobile']",ship
8277,7,"['automobile', 'cat', 'airplane', 'frog']",airplane
8278,8,"['horse', 'airplane', 'cat', 'frog']",horse
8279,4,"['cat', 'automobile', 'frog', 'airplane']",automobile
8280,2,"['ship', 'cat', 'automobile', 'airplane']",cat
8281,9,"['dog', 'frog', 'cat', 'airplane']",dog
8282,5,"['frog', 'ship', 'airplane', 'automobile']",ship
8283,8,"['horse', 'airplane', 'cat', 'frog']",horse
8284,8,"['horse', 'airplane', 'cat', 'frog']",horse
8285,3,"['frog', 'ship', 'automobile', 'airplane']",ship
8286,3,"['frog', 'ship', 'automobile', 'airplane']",ship
8287,5,"['frog', 'ship', 'airplane', 'automobile']",ship
8288,3,"['frog', 'ship', 'automobile', 'airplane']",ship
8289,4,"['cat', 'automobile', 'frog', 'airplane']",automobile
8290,9,"['dog', 'frog', 'cat', 'airplane']",airplane
8291,5,"['frog', 'ship', 'airplane', 'automobile']",ship
8292,0,"['horse', 'deer', 'frog', 'cat']",horse
8293,6,"['automobile', 'horse', 'ship', 'airplane']",airplane
8294,1,"['bird', 'dog', 'frog', 'cat', 'airplane']",airplane
8295,9,"['dog', 'frog', 'cat', 'airplane']",dog
8296,0,"['horse', 'deer', 'frog', 'cat']",horse
8297,0,"['horse', 'deer', 'frog', 'cat']",horse
8298,9,"['dog', 'frog', 'cat', 'airplane']",airplane
8299,7,"['automobile', 'cat', 'airplane', 'frog']",frog
8300,1,"['bird', 'dog', 'frog', 'cat', 'airplane']",airplane
8301,8,"['horse', 'airplane', 'cat', 'frog']",horse
8302,3,"['frog', 'ship', 'automobile', 'airplane']",ship
8303,9,"['dog', 'frog', 'cat', 'airplane']",airplane
8304,2,"['ship', 'cat', 'automobile', 'airplane']",cat
8305,1,"['bird', 'dog', 'frog', 'cat', 'airplane']",airplane
8306,7,"['automobile', 'cat', 'airplane', 'frog']",cat
8307,1,"['bird', 'dog', 'frog', 'cat', 'airplane']",airplane
8308,9,"['dog', 'frog', 'cat', 'airplane']",airplane
8309,6,"['automobile', 'horse', 'ship', 'airplane']",airplane
8310,9,"['dog', 'frog', 'cat', 'airplane']",airplane
8311,7,"['automobile', 'cat', 'airplane', 'frog']",cat
8312,7,"['automobile', 'cat', 'airplane', 'frog']",airplane
8313,0,"['horse', 'deer', 'frog', 'cat']",horse
8314,2,"['ship', 'cat', 'automobile', 'airplane']",cat
8315,7,"['automobile', 'cat', 'airplane', 'frog']",cat
8316,7,"['automobile', 'cat', 'airplane', 'frog']",cat
8317,9,"['dog', 'frog', 'cat', 'airplane']",dog
8318,9,"['dog', 'frog', 'cat', 'airplane']",dog
8319,3,"['frog', 'ship', 'automobile', 'airplane']",ship
8320,5,"['frog', 'ship', 'airplane', 'automobile']",ship
8321,2,"['ship', 'cat', 'automobile', 'airplane']",ship
8322,2,"['ship', 'cat', 'automobile', 'airplane']",cat
8323,9,"['dog', 'frog', 'cat', 'airplane']",dog
8324,2,"['ship', 'cat', 'automobile', 'airplane']",cat
8325,5,"['frog', 'ship', 'airplane', 'automobile']",ship
8326,5,"['frog', 'ship', 'airplane', 'automobile']",ship
8327,9,"['dog', 'frog', 'cat', 'airplane']",dog
8328,5,"['frog', 'ship', 'airplane', 'automobile']",ship
8329,8,"['horse', 'airplane', 'cat', 'frog']",horse
8330,3,"['frog', 'ship', 'automobile', 'airplane']",ship
8331,4,"['cat', 'automobile', 'frog', 'airplane']",automobile
8332,1,"['bird', 'dog', 'frog', 'cat', 'airplane']",airplane
8333,2,"['ship', 'cat', 'automobile', 'airplane']",cat
8334,5,"['frog', 'ship', 'airplane', 'automobile']",ship
8335,6,"['automobile', 'horse', 'ship', 'airplane']",airplane
8336,3,"['frog', 'ship', 'automobile', 'airplane']",ship
8337,8,"['horse', 'airplane', 'cat', 'frog']",horse
8338,4,"['cat', 'automobile', 'frog', 'airplane']",automobile
8339,1,"['bird', 'dog', 'frog', 'cat', 'airplane']",airplane
8340,2,"['ship', 'cat', 'automobile', 'airplane']",cat
8341,2,"['ship', 'cat', 'automobile', 'airplane']",automobile
8342,0,"['horse', 'deer', 'frog', 'cat']",horse
8343,7,"['automobile', 'cat', 'airplane', 'frog']",cat
8344,6,"['automobile', 'horse', 'ship', 'airplane']",ship
8345,7,"['automobile', 'cat', 'airplane', 'frog']",cat
8346,1,"['bird', 'dog', 'frog', 'cat', 'airplane']",airplane
8347,2,"['ship', 'cat', 'automobile', 'airplane']",ship
8348,8,"['horse', 'airplane', 'cat', 'frog']",horse
8349,3,"['frog', 'ship', 'automobile', 'airplane']",ship
8350,1,"['bird', 'dog', 'frog', 'cat', 'airplane']",airplane
8351,7,"['automobile', 'cat', 'airplane', 'frog']",frog
8352,4,"['cat', 'automobile', 'frog', 'airplane']",automobile
8353,5,"['frog', 'ship', 'airplane', 'automobile']",ship
8354,9,"['dog', 'frog', 'cat', 'airplane']",airplane
8355,0,"['horse', 'deer', 'frog', 'cat']",horse
8356,3,"['frog', 'ship', 'automobile', 'airplane']",frog
8357,7,"['automobile', 'cat', 'airplane', 'frog']",airplane
8358,8,"['horse', 'airplane', 'cat', 'frog']",horse
8359,0,"['horse', 'deer', 'frog', 'cat']",horse
8360,7,"['automobile', 'cat', 'airplane', 'frog']",frog
8361,4,"['cat', 'automobile', 'frog', 'airplane']",automobile
8362,2,"['ship', 'cat', 'automobile', 'airplane']",cat
8363,6,"['automobile', 'horse', 'ship', 'airplane']",automobile
8364,9,"['dog', 'frog', 'cat', 'airplane']",airplane
8365,0,"['horse', 'deer', 'frog', 'cat']",horse
8366,2,"['ship', 'cat', 'automobile', 'airplane']",cat
8367,7,"['automobile', 'cat', 'airplane', 'frog']",cat
8368,4,"['cat', 'automobile', 'frog', 'airplane']",automobile
8369,7,"['automobile', 'cat', 'airplane', 'frog']",cat
8370,3,"['frog', 'ship', 'automobile', 'airplane']",ship
8371,1,"['bird', 'dog', 'frog', 'cat', 'airplane']",airplane
8372,7,"['automobile', 'cat', 'airplane', 'frog']",cat
8373,5,"['frog', 'ship', 'airplane', 'automobile']",ship
8374,1,"['bird', 'dog', 'frog', 'cat', 'airplane']",airplane
8375,4,"['cat', 'automobile', 'frog', 'airplane']",automobile
8376,0,"['horse', 'deer', 'frog', 'cat']",horse
8377,2,"['ship', 'cat', 'automobile', 'airplane']",cat
8378,4,"['cat', 'automobile', 'frog', 'airplane']",automobile
8379,4,"['cat', 'automobile', 'frog', 'airplane']",automobile
8380,3,"['frog', 'ship', 'automobile', 'airplane']",ship
8381,3,"['frog', 'ship', 'automobile', 'airplane']",ship
8382,0,"['horse', 'deer', 'frog', 'cat']",horse
8383,0,"['horse', 'deer', 'frog', 'cat']",frog
8384,8,"['horse', 'airplane', 'cat', 'frog']",horse
8385,3,"['frog', 'ship', 'automobile', 'airplane']",ship
8386,3,"['frog', 'ship', 'automobile', 'airplane']",ship
8387,0,"['horse', 'deer', 'frog', 'cat']",horse
8388,9,"['dog', 'frog', 'cat', 'airplane']",dog
8389,1,"['bird', 'dog', 'frog', 'cat', 'airplane']",airplane
8390,7,"['automobile', 'cat', 'airplane', 'frog']",cat
8391,7,"['automobile', 'cat', 'airplane', 'frog']",cat
8392,0,"['horse', 'deer', 'frog', 'cat']",horse
8393,6,"['automobile', 'horse', 'ship', 'airplane']",automobile
8394,9,"['dog', 'frog', 'cat', 'airplane']",airplane
8395,2,"['ship', 'cat', 'automobile', 'airplane']",cat
8396,4,"['cat', 'automobile', 'frog', 'airplane']",automobile
8397,8,"['horse', 'airplane', 'cat', 'frog']",horse
8398,5,"['frog', 'ship', 'airplane', 'automobile']",ship
8399,8,"['horse', 'airplane', 'cat', 'frog']",horse
8400,5,"['frog', 'ship', 'airplane', 'automobile']",ship
8401,8,"['horse', 'airplane', 'cat', 'frog']",horse
8402,9,"['dog', 'frog', 'cat', 'airplane']",dog
8403,4,"['cat', 'automobile', 'frog', 'airplane']",automobile
8404,4,"['cat', 'automobile', 'frog', 'airplane']",automobile
8405,4,"['cat', 'automobile', 'frog', 'airplane']",automobile
8406,8,"['horse', 'airplane', 'cat', 'frog']",horse
8407,5,"['frog', 'ship', 'airplane', 'automobile']",ship
8408,3,"['frog', 'ship', 'automobile', 'airplane']",ship
8409,7,"['automobile', 'cat', 'airplane', 'frog']",cat
8410,0,"['horse', 'deer', 'frog', 'cat']",horse
8411,2,"['ship', 'cat', 'automobile', 'airplane']",cat
8412,5,"['frog', 'ship', 'airplane', 'automobile']",ship
8413,9,"['dog', 'frog', 'cat', 'airplane']",dog
8414,8,"['horse', 'airplane', 'cat', 'frog']",horse
8415,4,"['cat', 'automobile', 'frog', 'airplane']",automobile
8416,9,"['dog', 'frog', 'cat', 'airplane']",airplane
8417,4,"['cat', 'automobile', 'frog', 'airplane']",automobile
8418,2,"['ship', 'cat', 'automobile', 'airplane']",cat
8419,1,"['bird', 'dog', 'frog', 'cat', 'airplane']",airplane
8420,3,"['frog', 'ship', 'automobile', 'airplane']",ship
8421,0,"['horse', 'deer', 'frog', 'cat']",horse
8422,3,"['frog', 'ship', 'automobile', 'airplane']",ship
8423,4,"['cat', 'automobile', 'frog', 'airplane']",automobile
8424,8,"['horse', 'airplane', 'cat', 'frog']",horse
8425,0,"['horse', 'deer', 'frog', 'cat']",horse
8426,1,"['bird', 'dog', 'frog', 'cat', 'airplane']",airplane
8427,1,"['bird', 'dog', 'frog', 'cat', 'airplane']",airplane
8428,9,"['dog', 'frog', 'cat', 'airplane']",dog
8429,8,"['horse', 'airplane', 'cat', 'frog']",horse
8430,7,"['automobile', 'cat', 'airplane', 'frog']",cat
8431,6,"['automobile', 'horse', 'ship', 'airplane']",ship
8432,1,"['bird', 'dog', 'frog', 'cat', 'airplane']",airplane
8433,6,"['automobile', 'horse', 'ship', 'airplane']",airplane
8434,3,"['frog', 'ship', 'automobile', 'airplane']",ship
8435,9,"['dog', 'frog', 'cat', 'airplane']",airplane
8436,6,"['automobile', 'horse', 'ship', 'airplane']",airplane
8437,0,"['horse', 'deer', 'frog', 'cat']",horse
8438,2,"['ship', 'cat', 'automobile', 'airplane']",cat
8439,9,"['dog', 'frog', 'cat', 'airplane']",airplane
8440,2,"['ship', 'cat', 'automobile', 'airplane']",automobile
8441,9,"['dog', 'frog', 'cat', 'airplane']",dog
8442,6,"['automobile', 'horse', 'ship', 'airplane']",horse
8443,0,"['horse', 'deer', 'frog', 'cat']",horse
8444,0,"['horse', 'deer', 'frog', 'cat']",horse
8445,8,"['horse', 'airplane', 'cat', 'frog']",horse
8446,6,"['automobile', 'horse', 'ship', 'airplane']",airplane
8447,4,"['cat', 'automobile', 'frog', 'airplane']",automobile
8448,9,"['dog', 'frog', 'cat', 'airplane']",dog
8449,1,"['bird', 'dog', 'frog', 'cat', 'airplane']",airplane
8450,1,"['bird', 'dog', 'frog', 'cat', 'airplane']",airplane
8451,0,"['horse', 'deer', 'frog', 'cat']",horse
8452,5,"['frog', 'ship', 'airplane', 'automobile']",ship
8453,0,"['horse', 'deer', 'frog', 'cat']",horse
8454,2,"['ship', 'cat', 'automobile', 'airplane']",automobile
8455,8,"['horse', 'airplane', 'cat', 'frog']",horse
8456,4,"['cat', 'automobile', 'frog', 'airplane']",automobile
8457,5,"['frog', 'ship', 'airplane', 'automobile']",ship
8458,9,"['dog', 'frog', 'cat', 'airplane']",dog
8459,2,"['ship', 'cat', 'automobile', 'airplane']",cat
8460,6,"['automobile', 'horse', 'ship', 'airplane']",airplane
8461,7,"['automobile', 'cat', 'airplane', 'frog']",airplane
8462,4,"['cat', 'automobile', 'frog', 'airplane']",automobile
8463,5,"['frog', 'ship', 'airplane', 'automobile']",ship
8464,5,"['frog', 'ship', 'airplane', 'automobile']",ship
8465,7,"['automobile', 'cat', 'airplane', 'frog']",cat
8466,6,"['automobile', 'horse', 'ship', 'airplane']",airplane
8467,3,"['frog', 'ship', 'automobile', 'airplane']",ship
8468,8,"['horse', 'airplane', 'cat', 'frog']",horse
8469,7,"['automobile', 'cat', 'airplane', 'frog']",cat
8470,9,"['dog', 'frog', 'cat', 'airplane']",airplane
8471,8,"['horse', 'airplane', 'cat', 'frog']",horse
8472,4,"['cat', 'automobile', 'frog', 'airplane']",automobile
8473,4,"['cat', 'automobile', 'frog', 'airplane']",automobile
8474,6,"['automobile', 'horse', 'ship', 'airplane']",horse
8475,1,"['bird', 'dog', 'frog', 'cat', 'airplane']",airplane
8476,1,"['bird', 'dog', 'frog', 'cat', 'airplane']",airplane
8477,2,"['ship', 'cat', 'automobile', 'airplane']",automobile
8478,0,"['horse', 'deer', 'frog', 'cat']",horse
8479,9,"['dog', 'frog', 'cat', 'airplane']",airplane
8480,1,"['bird', 'dog', 'frog', 'cat', 'airplane']",airplane
8481,7,"['automobile', 'cat', 'airplane', 'frog']",cat
8482,2,"['ship', 'cat', 'automobile', 'airplane']",automobile
8483,8,"['horse', 'airplane', 'cat', 'frog']",horse
8484,8,"['horse', 'airplane', 'cat', 'frog']",horse
8485,2,"['ship', 'cat', 'automobile', 'airplane']",cat
8486,1,"['bird', 'dog', 'frog', 'cat', 'airplane']",airplane
8487,4,"['cat', 'automobile', 'frog', 'airplane']",automobile
8488,4,"['cat', 'automobile', 'frog', 'airplane']",automobile
8489,8,"['horse', 'airplane', 'cat', 'frog']",horse
8490,4,"['cat', 'automobile', 'frog', 'airplane']",airplane
8491,4,"['cat', 'automobile', 'frog', 'airplane']",automobile
8492,6,"['automobile', 'horse', 'ship', 'airplane']",airplane
8493,9,"['dog', 'frog', 'cat', 'airplane']",dog
8494,5,"['frog', 'ship', 'airplane', 'automobile']",ship
8495,8,"['horse', 'airplane', 'cat', 'frog']",horse
8496,5,"['frog', 'ship', 'airplane', 'automobile']",ship
8497,5,"['frog', 'ship', 'airplane', 'automobile']",ship
8498,7,"['automobile', 'cat', 'airplane', 'frog']",cat
8499,7,"['automobile', 'cat', 'airplane', 'frog']",cat
8500,5,"['frog', 'ship', 'airplane', 'automobile']",ship
8501,9,"['dog', 'frog', 'cat', 'airplane']",airplane
8502,5,"['frog', 'ship', 'airplane', 'automobile']",ship
8503,3,"['frog', 'ship', 'automobile', 'airplane']",ship
8504,4,"['cat', 'automobile', 'frog', 'airplane']",automobile
8505,9,"['dog', 'frog', 'cat', 'airplane']",dog
8506,9,"['dog', 'frog', 'cat', 'airplane']",airplane
8507,3,"['frog', 'ship', 'automobile', 'airplane']",ship
8508,7,"['automobile', 'cat', 'airplane', 'frog']",cat
8509,6,"['automobile', 'horse', 'ship', 'airplane']",automobile
8510,9,"['dog', 'frog', 'cat', 'airplane']",airplane
8511,5,"['frog', 'ship', 'airplane', 'automobile']",ship
8512,8,"['horse', 'airplane', 'cat', 'frog']",horse
8513,6,"['automobile', 'horse', 'ship', 'airplane']",ship
8514,6,"['automobile', 'horse', 'ship', 'airplane']",airplane
8515,0,"['horse', 'deer', 'frog', 'cat']",horse
8516,7,"['automobile', 'cat', 'airplane', 'frog']",airplane
8517,9,"['dog', 'frog', 'cat', 'airplane']",airplane
8518,2,"['ship', 'cat', 'automobile', 'airplane']",cat
8519,8,"['horse', 'airplane', 'cat', 'frog']",horse
8520,3,"['frog', 'ship', 'automobile', 'airplane']",ship
8521,7,"['automobile', 'cat', 'airplane', 'frog']",airplane
8522,0,"['horse', 'deer', 'frog', 'cat']",horse
8523,4,"['cat', 'automobile', 'frog', 'airplane']",automobile
8524,0,"['horse', 'deer', 'frog', 'cat']",horse
8525,8,"['horse', 'airplane', 'cat', 'frog']",horse
8526,8,"['horse', 'airplane', 'cat', 'frog']",horse
8527,6,"['automobile', 'horse', 'ship', 'airplane']",horse
8528,2,"['ship', 'cat', 'automobile', 'airplane']",cat
8529,1,"['bird', 'dog', 'frog', 'cat', 'airplane']",airplane
8530,2,"['ship', 'cat', 'automobile', 'airplane']",cat
8531,8,"['horse', 'airplane', 'cat', 'frog']",horse
8532,9,"['dog', 'frog', 'cat', 'airplane']",airplane
8533,7,"['automobile', 'cat', 'airplane', 'frog']",airplane
8534,2,"['ship', 'cat', 'automobile', 'airplane']",cat
8535,0,"['horse', 'deer', 'frog', 'cat']",horse
8536,2,"['ship', 'cat', 'automobile', 'airplane']",automobile
8537,7,"['automobile', 'cat', 'airplane', 'frog']",cat
8538,6,"['automobile', 'horse', 'ship', 'airplane']",ship
8539,9,"['dog', 'frog', 'cat', 'airplane']",airplane
8540,1,"['bird', 'dog', 'frog', 'cat', 'airplane']",airplane
8541,4,"['cat', 'automobile', 'frog', 'airplane']",automobile
8542,8,"['horse', 'airplane', 'cat', 'frog']",horse
8543,2,"['ship', 'cat', 'automobile', 'airplane']",automobile
8544,8,"['horse', 'airplane', 'cat', 'frog']",horse
8545,6,"['automobile', 'horse', 'ship', 'airplane']",ship
8546,7,"['automobile', 'cat', 'airplane', 'frog']",cat
8547,1,"['bird', 'dog', 'frog', 'cat', 'airplane']",airplane
8548,1,"['bird', 'dog', 'frog', 'cat', 'airplane']",airplane
8549,0,"['horse', 'deer', 'frog', 'cat']",horse
8550,1,"['bird', 'dog', 'frog', 'cat', 'airplane']",airplane
8551,4,"['cat', 'automobile', 'frog', 'airplane']",automobile
8552,6,"['automobile', 'horse', 'ship', 'airplane']",ship
8553,0,"['horse', 'deer', 'frog', 'cat']",horse
8554,4,"['cat', 'automobile', 'frog', 'airplane']",automobile
8555,7,"['automobile', 'cat', 'airplane', 'frog']",cat
8556,1,"['bird', 'dog', 'frog', 'cat', 'airplane']",airplane
8557,6,"['automobile', 'horse', 'ship', 'airplane']",airplane
8558,0,"['horse', 'deer', 'frog', 'cat']",horse
8559,1,"['bird', 'dog', 'frog', 'cat', 'airplane']",airplane
8560,9,"['dog', 'frog', 'cat', 'airplane']",airplane
8561,9,"['dog', 'frog', 'cat', 'airplane']",airplane
8562,8,"['horse', 'airplane', 'cat', 'frog']",horse
8563,1,"['bird', 'dog', 'frog', 'cat', 'airplane']",airplane
8564,6,"['automobile', 'horse', 'ship', 'airplane']",airplane
8565,9,"['dog', 'frog', 'cat', 'airplane']",airplane
8566,1,"['bird', 'dog', 'frog', 'cat', 'airplane']",airplane
8567,9,"['dog', 'frog', 'cat', 'airplane']",dog
8568,9,"['dog', 'frog', 'cat', 'airplane']",airplane
8569,0,"['horse', 'deer', 'frog', 'cat']",horse
8570,1,"['bird', 'dog', 'frog', 'cat', 'airplane']",airplane
8571,1,"['bird', 'dog', 'frog', 'cat', 'airplane']",airplane
8572,7,"['automobile', 'cat', 'airplane', 'frog']",cat
8573,1,"['bird', 'dog', 'frog', 'cat', 'airplane']",airplane
8574,8,"['horse', 'airplane', 'cat', 'frog']",horse
8575,9,"['dog', 'frog', 'cat', 'airplane']",dog
8576,1,"['bird', 'dog', 'frog', 'cat', 'airplane']",airplane
8577,0,"['horse', 'deer', 'frog', 'cat']",horse
8578,0,"['horse', 'deer', 'frog', 'cat']",horse
8579,5,"['frog', 'ship', 'airplane', 'automobile']",ship
8580,7,"['automobile', 'cat', 'airplane', 'frog']",cat
8581,4,"['cat', 'automobile', 'frog', 'airplane']",automobile
8582,4,"['cat', 'automobile', 'frog', 'airplane']",automobile
8583,6,"['automobile', 'horse', 'ship', 'airplane']",airplane
8584,5,"['frog', 'ship', 'airplane', 'automobile']",ship
8585,2,"['ship', 'cat', 'automobile', 'airplane']",cat
8586,5,"['frog', 'ship', 'airplane', 'automobile']",ship
8587,9,"['dog', 'frog', 'cat', 'airplane']",airplane
8588,8,"['horse', 'airplane', 'cat', 'frog']",horse
8589,6,"['automobile', 'horse', 'ship', 'airplane']",horse
8590,5,"['frog', 'ship', 'airplane', 'automobile']",ship
8591,5,"['frog', 'ship', 'airplane', 'automobile']",ship
8592,3,"['frog', 'ship', 'automobile', 'airplane']",ship
8593,7,"['automobile', 'cat', 'airplane', 'frog']",cat
8594,8,"['horse', 'airplane', 'cat', 'frog']",horse
8595,7,"['automobile', 'cat', 'airplane', 'frog']",airplane
8596,7,"['automobile', 'cat', 'airplane', 'frog']",airplane
8597,6,"['automobile', 'horse', 'ship', 'airplane']",airplane
8598,3,"['frog', 'ship', 'automobile', 'airplane']",ship
8599,3,"['frog', 'ship', 'automobile', 'airplane']",ship
8600,1,"['bird', 'dog', 'frog', 'cat', 'airplane']",airplane
8601,5,"['frog', 'ship', 'airplane', 'automobile']",ship
8602,9,"['dog', 'frog', 'cat', 'airplane']",dog
8603,6,"['automobile', 'horse', 'ship', 'airplane']",airplane
8604,7,"['automobile', 'cat', 'airplane', 'frog']",cat
8605,7,"['automobile', 'cat', 'airplane', 'frog']",cat
8606,3,"['frog', 'ship', 'automobile', 'airplane']",ship
8607,1,"['bird', 'dog', 'frog', 'cat', 'airplane']",airplane
8608,7,"['automobile', 'cat', 'airplane', 'frog']",cat
8609,3,"['frog', 'ship', 'automobile', 'airplane']",ship
8610,2,"['ship', 'cat', 'automobile', 'airplane']",cat
8611,6,"['automobile', 'horse', 'ship', 'airplane']",airplane
8612,6,"['automobile', 'horse', 'ship', 'airplane']",ship
8613,9,"['dog', 'frog', 'cat', 'airplane']",airplane
8614,8,"['horse', 'airplane', 'cat', 'frog']",horse
8615,7,"['automobile', 'cat', 'airplane', 'frog']",cat
8616,2,"['ship', 'cat', 'automobile', 'airplane']",ship
8617,6,"['automobile', 'horse', 'ship', 'airplane']",ship
8618,8,"['horse', 'airplane', 'cat', 'frog']",horse
8619,7,"['automobile', 'cat', 'airplane', 'frog']",airplane
8620,7,"['automobile', 'cat', 'airplane', 'frog']",cat
8621,5,"['frog', 'ship', 'airplane', 'automobile']",ship
8622,1,"['bird', 'dog', 'frog', 'cat', 'airplane']",airplane
8623,0,"['horse', 'deer', 'frog', 'cat']",horse
8624,7,"['automobile', 'cat', 'airplane', 'frog']",airplane
8625,1,"['bird', 'dog', 'frog', 'cat', 'airplane']",airplane
8626,7,"['automobile', 'cat', 'airplane', 'frog']",airplane
8627,2,"['ship', 'cat', 'automobile', 'airplane']",cat
8628,1,"['bird', 'dog', 'frog', 'cat', 'airplane']",airplane
8629,3,"['frog', 'ship', 'automobile', 'airplane']",ship
8630,4,"['cat', 'automobile', 'frog', 'airplane']",automobile
8631,4,"['cat', 'automobile', 'frog', 'airplane']",automobile
8632,9,"['dog', 'frog', 'cat', 'airplane']",airplane
8633,6,"['automobile', 'horse', 'ship', 'airplane']",automobile
8634,2,"['ship', 'cat', 'automobile', 'airplane']",cat
8635,3,"['frog', 'ship', 'automobile', 'airplane']",ship
8636,8,"['horse', 'airplane', 'cat', 'frog']",horse
8637,8,"['horse', 'airplane', 'cat', 'frog']",airplane
8638,0,"['horse', 'deer', 'frog', 'cat']",horse
8639,4,"['cat', 'automobile', 'frog', 'airplane']",automobile
8640,7,"['automobile', 'cat', 'airplane', 'frog']",cat
8641,2,"['ship', 'cat', 'automobile', 'airplane']",cat
8642,7,"['automobile', 'cat', 'airplane', 'frog']",airplane
8643,7,"['automobile', 'cat', 'airplane', 'frog']",airplane
8644,9,"['dog', 'frog', 'cat', 'airplane']",airplane
8645,3,"['frog', 'ship', 'automobile', 'airplane']",ship
8646,7,"['automobile', 'cat', 'airplane', 'frog']",airplane
8647,6,"['automobile', 'horse', 'ship', 'airplane']",airplane
8648,8,"['horse', 'airplane', 'cat', 'frog']",horse
8649,3,"['frog', 'ship', 'automobile', 'airplane']",ship
8650,9,"['dog', 'frog', 'cat', 'airplane']",airplane
8651,6,"['automobile', 'horse', 'ship', 'airplane']",automobile
8652,4,"['cat', 'automobile', 'frog', 'airplane']",automobile
8653,7,"['automobile', 'cat', 'airplane', 'frog']",cat
8654,4,"['cat', 'automobile', 'frog', 'airplane']",automobile
8655,0,"['horse', 'deer', 'frog', 'cat']",horse
8656,3,"['frog', 'ship', 'automobile', 'airplane']",frog
8657,8,"['horse', 'airplane', 'cat', 'frog']",horse
8658,9,"['dog', 'frog', 'cat', 'airplane']",airplane
8659,7,"['automobile', 'cat', 'airplane', 'frog']",cat
8660,0,"['horse', 'deer', 'frog', 'cat']",horse
8661,0,"['horse', 'deer', 'frog', 'cat']",horse
8662,5,"['frog', 'ship', 'airplane', 'automobile']",ship
8663,0,"['horse', 'deer', 'frog', 'cat']",horse
8664,7,"['automobile', 'cat', 'airplane', 'frog']",airplane
8665,8,"['horse', 'airplane', 'cat', 'frog']",horse
8666,8,"['horse', 'airplane', 'cat', 'frog']",horse
8667,1,"['bird', 'dog', 'frog', 'cat', 'airplane']",airplane
8668,8,"['horse', 'airplane', 'cat', 'frog']",horse
8669,2,"['ship', 'cat', 'automobile', 'airplane']",cat
8670,9,"['dog', 'frog', 'cat', 'airplane']",dog
8671,5,"['frog', 'ship', 'airplane', 'automobile']",ship
8672,8,"['horse', 'airplane', 'cat', 'frog']",horse
8673,9,"['dog', 'frog', 'cat', 'airplane']",airplane
8674,5,"['frog', 'ship', 'airplane', 'automobile']",ship
8675,5,"['frog', 'ship', 'airplane', 'automobile']",ship
8676,2,"['ship', 'cat', 'automobile', 'airplane']",cat
8677,4,"['cat', 'automobile', 'frog', 'airplane']",automobile
8678,8,"['horse', 'airplane', 'cat', 'frog']",horse
8679,6,"['automobile', 'horse', 'ship', 'airplane']",airplane
8680,3,"['frog', 'ship', 'automobile', 'airplane']",ship
8681,7,"['automobile', 'cat', 'airplane', 'frog']",cat
8682,2,"['ship', 'cat', 'automobile', 'airplane']",cat
8683,5,"['frog', 'ship', 'airplane', 'automobile']",ship
8684,5,"['frog', 'ship', 'airplane', 'automobile']",ship
8685,0,"['horse', 'deer', 'frog', 'cat']",horse
8686,3,"['frog', 'ship', 'automobile', 'airplane']",ship
8687,7,"['automobile', 'cat', 'airplane', 'frog']",airplane
8688,4,"['cat', 'automobile', 'frog', 'airplane']",automobile
8689,8,"['horse', 'airplane', 'cat', 'frog']",horse
8690,1,"['bird', 'dog', 'frog', 'cat', 'airplane']",airplane
8691,5,"['frog', 'ship', 'airplane', 'automobile']",ship
8692,1,"['bird', 'dog', 'frog', 'cat', 'airplane']",airplane
8693,1,"['bird', 'dog', 'frog', 'cat', 'airplane']",airplane
8694,7,"['automobile', 'cat', 'airplane', 'frog']",airplane
8695,0,"['horse', 'deer', 'frog', 'cat']",horse
8696,1,"['bird', 'dog', 'frog', 'cat', 'airplane']",airplane
8697,6,"['automobile', 'horse', 'ship', 'airplane']",airplane
8698,7,"['automobile', 'cat', 'airplane', 'frog']",cat
8699,6,"['automobile', 'horse', 'ship', 'airplane']",ship
8700,8,"['horse', 'airplane', 'cat', 'frog']",horse
8701,4,"['cat', 'automobile', 'frog', 'airplane']",automobile
8702,0,"['horse', 'deer', 'frog', 'cat']",horse
8703,6,"['automobile', 'horse', 'ship', 'airplane']",airplane
8704,6,"['automobile', 'horse', 'ship', 'airplane']",airplane
8705,4,"['cat', 'automobile', 'frog', 'airplane']",automobile
8706,2,"['ship', 'cat', 'automobile', 'airplane']",cat
8707,8,"['horse', 'airplane', 'cat', 'frog']",horse
8708,7,"['automobile', 'cat', 'airplane', 'frog']",cat
8709,6,"['automobile', 'horse', 'ship', 'airplane']",ship
8710,3,"['frog', 'ship', 'automobile', 'airplane']",ship
8711,3,"['frog', 'ship', 'automobile', 'airplane']",ship
8712,7,"['automobile', 'cat', 'airplane', 'frog']",frog
8713,2,"['ship', 'cat', 'automobile', 'airplane']",cat
8714,3,"['frog', 'ship', 'automobile', 'airplane']",ship
8715,8,"['horse', 'airplane', 'cat', 'frog']",horse
8716,9,"['dog', 'frog', 'cat', 'airplane']",airplane
8717,8,"['horse', 'airplane', 'cat', 'frog']",horse
8718,7,"['automobile', 'cat', 'airplane', 'frog']",cat
8719,7,"['automobile', 'cat', 'airplane', 'frog']",cat
8720,4,"['cat', 'automobile', 'frog', 'airplane']",automobile
8721,8,"['horse', 'airplane', 'cat', 'frog']",horse
8722,3,"['frog', 'ship', 'automobile', 'airplane']",ship
8723,8,"['horse', 'airplane', 'cat', 'frog']",horse
8724,7,"['automobile', 'cat', 'airplane', 'frog']",airplane
8725,9,"['dog', 'frog', 'cat', 'airplane']",dog
8726,2,"['ship', 'cat', 'automobile', 'airplane']",cat
8727,9,"['dog', 'frog', 'cat', 'airplane']",airplane
8728,9,"['dog', 'frog', 'cat', 'airplane']",airplane
8729,1,"['bird', 'dog', 'frog', 'cat', 'airplane']",airplane
8730,5,"['frog', 'ship', 'airplane', 'automobile']",ship
8731,5,"['frog', 'ship', 'airplane', 'automobile']",ship
8732,4,"['cat', 'automobile', 'frog', 'airplane']",automobile
8733,0,"['horse', 'deer', 'frog', 'cat']",horse
8734,6,"['automobile', 'horse', 'ship', 'airplane']",airplane
8735,1,"['bird', 'dog', 'frog', 'cat', 'airplane']",airplane
8736,2,"['ship', 'cat', 'automobile', 'airplane']",airplane
8737,6,"['automobile', 'horse', 'ship', 'airplane']",airplane
8738,3,"['frog', 'ship', 'automobile', 'airplane']",ship
8739,3,"['frog', 'ship', 'automobile', 'airplane']",ship
8740,2,"['ship', 'cat', 'automobile', 'airplane']",ship
8741,0,"['horse', 'deer', 'frog', 'cat']",horse
8742,5,"['frog', 'ship', 'airplane', 'automobile']",ship
8743,9,"['dog', 'frog', 'cat', 'airplane']",airplane
8744,7,"['automobile', 'cat', 'airplane', 'frog']",cat
8745,7,"['automobile', 'cat', 'airplane', 'frog']",airplane
8746,0,"['horse', 'deer', 'frog', 'cat']",horse
8747,5,"['frog', 'ship', 'airplane', 'automobile']",ship
8748,0,"['horse', 'deer', 'frog', 'cat']",horse
8749,9,"['dog', 'frog', 'cat', 'airplane']",airplane
8750,2,"['ship', 'cat', 'automobile', 'airplane']",cat
8751,7,"['automobile', 'cat', 'airplane', 'frog']",airplane
8752,7,"['automobile', 'cat', 'airplane', 'frog']",cat
8753,0,"['horse', 'deer', 'frog', 'cat']",horse
8754,9,"['dog', 'frog', 'cat', 'airplane']",dog
8755,5,"['frog', 'ship', 'airplane', 'automobile']",ship
8756,5,"['frog', 'ship', 'airplane', 'automobile']",ship
8757,1,"['bird', 'dog', 'frog', 'cat', 'airplane']",airplane
8758,9,"['dog', 'frog', 'cat', 'airplane']",airplane
8759,0,"['horse', 'deer', 'frog', 'cat']",horse
8760,3,"['frog', 'ship', 'automobile', 'airplane']",ship
8761,3,"['frog', 'ship', 'automobile', 'airplane']",ship
8762,9,"['dog', 'frog', 'cat', 'airplane']",airplane
8763,6,"['automobile', 'horse', 'ship', 'airplane']",airplane
8764,7,"['automobile', 'cat', 'airplane', 'frog']",cat
8765,4,"['cat', 'automobile', 'frog', 'airplane']",automobile
8766,8,"['horse', 'airplane', 'cat', 'frog']",horse
8767,2,"['ship', 'cat', 'automobile', 'airplane']",cat
8768,5,"['frog', 'ship', 'airplane', 'automobile']",ship
8769,8,"['horse', 'airplane', 'cat', 'frog']",horse
8770,2,"['ship', 'cat', 'automobile', 'airplane']",cat
8771,1,"['bird', 'dog', 'frog', 'cat', 'airplane']",airplane
8772,4,"['cat', 'automobile', 'frog', 'airplane']",frog
8773,9,"['dog', 'frog', 'cat', 'airplane']",airplane
8774,0,"['horse', 'deer', 'frog', 'cat']",horse
8775,8,"['horse', 'airplane', 'cat', 'frog']",horse
8776,2,"['ship', 'cat', 'automobile', 'airplane']",automobile
8777,4,"['cat', 'automobile', 'frog', 'airplane']",automobile
8778,0,"['horse', 'deer', 'frog', 'cat']",horse
8779,1,"['bird', 'dog', 'frog', 'cat', 'airplane']",airplane
8780,2,"['ship', 'cat', 'automobile', 'airplane']",cat
8781,3,"['frog', 'ship', 'automobile', 'airplane']",ship
8782,0,"['horse', 'deer', 'frog', 'cat']",horse
8783,9,"['dog', 'frog', 'cat', 'airplane']",airplane
8784,4,"['cat', 'automobile', 'frog', 'airplane']",automobile
8785,8,"['horse', 'airplane', 'cat', 'frog']",horse
8786,3,"['frog', 'ship', 'automobile', 'airplane']",ship
8787,8,"['horse', 'airplane', 'cat', 'frog']",horse
8788,9,"['dog', 'frog', 'cat', 'airplane']",airplane
8789,2,"['ship', 'cat', 'automobile', 'airplane']",cat
8790,3,"['frog', 'ship', 'automobile', 'airplane']",ship
8791,1,"['bird', 'dog', 'frog', 'cat', 'airplane']",airplane
8792,4,"['cat', 'automobile', 'frog', 'airplane']",automobile
8793,5,"['frog', 'ship', 'airplane', 'automobile']",ship
8794,1,"['bird', 'dog', 'frog', 'cat', 'airplane']",airplane
8795,5,"['frog', 'ship', 'airplane', 'automobile']",ship
8796,1,"['bird', 'dog', 'frog', 'cat', 'airplane']",airplane
8797,0,"['horse', 'deer', 'frog', 'cat']",horse
8798,2,"['ship', 'cat', 'automobile', 'airplane']",cat
8799,5,"['frog', 'ship', 'airplane', 'automobile']",ship
8800,2,"['ship', 'cat', 'automobile', 'airplane']",cat
8801,1,"['bird', 'dog', 'frog', 'cat', 'airplane']",airplane
8802,8,"['horse', 'airplane', 'cat', 'frog']",horse
8803,6,"['automobile', 'horse', 'ship', 'airplane']",airplane
8804,4,"['cat', 'automobile', 'frog', 'airplane']",automobile
8805,5,"['frog', 'ship', 'airplane', 'automobile']",ship
8806,0,"['horse', 'deer', 'frog', 'cat']",horse
8807,9,"['dog', 'frog', 'cat', 'airplane']",airplane
8808,3,"['frog', 'ship', 'automobile', 'airplane']",ship
8809,1,"['bird', 'dog', 'frog', 'cat', 'airplane']",airplane
8810,0,"['horse', 'deer', 'frog', 'cat']",horse
8811,9,"['dog', 'frog', 'cat', 'airplane']",dog
8812,1,"['bird', 'dog', 'frog', 'cat', 'airplane']",airplane
8813,0,"['horse', 'deer', 'frog', 'cat']",horse
8814,7,"['automobile', 'cat', 'airplane', 'frog']",cat
8815,6,"['automobile', 'horse', 'ship', 'airplane']",airplane
8816,6,"['automobile', 'horse', 'ship', 'airplane']",airplane
8817,7,"['automobile', 'cat', 'airplane', 'frog']",airplane
8818,7,"['automobile', 'cat', 'airplane', 'frog']",airplane
8819,2,"['ship', 'cat', 'automobile', 'airplane']",ship
8820,6,"['automobile', 'horse', 'ship', 'airplane']",airplane
8821,9,"['dog', 'frog', 'cat', 'airplane']",dog
8822,3,"['frog', 'ship', 'automobile', 'airplane']",ship
8823,4,"['cat', 'automobile', 'frog', 'airplane']",automobile
8824,5,"['frog', 'ship', 'airplane', 'automobile']",ship
8825,1,"['bird', 'dog', 'frog', 'cat', 'airplane']",airplane
8826,9,"['dog', 'frog', 'cat', 'airplane']",airplane
8827,6,"['automobile', 'horse', 'ship', 'airplane']",airplane
8828,6,"['automobile', 'horse', 'ship', 'airplane']",airplane
8829,4,"['cat', 'automobile', 'frog', 'airplane']",automobile
8830,8,"['horse', 'airplane', 'cat', 'frog']",horse
8831,8,"['horse', 'airplane', 'cat', 'frog']",horse
8832,6,"['automobile', 'horse', 'ship', 'airplane']",airplane
8833,0,"['horse', 'deer', 'frog', 'cat']",horse
8834,4,"['cat', 'automobile', 'frog', 'airplane']",automobile
8835,9,"['dog', 'frog', 'cat', 'airplane']",airplane
8836,5,"['frog', 'ship', 'airplane', 'automobile']",ship
8837,9,"['dog', 'frog', 'cat', 'airplane']",dog
8838,9,"['dog', 'frog', 'cat', 'airplane']",airplane
8839,3,"['frog', 'ship', 'automobile', 'airplane']",ship
8840,9,"['dog', 'frog', 'cat', 'airplane']",airplane
8841,9,"['dog', 'frog', 'cat', 'airplane']",airplane
8842,0,"['horse', 'deer', 'frog', 'cat']",horse
8843,2,"['ship', 'cat', 'automobile', 'airplane']",cat
8844,2,"['ship', 'cat', 'automobile', 'airplane']",automobile
8845,7,"['automobile', 'cat', 'airplane', 'frog']",frog
8846,3,"['frog', 'ship', 'automobile', 'airplane']",ship
8847,5,"['frog', 'ship', 'airplane', 'automobile']",ship
8848,1,"['bird', 'dog', 'frog', 'cat', 'airplane']",airplane
8849,0,"['horse', 'deer', 'frog', 'cat']",horse
8850,9,"['dog', 'frog', 'cat', 'airplane']",dog
8851,5,"['frog', 'ship', 'airplane', 'automobile']",ship
8852,8,"['horse', 'airplane', 'cat', 'frog']",horse
8853,0,"['horse', 'deer', 'frog', 'cat']",horse
8854,8,"['horse', 'airplane', 'cat', 'frog']",horse
8855,1,"['bird', 'dog', 'frog', 'cat', 'airplane']",airplane
8856,1,"['bird', 'dog', 'frog', 'cat', 'airplane']",airplane
8857,0,"['horse', 'deer', 'frog', 'cat']",horse
8858,0,"['horse', 'deer', 'frog', 'cat']",horse
8859,7,"['automobile', 'cat', 'airplane', 'frog']",frog
8860,4,"['cat', 'automobile', 'frog', 'airplane']",automobile
8861,8,"['horse', 'airplane', 'cat', 'frog']",horse
8862,2,"['ship', 'cat', 'automobile', 'airplane']",cat
8863,3,"['frog', 'ship', 'automobile', 'airplane']",ship
8864,3,"['frog', 'ship', 'automobile', 'airplane']",ship
8865,2,"['ship', 'cat', 'automobile', 'airplane']",cat
8866,5,"['frog', 'ship', 'airplane', 'automobile']",ship
8867,6,"['automobile', 'horse', 'ship', 'airplane']",airplane
8868,0,"['horse', 'deer', 'frog', 'cat']",horse
8869,1,"['bird', 'dog', 'frog', 'cat', 'airplane']",airplane
8870,8,"['horse', 'airplane', 'cat', 'frog']",horse
8871,2,"['ship', 'cat', 'automobile', 'airplane']",automobile
8872,6,"['automobile', 'horse', 'ship', 'airplane']",airplane
8873,6,"['automobile', 'horse', 'ship', 'airplane']",airplane
8874,2,"['ship', 'cat', 'automobile', 'airplane']",cat
8875,1,"['bird', 'dog', 'frog', 'cat', 'airplane']",airplane
8876,3,"['frog', 'ship', 'automobile', 'airplane']",ship
8877,6,"['automobile', 'horse', 'ship', 'airplane']",ship
8878,5,"['frog', 'ship', 'airplane', 'automobile']",ship
8879,8,"['horse', 'airplane', 'cat', 'frog']",horse
8880,3,"['frog', 'ship', 'automobile', 'airplane']",ship
8881,2,"['ship', 'cat', 'automobile', 'airplane']",automobile
8882,0,"['horse', 'deer', 'frog', 'cat']",horse
8883,8,"['horse', 'airplane', 'cat', 'frog']",horse
8884,1,"['bird', 'dog', 'frog', 'cat', 'airplane']",airplane
8885,7,"['automobile', 'cat', 'airplane', 'frog']",cat
8886,9,"['dog', 'frog', 'cat', 'airplane']",airplane
8887,7,"['automobile', 'cat', 'airplane', 'frog']",airplane
8888,2,"['ship', 'cat', 'automobile', 'airplane']",automobile
8889,0,"['horse', 'deer', 'frog', 'cat']",horse
8890,4,"['cat', 'automobile', 'frog', 'airplane']",automobile
8891,6,"['automobile', 'horse', 'ship', 'airplane']",airplane
8892,8,"['horse', 'airplane', 'cat', 'frog']",horse
8893,1,"['bird', 'dog', 'frog', 'cat', 'airplane']",airplane
8894,5,"['frog', 'ship', 'airplane', 'automobile']",ship
8895,7,"['automobile', 'cat', 'airplane', 'frog']",cat
8896,9,"['dog', 'frog', 'cat', 'airplane']",airplane
8897,7,"['automobile', 'cat', 'airplane', 'frog']",cat
8898,0,"['horse', 'deer', 'frog', 'cat']",horse
8899,4,"['cat', 'automobile', 'frog', 'airplane']",automobile
8900,1,"['bird', 'dog', 'frog', 'cat', 'airplane']",airplane
8901,7,"['automobile', 'cat', 'airplane', 'frog']",cat
8902,5,"['frog', 'ship', 'airplane', 'automobile']",ship
8903,8,"['horse', 'airplane', 'cat', 'frog']",cat
8904,7,"['automobile', 'cat', 'airplane', 'frog']",airplane
8905,4,"['cat', 'automobile', 'frog', 'airplane']",automobile
8906,8,"['horse', 'airplane', 'cat', 'frog']",airplane
8907,7,"['automobile', 'cat', 'airplane', 'frog']",cat
8908,3,"['frog', 'ship', 'automobile', 'airplane']",ship
8909,7,"['automobile', 'cat', 'airplane', 'frog']",cat
8910,4,"['cat', 'automobile', 'frog', 'airplane']",automobile
8911,4,"['cat', 'automobile', 'frog', 'airplane']",automobile
8912,0,"['horse', 'deer', 'frog', 'cat']",horse
8913,4,"['cat', 'automobile', 'frog', 'airplane']",automobile
8914,7,"['automobile', 'cat', 'airplane', 'frog']",cat
8915,4,"['cat', 'automobile', 'frog', 'airplane']",automobile
8916,3,"['frog', 'ship', 'automobile', 'airplane']",ship
8917,5,"['frog', 'ship', 'airplane', 'automobile']",ship
8918,3,"['frog', 'ship', 'automobile', 'airplane']",ship
8919,8,"['horse', 'airplane', 'cat', 'frog']",horse
8920,1,"['bird', 'dog', 'frog', 'cat', 'airplane']",airplane
8921,7,"['automobile', 'cat', 'airplane', 'frog']",cat
8922,8,"['horse', 'airplane', 'cat', 'frog']",horse
8923,5,"['frog', 'ship', 'airplane', 'automobile']",ship
8924,7,"['automobile', 'cat', 'airplane', 'frog']",cat
8925,0,"['horse', 'deer', 'frog', 'cat']",horse
8926,8,"['horse', 'airplane', 'cat', 'frog']",horse
8927,7,"['automobile', 'cat', 'airplane', 'frog']",cat
8928,5,"['frog', 'ship', 'airplane', 'automobile']",ship
8929,5,"['frog', 'ship', 'airplane', 'automobile']",ship
8930,4,"['cat', 'automobile', 'frog', 'airplane']",automobile
8931,7,"['automobile', 'cat', 'airplane', 'frog']",cat
8932,1,"['bird', 'dog', 'frog', 'cat', 'airplane']",airplane
8933,9,"['dog', 'frog', 'cat', 'airplane']",airplane
8934,0,"['horse', 'deer', 'frog', 'cat']",horse
8935,5,"['frog', 'ship', 'airplane', 'automobile']",ship
8936,2,"['ship', 'cat', 'automobile', 'airplane']",ship
8937,6,"['automobile', 'horse', 'ship', 'airplane']",horse
8938,1,"['bird', 'dog', 'frog', 'cat', 'airplane']",airplane
8939,4,"['cat', 'automobile', 'frog', 'airplane']",automobile
8940,8,"['horse', 'airplane', 'cat', 'frog']",horse
8941,0,"['horse', 'deer', 'frog', 'cat']",horse
8942,6,"['automobile', 'horse', 'ship', 'airplane']",airplane
8943,3,"['frog', 'ship', 'automobile', 'airplane']",ship
8944,1,"['bird', 'dog', 'frog', 'cat', 'airplane']",airplane
8945,9,"['dog', 'frog', 'cat', 'airplane']",dog
8946,7,"['automobile', 'cat', 'airplane', 'frog']",cat
8947,3,"['frog', 'ship', 'automobile', 'airplane']",ship
8948,5,"['frog', 'ship', 'airplane', 'automobile']",ship
8949,6,"['automobile', 'horse', 'ship', 'airplane']",automobile
8950,6,"['automobile', 'horse', 'ship', 'airplane']",airplane
8951,9,"['dog', 'frog', 'cat', 'airplane']",dog
8952,8,"['horse', 'airplane', 'cat', 'frog']",horse
8953,0,"['horse', 'deer', 'frog', 'cat']",horse
8954,5,"['frog', 'ship', 'airplane', 'automobile']",ship
8955,9,"['dog', 'frog', 'cat', 'airplane']",airplane
8956,6,"['automobile', 'horse', 'ship', 'airplane']",airplane
8957,2,"['ship', 'cat', 'automobile', 'airplane']",automobile
8958,6,"['automobile', 'horse', 'ship', 'airplane']",airplane
8959,9,"['dog', 'frog', 'cat', 'airplane']",dog
8960,5,"['frog', 'ship', 'airplane', 'automobile']",ship
8961,8,"['horse', 'airplane', 'cat', 'frog']",horse
8962,3,"['frog', 'ship', 'automobile', 'airplane']",ship
8963,0,"['horse', 'deer', 'frog', 'cat']",horse
8964,5,"['frog', 'ship', 'airplane', 'automobile']",ship
8965,1,"['bird', 'dog', 'frog', 'cat', 'airplane']",airplane
8966,7,"['automobile', 'cat', 'airplane', 'frog']",cat
8967,2,"['ship', 'cat', 'automobile', 'airplane']",cat
8968,8,"['horse', 'airplane', 'cat', 'frog']",horse
8969,0,"['horse', 'deer', 'frog', 'cat']",horse
8970,4,"['cat', 'automobile', 'frog', 'airplane']",airplane
8971,0,"['horse', 'deer', 'frog', 'cat']",horse
8972,8,"['horse', 'airplane', 'cat', 'frog']",horse
8973,1,"['bird', 'dog', 'frog', 'cat', 'airplane']",airplane
8974,3,"['frog', 'ship', 'automobile', 'airplane']",ship
8975,9,"['dog', 'frog', 'cat', 'airplane']",airplane
8976,7,"['automobile', 'cat', 'airplane', 'frog']",cat
8977,1,"['bird', 'dog', 'frog', 'cat', 'airplane']",airplane
8978,3,"['frog', 'ship', 'automobile', 'airplane']",ship
8979,6,"['automobile', 'horse', 'ship', 'airplane']",airplane
8980,7,"['automobile', 'cat', 'airplane', 'frog']",cat
8981,4,"['cat', 'automobile', 'frog', 'airplane']",automobile
8982,8,"['horse', 'airplane', 'cat', 'frog']",horse
8983,6,"['automobile', 'horse', 'ship', 'airplane']",airplane
8984,7,"['automobile', 'cat', 'airplane', 'frog']",cat
8985,5,"['frog', 'ship', 'airplane', 'automobile']",ship
8986,3,"['frog', 'ship', 'automobile', 'airplane']",ship
8987,4,"['cat', 'automobile', 'frog', 'airplane']",automobile
8988,3,"['frog', 'ship', 'automobile', 'airplane']",ship
8989,5,"['frog', 'ship', 'airplane', 'automobile']",ship
8990,2,"['ship', 'cat', 'automobile', 'airplane']",cat
8991,6,"['automobile', 'horse', 'ship', 'airplane']",airplane
8992,9,"['dog', 'frog', 'cat', 'airplane']",airplane
8993,5,"['frog', 'ship', 'airplane', 'automobile']",ship
8994,0,"['horse', 'deer', 'frog', 'cat']",horse
8995,1,"['bird', 'dog', 'frog', 'cat', 'airplane']",airplane
8996,7,"['automobile', 'cat', 'airplane', 'frog']",airplane
8997,4,"['cat', 'automobile', 'frog', 'airplane']",automobile
8998,8,"['horse', 'airplane', 'cat', 'frog']",horse
8999,9,"['dog', 'frog', 'cat', 'airplane']",dog
9000,4,"['cat', 'automobile', 'frog', 'airplane']",automobile
9001,2,"['ship', 'cat', 'automobile', 'airplane']",cat
9002,2,"['ship', 'cat', 'automobile', 'airplane']",automobile
9003,9,"['dog', 'frog', 'cat', 'airplane']",dog
9004,0,"['horse', 'deer', 'frog', 'cat']",horse
9005,3,"['frog', 'ship', 'automobile', 'airplane']",ship
9006,3,"['frog', 'ship', 'automobile', 'airplane']",ship
9007,1,"['bird', 'dog', 'frog', 'cat', 'airplane']",airplane
9008,3,"['frog', 'ship', 'automobile', 'airplane']",ship
9009,0,"['horse', 'deer', 'frog', 'cat']",horse
9010,4,"['cat', 'automobile', 'frog', 'airplane']",automobile
9011,2,"['ship', 'cat', 'automobile', 'airplane']",cat
9012,1,"['bird', 'dog', 'frog', 'cat', 'airplane']",airplane
9013,4,"['cat', 'automobile', 'frog', 'airplane']",automobile
9014,0,"['horse', 'deer', 'frog', 'cat']",horse
9015,8,"['horse', 'airplane', 'cat', 'frog']",horse
9016,2,"['ship', 'cat', 'automobile', 'airplane']",ship
9017,1,"['bird', 'dog', 'frog', 'cat', 'airplane']",airplane
9018,4,"['cat', 'automobile', 'frog', 'airplane']",automobile
9019,4,"['cat', 'automobile', 'frog', 'airplane']",automobile
9020,3,"['frog', 'ship', 'automobile', 'airplane']",ship
9021,6,"['automobile', 'horse', 'ship', 'airplane']",automobile
9022,6,"['automobile', 'horse', 'ship', 'airplane']",airplane
9023,8,"['horse', 'airplane', 'cat', 'frog']",horse
9024,3,"['frog', 'ship', 'automobile', 'airplane']",ship
9025,9,"['dog', 'frog', 'cat', 'airplane']",dog
9026,9,"['dog', 'frog', 'cat', 'airplane']",airplane
9027,9,"['dog', 'frog', 'cat', 'airplane']",dog
9028,9,"['dog', 'frog', 'cat', 'airplane']",airplane
9029,6,"['automobile', 'horse', 'ship', 'airplane']",airplane
9030,5,"['frog', 'ship', 'airplane', 'automobile']",ship
9031,0,"['horse', 'deer', 'frog', 'cat']",horse
9032,8,"['horse', 'airplane', 'cat', 'frog']",horse
9033,2,"['ship', 'cat', 'automobile', 'airplane']",cat
9034,3,"['frog', 'ship', 'automobile', 'airplane']",ship
9035,5,"['frog', 'ship', 'airplane', 'automobile']",ship
9036,9,"['dog', 'frog', 'cat', 'airplane']",dog
9037,8,"['horse', 'airplane', 'cat', 'frog']",horse
9038,2,"['ship', 'cat', 'automobile', 'airplane']",cat
9039,8,"['horse', 'airplane', 'cat', 'frog']",horse
9040,3,"['frog', 'ship', 'automobile', 'airplane']",ship
9041,4,"['cat', 'automobile', 'frog', 'airplane']",automobile
9042,1,"['bird', 'dog', 'frog', 'cat', 'airplane']",airplane
9043,1,"['bird', 'dog', 'frog', 'cat', 'airplane']",airplane
9044,7,"['automobile', 'cat', 'airplane', 'frog']",airplane
9045,6,"['automobile', 'horse', 'ship', 'airplane']",automobile
9046,9,"['dog', 'frog', 'cat', 'airplane']",airplane
9047,2,"['ship', 'cat', 'automobile', 'airplane']",automobile
9048,1,"['bird', 'dog', 'frog', 'cat', 'airplane']",airplane
9049,4,"['cat', 'automobile', 'frog', 'airplane']",automobile
9050,6,"['automobile', 'horse', 'ship', 'airplane']",airplane
9051,3,"['frog', 'ship', 'automobile', 'airplane']",ship
9052,3,"['frog', 'ship', 'automobile', 'airplane']",ship
9053,2,"['ship', 'cat', 'automobile', 'airplane']",cat
9054,1,"['bird', 'dog', 'frog', 'cat', 'airplane']",airplane
9055,8,"['horse', 'airplane', 'cat', 'frog']",horse
9056,1,"['bird', 'dog', 'frog', 'cat', 'airplane']",airplane
9057,0,"['horse', 'deer', 'frog', 'cat']",horse
9058,0,"['horse', 'deer', 'frog', 'cat']",horse
9059,0,"['horse', 'deer', 'frog', 'cat']",horse
9060,3,"['frog', 'ship', 'automobile', 'airplane']",ship
9061,4,"['cat', 'automobile', 'frog', 'airplane']",automobile
9062,0,"['horse', 'deer', 'frog', 'cat']",horse
9063,8,"['horse', 'airplane', 'cat', 'frog']",horse
9064,0,"['horse', 'deer', 'frog', 'cat']",horse
9065,9,"['dog', 'frog', 'cat', 'airplane']",dog
9066,1,"['bird', 'dog', 'frog', 'cat', 'airplane']",airplane
9067,2,"['ship', 'cat', 'automobile', 'airplane']",automobile
9068,8,"['horse', 'airplane', 'cat', 'frog']",horse
9069,0,"['horse', 'deer', 'frog', 'cat']",horse
9070,1,"['bird', 'dog', 'frog', 'cat', 'airplane']",airplane
9071,7,"['automobile', 'cat', 'airplane', 'frog']",cat
9072,7,"['automobile', 'cat', 'airplane', 'frog']",frog
9073,3,"['frog', 'ship', 'automobile', 'airplane']",ship
9074,4,"['cat', 'automobile', 'frog', 'airplane']",automobile
9075,7,"['automobile', 'cat', 'airplane', 'frog']",cat
9076,8,"['horse', 'airplane', 'cat', 'frog']",horse
9077,0,"['horse', 'deer', 'frog', 'cat']",horse
9078,2,"['ship', 'cat', 'automobile', 'airplane']",cat
9079,7,"['automobile', 'cat', 'airplane', 'frog']",frog
9080,1,"['bird', 'dog', 'frog', 'cat', 'airplane']",airplane
9081,3,"['frog', 'ship', 'automobile', 'airplane']",ship
9082,7,"['automobile', 'cat', 'airplane', 'frog']",cat
9083,4,"['cat', 'automobile', 'frog', 'airplane']",automobile
9084,6,"['automobile', 'horse', 'ship', 'airplane']",airplane
9085,1,"['bird', 'dog', 'frog', 'cat', 'airplane']",airplane
9086,7,"['automobile', 'cat', 'airplane', 'frog']",cat
9087,6,"['automobile', 'horse', 'ship', 'airplane']",airplane
9088,1,"['bird', 'dog', 'frog', 'cat', 'airplane']",airplane
9089,2,"['ship', 'cat', 'automobile', 'airplane']",ship
9090,6,"['automobile', 'horse', 'ship', 'airplane']",ship
9091,9,"['dog', 'frog', 'cat', 'airplane']",dog
9092,8,"['horse', 'airplane', 'cat', 'frog']",horse
9093,2,"['ship', 'cat', 'automobile', 'airplane']",cat
9094,0,"['horse', 'deer', 'frog', 'cat']",frog
9095,1,"['bird', 'dog', 'frog', 'cat', 'airplane']",airplane
9096,0,"['horse', 'deer', 'frog', 'cat']",horse
9097,9,"['dog', 'frog', 'cat', 'airplane']",dog
9098,6,"['automobile', 'horse', 'ship', 'airplane']",ship
9099,5,"['frog', 'ship', 'airplane', 'automobile']",ship
9100,3,"['frog', 'ship', 'automobile', 'airplane']",ship
9101,2,"['ship', 'cat', 'automobile', 'airplane']",automobile
9102,4,"['cat', 'automobile', 'frog', 'airplane']",automobile
9103,6,"['automobile', 'horse', 'ship', 'airplane']",airplane
9104,5,"['frog', 'ship', 'airplane', 'automobile']",ship
9105,4,"['cat', 'automobile', 'frog', 'airplane']",automobile
9106,9,"['dog', 'frog', 'cat', 'airplane']",airplane
9107,3,"['frog', 'ship', 'automobile', 'airplane']",ship
9108,8,"['horse', 'airplane', 'cat', 'frog']",horse
9109,8,"['horse', 'airplane', 'cat', 'frog']",horse
9110,7,"['automobile', 'cat', 'airplane', 'frog']",frog
9111,3,"['frog', 'ship', 'automobile', 'airplane']",ship
9112,6,"['automobile', 'horse', 'ship', 'airplane']",airplane
9113,1,"['bird', 'dog', 'frog', 'cat', 'airplane']",airplane
9114,2,"['ship', 'cat', 'automobile', 'airplane']",cat
9115,9,"['dog', 'frog', 'cat', 'airplane']",dog
9116,8,"['horse', 'airplane', 'cat', 'frog']",horse
9117,8,"['horse', 'airplane', 'cat', 'frog']",horse
9118,1,"['bird', 'dog', 'frog', 'cat', 'airplane']",airplane
9119,0,"['horse', 'deer', 'frog', 'cat']",horse
9120,3,"['frog', 'ship', 'automobile', 'airplane']",ship
9121,0,"['horse', 'deer', 'frog', 'cat']",horse
9122,8,"['horse', 'airplane', 'cat', 'frog']",horse
9123,0,"['horse', 'deer', 'frog', 'cat']",horse
9124,0,"['horse', 'deer', 'frog', 'cat']",horse
9125,6,"['automobile', 'horse', 'ship', 'airplane']",airplane
9126,6,"['automobile', 'horse', 'ship', 'airplane']",ship
9127,1,"['bird', 'dog', 'frog', 'cat', 'airplane']",airplane
9128,3,"['frog', 'ship', 'automobile', 'airplane']",ship
9129,3,"['frog', 'ship', 'automobile', 'airplane']",ship
9130,6,"['automobile', 'horse', 'ship', 'airplane']",horse
9131,6,"['automobile', 'horse', 'ship', 'airplane']",airplane
9132,5,"['frog', 'ship', 'airplane', 'automobile']",ship
9133,7,"['automobile', 'cat', 'airplane', 'frog']",cat
9134,5,"['frog', 'ship', 'airplane', 'automobile']",ship
9135,3,"['frog', 'ship', 'automobile', 'airplane']",ship
9136,8,"['horse', 'airplane', 'cat', 'frog']",horse
9137,2,"['ship', 'cat', 'automobile', 'airplane']",cat
9138,1,"['bird', 'dog', 'frog', 'cat', 'airplane']",airplane
9139,9,"['dog', 'frog', 'cat', 'airplane']",airplane
9140,0,"['horse', 'deer', 'frog', 'cat']",horse
9141,4,"['cat', 'automobile', 'frog', 'airplane']",automobile
9142,6,"['automobile', 'horse', 'ship', 'airplane']",airplane
9143,9,"['dog', 'frog', 'cat', 'airplane']",airplane
9144,2,"['ship', 'cat', 'automobile', 'airplane']",cat
9145,3,"['frog', 'ship', 'automobile', 'airplane']",ship
9146,9,"['dog', 'frog', 'cat', 'airplane']",dog
9147,4,"['cat', 'automobile', 'frog', 'airplane']",frog
9148,1,"['bird', 'dog', 'frog', 'cat', 'airplane']",airplane
9149,4,"['cat', 'automobile', 'frog', 'airplane']",automobile
9150,2,"['ship', 'cat', 'automobile', 'airplane']",cat
9151,2,"['ship', 'cat', 'automobile', 'airplane']",cat
9152,3,"['frog', 'ship', 'automobile', 'airplane']",ship
9153,4,"['cat', 'automobile', 'frog', 'airplane']",automobile
9154,8,"['horse', 'airplane', 'cat', 'frog']",horse
9155,4,"['cat', 'automobile', 'frog', 'airplane']",automobile
9156,3,"['frog', 'ship', 'automobile', 'airplane']",ship
9157,0,"['horse', 'deer', 'frog', 'cat']",horse
9158,6,"['automobile', 'horse', 'ship', 'airplane']",airplane
9159,8,"['horse', 'airplane', 'cat', 'frog']",horse
9160,8,"['horse', 'airplane', 'cat', 'frog']",horse
9161,6,"['automobile', 'horse', 'ship', 'airplane']",airplane
9162,2,"['ship', 'cat', 'automobile', 'airplane']",automobile
9163,3,"['frog', 'ship', 'automobile', 'airplane']",ship
9164,3,"['frog', 'ship', 'automobile', 'airplane']",ship
9165,7,"['automobile', 'cat', 'airplane', 'frog']",cat
9166,3,"['frog', 'ship', 'automobile', 'airplane']",ship
9167,5,"['frog', 'ship', 'airplane', 'automobile']",ship
9168,2,"['ship', 'cat', 'automobile', 'airplane']",automobile
9169,9,"['dog', 'frog', 'cat', 'airplane']",airplane
9170,6,"['automobile', 'horse', 'ship', 'airplane']",airplane
9171,0,"['horse', 'deer', 'frog', 'cat']",horse
9172,2,"['ship', 'cat', 'automobile', 'airplane']",automobile
9173,3,"['frog', 'ship', 'automobile', 'airplane']",ship
9174,5,"['frog', 'ship', 'airplane', 'automobile']",ship
9175,2,"['ship', 'cat', 'automobile', 'airplane']",cat
9176,4,"['cat', 'automobile', 'frog', 'airplane']",automobile
9177,9,"['dog', 'frog', 'cat', 'airplane']",airplane
9178,5,"['frog', 'ship', 'airplane', 'automobile']",ship
9179,1,"['bird', 'dog', 'frog', 'cat', 'airplane']",airplane
9180,6,"['automobile', 'horse', 'ship', 'airplane']",airplane
9181,0,"['horse', 'deer', 'frog', 'cat']",horse
9182,3,"['frog', 'ship', 'automobile', 'airplane']",ship
9183,3,"['frog', 'ship', 'automobile', 'airplane']",ship
9184,7,"['automobile', 'cat', 'airplane', 'frog']",cat
9185,3,"['frog', 'ship', 'automobile', 'airplane']",ship
9186,7,"['automobile', 'cat', 'airplane', 'frog']",cat
9187,9,"['dog', 'frog', 'cat', 'airplane']",dog
9188,8,"['horse', 'airplane', 'cat', 'frog']",horse
9189,1,"['bird', 'dog', 'frog', 'cat', 'airplane']",airplane
9190,5,"['frog', 'ship', 'airplane', 'automobile']",ship
9191,2,"['ship', 'cat', 'automobile', 'airplane']",automobile
9192,8,"['horse', 'airplane', 'cat', 'frog']",horse
9193,0,"['horse', 'deer', 'frog', 'cat']",horse
9194,2,"['ship', 'cat', 'automobile', 'airplane']",cat
9195,9,"['dog', 'frog', 'cat', 'airplane']",airplane
9196,5,"['frog', 'ship', 'airplane', 'automobile']",ship
9197,6,"['automobile', 'horse', 'ship', 'airplane']",horse
9198,6,"['automobile', 'horse', 'ship', 'airplane']",airplane
9199,2,"['ship', 'cat', 'automobile', 'airplane']",cat
9200,6,"['automobile', 'horse', 'ship', 'airplane']",airplane
9201,7,"['automobile', 'cat', 'airplane', 'frog']",airplane
9202,4,"['cat', 'automobile', 'frog', 'airplane']",automobile
9203,2,"['ship', 'cat', 'automobile', 'airplane']",automobile
9204,4,"['cat', 'automobile', 'frog', 'airplane']",automobile
9205,5,"['frog', 'ship', 'airplane', 'automobile']",ship
9206,8,"['horse', 'airplane', 'cat', 'frog']",horse
9207,7,"['automobile', 'cat', 'airplane', 'frog']",cat
9208,6,"['automobile', 'horse', 'ship', 'airplane']",ship
9209,1,"['bird', 'dog', 'frog', 'cat', 'airplane']",airplane
9210,1,"['bird', 'dog', 'frog', 'cat', 'airplane']",airplane
9211,9,"['dog', 'frog', 'cat', 'airplane']",airplane
9212,5,"['frog', 'ship', 'airplane', 'automobile']",ship
9213,9,"['dog', 'frog', 'cat', 'airplane']",airplane
9214,7,"['automobile', 'cat', 'airplane', 'frog']",airplane
9215,2,"['ship', 'cat', 'automobile', 'airplane']",cat
9216,1,"['bird', 'dog', 'frog', 'cat', 'airplane']",airplane
9217,2,"['ship', 'cat', 'automobile', 'airplane']",cat
9218,9,"['dog', 'frog', 'cat', 'airplane']",airplane
9219,6,"['automobile', 'horse', 'ship', 'airplane']",horse
9220,8,"['horse', 'airplane', 'cat', 'frog']",horse
9221,0,"['horse', 'deer', 'frog', 'cat']",horse
9222,3,"['frog', 'ship', 'automobile', 'airplane']",ship
9223,7,"['automobile', 'cat', 'airplane', 'frog']",airplane
9224,7,"['automobile', 'cat', 'airplane', 'frog']",cat
9225,7,"['automobile', 'cat', 'airplane', 'frog']",cat
9226,8,"['horse', 'airplane', 'cat', 'frog']",horse
9227,2,"['ship', 'cat', 'automobile', 'airplane']",cat
9228,3,"['frog', 'ship', 'automobile', 'airplane']",ship
9229,9,"['dog', 'frog', 'cat', 'airplane']",airplane
9230,0,"['horse', 'deer', 'frog', 'cat']",horse
9231,4,"['cat', 'automobile', 'frog', 'airplane']",automobile
9232,1,"['bird', 'dog', 'frog', 'cat', 'airplane']",airplane
9233,6,"['automobile', 'horse', 'ship', 'airplane']",airplane
9234,4,"['cat', 'automobile', 'frog', 'airplane']",automobile
9235,5,"['frog', 'ship', 'airplane', 'automobile']",ship
9236,0,"['horse', 'deer', 'frog', 'cat']",horse
9237,6,"['automobile', 'horse', 'ship', 'airplane']",airplane
9238,6,"['automobile', 'horse', 'ship', 'airplane']",airplane
9239,7,"['automobile', 'cat', 'airplane', 'frog']",cat
9240,2,"['ship', 'cat', 'automobile', 'airplane']",cat
9241,6,"['automobile', 'horse', 'ship', 'airplane']",automobile
9242,9,"['dog', 'frog', 'cat', 'airplane']",airplane
9243,7,"['automobile', 'cat', 'airplane', 'frog']",airplane
9244,9,"['dog', 'frog', 'cat', 'airplane']",airplane
9245,6,"['automobile', 'horse', 'ship', 'airplane']",airplane
9246,6,"['automobile', 'horse', 'ship', 'airplane']",airplane
9247,1,"['bird', 'dog', 'frog', 'cat', 'airplane']",airplane
9248,3,"['frog', 'ship', 'automobile', 'airplane']",ship
9249,2,"['ship', 'cat', 'automobile', 'airplane']",cat
9250,4,"['cat', 'automobile', 'frog', 'airplane']",automobile
9251,1,"['bird', 'dog', 'frog', 'cat', 'airplane']",airplane
9252,1,"['bird', 'dog', 'frog', 'cat', 'airplane']",airplane
9253,0,"['horse', 'deer', 'frog', 'cat']",horse
9254,4,"['cat', 'automobile', 'frog', 'airplane']",airplane
9255,2,"['ship', 'cat', 'automobile', 'airplane']",cat
9256,6,"['automobile', 'horse', 'ship', 'airplane']",airplane
9257,0,"['horse', 'deer', 'frog', 'cat']",horse
9258,8,"['horse', 'airplane', 'cat', 'frog']",horse
9259,4,"['cat', 'automobile', 'frog', 'airplane']",airplane
9260,4,"['cat', 'automobile', 'frog', 'airplane']",automobile
9261,9,"['dog', 'frog', 'cat', 'airplane']",airplane
9262,8,"['horse', 'airplane', 'cat', 'frog']",horse
9263,1,"['bird', 'dog', 'frog', 'cat', 'airplane']",airplane
9264,5,"['frog', 'ship', 'airplane', 'automobile']",ship
9265,8,"['horse', 'airplane', 'cat', 'frog']",horse
9266,1,"['bird', 'dog', 'frog', 'cat', 'airplane']",airplane
9267,1,"['bird', 'dog', 'frog', 'cat', 'airplane']",airplane
9268,8,"['horse', 'airplane', 'cat', 'frog']",horse
9269,8,"['horse', 'airplane', 'cat', 'frog']",cat
9270,9,"['dog', 'frog', 'cat', 'airplane']",dog
9271,7,"['automobile', 'cat', 'airplane', 'frog']",cat
9272,2,"['ship', 'cat', 'automobile', 'airplane']",cat
9273,4,"['cat', 'automobile', 'frog', 'airplane']",automobile
9274,5,"['frog', 'ship', 'airplane', 'automobile']",ship
9275,6,"['automobile', 'horse', 'ship', 'airplane']",airplane
9276,4,"['cat', 'automobile', 'frog', 'airplane']",automobile
9277,9,"['dog', 'frog', 'cat', 'airplane']",airplane
9278,6,"['automobile', 'horse', 'ship', 'airplane']",ship
9279,7,"['automobile', 'cat', 'airplane', 'frog']",frog
9280,5,"['frog', 'ship', 'airplane', 'automobile']",ship
9281,0,"['horse', 'deer', 'frog', 'cat']",horse
9282,8,"['horse', 'airplane', 'cat', 'frog']",horse
9283,3,"['frog', 'ship', 'automobile', 'airplane']",ship
9284,5,"['frog', 'ship', 'airplane', 'automobile']",ship
9285,4,"['cat', 'automobile', 'frog', 'airplane']",automobile
9286,5,"['frog', 'ship', 'airplane', 'automobile']",ship
9287,0,"['horse', 'deer', 'frog', 'cat']",horse
9288,5,"['frog', 'ship', 'airplane', 'automobile']",ship
9289,0,"['horse', 'deer', 'frog', 'cat']",horse
9290,2,"['ship', 'cat', 'automobile', 'airplane']",automobile
9291,3,"['frog', 'ship', 'automobile', 'airplane']",ship
9292,0,"['horse', 'deer', 'frog', 'cat']",horse
9293,3,"['frog', 'ship', 'automobile', 'airplane']",ship
9294,7,"['automobile', 'cat', 'airplane', 'frog']",cat
9295,5,"['frog', 'ship', 'airplane', 'automobile']",ship
9296,0,"['horse', 'deer', 'frog', 'cat']",horse
9297,2,"['ship', 'cat', 'automobile', 'airplane']",ship
9298,3,"['frog', 'ship', 'automobile', 'airplane']",ship
9299,2,"['ship', 'cat', 'automobile', 'airplane']",cat
9300,3,"['frog', 'ship', 'automobile', 'airplane']",ship
9301,5,"['frog', 'ship', 'airplane', 'automobile']",ship
9302,9,"['dog', 'frog', 'cat', 'airplane']",airplane
9303,6,"['automobile', 'horse', 'ship', 'airplane']",airplane
9304,3,"['frog', 'ship', 'automobile', 'airplane']",ship
9305,3,"['frog', 'ship', 'automobile', 'airplane']",ship
9306,8,"['horse', 'airplane', 'cat', 'frog']",horse
9307,3,"['frog', 'ship', 'automobile', 'airplane']",ship
9308,9,"['dog', 'frog', 'cat', 'airplane']",dog
9309,1,"['bird', 'dog', 'frog', 'cat', 'airplane']",airplane
9310,7,"['automobile', 'cat', 'airplane', 'frog']",cat
9311,3,"['frog', 'ship', 'automobile', 'airplane']",ship
9312,0,"['horse', 'deer', 'frog', 'cat']",horse
9313,2,"['ship', 'cat', 'automobile', 'airplane']",ship
9314,0,"['horse', 'deer', 'frog', 'cat']",frog
9315,7,"['automobile', 'cat', 'airplane', 'frog']",frog
9316,5,"['frog', 'ship', 'airplane', 'automobile']",ship
9317,1,"['bird', 'dog', 'frog', 'cat', 'airplane']",airplane
9318,1,"['bird', 'dog', 'frog', 'cat', 'airplane']",airplane
9319,2,"['ship', 'cat', 'automobile', 'airplane']",cat
9320,6,"['automobile', 'horse', 'ship', 'airplane']",airplane
9321,6,"['automobile', 'horse', 'ship', 'airplane']",airplane
9322,1,"['bird', 'dog', 'frog', 'cat', 'airplane']",airplane
9323,6,"['automobile', 'horse', 'ship', 'airplane']",airplane
9324,8,"['horse', 'airplane', 'cat', 'frog']",horse
9325,0,"['horse', 'deer', 'frog', 'cat']",horse
9326,8,"['horse', 'airplane', 'cat', 'frog']",horse
9327,1,"['bird', 'dog', 'frog', 'cat', 'airplane']",airplane
9328,0,"['horse', 'deer', 'frog', 'cat']",horse
9329,7,"['automobile', 'cat', 'airplane', 'frog']",cat
9330,2,"['ship', 'cat', 'automobile', 'airplane']",cat
9331,7,"['automobile', 'cat', 'airplane', 'frog']",cat
9332,3,"['frog', 'ship', 'automobile', 'airplane']",ship
9333,2,"['ship', 'cat', 'automobile', 'airplane']",automobile
9334,3,"['frog', 'ship', 'automobile', 'airplane']",ship
9335,1,"['bird', 'dog', 'frog', 'cat', 'airplane']",airplane
9336,9,"['dog', 'frog', 'cat', 'airplane']",dog
9337,5,"['frog', 'ship', 'airplane', 'automobile']",ship
9338,3,"['frog', 'ship', 'automobile', 'airplane']",ship
9339,6,"['automobile', 'horse', 'ship', 'airplane']",ship
9340,9,"['dog', 'frog', 'cat', 'airplane']",airplane
9341,2,"['ship', 'cat', 'automobile', 'airplane']",cat
9342,4,"['cat', 'automobile', 'frog', 'airplane']",automobile
9343,3,"['frog', 'ship', 'automobile', 'airplane']",ship
9344,8,"['horse', 'airplane', 'cat', 'frog']",horse
9345,3,"['frog', 'ship', 'automobile', 'airplane']",ship
9346,8,"['horse', 'airplane', 'cat', 'frog']",horse
9347,7,"['automobile', 'cat', 'airplane', 'frog']",airplane
9348,2,"['ship', 'cat', 'automobile', 'airplane']",cat
9349,4,"['cat', 'automobile', 'frog', 'airplane']",airplane
9350,2,"['ship', 'cat', 'automobile', 'airplane']",cat
9351,8,"['horse', 'airplane', 'cat', 'frog']",horse
9352,4,"['cat', 'automobile', 'frog', 'airplane']",airplane
9353,4,"['cat', 'automobile', 'frog', 'airplane']",automobile
9354,2,"['ship', 'cat', 'automobile', 'airplane']",cat
9355,5,"['frog', 'ship', 'airplane', 'automobile']",ship
9356,6,"['automobile', 'horse', 'ship', 'airplane']",airplane
9357,3,"['frog', 'ship', 'automobile', 'airplane']",ship
9358,9,"['dog', 'frog', 'cat', 'airplane']",airplane
9359,4,"['cat', 'automobile', 'frog', 'airplane']",automobile
9360,6,"['automobile', 'horse', 'ship', 'airplane']",airplane
9361,7,"['automobile', 'cat', 'airplane', 'frog']",airplane
9362,0,"['horse', 'deer', 'frog', 'cat']",horse
9363,4,"['cat', 'automobile', 'frog', 'airplane']",automobile
9364,4,"['cat', 'automobile', 'frog', 'airplane']",automobile
9365,1,"['bird', 'dog', 'frog', 'cat', 'airplane']",airplane
9366,8,"['horse', 'airplane', 'cat', 'frog']",horse
9367,6,"['automobile', 'horse', 'ship', 'airplane']",airplane
9368,2,"['ship', 'cat', 'automobile', 'airplane']",automobile
9369,7,"['automobile', 'cat', 'airplane', 'frog']",cat
9370,4,"['cat', 'automobile', 'frog', 'airplane']",frog
9371,3,"['frog', 'ship', 'automobile', 'airplane']",ship
9372,1,"['bird', 'dog', 'frog', 'cat', 'airplane']",airplane
9373,0,"['horse', 'deer', 'frog', 'cat']",horse
9374,7,"['automobile', 'cat', 'airplane', 'frog']",airplane
9375,0,"['horse', 'deer', 'frog', 'cat']",frog
9376,9,"['dog', 'frog', 'cat', 'airplane']",airplane
9377,5,"['frog', 'ship', 'airplane', 'automobile']",ship
9378,8,"['horse', 'airplane', 'cat', 'frog']",horse
9379,0,"['horse', 'deer', 'frog', 'cat']",horse
9380,1,"['bird', 'dog', 'frog', 'cat', 'airplane']",airplane
9381,6,"['automobile', 'horse', 'ship', 'airplane']",airplane
9382,9,"['dog', 'frog', 'cat', 'airplane']",dog
9383,5,"['frog', 'ship', 'airplane', 'automobile']",ship
9384,0,"['horse', 'deer', 'frog', 'cat']",horse
9385,0,"['horse', 'deer', 'frog', 'cat']",horse
9386,2,"['ship', 'cat', 'automobile', 'airplane']",automobile
9387,8,"['horse', 'airplane', 'cat', 'frog']",horse
9388,5,"['frog', 'ship', 'airplane', 'automobile']",ship
9389,4,"['cat', 'automobile', 'frog', 'airplane']",automobile
9390,0,"['horse', 'deer', 'frog', 'cat']",horse
9391,5,"['frog', 'ship', 'airplane', 'automobile']",ship
9392,1,"['bird', 'dog', 'frog', 'cat', 'airplane']",bird
9393,3,"['frog', 'ship', 'automobile', 'airplane']",ship
9394,3,"['frog', 'ship', 'automobile', 'airplane']",ship
9395,4,"['cat', 'automobile', 'frog', 'airplane']",automobile
9396,9,"['dog', 'frog', 'cat', 'airplane']",airplane
9397,5,"['frog', 'ship', 'airplane', 'automobile']",ship
9398,3,"['frog', 'ship', 'automobile', 'airplane']",ship
9399,3,"['frog', 'ship', 'automobile', 'airplane']",ship
9400,1,"['bird', 'dog', 'frog', 'cat', 'airplane']",airplane
9401,0,"['horse', 'deer', 'frog', 'cat']",horse
9402,1,"['bird', 'dog', 'frog', 'cat', 'airplane']",airplane
9403,2,"['ship', 'cat', 'automobile', 'airplane']",cat
9404,2,"['ship', 'cat', 'automobile', 'airplane']",cat
9405,3,"['frog', 'ship', 'automobile', 'airplane']",ship
9406,6,"['automobile', 'horse', 'ship', 'airplane']",airplane
9407,1,"['bird', 'dog', 'frog', 'cat', 'airplane']",airplane
9408,2,"['ship', 'cat', 'automobile', 'airplane']",cat
9409,7,"['automobile', 'cat', 'airplane', 'frog']",cat
9410,8,"['horse', 'airplane', 'cat', 'frog']",horse
9411,1,"['bird', 'dog', 'frog', 'cat', 'airplane']",airplane
9412,9,"['dog', 'frog', 'cat', 'airplane']",dog
9413,0,"['horse', 'deer', 'frog', 'cat']",horse
9414,6,"['automobile', 'horse', 'ship', 'airplane']",airplane
9415,8,"['horse', 'airplane', 'cat', 'frog']",horse
9416,6,"['automobile', 'horse', 'ship', 'airplane']",airplane
9417,0,"['horse', 'deer', 'frog', 'cat']",horse
9418,8,"['horse', 'airplane', 'cat', 'frog']",horse
9419,9,"['dog', 'frog', 'cat', 'airplane']",dog
9420,2,"['ship', 'cat', 'automobile', 'airplane']",cat
9421,3,"['frog', 'ship', 'automobile', 'airplane']",ship
9422,7,"['automobile', 'cat', 'airplane', 'frog']",airplane
9423,6,"['automobile', 'horse', 'ship', 'airplane']",automobile
9424,2,"['ship', 'cat', 'automobile', 'airplane']",cat
9425,9,"['dog', 'frog', 'cat', 'airplane']",airplane
9426,8,"['horse', 'airplane', 'cat', 'frog']",horse
9427,8,"['horse', 'airplane', 'cat', 'frog']",horse
9428,6,"['automobile', 'horse', 'ship', 'airplane']",airplane
9429,3,"['frog', 'ship', 'automobile', 'airplane']",ship
9430,0,"['horse', 'deer', 'frog', 'cat']",horse
9431,6,"['automobile', 'horse', 'ship', 'airplane']",airplane
9432,9,"['dog', 'frog', 'cat', 'airplane']",airplane
9433,5,"['frog', 'ship', 'airplane', 'automobile']",ship
9434,9,"['dog', 'frog', 'cat', 'airplane']",airplane
9435,0,"['horse', 'deer', 'frog', 'cat']",horse
9436,7,"['automobile', 'cat', 'airplane', 'frog']",cat
9437,2,"['ship', 'cat', 'automobile', 'airplane']",cat
9438,0,"['horse', 'deer', 'frog', 'cat']",horse
9439,1,"['bird', 'dog', 'frog', 'cat', 'airplane']",airplane
9440,2,"['ship', 'cat', 'automobile', 'airplane']",cat
9441,4,"['cat', 'automobile', 'frog', 'airplane']",automobile
9442,1,"['bird', 'dog', 'frog', 'cat', 'airplane']",bird
9443,7,"['automobile', 'cat', 'airplane', 'frog']",frog
9444,5,"['frog', 'ship', 'airplane', 'automobile']",ship
9445,5,"['frog', 'ship', 'airplane', 'automobile']",ship
9446,2,"['ship', 'cat', 'automobile', 'airplane']",cat
9447,9,"['dog', 'frog', 'cat', 'airplane']",airplane
9448,2,"['ship', 'cat', 'automobile', 'airplane']",cat
9449,0,"['horse', 'deer', 'frog', 'cat']",horse
9450,5,"['frog', 'ship', 'airplane', 'automobile']",ship
9451,7,"['automobile', 'cat', 'airplane', 'frog']",cat
9452,4,"['cat', 'automobile', 'frog', 'airplane']",automobile
9453,7,"['automobile', 'cat', 'airplane', 'frog']",airplane
9454,7,"['automobile', 'cat', 'airplane', 'frog']",cat
9455,2,"['ship', 'cat', 'automobile', 'airplane']",cat
9456,7,"['automobile', 'cat', 'airplane', 'frog']",cat
9457,6,"['automobile', 'horse', 'ship', 'airplane']",airplane
9458,5,"['frog', 'ship', 'airplane', 'automobile']",ship
9459,1,"['bird', 'dog', 'frog', 'cat', 'airplane']",airplane
9460,5,"['frog', 'ship', 'airplane', 'automobile']",ship
9461,9,"['dog', 'frog', 'cat', 'airplane']",dog
9462,7,"['automobile', 'cat', 'airplane', 'frog']",airplane
9463,2,"['ship', 'cat', 'automobile', 'airplane']",cat
9464,0,"['horse', 'deer', 'frog', 'cat']",horse
9465,8,"['horse', 'airplane', 'cat', 'frog']",horse
9466,9,"['dog', 'frog', 'cat', 'airplane']",airplane
9467,8,"['horse', 'airplane', 'cat', 'frog']",horse
9468,6,"['automobile', 'horse', 'ship', 'airplane']",airplane
9469,8,"['horse', 'airplane', 'cat', 'frog']",horse
9470,5,"['frog', 'ship', 'airplane', 'automobile']",ship
9471,0,"['horse', 'deer', 'frog', 'cat']",horse
9472,7,"['automobile', 'cat', 'airplane', 'frog']",cat
9473,7,"['automobile', 'cat', 'airplane', 'frog']",cat
9474,8,"['horse', 'airplane', 'cat', 'frog']",horse
9475,2,"['ship', 'cat', 'automobile', 'airplane']",cat
9476,1,"['bird', 'dog', 'frog', 'cat', 'airplane']",airplane
9477,6,"['automobile', 'horse', 'ship', 'airplane']",airplane
9478,1,"['bird', 'dog', 'frog', 'cat', 'airplane']",airplane
9479,3,"['frog', 'ship', 'automobile', 'airplane']",ship
9480,1,"['bird', 'dog', 'frog', 'cat', 'airplane']",airplane
9481,6,"['automobile', 'horse', 'ship', 'airplane']",airplane
9482,6,"['automobile', 'horse', 'ship', 'airplane']",airplane
9483,8,"['horse', 'airplane', 'cat', 'frog']",horse
9484,2,"['ship', 'cat', 'automobile', 'airplane']",automobile
9485,3,"['frog', 'ship', 'automobile', 'airplane']",ship
9486,7,"['automobile', 'cat', 'airplane', 'frog']",cat
9487,9,"['dog', 'frog', 'cat', 'airplane']",airplane
9488,8,"['horse', 'airplane', 'cat', 'frog']",horse
9489,3,"['frog', 'ship', 'automobile', 'airplane']",ship
9490,8,"['horse', 'airplane', 'cat', 'frog']",horse
9491,5,"['frog', 'ship', 'airplane', 'automobile']",ship
9492,7,"['automobile', 'cat', 'airplane', 'frog']",cat
9493,0,"['horse', 'deer', 'frog', 'cat']",horse
9494,1,"['bird', 'dog', 'frog', 'cat', 'airplane']",airplane
9495,0,"['horse', 'deer', 'frog', 'cat']",horse
9496,7,"['automobile', 'cat', 'airplane', 'frog']",cat
9497,4,"['cat', 'automobile', 'frog', 'airplane']",automobile
9498,2,"['ship', 'cat', 'automobile', 'airplane']",cat
9499,0,"['horse', 'deer', 'frog', 'cat']",horse
9500,4,"['cat', 'automobile', 'frog', 'airplane']",automobile
9501,9,"['dog', 'frog', 'cat', 'airplane']",dog
9502,4,"['cat', 'automobile', 'frog', 'airplane']",automobile
9503,2,"['ship', 'cat', 'automobile', 'airplane']",cat
9504,7,"['automobile', 'cat', 'airplane', 'frog']",cat
9505,7,"['automobile', 'cat', 'airplane', 'frog']",cat
9506,4,"['cat', 'automobile', 'frog', 'airplane']",automobile
9507,4,"['cat', 'automobile', 'frog', 'airplane']",automobile
9508,1,"['bird', 'dog', 'frog', 'cat', 'airplane']",airplane
9509,1,"['bird', 'dog', 'frog', 'cat', 'airplane']",airplane
9510,0,"['horse', 'deer', 'frog', 'cat']",horse
9511,9,"['dog', 'frog', 'cat', 'airplane']",airplane
9512,0,"['horse', 'deer', 'frog', 'cat']",horse
9513,9,"['dog', 'frog', 'cat', 'airplane']",dog
9514,8,"['horse', 'airplane', 'cat', 'frog']",horse
9515,6,"['automobile', 'horse', 'ship', 'airplane']",airplane
9516,4,"['cat', 'automobile', 'frog', 'airplane']",automobile
9517,7,"['automobile', 'cat', 'airplane', 'frog']",cat
9518,2,"['ship', 'cat', 'automobile', 'airplane']",cat
9519,2,"['ship', 'cat', 'automobile', 'airplane']",automobile
9520,2,"['ship', 'cat', 'automobile', 'airplane']",ship
9521,6,"['automobile', 'horse', 'ship', 'airplane']",airplane
9522,0,"['horse', 'deer', 'frog', 'cat']",horse
9523,2,"['ship', 'cat', 'automobile', 'airplane']",cat
9524,1,"['bird', 'dog', 'frog', 'cat', 'airplane']",airplane
9525,0,"['horse', 'deer', 'frog', 'cat']",horse
9526,2,"['ship', 'cat', 'automobile', 'airplane']",cat
9527,8,"['horse', 'airplane', 'cat', 'frog']",horse
9528,4,"['cat', 'automobile', 'frog', 'airplane']",automobile
9529,4,"['cat', 'automobile', 'frog', 'airplane']",automobile
9530,6,"['automobile', 'horse', 'ship', 'airplane']",airplane
9531,5,"['frog', 'ship', 'airplane', 'automobile']",ship
9532,9,"['dog', 'frog', 'cat', 'airplane']",airplane
9533,0,"['horse', 'deer', 'frog', 'cat']",horse
9534,1,"['bird', 'dog', 'frog', 'cat', 'airplane']",airplane
9535,1,"['bird', 'dog', 'frog', 'cat', 'airplane']",airplane
9536,8,"['horse', 'airplane', 'cat', 'frog']",horse
9537,5,"['frog', 'ship', 'airplane', 'automobile']",ship
9538,1,"['bird', 'dog', 'frog', 'cat', 'airplane']",airplane
9539,1,"['bird', 'dog', 'frog', 'cat', 'airplane']",airplane
9540,8,"['horse', 'airplane', 'cat', 'frog']",horse
9541,9,"['dog', 'frog', 'cat', 'airplane']",airplane
9542,0,"['horse', 'deer', 'frog', 'cat']",horse
9543,6,"['automobile', 'horse', 'ship', 'airplane']",airplane
9544,4,"['cat', 'automobile', 'frog', 'airplane']",automobile
9545,8,"['horse', 'airplane', 'cat', 'frog']",horse
9546,4,"['cat', 'automobile', 'frog', 'airplane']",automobile
9547,5,"['frog', 'ship', 'airplane', 'automobile']",ship
9548,7,"['automobile', 'cat', 'airplane', 'frog']",cat
9549,1,"['bird', 'dog', 'frog', 'cat', 'airplane']",airplane
9550,4,"['cat', 'automobile', 'frog', 'airplane']",automobile
9551,6,"['automobile', 'horse', 'ship', 'airplane']",automobile
9552,2,"['ship', 'cat', 'automobile', 'airplane']",cat
9553,2,"['ship', 'cat', 'automobile', 'airplane']",automobile
9554,6,"['automobile', 'horse', 'ship', 'airplane']",airplane
9555,8,"['horse', 'airplane', 'cat', 'frog']",horse
9556,2,"['ship', 'cat', 'automobile', 'airplane']",cat
9557,9,"['dog', 'frog', 'cat', 'airplane']",dog
9558,2,"['ship', 'cat', 'automobile', 'airplane']",automobile
9559,2,"['ship', 'cat', 'automobile', 'airplane']",cat
9560,7,"['automobile', 'cat', 'airplane', 'frog']",cat
9561,1,"['bird', 'dog', 'frog', 'cat', 'airplane']",airplane
9562,4,"['cat', 'automobile', 'frog', 'airplane']",automobile
9563,5,"['frog', 'ship', 'airplane', 'automobile']",ship
9564,3,"['frog', 'ship', 'automobile', 'airplane']",ship
9565,1,"['bird', 'dog', 'frog', 'cat', 'airplane']",airplane
9566,0,"['horse', 'deer', 'frog', 'cat']",frog
9567,8,"['horse', 'airplane', 'cat', 'frog']",horse
9568,4,"['cat', 'automobile', 'frog', 'airplane']",automobile
9569,4,"['cat', 'automobile', 'frog', 'airplane']",automobile
9570,3,"['frog', 'ship', 'automobile', 'airplane']",ship
9571,7,"['automobile', 'cat', 'airplane', 'frog']",airplane
9572,8,"['horse', 'airplane', 'cat', 'frog']",horse
9573,9,"['dog', 'frog', 'cat', 'airplane']",airplane
9574,3,"['frog', 'ship', 'automobile', 'airplane']",ship
9575,6,"['automobile', 'horse', 'ship', 'airplane']",airplane
9576,1,"['bird', 'dog', 'frog', 'cat', 'airplane']",airplane
9577,2,"['ship', 'cat', 'automobile', 'airplane']",cat
9578,1,"['bird', 'dog', 'frog', 'cat', 'airplane']",airplane
9579,2,"['ship', 'cat', 'automobile', 'airplane']",cat
9580,2,"['ship', 'cat', 'automobile', 'airplane']",cat
9581,7,"['automobile', 'cat', 'airplane', 'frog']",airplane
9582,1,"['bird', 'dog', 'frog', 'cat', 'airplane']",airplane
9583,1,"['bird', 'dog', 'frog', 'cat', 'airplane']",airplane
9584,1,"['bird', 'dog', 'frog', 'cat', 'airplane']",airplane
9585,2,"['ship', 'cat', 'automobile', 'airplane']",cat
9586,5,"['frog', 'ship', 'airplane', 'automobile']",ship
9587,7,"['automobile', 'cat', 'airplane', 'frog']",cat
9588,2,"['ship', 'cat', 'automobile', 'airplane']",automobile
9589,2,"['ship', 'cat', 'automobile', 'airplane']",cat
9590,7,"['automobile', 'cat', 'airplane', 'frog']",airplane
9591,3,"['frog', 'ship', 'automobile', 'airplane']",ship
9592,4,"['cat', 'automobile', 'frog', 'airplane']",automobile
9593,4,"['cat', 'automobile', 'frog', 'airplane']",automobile
9594,5,"['frog', 'ship', 'airplane', 'automobile']",ship
9595,1,"['bird', 'dog', 'frog', 'cat', 'airplane']",airplane
9596,0,"['horse', 'deer', 'frog', 'cat']",horse
9597,2,"['ship', 'cat', 'automobile', 'airplane']",cat
9598,9,"['dog', 'frog', 'cat', 'airplane']",airplane
9599,8,"['horse', 'airplane', 'cat', 'frog']",horse
9600,3,"['frog', 'ship', 'automobile', 'airplane']",ship
9601,9,"['dog', 'frog', 'cat', 'airplane']",airplane
9602,1,"['bird', 'dog', 'frog', 'cat', 'airplane']",airplane
9603,2,"['ship', 'cat', 'automobile', 'airplane']",automobile
9604,0,"['horse', 'deer', 'frog', 'cat']",horse
9605,5,"['frog', 'ship', 'airplane', 'automobile']",ship
9606,9,"['dog', 'frog', 'cat', 'airplane']",dog
9607,5,"['frog', 'ship', 'airplane', 'automobile']",ship
9608,9,"['dog', 'frog', 'cat', 'airplane']",dog
9609,3,"['frog', 'ship', 'automobile', 'airplane']",ship
9610,1,"['bird', 'dog', 'frog', 'cat', 'airplane']",airplane
9611,0,"['horse', 'deer', 'frog', 'cat']",horse
9612,3,"['frog', 'ship', 'automobile', 'airplane']",ship
9613,3,"['frog', 'ship', 'automobile', 'airplane']",ship
9614,0,"['horse', 'deer', 'frog', 'cat']",horse
9615,4,"['cat', 'automobile', 'frog', 'airplane']",automobile
9616,0,"['horse', 'deer', 'frog', 'cat']",horse
9617,8,"['horse', 'airplane', 'cat', 'frog']",horse
9618,4,"['cat', 'automobile', 'frog', 'airplane']",automobile
9619,0,"['horse', 'deer', 'frog', 'cat']",horse
9620,1,"['bird', 'dog', 'frog', 'cat', 'airplane']",airplane
9621,7,"['automobile', 'cat', 'airplane', 'frog']",cat
9622,5,"['frog', 'ship', 'airplane', 'automobile']",ship
9623,8,"['horse', 'airplane', 'cat', 'frog']",horse
9624,3,"['frog', 'ship', 'automobile', 'airplane']",ship
9625,6,"['automobile', 'horse', 'ship', 'airplane']",airplane
9626,9,"['dog', 'frog', 'cat', 'airplane']",airplane
9627,8,"['horse', 'airplane', 'cat', 'frog']",horse
9628,7,"['automobile', 'cat', 'airplane', 'frog']",cat
9629,2,"['ship', 'cat', 'automobile', 'airplane']",cat
9630,8,"['horse', 'airplane', 'cat', 'frog']",horse
9631,2,"['ship', 'cat', 'automobile', 'airplane']",cat
9632,3,"['frog', 'ship', 'automobile', 'airplane']",ship
9633,4,"['cat', 'automobile', 'frog', 'airplane']",automobile
9634,5,"['frog', 'ship', 'airplane', 'automobile']",ship
9635,2,"['ship', 'cat', 'automobile', 'airplane']",cat
9636,6,"['automobile', 'horse', 'ship', 'airplane']",airplane
9637,7,"['automobile', 'cat', 'airplane', 'frog']",airplane
9638,4,"['cat', 'automobile', 'frog', 'airplane']",automobile
9639,2,"['ship', 'cat', 'automobile', 'airplane']",cat
9640,7,"['automobile', 'cat', 'airplane', 'frog']",cat
9641,5,"['frog', 'ship', 'airplane', 'automobile']",ship
9642,5,"['frog', 'ship', 'airplane', 'automobile']",ship
9643,4,"['cat', 'automobile', 'frog', 'airplane']",automobile
9644,8,"['horse', 'airplane', 'cat', 'frog']",horse
9645,8,"['horse', 'airplane', 'cat', 'frog']",horse
9646,1,"['bird', 'dog', 'frog', 'cat', 'airplane']",airplane
9647,3,"['frog', 'ship', 'automobile', 'airplane']",frog
9648,8,"['horse', 'airplane', 'cat', 'frog']",cat
9649,5,"['frog', 'ship', 'airplane', 'automobile']",ship
9650,4,"['cat', 'automobile', 'frog', 'airplane']",automobile
9651,8,"['horse', 'airplane', 'cat', 'frog']",horse
9652,9,"['dog', 'frog', 'cat', 'airplane']",dog
9653,6,"['automobile', 'horse', 'ship', 'airplane']",airplane
9654,9,"['dog', 'frog', 'cat', 'airplane']",dog
9655,4,"['cat', 'automobile', 'frog', 'airplane']",airplane
9656,3,"['frog', 'ship', 'automobile', 'airplane']",ship
9657,0,"['horse', 'deer', 'frog', 'cat']",horse
9658,1,"['bird', 'dog', 'frog', 'cat', 'airplane']",airplane
9659,2,"['ship', 'cat', 'automobile', 'airplane']",ship
9660,2,"['ship', 'cat', 'automobile', 'airplane']",automobile
9661,4,"['cat', 'automobile', 'frog', 'airplane']",airplane
9662,6,"['automobile', 'horse', 'ship', 'airplane']",airplane
9663,8,"['horse', 'airplane', 'cat', 'frog']",horse
9664,8,"['horse', 'airplane', 'cat', 'frog']",horse
9665,5,"['frog', 'ship', 'airplane', 'automobile']",ship
9666,0,"['horse', 'deer', 'frog', 'cat']",horse
9667,3,"['frog', 'ship', 'automobile', 'airplane']",ship
9668,1,"['bird', 'dog', 'frog', 'cat', 'airplane']",airplane
9669,8,"['horse', 'airplane', 'cat', 'frog']",horse
9670,3,"['frog', 'ship', 'automobile', 'airplane']",ship
9671,0,"['horse', 'deer', 'frog', 'cat']",horse
9672,7,"['automobile', 'cat', 'airplane', 'frog']",cat
9673,9,"['dog', 'frog', 'cat', 'airplane']",dog
9674,8,"['horse', 'airplane', 'cat', 'frog']",horse
9675,8,"['horse', 'airplane', 'cat', 'frog']",airplane
9676,9,"['dog', 'frog', 'cat', 'airplane']",airplane
9677,5,"['frog', 'ship', 'airplane', 'automobile']",frog
9678,2,"['ship', 'cat', 'automobile', 'airplane']",cat
9679,6,"['automobile', 'horse', 'ship', 'airplane']",airplane
9680,4,"['cat', 'automobile', 'frog', 'airplane']",automobile
9681,6,"['automobile', 'horse', 'ship', 'airplane']",airplane
9682,8,"['horse', 'airplane', 'cat', 'frog']",horse
9683,9,"['dog', 'frog', 'cat', 'airplane']",airplane
9684,8,"['horse', 'airplane', 'cat', 'frog']",horse
9685,4,"['cat', 'automobile', 'frog', 'airplane']",automobile
9686,8,"['horse', 'airplane', 'cat', 'frog']",horse
9687,0,"['horse', 'deer', 'frog', 'cat']",horse
9688,5,"['frog', 'ship', 'airplane', 'automobile']",ship
9689,7,"['automobile', 'cat', 'airplane', 'frog']",cat
9690,1,"['bird', 'dog', 'frog', 'cat', 'airplane']",airplane
9691,4,"['cat', 'automobile', 'frog', 'airplane']",automobile
9692,8,"['horse', 'airplane', 'cat', 'frog']",horse
9693,8,"['horse', 'airplane', 'cat', 'frog']",horse
9694,3,"['frog', 'ship', 'automobile', 'airplane']",ship
9695,4,"['cat', 'automobile', 'frog', 'airplane']",automobile
9696,0,"['horse', 'deer', 'frog', 'cat']",horse
9697,0,"['horse', 'deer', 'frog', 'cat']",horse
9698,5,"['frog', 'ship', 'airplane', 'automobile']",ship
9699,8,"['horse', 'airplane', 'cat', 'frog']",horse
9700,3,"['frog', 'ship', 'automobile', 'airplane']",ship
9701,9,"['dog', 'frog', 'cat', 'airplane']",dog
9702,3,"['frog', 'ship', 'automobile', 'airplane']",ship
9703,5,"['frog', 'ship', 'airplane', 'automobile']",ship
9704,9,"['dog', 'frog', 'cat', 'airplane']",airplane
9705,9,"['dog', 'frog', 'cat', 'airplane']",airplane
9706,6,"['automobile', 'horse', 'ship', 'airplane']",airplane
9707,5,"['frog', 'ship', 'airplane', 'automobile']",ship
9708,8,"['horse', 'airplane', 'cat', 'frog']",horse
9709,6,"['automobile', 'horse', 'ship', 'airplane']",automobile
9710,3,"['frog', 'ship', 'automobile', 'airplane']",ship
9711,7,"['automobile', 'cat', 'airplane', 'frog']",cat
9712,2,"['ship', 'cat', 'automobile', 'airplane']",cat
9713,4,"['cat', 'automobile', 'frog', 'airplane']",airplane
9714,0,"['horse', 'deer', 'frog', 'cat']",horse
9715,9,"['dog', 'frog', 'cat', 'airplane']",dog
9716,2,"['ship', 'cat', 'automobile', 'airplane']",automobile
9717,1,"['bird', 'dog', 'frog', 'cat', 'airplane']",airplane
9718,0,"['horse', 'deer', 'frog', 'cat']",horse
9719,7,"['automobile', 'cat', 'airplane', 'frog']",cat
9720,3,"['frog', 'ship', 'automobile', 'airplane']",ship
9721,9,"['dog', 'frog', 'cat', 'airplane']",airplane
9722,8,"['horse', 'airplane', 'cat', 'frog']",horse
9723,8,"['horse', 'airplane', 'cat', 'frog']",horse
9724,4,"['cat', 'automobile', 'frog', 'airplane']",automobile
9725,7,"['automobile', 'cat', 'airplane', 'frog']",cat
9726,7,"['automobile', 'cat', 'airplane', 'frog']",cat
9727,6,"['automobile', 'horse', 'ship', 'airplane']",airplane
9728,9,"['dog', 'frog', 'cat', 'airplane']",dog
9729,5,"['frog', 'ship', 'airplane', 'automobile']",ship
9730,8,"['horse', 'airplane', 'cat', 'frog']",horse
9731,4,"['cat', 'automobile', 'frog', 'airplane']",automobile
9732,6,"['automobile', 'horse', 'ship', 'airplane']",airplane
9733,2,"['ship', 'cat', 'automobile', 'airplane']",cat
9734,2,"['ship', 'cat', 'automobile', 'airplane']",automobile
9735,7,"['automobile', 'cat', 'airplane', 'frog']",cat
9736,6,"['automobile', 'horse', 'ship', 'airplane']",airplane
9737,3,"['frog', 'ship', 'automobile', 'airplane']",ship
9738,3,"['frog', 'ship', 'automobile', 'airplane']",ship
9739,9,"['dog', 'frog', 'cat', 'airplane']",dog
9740,2,"['ship', 'cat', 'automobile', 'airplane']",cat
9741,7,"['automobile', 'cat', 'airplane', 'frog']",cat
9742,6,"['automobile', 'horse', 'ship', 'airplane']",airplane
9743,8,"['horse', 'airplane', 'cat', 'frog']",horse
9744,1,"['bird', 'dog', 'frog', 'cat', 'airplane']",airplane
9745,1,"['bird', 'dog', 'frog', 'cat', 'airplane']",airplane
9746,5,"['frog', 'ship', 'airplane', 'automobile']",ship
9747,8,"['horse', 'airplane', 'cat', 'frog']",horse
9748,5,"['frog', 'ship', 'airplane', 'automobile']",ship
9749,4,"['cat', 'automobile', 'frog', 'airplane']",automobile
9750,4,"['cat', 'automobile', 'frog', 'airplane']",automobile
9751,0,"['horse', 'deer', 'frog', 'cat']",horse
9752,3,"['frog', 'ship', 'automobile', 'airplane']",ship
9753,6,"['automobile', 'horse', 'ship', 'airplane']",airplane
9754,1,"['bird', 'dog', 'frog', 'cat', 'airplane']",airplane
9755,0,"['horse', 'deer', 'frog', 'cat']",horse
9756,6,"['automobile', 'horse', 'ship', 'airplane']",ship
9757,2,"['ship', 'cat', 'automobile', 'airplane']",automobile
9758,6,"['automobile', 'horse', 'ship', 'airplane']",airplane
9759,0,"['horse', 'deer', 'frog', 'cat']",horse
9760,3,"['frog', 'ship', 'automobile', 'airplane']",ship
9761,4,"['cat', 'automobile', 'frog', 'airplane']",automobile
9762,6,"['automobile', 'horse', 'ship', 'airplane']",airplane
9763,2,"['ship', 'cat', 'automobile', 'airplane']",cat
9764,6,"['automobile', 'horse', 'ship', 'airplane']",automobile
9765,1,"['bird', 'dog', 'frog', 'cat', 'airplane']",airplane
9766,1,"['bird', 'dog', 'frog', 'cat', 'airplane']",airplane
9767,0,"['horse', 'deer', 'frog', 'cat']",horse
9768,7,"['automobile', 'cat', 'airplane', 'frog']",cat
9769,6,"['automobile', 'horse', 'ship', 'airplane']",airplane
9770,5,"['frog', 'ship', 'airplane', 'automobile']",ship
9771,4,"['cat', 'automobile', 'frog', 'airplane']",automobile
9772,5,"['frog', 'ship', 'airplane', 'automobile']",ship
9773,7,"['automobile', 'cat', 'airplane', 'frog']",cat
9774,1,"['bird', 'dog', 'frog', 'cat', 'airplane']",airplane
9775,4,"['cat', 'automobile', 'frog', 'airplane']",automobile
9776,4,"['cat', 'automobile', 'frog', 'airplane']",automobile
9777,4,"['cat', 'automobile', 'frog', 'airplane']",automobile
9778,7,"['automobile', 'cat', 'airplane', 'frog']",airplane
9779,4,"['cat', 'automobile', 'frog', 'airplane']",automobile
9780,4,"['cat', 'automobile', 'frog', 'airplane']",automobile
9781,1,"['bird', 'dog', 'frog', 'cat', 'airplane']",airplane
9782,4,"['cat', 'automobile', 'frog', 'airplane']",automobile
9783,3,"['frog', 'ship', 'automobile', 'airplane']",ship
9784,6,"['automobile', 'horse', 'ship', 'airplane']",ship
9785,6,"['automobile', 'horse', 'ship', 'airplane']",ship
9786,8,"['horse', 'airplane', 'cat', 'frog']",horse
9787,9,"['dog', 'frog', 'cat', 'airplane']",dog
9788,6,"['automobile', 'horse', 'ship', 'airplane']",automobile
9789,7,"['automobile', 'cat', 'airplane', 'frog']",cat
9790,2,"['ship', 'cat', 'automobile', 'airplane']",cat
9791,4,"['cat', 'automobile', 'frog', 'airplane']",automobile
9792,3,"['frog', 'ship', 'automobile', 'airplane']",ship
9793,5,"['frog', 'ship', 'airplane', 'automobile']",ship
9794,3,"['frog', 'ship', 'automobile', 'airplane']",ship
9795,7,"['automobile', 'cat', 'airplane', 'frog']",frog
9796,8,"['horse', 'airplane', 'cat', 'frog']",horse
9797,6,"['automobile', 'horse', 'ship', 'airplane']",ship
9798,2,"['ship', 'cat', 'automobile', 'airplane']",cat
9799,0,"['horse', 'deer', 'frog', 'cat']",horse
9800,0,"['horse', 'deer', 'frog', 'cat']",horse
9801,0,"['horse', 'deer', 'frog', 'cat']",horse
9802,2,"['ship', 'cat', 'automobile', 'airplane']",cat
9803,2,"['ship', 'cat', 'automobile', 'airplane']",cat
9804,5,"['frog', 'ship', 'airplane', 'automobile']",ship
9805,7,"['automobile', 'cat', 'airplane', 'frog']",airplane
9806,1,"['bird', 'dog', 'frog', 'cat', 'airplane']",airplane
9807,9,"['dog', 'frog', 'cat', 'airplane']",airplane
9808,6,"['automobile', 'horse', 'ship', 'airplane']",ship
9809,1,"['bird', 'dog', 'frog', 'cat', 'airplane']",airplane
9810,9,"['dog', 'frog', 'cat', 'airplane']",dog
9811,5,"['frog', 'ship', 'airplane', 'automobile']",ship
9812,9,"['dog', 'frog', 'cat', 'airplane']",airplane
9813,0,"['horse', 'deer', 'frog', 'cat']",horse
9814,6,"['automobile', 'horse', 'ship', 'airplane']",airplane
9815,5,"['frog', 'ship', 'airplane', 'automobile']",ship
9816,4,"['cat', 'automobile', 'frog', 'airplane']",automobile
9817,3,"['frog', 'ship', 'automobile', 'airplane']",ship
9818,8,"['horse', 'airplane', 'cat', 'frog']",horse
9819,0,"['horse', 'deer', 'frog', 'cat']",horse
9820,6,"['automobile', 'horse', 'ship', 'airplane']",ship
9821,7,"['automobile', 'cat', 'airplane', 'frog']",cat
9822,1,"['bird', 'dog', 'frog', 'cat', 'airplane']",airplane
9823,7,"['automobile', 'cat', 'airplane', 'frog']",frog
9824,4,"['cat', 'automobile', 'frog', 'airplane']",automobile
9825,9,"['dog', 'frog', 'cat', 'airplane']",dog
9826,8,"['horse', 'airplane', 'cat', 'frog']",horse
9827,2,"['ship', 'cat', 'automobile', 'airplane']",cat
9828,6,"['automobile', 'horse', 'ship', 'airplane']",airplane
9829,7,"['automobile', 'cat', 'airplane', 'frog']",airplane
9830,3,"['frog', 'ship', 'automobile', 'airplane']",ship
9831,0,"['horse', 'deer', 'frog', 'cat']",horse
9832,5,"['frog', 'ship', 'airplane', 'automobile']",ship
9833,6,"['automobile', 'horse', 'ship', 'airplane']",airplane
9834,7,"['automobile', 'cat', 'airplane', 'frog']",cat
9835,5,"['frog', 'ship', 'airplane', 'automobile']",ship
9836,7,"['automobile', 'cat', 'airplane', 'frog']",cat
9837,1,"['bird', 'dog', 'frog', 'cat', 'airplane']",airplane
9838,6,"['automobile', 'horse', 'ship', 'airplane']",airplane
9839,6,"['automobile', 'horse', 'ship', 'airplane']",airplane
9840,4,"['cat', 'automobile', 'frog', 'airplane']",automobile
9841,3,"['frog', 'ship', 'automobile', 'airplane']",ship
9842,3,"['frog', 'ship', 'automobile', 'airplane']",ship
9843,9,"['dog', 'frog', 'cat', 'airplane']",dog
9844,8,"['horse', 'airplane', 'cat', 'frog']",horse
9845,4,"['cat', 'automobile', 'frog', 'airplane']",automobile
9846,3,"['frog', 'ship', 'automobile', 'airplane']",ship
9847,6,"['automobile', 'horse', 'ship', 'airplane']",airplane
9848,4,"['cat', 'automobile', 'frog', 'airplane']",automobile
9849,1,"['bird', 'dog', 'frog', 'cat', 'airplane']",airplane
9850,6,"['automobile', 'horse', 'ship', 'airplane']",ship
9851,7,"['automobile', 'cat', 'airplane', 'frog']",cat
9852,4,"['cat', 'automobile', 'frog', 'airplane']",automobile
9853,0,"['horse', 'deer', 'frog', 'cat']",horse
9854,1,"['bird', 'dog', 'frog', 'cat', 'airplane']",airplane
9855,6,"['automobile', 'horse', 'ship', 'airplane']",ship
9856,3,"['frog', 'ship', 'automobile', 'airplane']",ship
9857,1,"['bird', 'dog', 'frog', 'cat', 'airplane']",airplane
9858,2,"['ship', 'cat', 'automobile', 'airplane']",cat
9859,0,"['horse', 'deer', 'frog', 'cat']",horse
9860,0,"['horse', 'deer', 'frog', 'cat']",horse
9861,8,"['horse', 'airplane', 'cat', 'frog']",horse
9862,6,"['automobile', 'horse', 'ship', 'airplane']",airplane
9863,1,"['bird', 'dog', 'frog', 'cat', 'airplane']",airplane
9864,6,"['automobile', 'horse', 'ship', 'airplane']",airplane
9865,3,"['frog', 'ship', 'automobile', 'airplane']",ship
9866,8,"['horse', 'airplane', 'cat', 'frog']",horse
9867,5,"['frog', 'ship', 'airplane', 'automobile']",ship
9868,0,"['horse', 'deer', 'frog', 'cat']",horse
9869,9,"['dog', 'frog', 'cat', 'airplane']",airplane
9870,1,"['bird', 'dog', 'frog', 'cat', 'airplane']",airplane
9871,5,"['frog', 'ship', 'airplane', 'automobile']",ship
9872,4,"['cat', 'automobile', 'frog', 'airplane']",automobile
9873,4,"['cat', 'automobile', 'frog', 'airplane']",automobile
9874,0,"['horse', 'deer', 'frog', 'cat']",horse
9875,5,"['frog', 'ship', 'airplane', 'automobile']",ship
9876,2,"['ship', 'cat', 'automobile', 'airplane']",cat
9877,6,"['automobile', 'horse', 'ship', 'airplane']",ship
9878,1,"['bird', 'dog', 'frog', 'cat', 'airplane']",airplane
9879,5,"['frog', 'ship', 'airplane', 'automobile']",ship
9880,9,"['dog', 'frog', 'cat', 'airplane']",airplane
9881,0,"['horse', 'deer', 'frog', 'cat']",horse
9882,8,"['horse', 'airplane', 'cat', 'frog']",horse
9883,8,"['horse', 'airplane', 'cat', 'frog']",horse
9884,1,"['bird', 'dog', 'frog', 'cat', 'airplane']",airplane
9885,4,"['cat', 'automobile', 'frog', 'airplane']",automobile
9886,9,"['dog', 'frog', 'cat', 'airplane']",dog
9887,4,"['cat', 'automobile', 'frog', 'airplane']",airplane
9888,4,"['cat', 'automobile', 'frog', 'airplane']",automobile
9889,1,"['bird', 'dog', 'frog', 'cat', 'airplane']",airplane
9890,0,"['horse', 'deer', 'frog', 'cat']",horse
9891,7,"['automobile', 'cat', 'airplane', 'frog']",cat
9892,3,"['frog', 'ship', 'automobile', 'airplane']",ship
9893,9,"['dog', 'frog', 'cat', 'airplane']",dog
9894,1,"['bird', 'dog', 'frog', 'cat', 'airplane']",airplane
9895,0,"['horse', 'deer', 'frog', 'cat']",horse
9896,2,"['ship', 'cat', 'automobile', 'airplane']",cat
9897,3,"['frog', 'ship', 'automobile', 'airplane']",ship
9898,1,"['bird', 'dog', 'frog', 'cat', 'airplane']",airplane
9899,5,"['frog', 'ship', 'airplane', 'automobile']",ship
9900,2,"['ship', 'cat', 'automobile', 'airplane']",cat
9901,6,"['automobile', 'horse', 'ship', 'airplane']",ship
9902,9,"['dog', 'frog', 'cat', 'airplane']",dog
9903,2,"['ship', 'cat', 'automobile', 'airplane']",cat
9904,3,"['frog', 'ship', 'automobile', 'airplane']",ship
9905,0,"['horse', 'deer', 'frog', 'cat']",horse
9906,7,"['automobile', 'cat', 'airplane', 'frog']",airplane
9907,4,"['cat', 'automobile', 'frog', 'airplane']",automobile
9908,3,"['frog', 'ship', 'automobile', 'airplane']",ship
9909,3,"['frog', 'ship', 'automobile', 'airplane']",ship
9910,0,"['horse', 'deer', 'frog', 'cat']",horse
9911,9,"['dog', 'frog', 'cat', 'airplane']",airplane
9912,3,"['frog', 'ship', 'automobile', 'airplane']",ship
9913,8,"['horse', 'airplane', 'cat', 'frog']",horse
9914,3,"['frog', 'ship', 'automobile', 'airplane']",ship
9915,4,"['cat', 'automobile', 'frog', 'airplane']",automobile
9916,2,"['ship', 'cat', 'automobile', 'airplane']",automobile
9917,2,"['ship', 'cat', 'automobile', 'airplane']",cat
9918,1,"['bird', 'dog', 'frog', 'cat', 'airplane']",airplane
9919,9,"['dog', 'frog', 'cat', 'airplane']",dog
9920,0,"['horse', 'deer', 'frog', 'cat']",horse
9921,2,"['ship', 'cat', 'automobile', 'airplane']",cat
9922,8,"['horse', 'airplane', 'cat', 'frog']",horse
9923,6,"['automobile', 'horse', 'ship', 'airplane']",automobile
9924,6,"['automobile', 'horse', 'ship', 'airplane']",airplane
9925,0,"['horse', 'deer', 'frog', 'cat']",horse
9926,3,"['frog', 'ship', 'automobile', 'airplane']",ship
9927,3,"['frog', 'ship', 'automobile', 'airplane']",ship
9928,6,"['automobile', 'horse', 'ship', 'airplane']",ship
9929,5,"['frog', 'ship', 'airplane', 'automobile']",ship
9930,3,"['frog', 'ship', 'automobile', 'airplane']",ship
9931,4,"['cat', 'automobile', 'frog', 'airplane']",automobile
9932,1,"['bird', 'dog', 'frog', 'cat', 'airplane']",airplane
9933,2,"['ship', 'cat', 'automobile', 'airplane']",automobile
9934,0,"['horse', 'deer', 'frog', 'cat']",horse
9935,8,"['horse', 'airplane', 'cat', 'frog']",horse
9936,9,"['dog', 'frog', 'cat', 'airplane']",airplane
9937,4,"['cat', 'automobile', 'frog', 'airplane']",automobile
9938,1,"['bird', 'dog', 'frog', 'cat', 'airplane']",airplane
9939,7,"['automobile', 'cat', 'airplane', 'frog']",cat
9940,2,"['ship', 'cat', 'automobile', 'airplane']",cat
9941,6,"['automobile', 'horse', 'ship', 'airplane']",airplane
9942,1,"['bird', 'dog', 'frog', 'cat', 'airplane']",airplane
9943,3,"['frog', 'ship', 'automobile', 'airplane']",ship
9944,3,"['frog', 'ship', 'automobile', 'airplane']",ship
9945,0,"['horse', 'deer', 'frog', 'cat']",frog
9946,1,"['bird', 'dog', 'frog', 'cat', 'airplane']",airplane
9947,9,"['dog', 'frog', 'cat', 'airplane']",dog
9948,5,"['frog', 'ship', 'airplane', 'automobile']",ship
9949,4,"['cat', 'automobile', 'frog', 'airplane']",airplane
9950,4,"['cat', 'automobile', 'frog', 'airplane']",automobile
9951,8,"['horse', 'airplane', 'cat', 'frog']",horse
9952,2,"['ship', 'cat', 'automobile', 'airplane']",cat
9953,6,"['automobile', 'horse', 'ship', 'airplane']",airplane
9954,2,"['ship', 'cat', 'automobile', 'airplane']",cat
9955,9,"['dog', 'frog', 'cat', 'airplane']",airplane
9956,7,"['automobile', 'cat', 'airplane', 'frog']",cat
9957,7,"['automobile', 'cat', 'airplane', 'frog']",frog
9958,7,"['automobile', 'cat', 'airplane', 'frog']",airplane
9959,9,"['dog', 'frog', 'cat', 'airplane']",dog
9960,8,"['horse', 'airplane', 'cat', 'frog']",horse
9961,9,"['dog', 'frog', 'cat', 'airplane']",airplane
9962,4,"['cat', 'automobile', 'frog', 'airplane']",automobile
9963,4,"['cat', 'automobile', 'frog', 'airplane']",automobile
9964,7,"['automobile', 'cat', 'airplane', 'frog']",cat
9965,1,"['bird', 'dog', 'frog', 'cat', 'airplane']",airplane
9966,0,"['horse', 'deer', 'frog', 'cat']",horse
9967,4,"['cat', 'automobile', 'frog', 'airplane']",automobile
9968,3,"['frog', 'ship', 'automobile', 'airplane']",ship
9969,6,"['automobile', 'horse', 'ship', 'airplane']",airplane
9970,3,"['frog', 'ship', 'automobile', 'airplane']",ship
9971,9,"['dog', 'frog', 'cat', 'airplane']",airplane
9972,8,"['horse', 'airplane', 'cat', 'frog']",horse
9973,3,"['frog', 'ship', 'automobile', 'airplane']",ship
9974,6,"['automobile', 'horse', 'ship', 'airplane']",airplane
9975,8,"['horse', 'airplane', 'cat', 'frog']",horse
9976,3,"['frog', 'ship', 'automobile', 'airplane']",ship
9977,6,"['automobile', 'horse', 'ship', 'airplane']",airplane
9978,6,"['automobile', 'horse', 'ship', 'airplane']",ship
9979,2,"['ship', 'cat', 'automobile', 'airplane']",automobile
9980,6,"['automobile', 'horse', 'ship', 'airplane']",ship
9981,7,"['automobile', 'cat', 'airplane', 'frog']",cat
9982,3,"['frog', 'ship', 'automobile', 'airplane']",ship
9983,0,"['horse', 'deer', 'frog', 'cat']",horse
9984,0,"['horse', 'deer', 'frog', 'cat']",horse
9985,0,"['horse', 'deer', 'frog', 'cat']",horse
9986,2,"['ship', 'cat', 'automobile', 'airplane']",cat
9987,5,"['frog', 'ship', 'airplane', 'automobile']",ship
9988,1,"['bird', 'dog', 'frog', 'cat', 'airplane']",airplane
9989,2,"['ship', 'cat', 'automobile', 'airplane']",ship
9990,9,"['dog', 'frog', 'cat', 'airplane']",airplane
9991,2,"['ship', 'cat', 'automobile', 'airplane']",cat
9992,2,"['ship', 'cat', 'automobile', 'airplane']",ship
9993,1,"['bird', 'dog', 'frog', 'cat', 'airplane']",airplane
9994,6,"['automobile', 'horse', 'ship', 'airplane']",ship
9995,3,"['frog', 'ship', 'automobile', 'airplane']",ship
9996,9,"['dog', 'frog', 'cat', 'airplane']",airplane
9997,1,"['bird', 'dog', 'frog', 'cat', 'airplane']",airplane
9998,1,"['bird', 'dog', 'frog', 'cat', 'airplane']",airplane
9999,5,"['frog', 'ship', 'airplane', 'automobile']",ship
10000,1,"['bird', 'dog', 'frog', 'cat', 'airplane']",airplane
10001,6,"['automobile', 'horse', 'ship', 'airplane']",airplane
10002,6,"['automobile', 'horse', 'ship', 'airplane']",ship
10003,8,"['horse', 'airplane', 'cat', 'frog']",horse
10004,8,"['horse', 'airplane', 'cat', 'frog']",horse
10005,3,"['frog', 'ship', 'automobile', 'airplane']",ship
10006,4,"['cat', 'automobile', 'frog', 'airplane']",automobile
10007,6,"['automobile', 'horse', 'ship', 'airplane']",airplane
10008,0,"['horse', 'deer', 'frog', 'cat']",horse
10009,6,"['automobile', 'horse', 'ship', 'airplane']",airplane
10010,0,"['horse', 'deer', 'frog', 'cat']",horse
10011,3,"['frog', 'ship', 'automobile', 'airplane']",ship
10012,6,"['automobile', 'horse', 'ship', 'airplane']",ship
10013,6,"['automobile', 'horse', 'ship', 'airplane']",airplane
10014,5,"['frog', 'ship', 'airplane', 'automobile']",ship
10015,4,"['cat', 'automobile', 'frog', 'airplane']",automobile
10016,8,"['horse', 'airplane', 'cat', 'frog']",horse
10017,3,"['frog', 'ship', 'automobile', 'airplane']",ship
10018,2,"['ship', 'cat', 'automobile', 'airplane']",cat
10019,6,"['automobile', 'horse', 'ship', 'airplane']",airplane
10020,0,"['horse', 'deer', 'frog', 'cat']",horse
10021,3,"['frog', 'ship', 'automobile', 'airplane']",ship
10022,1,"['bird', 'dog', 'frog', 'cat', 'airplane']",airplane
10023,4,"['cat', 'automobile', 'frog', 'airplane']",automobile
10024,0,"['horse', 'deer', 'frog', 'cat']",horse
10025,6,"['automobile', 'horse', 'ship', 'airplane']",airplane
10026,6,"['automobile', 'horse', 'ship', 'airplane']",horse
10027,2,"['ship', 'cat', 'automobile', 'airplane']",cat
10028,7,"['automobile', 'cat', 'airplane', 'frog']",cat
10029,6,"['automobile', 'horse', 'ship', 'airplane']",ship
10030,9,"['dog', 'frog', 'cat', 'airplane']",airplane
10031,0,"['horse', 'deer', 'frog', 'cat']",horse
10032,4,"['cat', 'automobile', 'frog', 'airplane']",automobile
10033,5,"['frog', 'ship', 'airplane', 'automobile']",ship
10034,7,"['automobile', 'cat', 'airplane', 'frog']",airplane
10035,1,"['bird', 'dog', 'frog', 'cat', 'airplane']",dog
10036,6,"['automobile', 'horse', 'ship', 'airplane']",horse
10037,7,"['automobile', 'cat', 'airplane', 'frog']",airplane
10038,9,"['dog', 'frog', 'cat', 'airplane']",airplane
10039,1,"['bird', 'dog', 'frog', 'cat', 'airplane']",airplane
10040,7,"['automobile', 'cat', 'airplane', 'frog']",cat
10041,7,"['automobile', 'cat', 'airplane', 'frog']",cat
10042,8,"['horse', 'airplane', 'cat', 'frog']",horse
10043,0,"['horse', 'deer', 'frog', 'cat']",horse
10044,3,"['frog', 'ship', 'automobile', 'airplane']",ship
10045,7,"['automobile', 'cat', 'airplane', 'frog']",airplane
10046,4,"['cat', 'automobile', 'frog', 'airplane']",automobile
10047,7,"['automobile', 'cat', 'airplane', 'frog']",cat
10048,3,"['frog', 'ship', 'automobile', 'airplane']",ship
10049,1,"['bird', 'dog', 'frog', 'cat', 'airplane']",airplane
10050,0,"['horse', 'deer', 'frog', 'cat']",horse
10051,4,"['cat', 'automobile', 'frog', 'airplane']",automobile
10052,6,"['automobile', 'horse', 'ship', 'airplane']",airplane
10053,6,"['automobile', 'horse', 'ship', 'airplane']",airplane
10054,1,"['bird', 'dog', 'frog', 'cat', 'airplane']",airplane
10055,4,"['cat', 'automobile', 'frog', 'airplane']",automobile
10056,9,"['dog', 'frog', 'cat', 'airplane']",airplane
10057,2,"['ship', 'cat', 'automobile', 'airplane']",cat
10058,6,"['automobile', 'horse', 'ship', 'airplane']",ship
10059,4,"['cat', 'automobile', 'frog', 'airplane']",automobile
10060,5,"['frog', 'ship', 'airplane', 'automobile']",ship
10061,0,"['horse', 'deer', 'frog', 'cat']",horse
10062,4,"['cat', 'automobile', 'frog', 'airplane']",automobile
10063,6,"['automobile', 'horse', 'ship', 'airplane']",airplane
10064,0,"['horse', 'deer', 'frog', 'cat']",horse
10065,8,"['horse', 'airplane', 'cat', 'frog']",horse
10066,3,"['frog', 'ship', 'automobile', 'airplane']",ship
10067,4,"['cat', 'automobile', 'frog', 'airplane']",automobile
10068,8,"['horse', 'airplane', 'cat', 'frog']",horse
10069,8,"['horse', 'airplane', 'cat', 'frog']",horse
10070,3,"['frog', 'ship', 'automobile', 'airplane']",ship
10071,9,"['dog', 'frog', 'cat', 'airplane']",dog
10072,5,"['frog', 'ship', 'airplane', 'automobile']",ship
10073,7,"['automobile', 'cat', 'airplane', 'frog']",cat
10074,1,"['bird', 'dog', 'frog', 'cat', 'airplane']",airplane
10075,9,"['dog', 'frog', 'cat', 'airplane']",dog
10076,4,"['cat', 'automobile', 'frog', 'airplane']",automobile
10077,7,"['automobile', 'cat', 'airplane', 'frog']",cat
10078,9,"['dog', 'frog', 'cat', 'airplane']",airplane
10079,1,"['bird', 'dog', 'frog', 'cat', 'airplane']",airplane
10080,9,"['dog', 'frog', 'cat', 'airplane']",airplane
10081,7,"['automobile', 'cat', 'airplane', 'frog']",cat
10082,5,"['frog', 'ship', 'airplane', 'automobile']",ship
10083,2,"['ship', 'cat', 'automobile', 'airplane']",cat
10084,7,"['automobile', 'cat', 'airplane', 'frog']",frog
10085,3,"['frog', 'ship', 'automobile', 'airplane']",ship
10086,4,"['cat', 'automobile', 'frog', 'airplane']",automobile
10087,8,"['horse', 'airplane', 'cat', 'frog']",horse
10088,8,"['horse', 'airplane', 'cat', 'frog']",airplane
10089,2,"['ship', 'cat', 'automobile', 'airplane']",cat
10090,1,"['bird', 'dog', 'frog', 'cat', 'airplane']",airplane
10091,5,"['frog', 'ship', 'airplane', 'automobile']",ship
10092,9,"['dog', 'frog', 'cat', 'airplane']",dog
10093,2,"['ship', 'cat', 'automobile', 'airplane']",cat
10094,7,"['automobile', 'cat', 'airplane', 'frog']",cat
10095,8,"['horse', 'airplane', 'cat', 'frog']",horse
10096,8,"['horse', 'airplane', 'cat', 'frog']",cat
10097,6,"['automobile', 'horse', 'ship', 'airplane']",airplane
10098,8,"['horse', 'airplane', 'cat', 'frog']",horse
10099,8,"['horse', 'airplane', 'cat', 'frog']",horse
10100,1,"['bird', 'dog', 'frog', 'cat', 'airplane']",airplane
10101,3,"['frog', 'ship', 'automobile', 'airplane']",ship
10102,8,"['horse', 'airplane', 'cat', 'frog']",horse
10103,8,"['horse', 'airplane', 'cat', 'frog']",horse
10104,5,"['frog', 'ship', 'airplane', 'automobile']",ship
10105,4,"['cat', 'automobile', 'frog', 'airplane']",automobile
10106,7,"['automobile', 'cat', 'airplane', 'frog']",cat
10107,1,"['bird', 'dog', 'frog', 'cat', 'airplane']",airplane
10108,6,"['automobile', 'horse', 'ship', 'airplane']",airplane
10109,6,"['automobile', 'horse', 'ship', 'airplane']",horse
10110,1,"['bird', 'dog', 'frog', 'cat', 'airplane']",airplane
10111,6,"['automobile', 'horse', 'ship', 'airplane']",airplane
10112,1,"['bird', 'dog', 'frog', 'cat', 'airplane']",airplane
10113,6,"['automobile', 'horse', 'ship', 'airplane']",ship
10114,7,"['automobile', 'cat', 'airplane', 'frog']",airplane
10115,0,"['horse', 'deer', 'frog', 'cat']",horse
10116,4,"['cat', 'automobile', 'frog', 'airplane']",automobile
10117,6,"['automobile', 'horse', 'ship', 'airplane']",airplane
10118,9,"['dog', 'frog', 'cat', 'airplane']",airplane
10119,5,"['frog', 'ship', 'airplane', 'automobile']",ship
10120,8,"['horse', 'airplane', 'cat', 'frog']",horse
10121,7,"['automobile', 'cat', 'airplane', 'frog']",cat
10122,1,"['bird', 'dog', 'frog', 'cat', 'airplane']",airplane
10123,9,"['dog', 'frog', 'cat', 'airplane']",dog
10124,0,"['horse', 'deer', 'frog', 'cat']",horse
10125,3,"['frog', 'ship', 'automobile', 'airplane']",ship
10126,3,"['frog', 'ship', 'automobile', 'airplane']",ship
10127,7,"['automobile', 'cat', 'airplane', 'frog']",cat
10128,6,"['automobile', 'horse', 'ship', 'airplane']",airplane
10129,9,"['dog', 'frog', 'cat', 'airplane']",airplane
10130,0,"['horse', 'deer', 'frog', 'cat']",horse
10131,4,"['cat', 'automobile', 'frog', 'airplane']",automobile
10132,7,"['automobile', 'cat', 'airplane', 'frog']",cat
10133,1,"['bird', 'dog', 'frog', 'cat', 'airplane']",airplane
10134,4,"['cat', 'automobile', 'frog', 'airplane']",automobile
10135,3,"['frog', 'ship', 'automobile', 'airplane']",ship
10136,4,"['cat', 'automobile', 'frog', 'airplane']",automobile
10137,3,"['frog', 'ship', 'automobile', 'airplane']",ship
10138,9,"['dog', 'frog', 'cat', 'airplane']",dog
10139,8,"['horse', 'airplane', 'cat', 'frog']",horse
10140,7,"['automobile', 'cat', 'airplane', 'frog']",cat
10141,0,"['horse', 'deer', 'frog', 'cat']",horse
10142,8,"['horse', 'airplane', 'cat', 'frog']",horse
10143,3,"['frog', 'ship', 'automobile', 'airplane']",frog
10144,9,"['dog', 'frog', 'cat', 'airplane']",dog
10145,1,"['bird', 'dog', 'frog', 'cat', 'airplane']",airplane
10146,0,"['horse', 'deer', 'frog', 'cat']",horse
10147,8,"['horse', 'airplane', 'cat', 'frog']",horse
10148,0,"['horse', 'deer', 'frog', 'cat']",horse
10149,9,"['dog', 'frog', 'cat', 'airplane']",airplane
10150,4,"['cat', 'automobile', 'frog', 'airplane']",automobile
10151,0,"['horse', 'deer', 'frog', 'cat']",horse
10152,2,"['ship', 'cat', 'automobile', 'airplane']",cat
10153,1,"['bird', 'dog', 'frog', 'cat', 'airplane']",airplane
10154,4,"['cat', 'automobile', 'frog', 'airplane']",automobile
10155,2,"['ship', 'cat', 'automobile', 'airplane']",cat
10156,7,"['automobile', 'cat', 'airplane', 'frog']",cat
10157,1,"['bird', 'dog', 'frog', 'cat', 'airplane']",airplane
10158,7,"['automobile', 'cat', 'airplane', 'frog']",cat
10159,0,"['horse', 'deer', 'frog', 'cat']",horse
10160,2,"['ship', 'cat', 'automobile', 'airplane']",automobile
10161,9,"['dog', 'frog', 'cat', 'airplane']",dog
10162,7,"['automobile', 'cat', 'airplane', 'frog']",cat
10163,9,"['dog', 'frog', 'cat', 'airplane']",airplane
10164,8,"['horse', 'airplane', 'cat', 'frog']",horse
10165,6,"['automobile', 'horse', 'ship', 'airplane']",ship
10166,4,"['cat', 'automobile', 'frog', 'airplane']",airplane
10167,4,"['cat', 'automobile', 'frog', 'airplane']",automobile
10168,1,"['bird', 'dog', 'frog', 'cat', 'airplane']",airplane
10169,1,"['bird', 'dog', 'frog', 'cat', 'airplane']",airplane
10170,7,"['automobile', 'cat', 'airplane', 'frog']",airplane
10171,8,"['horse', 'airplane', 'cat', 'frog']",airplane
10172,8,"['horse', 'airplane', 'cat', 'frog']",horse
10173,6,"['automobile', 'horse', 'ship', 'airplane']",airplane
10174,4,"['cat', 'automobile', 'frog', 'airplane']",automobile
10175,5,"['frog', 'ship', 'airplane', 'automobile']",ship
10176,6,"['automobile', 'horse', 'ship', 'airplane']",airplane
10177,3,"['frog', 'ship', 'automobile', 'airplane']",ship
10178,9,"['dog', 'frog', 'cat', 'airplane']",airplane
10179,4,"['cat', 'automobile', 'frog', 'airplane']",automobile
10180,2,"['ship', 'cat', 'automobile', 'airplane']",cat
10181,5,"['frog', 'ship', 'airplane', 'automobile']",ship
10182,3,"['frog', 'ship', 'automobile', 'airplane']",ship
10183,6,"['automobile', 'horse', 'ship', 'airplane']",airplane
10184,7,"['automobile', 'cat', 'airplane', 'frog']",airplane
10185,7,"['automobile', 'cat', 'airplane', 'frog']",frog
10186,3,"['frog', 'ship', 'automobile', 'airplane']",ship
10187,9,"['dog', 'frog', 'cat', 'airplane']",dog
10188,1,"['bird', 'dog', 'frog', 'cat', 'airplane']",airplane
10189,3,"['frog', 'ship', 'automobile', 'airplane']",ship
10190,1,"['bird', 'dog', 'frog', 'cat', 'airplane']",airplane
10191,8,"['horse', 'airplane', 'cat', 'frog']",horse
10192,3,"['frog', 'ship', 'automobile', 'airplane']",ship
10193,3,"['frog', 'ship', 'automobile', 'airplane']",ship
10194,5,"['frog', 'ship', 'airplane', 'automobile']",ship
10195,6,"['automobile', 'horse', 'ship', 'airplane']",ship
10196,4,"['cat', 'automobile', 'frog', 'airplane']",automobile
10197,0,"['horse', 'deer', 'frog', 'cat']",horse
10198,9,"['dog', 'frog', 'cat', 'airplane']",airplane
10199,6,"['automobile', 'horse', 'ship', 'airplane']",automobile
10200,6,"['automobile', 'horse', 'ship', 'airplane']",airplane
10201,5,"['frog', 'ship', 'airplane', 'automobile']",ship
10202,0,"['horse', 'deer', 'frog', 'cat']",horse
10203,6,"['automobile', 'horse', 'ship', 'airplane']",ship
10204,2,"['ship', 'cat', 'automobile', 'airplane']",automobile
10205,0,"['horse', 'deer', 'frog', 'cat']",horse
10206,5,"['frog', 'ship', 'airplane', 'automobile']",ship
10207,4,"['cat', 'automobile', 'frog', 'airplane']",automobile
10208,9,"['dog', 'frog', 'cat', 'airplane']",airplane
10209,3,"['frog', 'ship', 'automobile', 'airplane']",ship
10210,4,"['cat', 'automobile', 'frog', 'airplane']",automobile
10211,6,"['automobile', 'horse', 'ship', 'airplane']",airplane
10212,0,"['horse', 'deer', 'frog', 'cat']",horse
10213,6,"['automobile', 'horse', 'ship', 'airplane']",airplane
10214,7,"['automobile', 'cat', 'airplane', 'frog']",cat
10215,0,"['horse', 'deer', 'frog', 'cat']",horse
10216,7,"['automobile', 'cat', 'airplane', 'frog']",cat
10217,2,"['ship', 'cat', 'automobile', 'airplane']",cat
10218,6,"['automobile', 'horse', 'ship', 'airplane']",airplane
10219,9,"['dog', 'frog', 'cat', 'airplane']",airplane
10220,6,"['automobile', 'horse', 'ship', 'airplane']",airplane
10221,5,"['frog', 'ship', 'airplane', 'automobile']",ship
10222,4,"['cat', 'automobile', 'frog', 'airplane']",automobile
10223,5,"['frog', 'ship', 'airplane', 'automobile']",ship
10224,4,"['cat', 'automobile', 'frog', 'airplane']",automobile
10225,7,"['automobile', 'cat', 'airplane', 'frog']",cat
10226,7,"['automobile', 'cat', 'airplane', 'frog']",cat
10227,6,"['automobile', 'horse', 'ship', 'airplane']",airplane
10228,8,"['horse', 'airplane', 'cat', 'frog']",horse
10229,1,"['bird', 'dog', 'frog', 'cat', 'airplane']",airplane
10230,5,"['frog', 'ship', 'airplane', 'automobile']",ship
10231,9,"['dog', 'frog', 'cat', 'airplane']",airplane
10232,7,"['automobile', 'cat', 'airplane', 'frog']",frog
10233,8,"['horse', 'airplane', 'cat', 'frog']",horse
10234,8,"['horse', 'airplane', 'cat', 'frog']",horse
10235,7,"['automobile', 'cat', 'airplane', 'frog']",airplane
10236,1,"['bird', 'dog', 'frog', 'cat', 'airplane']",airplane
10237,4,"['cat', 'automobile', 'frog', 'airplane']",airplane
10238,6,"['automobile', 'horse', 'ship', 'airplane']",horse
10239,4,"['cat', 'automobile', 'frog', 'airplane']",automobile
10240,2,"['ship', 'cat', 'automobile', 'airplane']",cat
10241,2,"['ship', 'cat', 'automobile', 'airplane']",cat
10242,5,"['frog', 'ship', 'airplane', 'automobile']",ship
10243,0,"['horse', 'deer', 'frog', 'cat']",horse
10244,3,"['frog', 'ship', 'automobile', 'airplane']",ship
10245,8,"['horse', 'airplane', 'cat', 'frog']",horse
10246,9,"['dog', 'frog', 'cat', 'airplane']",airplane
10247,4,"['cat', 'automobile', 'frog', 'airplane']",automobile
10248,1,"['bird', 'dog', 'frog', 'cat', 'airplane']",airplane
10249,1,"['bird', 'dog', 'frog', 'cat', 'airplane']",airplane
10250,4,"['cat', 'automobile', 'frog', 'airplane']",automobile
10251,1,"['bird', 'dog', 'frog', 'cat', 'airplane']",airplane
10252,9,"['dog', 'frog', 'cat', 'airplane']",airplane
10253,6,"['automobile', 'horse', 'ship', 'airplane']",ship
10254,3,"['frog', 'ship', 'automobile', 'airplane']",ship
10255,3,"['frog', 'ship', 'automobile', 'airplane']",ship
10256,6,"['automobile', 'horse', 'ship', 'airplane']",automobile
10257,9,"['dog', 'frog', 'cat', 'airplane']",airplane
10258,5,"['frog', 'ship', 'airplane', 'automobile']",ship
10259,7,"['automobile', 'cat', 'airplane', 'frog']",cat
10260,6,"['automobile', 'horse', 'ship', 'airplane']",ship
10261,9,"['dog', 'frog', 'cat', 'airplane']",airplane
10262,4,"['cat', 'automobile', 'frog', 'airplane']",automobile
10263,2,"['ship', 'cat', 'automobile', 'airplane']",cat
10264,4,"['cat', 'automobile', 'frog', 'airplane']",automobile
10265,0,"['horse', 'deer', 'frog', 'cat']",horse
10266,0,"['horse', 'deer', 'frog', 'cat']",horse
10267,0,"['horse', 'deer', 'frog', 'cat']",horse
10268,8,"['horse', 'airplane', 'cat', 'frog']",horse
10269,7,"['automobile', 'cat', 'airplane', 'frog']",cat
10270,5,"['frog', 'ship', 'airplane', 'automobile']",ship
10271,1,"['bird', 'dog', 'frog', 'cat', 'airplane']",airplane
10272,8,"['horse', 'airplane', 'cat', 'frog']",horse
10273,6,"['automobile', 'horse', 'ship', 'airplane']",ship
10274,7,"['automobile', 'cat', 'airplane', 'frog']",cat
10275,0,"['horse', 'deer', 'frog', 'cat']",horse
10276,1,"['bird', 'dog', 'frog', 'cat', 'airplane']",airplane
10277,7,"['automobile', 'cat', 'airplane', 'frog']",cat
10278,7,"['automobile', 'cat', 'airplane', 'frog']",cat
10279,8,"['horse', 'airplane', 'cat', 'frog']",horse
10280,2,"['ship', 'cat', 'automobile', 'airplane']",automobile
10281,7,"['automobile', 'cat', 'airplane', 'frog']",cat
10282,4,"['cat', 'automobile', 'frog', 'airplane']",automobile
10283,8,"['horse', 'airplane', 'cat', 'frog']",horse
10284,8,"['horse', 'airplane', 'cat', 'frog']",horse
10285,9,"['dog', 'frog', 'cat', 'airplane']",airplane
10286,8,"['horse', 'airplane', 'cat', 'frog']",horse
10287,9,"['dog', 'frog', 'cat', 'airplane']",dog
10288,8,"['horse', 'airplane', 'cat', 'frog']",horse
10289,2,"['ship', 'cat', 'automobile', 'airplane']",automobile
10290,8,"['horse', 'airplane', 'cat', 'frog']",horse
10291,9,"['dog', 'frog', 'cat', 'airplane']",airplane
10292,1,"['bird', 'dog', 'frog', 'cat', 'airplane']",airplane
10293,3,"['frog', 'ship', 'automobile', 'airplane']",ship
10294,5,"['frog', 'ship', 'airplane', 'automobile']",ship
10295,7,"['automobile', 'cat', 'airplane', 'frog']",cat
10296,4,"['cat', 'automobile', 'frog', 'airplane']",automobile
10297,0,"['horse', 'deer', 'frog', 'cat']",horse
10298,1,"['bird', 'dog', 'frog', 'cat', 'airplane']",airplane
10299,4,"['cat', 'automobile', 'frog', 'airplane']",automobile
10300,4,"['cat', 'automobile', 'frog', 'airplane']",automobile
10301,0,"['horse', 'deer', 'frog', 'cat']",horse
10302,8,"['horse', 'airplane', 'cat', 'frog']",horse
10303,4,"['cat', 'automobile', 'frog', 'airplane']",automobile
10304,3,"['frog', 'ship', 'automobile', 'airplane']",ship
10305,7,"['automobile', 'cat', 'airplane', 'frog']",cat
10306,9,"['dog', 'frog', 'cat', 'airplane']",airplane
10307,7,"['automobile', 'cat', 'airplane', 'frog']",airplane
10308,7,"['automobile', 'cat', 'airplane', 'frog']",airplane
10309,9,"['dog', 'frog', 'cat', 'airplane']",airplane
10310,3,"['frog', 'ship', 'automobile', 'airplane']",ship
10311,6,"['automobile', 'horse', 'ship', 'airplane']",airplane
10312,9,"['dog', 'frog', 'cat', 'airplane']",dog
10313,8,"['horse', 'airplane', 'cat', 'frog']",horse
10314,1,"['bird', 'dog', 'frog', 'cat', 'airplane']",airplane
10315,5,"['frog', 'ship', 'airplane', 'automobile']",ship
10316,9,"['dog', 'frog', 'cat', 'airplane']",dog
10317,8,"['horse', 'airplane', 'cat', 'frog']",horse
10318,5,"['frog', 'ship', 'airplane', 'automobile']",ship
10319,5,"['frog', 'ship', 'airplane', 'automobile']",ship
10320,3,"['frog', 'ship', 'automobile', 'airplane']",ship
10321,3,"['frog', 'ship', 'automobile', 'airplane']",ship
10322,3,"['frog', 'ship', 'automobile', 'airplane']",ship
10323,0,"['horse', 'deer', 'frog', 'cat']",horse
10324,5,"['frog', 'ship', 'airplane', 'automobile']",ship
10325,1,"['bird', 'dog', 'frog', 'cat', 'airplane']",airplane
10326,0,"['horse', 'deer', 'frog', 'cat']",horse
10327,6,"['automobile', 'horse', 'ship', 'airplane']",horse
10328,7,"['automobile', 'cat', 'airplane', 'frog']",cat
10329,3,"['frog', 'ship', 'automobile', 'airplane']",ship
10330,0,"['horse', 'deer', 'frog', 'cat']",horse
10331,9,"['dog', 'frog', 'cat', 'airplane']",airplane
10332,0,"['horse', 'deer', 'frog', 'cat']",horse
10333,7,"['automobile', 'cat', 'airplane', 'frog']",cat
10334,0,"['horse', 'deer', 'frog', 'cat']",horse
10335,4,"['cat', 'automobile', 'frog', 'airplane']",frog
10336,8,"['horse', 'airplane', 'cat', 'frog']",horse
10337,8,"['horse', 'airplane', 'cat', 'frog']",horse
10338,0,"['horse', 'deer', 'frog', 'cat']",horse
10339,7,"['automobile', 'cat', 'airplane', 'frog']",cat
10340,0,"['horse', 'deer', 'frog', 'cat']",horse
10341,3,"['frog', 'ship', 'automobile', 'airplane']",ship
10342,9,"['dog', 'frog', 'cat', 'airplane']",airplane
10343,0,"['horse', 'deer', 'frog', 'cat']",horse
10344,8,"['horse', 'airplane', 'cat', 'frog']",horse
10345,6,"['automobile', 'horse', 'ship', 'airplane']",horse
10346,8,"['horse', 'airplane', 'cat', 'frog']",horse
10347,7,"['automobile', 'cat', 'airplane', 'frog']",cat
10348,7,"['automobile', 'cat', 'airplane', 'frog']",cat
10349,6,"['automobile', 'horse', 'ship', 'airplane']",ship
10350,4,"['cat', 'automobile', 'frog', 'airplane']",automobile
10351,9,"['dog', 'frog', 'cat', 'airplane']",airplane
10352,1,"['bird', 'dog', 'frog', 'cat', 'airplane']",airplane
10353,0,"['horse', 'deer', 'frog', 'cat']",frog
10354,8,"['horse', 'airplane', 'cat', 'frog']",horse
10355,0,"['horse', 'deer', 'frog', 'cat']",horse
10356,6,"['automobile', 'horse', 'ship', 'airplane']",ship
10357,6,"['automobile', 'horse', 'ship', 'airplane']",horse
10358,7,"['automobile', 'cat', 'airplane', 'frog']",cat
10359,1,"['bird', 'dog', 'frog', 'cat', 'airplane']",airplane
10360,2,"['ship', 'cat', 'automobile', 'airplane']",cat
10361,8,"['horse', 'airplane', 'cat', 'frog']",horse
10362,1,"['bird', 'dog', 'frog', 'cat', 'airplane']",airplane
10363,1,"['bird', 'dog', 'frog', 'cat', 'airplane']",airplane
10364,6,"['automobile', 'horse', 'ship', 'airplane']",ship
10365,0,"['horse', 'deer', 'frog', 'cat']",horse
10366,5,"['frog', 'ship', 'airplane', 'automobile']",ship
10367,4,"['cat', 'automobile', 'frog', 'airplane']",automobile
10368,7,"['automobile', 'cat', 'airplane', 'frog']",cat
10369,8,"['horse', 'airplane', 'cat', 'frog']",horse
10370,1,"['bird', 'dog', 'frog', 'cat', 'airplane']",airplane
10371,7,"['automobile', 'cat', 'airplane', 'frog']",cat
10372,4,"['cat', 'automobile', 'frog', 'airplane']",automobile
10373,9,"['dog', 'frog', 'cat', 'airplane']",dog
10374,6,"['automobile', 'horse', 'ship', 'airplane']",airplane
10375,9,"['dog', 'frog', 'cat', 'airplane']",airplane
10376,8,"['horse', 'airplane', 'cat', 'frog']",horse
10377,1,"['bird', 'dog', 'frog', 'cat', 'airplane']",airplane
10378,2,"['ship', 'cat', 'automobile', 'airplane']",cat
10379,6,"['automobile', 'horse', 'ship', 'airplane']",airplane
10380,1,"['bird', 'dog', 'frog', 'cat', 'airplane']",airplane
10381,8,"['horse', 'airplane', 'cat', 'frog']",horse
10382,5,"['frog', 'ship', 'airplane', 'automobile']",ship
10383,3,"['frog', 'ship', 'automobile', 'airplane']",ship
10384,7,"['automobile', 'cat', 'airplane', 'frog']",cat
10385,4,"['cat', 'automobile', 'frog', 'airplane']",automobile
10386,7,"['automobile', 'cat', 'airplane', 'frog']",cat
10387,1,"['bird', 'dog', 'frog', 'cat', 'airplane']",airplane
10388,9,"['dog', 'frog', 'cat', 'airplane']",airplane
10389,2,"['ship', 'cat', 'automobile', 'airplane']",cat
10390,9,"['dog', 'frog', 'cat', 'airplane']",dog
10391,2,"['ship', 'cat', 'automobile', 'airplane']",automobile
10392,4,"['cat', 'automobile', 'frog', 'airplane']",automobile
10393,1,"['bird', 'dog', 'frog', 'cat', 'airplane']",airplane
10394,0,"['horse', 'deer', 'frog', 'cat']",horse
10395,8,"['horse', 'airplane', 'cat', 'frog']",horse
10396,2,"['ship', 'cat', 'automobile', 'airplane']",cat
10397,5,"['frog', 'ship', 'airplane', 'automobile']",ship
10398,2,"['ship', 'cat', 'automobile', 'airplane']",ship
10399,0,"['horse', 'deer', 'frog', 'cat']",horse
10400,6,"['automobile', 'horse', 'ship', 'airplane']",airplane
10401,0,"['horse', 'deer', 'frog', 'cat']",horse
10402,8,"['horse', 'airplane', 'cat', 'frog']",horse
10403,1,"['bird', 'dog', 'frog', 'cat', 'airplane']",airplane
10404,4,"['cat', 'automobile', 'frog', 'airplane']",airplane
10405,9,"['dog', 'frog', 'cat', 'airplane']",airplane
10406,2,"['ship', 'cat', 'automobile', 'airplane']",cat
10407,5,"['frog', 'ship', 'airplane', 'automobile']",ship
10408,8,"['horse', 'airplane', 'cat', 'frog']",horse
10409,2,"['ship', 'cat', 'automobile', 'airplane']",automobile
10410,5,"['frog', 'ship', 'airplane', 'automobile']",ship
10411,8,"['horse', 'airplane', 'cat', 'frog']",horse
10412,2,"['ship', 'cat', 'automobile', 'airplane']",cat
10413,5,"['frog', 'ship', 'airplane', 'automobile']",ship
10414,3,"['frog', 'ship', 'automobile', 'airplane']",ship
10415,4,"['cat', 'automobile', 'frog', 'airplane']",airplane
10416,8,"['horse', 'airplane', 'cat', 'frog']",horse
10417,2,"['ship', 'cat', 'automobile', 'airplane']",cat
10418,3,"['frog', 'ship', 'automobile', 'airplane']",ship
10419,4,"['cat', 'automobile', 'frog', 'airplane']",automobile
10420,1,"['bird', 'dog', 'frog', 'cat', 'airplane']",airplane
10421,9,"['dog', 'frog', 'cat', 'airplane']",airplane
10422,7,"['automobile', 'cat', 'airplane', 'frog']",cat
10423,5,"['frog', 'ship', 'airplane', 'automobile']",ship
10424,5,"['frog', 'ship', 'airplane', 'automobile']",ship
10425,0,"['horse', 'deer', 'frog', 'cat']",horse
10426,4,"['cat', 'automobile', 'frog', 'airplane']",automobile
10427,3,"['frog', 'ship', 'automobile', 'airplane']",ship
10428,2,"['ship', 'cat', 'automobile', 'airplane']",cat
10429,5,"['frog', 'ship', 'airplane', 'automobile']",ship
10430,3,"['frog', 'ship', 'automobile', 'airplane']",ship
10431,6,"['automobile', 'horse', 'ship', 'airplane']",airplane
10432,5,"['frog', 'ship', 'airplane', 'automobile']",ship
10433,2,"['ship', 'cat', 'automobile', 'airplane']",cat
10434,8,"['horse', 'airplane', 'cat', 'frog']",horse
10435,7,"['automobile', 'cat', 'airplane', 'frog']",cat
10436,2,"['ship', 'cat', 'automobile', 'airplane']",cat
10437,8,"['horse', 'airplane', 'cat', 'frog']",horse
10438,2,"['ship', 'cat', 'automobile', 'airplane']",cat
10439,3,"['frog', 'ship', 'automobile', 'airplane']",ship
10440,2,"['ship', 'cat', 'automobile', 'airplane']",automobile
10441,3,"['frog', 'ship', 'automobile', 'airplane']",ship
10442,8,"['horse', 'airplane', 'cat', 'frog']",horse
10443,8,"['horse', 'airplane', 'cat', 'frog']",horse
10444,6,"['automobile', 'horse', 'ship', 'airplane']",airplane
10445,8,"['horse', 'airplane', 'cat', 'frog']",horse
10446,1,"['bird', 'dog', 'frog', 'cat', 'airplane']",airplane
10447,4,"['cat', 'automobile', 'frog', 'airplane']",automobile
10448,9,"['dog', 'frog', 'cat', 'airplane']",dog
10449,7,"['automobile', 'cat', 'airplane', 'frog']",cat
10450,1,"['bird', 'dog', 'frog', 'cat', 'airplane']",airplane
10451,4,"['cat', 'automobile', 'frog', 'airplane']",automobile
10452,3,"['frog', 'ship', 'automobile', 'airplane']",ship
10453,1,"['bird', 'dog', 'frog', 'cat', 'airplane']",airplane
10454,3,"['frog', 'ship', 'automobile', 'airplane']",ship
10455,0,"['horse', 'deer', 'frog', 'cat']",horse
10456,8,"['horse', 'airplane', 'cat', 'frog']",horse
10457,2,"['ship', 'cat', 'automobile', 'airplane']",cat
10458,1,"['bird', 'dog', 'frog', 'cat', 'airplane']",airplane
10459,7,"['automobile', 'cat', 'airplane', 'frog']",cat
10460,6,"['automobile', 'horse', 'ship', 'airplane']",airplane
10461,2,"['ship', 'cat', 'automobile', 'airplane']",cat
10462,3,"['frog', 'ship', 'automobile', 'airplane']",ship
10463,3,"['frog', 'ship', 'automobile', 'airplane']",ship
10464,3,"['frog', 'ship', 'automobile', 'airplane']",ship
10465,7,"['automobile', 'cat', 'airplane', 'frog']",airplane
10466,7,"['automobile', 'cat', 'airplane', 'frog']",cat
10467,9,"['dog', 'frog', 'cat', 'airplane']",airplane
10468,3,"['frog', 'ship', 'automobile', 'airplane']",ship
10469,2,"['ship', 'cat', 'automobile', 'airplane']",cat
10470,0,"['horse', 'deer', 'frog', 'cat']",horse
10471,5,"['frog', 'ship', 'airplane', 'automobile']",ship
10472,4,"['cat', 'automobile', 'frog', 'airplane']",automobile
10473,9,"['dog', 'frog', 'cat', 'airplane']",dog
10474,2,"['ship', 'cat', 'automobile', 'airplane']",cat
10475,8,"['horse', 'airplane', 'cat', 'frog']",horse
10476,1,"['bird', 'dog', 'frog', 'cat', 'airplane']",airplane
10477,4,"['cat', 'automobile', 'frog', 'airplane']",automobile
10478,4,"['cat', 'automobile', 'frog', 'airplane']",automobile
10479,1,"['bird', 'dog', 'frog', 'cat', 'airplane']",airplane
10480,2,"['ship', 'cat', 'automobile', 'airplane']",cat
10481,7,"['automobile', 'cat', 'airplane', 'frog']",airplane
10482,5,"['frog', 'ship', 'airplane', 'automobile']",ship
10483,8,"['horse', 'airplane', 'cat', 'frog']",horse
10484,5,"['frog', 'ship', 'airplane', 'automobile']",ship
10485,4,"['cat', 'automobile', 'frog', 'airplane']",automobile
10486,0,"['horse', 'deer', 'frog', 'cat']",horse
10487,0,"['horse', 'deer', 'frog', 'cat']",horse
10488,3,"['frog', 'ship', 'automobile', 'airplane']",ship
10489,4,"['cat', 'automobile', 'frog', 'airplane']",automobile
10490,7,"['automobile', 'cat', 'airplane', 'frog']",cat
10491,1,"['bird', 'dog', 'frog', 'cat', 'airplane']",airplane
10492,3,"['frog', 'ship', 'automobile', 'airplane']",ship
10493,0,"['horse', 'deer', 'frog', 'cat']",horse
10494,9,"['dog', 'frog', 'cat', 'airplane']",dog
10495,1,"['bird', 'dog', 'frog', 'cat', 'airplane']",airplane
10496,7,"['automobile', 'cat', 'airplane', 'frog']",airplane
10497,9,"['dog', 'frog', 'cat', 'airplane']",airplane
10498,2,"['ship', 'cat', 'automobile', 'airplane']",cat
10499,0,"['horse', 'deer', 'frog', 'cat']",horse
10500,4,"['cat', 'automobile', 'frog', 'airplane']",automobile
10501,3,"['frog', 'ship', 'automobile', 'airplane']",ship
10502,7,"['automobile', 'cat', 'airplane', 'frog']",cat
10503,5,"['frog', 'ship', 'airplane', 'automobile']",ship
10504,9,"['dog', 'frog', 'cat', 'airplane']",dog
10505,2,"['ship', 'cat', 'automobile', 'airplane']",cat
10506,3,"['frog', 'ship', 'automobile', 'airplane']",ship
10507,7,"['automobile', 'cat', 'airplane', 'frog']",cat
10508,3,"['frog', 'ship', 'automobile', 'airplane']",ship
10509,5,"['frog', 'ship', 'airplane', 'automobile']",ship
10510,6,"['automobile', 'horse', 'ship', 'airplane']",airplane
10511,8,"['horse', 'airplane', 'cat', 'frog']",horse
10512,2,"['ship', 'cat', 'automobile', 'airplane']",cat
10513,0,"['horse', 'deer', 'frog', 'cat']",horse
10514,5,"['frog', 'ship', 'airplane', 'automobile']",ship
10515,5,"['frog', 'ship', 'airplane', 'automobile']",ship
10516,0,"['horse', 'deer', 'frog', 'cat']",horse
10517,6,"['automobile', 'horse', 'ship', 'airplane']",automobile
10518,3,"['frog', 'ship', 'automobile', 'airplane']",ship
10519,4,"['cat', 'automobile', 'frog', 'airplane']",automobile
10520,9,"['dog', 'frog', 'cat', 'airplane']",airplane
10521,5,"['frog', 'ship', 'airplane', 'automobile']",ship
10522,1,"['bird', 'dog', 'frog', 'cat', 'airplane']",airplane
10523,9,"['dog', 'frog', 'cat', 'airplane']",dog
10524,8,"['horse', 'airplane', 'cat', 'frog']",horse
10525,4,"['cat', 'automobile', 'frog', 'airplane']",automobile
10526,0,"['horse', 'deer', 'frog', 'cat']",horse
10527,3,"['frog', 'ship', 'automobile', 'airplane']",ship
10528,7,"['automobile', 'cat', 'airplane', 'frog']",cat
10529,7,"['automobile', 'cat', 'airplane', 'frog']",cat
10530,8,"['horse', 'airplane', 'cat', 'frog']",horse
10531,1,"['bird', 'dog', 'frog', 'cat', 'airplane']",airplane
10532,6,"['automobile', 'horse', 'ship', 'airplane']",airplane
10533,9,"['dog', 'frog', 'cat', 'airplane']",dog
10534,3,"['frog', 'ship', 'automobile', 'airplane']",ship
10535,1,"['bird', 'dog', 'frog', 'cat', 'airplane']",airplane
10536,4,"['cat', 'automobile', 'frog', 'airplane']",automobile
10537,8,"['horse', 'airplane', 'cat', 'frog']",horse
10538,7,"['automobile', 'cat', 'airplane', 'frog']",cat
10539,4,"['cat', 'automobile', 'frog', 'airplane']",automobile
10540,7,"['automobile', 'cat', 'airplane', 'frog']",cat
10541,5,"['frog', 'ship', 'airplane', 'automobile']",ship
10542,5,"['frog', 'ship', 'airplane', 'automobile']",ship
10543,8,"['horse', 'airplane', 'cat', 'frog']",horse
10544,1,"['bird', 'dog', 'frog', 'cat', 'airplane']",airplane
10545,0,"['horse', 'deer', 'frog', 'cat']",horse
10546,7,"['automobile', 'cat', 'airplane', 'frog']",cat
10547,7,"['automobile', 'cat', 'airplane', 'frog']",frog
10548,0,"['horse', 'deer', 'frog', 'cat']",horse
10549,5,"['frog', 'ship', 'airplane', 'automobile']",ship
10550,6,"['automobile', 'horse', 'ship', 'airplane']",airplane
10551,6,"['automobile', 'horse', 'ship', 'airplane']",ship
10552,7,"['automobile', 'cat', 'airplane', 'frog']",cat
10553,0,"['horse', 'deer', 'frog', 'cat']",horse
10554,6,"['automobile', 'horse', 'ship', 'airplane']",automobile
10555,5,"['frog', 'ship', 'airplane', 'automobile']",ship
10556,5,"['frog', 'ship', 'airplane', 'automobile']",ship
10557,3,"['frog', 'ship', 'automobile', 'airplane']",ship
10558,3,"['frog', 'ship', 'automobile', 'airplane']",ship
10559,9,"['dog', 'frog', 'cat', 'airplane']",airplane
10560,7,"['automobile', 'cat', 'airplane', 'frog']",cat
10561,4,"['cat', 'automobile', 'frog', 'airplane']",automobile
10562,7,"['automobile', 'cat', 'airplane', 'frog']",cat
10563,6,"['automobile', 'horse', 'ship', 'airplane']",ship
10564,1,"['bird', 'dog', 'frog', 'cat', 'airplane']",airplane
10565,3,"['frog', 'ship', 'automobile', 'airplane']",ship
10566,5,"['frog', 'ship', 'airplane', 'automobile']",ship
10567,2,"['ship', 'cat', 'automobile', 'airplane']",automobile
10568,1,"['bird', 'dog', 'frog', 'cat', 'airplane']",airplane
10569,1,"['bird', 'dog', 'frog', 'cat', 'airplane']",airplane
10570,4,"['cat', 'automobile', 'frog', 'airplane']",automobile
10571,1,"['bird', 'dog', 'frog', 'cat', 'airplane']",airplane
10572,8,"['horse', 'airplane', 'cat', 'frog']",horse
10573,7,"['automobile', 'cat', 'airplane', 'frog']",airplane
10574,0,"['horse', 'deer', 'frog', 'cat']",horse
10575,3,"['frog', 'ship', 'automobile', 'airplane']",ship
10576,1,"['bird', 'dog', 'frog', 'cat', 'airplane']",airplane
10577,0,"['horse', 'deer', 'frog', 'cat']",horse
10578,0,"['horse', 'deer', 'frog', 'cat']",horse
10579,6,"['automobile', 'horse', 'ship', 'airplane']",airplane
10580,7,"['automobile', 'cat', 'airplane', 'frog']",cat
10581,9,"['dog', 'frog', 'cat', 'airplane']",dog
10582,2,"['ship', 'cat', 'automobile', 'airplane']",ship
10583,7,"['automobile', 'cat', 'airplane', 'frog']",airplane
10584,7,"['automobile', 'cat', 'airplane', 'frog']",cat
10585,8,"['horse', 'airplane', 'cat', 'frog']",horse
10586,5,"['frog', 'ship', 'airplane', 'automobile']",ship
10587,3,"['frog', 'ship', 'automobile', 'airplane']",ship
10588,2,"['ship', 'cat', 'automobile', 'airplane']",automobile
10589,0,"['horse', 'deer', 'frog', 'cat']",horse
10590,9,"['dog', 'frog', 'cat', 'airplane']",dog
10591,2,"['ship', 'cat', 'automobile', 'airplane']",cat
10592,4,"['cat', 'automobile', 'frog', 'airplane']",airplane
10593,4,"['cat', 'automobile', 'frog', 'airplane']",automobile
10594,2,"['ship', 'cat', 'automobile', 'airplane']",cat
10595,3,"['frog', 'ship', 'automobile', 'airplane']",ship
10596,6,"['automobile', 'horse', 'ship', 'airplane']",airplane
10597,5,"['frog', 'ship', 'airplane', 'automobile']",ship
10598,7,"['automobile', 'cat', 'airplane', 'frog']",cat
10599,5,"['frog', 'ship', 'airplane', 'automobile']",ship
10600,6,"['automobile', 'horse', 'ship', 'airplane']",ship
10601,0,"['horse', 'deer', 'frog', 'cat']",horse
10602,7,"['automobile', 'cat', 'airplane', 'frog']",airplane
10603,5,"['frog', 'ship', 'airplane', 'automobile']",ship
10604,4,"['cat', 'automobile', 'frog', 'airplane']",automobile
10605,4,"['cat', 'automobile', 'frog', 'airplane']",automobile
10606,8,"['horse', 'airplane', 'cat', 'frog']",horse
10607,0,"['horse', 'deer', 'frog', 'cat']",horse
10608,2,"['ship', 'cat', 'automobile', 'airplane']",automobile
10609,4,"['cat', 'automobile', 'frog', 'airplane']",automobile
10610,8,"['horse', 'airplane', 'cat', 'frog']",horse
10611,3,"['frog', 'ship', 'automobile', 'airplane']",ship
10612,2,"['ship', 'cat', 'automobile', 'airplane']",cat
10613,8,"['horse', 'airplane', 'cat', 'frog']",horse
10614,1,"['bird', 'dog', 'frog', 'cat', 'airplane']",airplane
10615,4,"['cat', 'automobile', 'frog', 'airplane']",automobile
10616,2,"['ship', 'cat', 'automobile', 'airplane']",automobile
10617,0,"['horse', 'deer', 'frog', 'cat']",horse
10618,3,"['frog', 'ship', 'automobile', 'airplane']",ship
10619,3,"['frog', 'ship', 'automobile', 'airplane']",ship
10620,8,"['horse', 'airplane', 'cat', 'frog']",horse
10621,7,"['automobile', 'cat', 'airplane', 'frog']",cat
10622,9,"['dog', 'frog', 'cat', 'airplane']",airplane
10623,7,"['automobile', 'cat', 'airplane', 'frog']",airplane
10624,2,"['ship', 'cat', 'automobile', 'airplane']",cat
10625,8,"['horse', 'airplane', 'cat', 'frog']",horse
10626,9,"['dog', 'frog', 'cat', 'airplane']",airplane
10627,1,"['bird', 'dog', 'frog', 'cat', 'airplane']",airplane
10628,2,"['ship', 'cat', 'automobile', 'airplane']",ship
10629,4,"['cat', 'automobile', 'frog', 'airplane']",automobile
10630,1,"['bird', 'dog', 'frog', 'cat', 'airplane']",airplane
10631,6,"['automobile', 'horse', 'ship', 'airplane']",ship
10632,5,"['frog', 'ship', 'airplane', 'automobile']",ship
10633,4,"['cat', 'automobile', 'frog', 'airplane']",automobile
10634,3,"['frog', 'ship', 'automobile', 'airplane']",ship
10635,6,"['automobile', 'horse', 'ship', 'airplane']",ship
10636,6,"['automobile', 'horse', 'ship', 'airplane']",airplane
10637,0,"['horse', 'deer', 'frog', 'cat']",horse
10638,8,"['horse', 'airplane', 'cat', 'frog']",horse
10639,8,"['horse', 'airplane', 'cat', 'frog']",horse
10640,4,"['cat', 'automobile', 'frog', 'airplane']",automobile
10641,4,"['cat', 'automobile', 'frog', 'airplane']",automobile
10642,1,"['bird', 'dog', 'frog', 'cat', 'airplane']",airplane
10643,7,"['automobile', 'cat', 'airplane', 'frog']",cat
10644,1,"['bird', 'dog', 'frog', 'cat', 'airplane']",airplane
10645,8,"['horse', 'airplane', 'cat', 'frog']",horse
10646,8,"['horse', 'airplane', 'cat', 'frog']",horse
10647,6,"['automobile', 'horse', 'ship', 'airplane']",airplane
10648,1,"['bird', 'dog', 'frog', 'cat', 'airplane']",airplane
10649,6,"['automobile', 'horse', 'ship', 'airplane']",airplane
10650,0,"['horse', 'deer', 'frog', 'cat']",horse
10651,2,"['ship', 'cat', 'automobile', 'airplane']",ship
10652,1,"['bird', 'dog', 'frog', 'cat', 'airplane']",airplane
10653,3,"['frog', 'ship', 'automobile', 'airplane']",ship
10654,4,"['cat', 'automobile', 'frog', 'airplane']",automobile
10655,1,"['bird', 'dog', 'frog', 'cat', 'airplane']",airplane
10656,0,"['horse', 'deer', 'frog', 'cat']",horse
10657,5,"['frog', 'ship', 'airplane', 'automobile']",ship
10658,9,"['dog', 'frog', 'cat', 'airplane']",airplane
10659,9,"['dog', 'frog', 'cat', 'airplane']",airplane
10660,2,"['ship', 'cat', 'automobile', 'airplane']",cat
10661,4,"['cat', 'automobile', 'frog', 'airplane']",automobile
10662,9,"['dog', 'frog', 'cat', 'airplane']",airplane
10663,8,"['horse', 'airplane', 'cat', 'frog']",horse
10664,8,"['horse', 'airplane', 'cat', 'frog']",horse
10665,6,"['automobile', 'horse', 'ship', 'airplane']",airplane
10666,7,"['automobile', 'cat', 'airplane', 'frog']",airplane
10667,0,"['horse', 'deer', 'frog', 'cat']",horse
10668,5,"['frog', 'ship', 'airplane', 'automobile']",ship
10669,5,"['frog', 'ship', 'airplane', 'automobile']",ship
10670,5,"['frog', 'ship', 'airplane', 'automobile']",ship
10671,2,"['ship', 'cat', 'automobile', 'airplane']",cat
10672,7,"['automobile', 'cat', 'airplane', 'frog']",cat
10673,8,"['horse', 'airplane', 'cat', 'frog']",horse
10674,0,"['horse', 'deer', 'frog', 'cat']",horse
10675,0,"['horse', 'deer', 'frog', 'cat']",horse
10676,6,"['automobile', 'horse', 'ship', 'airplane']",airplane
10677,8,"['horse', 'airplane', 'cat', 'frog']",horse
10678,1,"['bird', 'dog', 'frog', 'cat', 'airplane']",airplane
10679,1,"['bird', 'dog', 'frog', 'cat', 'airplane']",airplane
10680,8,"['horse', 'airplane', 'cat', 'frog']",horse
10681,0,"['horse', 'deer', 'frog', 'cat']",horse
10682,8,"['horse', 'airplane', 'cat', 'frog']",horse
10683,2,"['ship', 'cat', 'automobile', 'airplane']",cat
10684,7,"['automobile', 'cat', 'airplane', 'frog']",airplane
10685,7,"['automobile', 'cat', 'airplane', 'frog']",airplane
10686,0,"['horse', 'deer', 'frog', 'cat']",horse
10687,7,"['automobile', 'cat', 'airplane', 'frog']",cat
10688,8,"['horse', 'airplane', 'cat', 'frog']",horse
10689,0,"['horse', 'deer', 'frog', 'cat']",horse
10690,0,"['horse', 'deer', 'frog', 'cat']",horse
10691,5,"['frog', 'ship', 'airplane', 'automobile']",ship
10692,5,"['frog', 'ship', 'airplane', 'automobile']",ship
10693,1,"['bird', 'dog', 'frog', 'cat', 'airplane']",airplane
10694,4,"['cat', 'automobile', 'frog', 'airplane']",automobile
10695,7,"['automobile', 'cat', 'airplane', 'frog']",cat
10696,5,"['frog', 'ship', 'airplane', 'automobile']",ship
10697,4,"['cat', 'automobile', 'frog', 'airplane']",automobile
10698,9,"['dog', 'frog', 'cat', 'airplane']",dog
10699,4,"['cat', 'automobile', 'frog', 'airplane']",automobile
10700,2,"['ship', 'cat', 'automobile', 'airplane']",ship
10701,4,"['cat', 'automobile', 'frog', 'airplane']",automobile
10702,8,"['horse', 'airplane', 'cat', 'frog']",horse
10703,5,"['frog', 'ship', 'airplane', 'automobile']",ship
10704,6,"['automobile', 'horse', 'ship', 'airplane']",airplane
10705,3,"['frog', 'ship', 'automobile', 'airplane']",ship
10706,4,"['cat', 'automobile', 'frog', 'airplane']",automobile
10707,4,"['cat', 'automobile', 'frog', 'airplane']",automobile
10708,8,"['horse', 'airplane', 'cat', 'frog']",horse
10709,5,"['frog', 'ship', 'airplane', 'automobile']",ship
10710,5,"['frog', 'ship', 'airplane', 'automobile']",ship
10711,1,"['bird', 'dog', 'frog', 'cat', 'airplane']",airplane
10712,7,"['automobile', 'cat', 'airplane', 'frog']",airplane
10713,0,"['horse', 'deer', 'frog', 'cat']",horse
10714,1,"['bird', 'dog', 'frog', 'cat', 'airplane']",airplane
10715,5,"['frog', 'ship', 'airplane', 'automobile']",frog
10716,0,"['horse', 'deer', 'frog', 'cat']",horse
10717,9,"['dog', 'frog', 'cat', 'airplane']",airplane
10718,6,"['automobile', 'horse', 'ship', 'airplane']",ship
10719,4,"['cat', 'automobile', 'frog', 'airplane']",automobile
10720,4,"['cat', 'automobile', 'frog', 'airplane']",airplane
10721,8,"['horse', 'airplane', 'cat', 'frog']",horse
10722,3,"['frog', 'ship', 'automobile', 'airplane']",ship
10723,9,"['dog', 'frog', 'cat', 'airplane']",airplane
10724,5,"['frog', 'ship', 'airplane', 'automobile']",ship
10725,2,"['ship', 'cat', 'automobile', 'airplane']",automobile
10726,5,"['frog', 'ship', 'airplane', 'automobile']",ship
10727,7,"['automobile', 'cat', 'airplane', 'frog']",airplane
10728,4,"['cat', 'automobile', 'frog', 'airplane']",automobile
10729,0,"['horse', 'deer', 'frog', 'cat']",horse
10730,7,"['automobile', 'cat', 'airplane', 'frog']",cat
10731,3,"['frog', 'ship', 'automobile', 'airplane']",ship
10732,0,"['horse', 'deer', 'frog', 'cat']",horse
10733,6,"['automobile', 'horse', 'ship', 'airplane']",ship
10734,7,"['automobile', 'cat', 'airplane', 'frog']",cat
10735,7,"['automobile', 'cat', 'airplane', 'frog']",airplane
10736,4,"['cat', 'automobile', 'frog', 'airplane']",automobile
10737,5,"['frog', 'ship', 'airplane', 'automobile']",ship
10738,6,"['automobile', 'horse', 'ship', 'airplane']",automobile
10739,5,"['frog', 'ship', 'airplane', 'automobile']",ship
10740,5,"['frog', 'ship', 'airplane', 'automobile']",ship
10741,0,"['horse', 'deer', 'frog', 'cat']",horse
10742,2,"['ship', 'cat', 'automobile', 'airplane']",cat
10743,9,"['dog', 'frog', 'cat', 'airplane']",dog
10744,5,"['frog', 'ship', 'airplane', 'automobile']",ship
10745,3,"['frog', 'ship', 'automobile', 'airplane']",ship
10746,3,"['frog', 'ship', 'automobile', 'airplane']",ship
10747,1,"['bird', 'dog', 'frog', 'cat', 'airplane']",airplane
10748,1,"['bird', 'dog', 'frog', 'cat', 'airplane']",airplane
10749,3,"['frog', 'ship', 'automobile', 'airplane']",ship
10750,2,"['ship', 'cat', 'automobile', 'airplane']",ship
10751,9,"['dog', 'frog', 'cat', 'airplane']",airplane
10752,3,"['frog', 'ship', 'automobile', 'airplane']",ship
10753,3,"['frog', 'ship', 'automobile', 'airplane']",ship
10754,7,"['automobile', 'cat', 'airplane', 'frog']",airplane
10755,1,"['bird', 'dog', 'frog', 'cat', 'airplane']",airplane
10756,2,"['ship', 'cat', 'automobile', 'airplane']",cat
10757,6,"['automobile', 'horse', 'ship', 'airplane']",airplane
10758,5,"['frog', 'ship', 'airplane', 'automobile']",ship
10759,5,"['frog', 'ship', 'airplane', 'automobile']",ship
10760,5,"['frog', 'ship', 'airplane', 'automobile']",ship
10761,0,"['horse', 'deer', 'frog', 'cat']",horse
10762,9,"['dog', 'frog', 'cat', 'airplane']",airplane
10763,8,"['horse', 'airplane', 'cat', 'frog']",horse
10764,0,"['horse', 'deer', 'frog', 'cat']",horse
10765,4,"['cat', 'automobile', 'frog', 'airplane']",automobile
10766,4,"['cat', 'automobile', 'frog', 'airplane']",automobile
10767,2,"['ship', 'cat', 'automobile', 'airplane']",cat
10768,5,"['frog', 'ship', 'airplane', 'automobile']",ship
10769,9,"['dog', 'frog', 'cat', 'airplane']",airplane
10770,3,"['frog', 'ship', 'automobile', 'airplane']",ship
10771,1,"['bird', 'dog', 'frog', 'cat', 'airplane']",airplane
10772,7,"['automobile', 'cat', 'airplane', 'frog']",cat
10773,8,"['horse', 'airplane', 'cat', 'frog']",horse
10774,6,"['automobile', 'horse', 'ship', 'airplane']",ship
10775,8,"['horse', 'airplane', 'cat', 'frog']",horse
10776,0,"['horse', 'deer', 'frog', 'cat']",horse
10777,0,"['horse', 'deer', 'frog', 'cat']",horse
10778,7,"['automobile', 'cat', 'airplane', 'frog']",airplane
10779,7,"['automobile', 'cat', 'airplane', 'frog']",airplane
10780,5,"['frog', 'ship', 'airplane', 'automobile']",ship
10781,9,"['dog', 'frog', 'cat', 'airplane']",airplane
10782,0,"['horse', 'deer', 'frog', 'cat']",horse
10783,6,"['automobile', 'horse', 'ship', 'airplane']",airplane
10784,3,"['frog', 'ship', 'automobile', 'airplane']",ship
10785,8,"['horse', 'airplane', 'cat', 'frog']",horse
10786,6,"['automobile', 'horse', 'ship', 'airplane']",airplane
10787,0,"['horse', 'deer', 'frog', 'cat']",horse
10788,3,"['frog', 'ship', 'automobile', 'airplane']",ship
10789,7,"['automobile', 'cat', 'airplane', 'frog']",cat
10790,1,"['bird', 'dog', 'frog', 'cat', 'airplane']",airplane
10791,9,"['dog', 'frog', 'cat', 'airplane']",dog
10792,6,"['automobile', 'horse', 'ship', 'airplane']",ship
10793,9,"['dog', 'frog', 'cat', 'airplane']",dog
10794,6,"['automobile', 'horse', 'ship', 'airplane']",airplane
10795,1,"['bird', 'dog', 'frog', 'cat', 'airplane']",airplane
10796,0,"['horse', 'deer', 'frog', 'cat']",horse
10797,1,"['bird', 'dog', 'frog', 'cat', 'airplane']",airplane
10798,0,"['horse', 'deer', 'frog', 'cat']",horse
10799,9,"['dog', 'frog', 'cat', 'airplane']",dog
10800,5,"['frog', 'ship', 'airplane', 'automobile']",ship
10801,2,"['ship', 'cat', 'automobile', 'airplane']",automobile
10802,2,"['ship', 'cat', 'automobile', 'airplane']",cat
10803,5,"['frog', 'ship', 'airplane', 'automobile']",ship
10804,0,"['horse', 'deer', 'frog', 'cat']",horse
10805,8,"['horse', 'airplane', 'cat', 'frog']",horse
10806,9,"['dog', 'frog', 'cat', 'airplane']",airplane
10807,2,"['ship', 'cat', 'automobile', 'airplane']",cat
10808,4,"['cat', 'automobile', 'frog', 'airplane']",automobile
10809,3,"['frog', 'ship', 'automobile', 'airplane']",ship
10810,8,"['horse', 'airplane', 'cat', 'frog']",horse
10811,0,"['horse', 'deer', 'frog', 'cat']",horse
10812,0,"['horse', 'deer', 'frog', 'cat']",horse
10813,7,"['automobile', 'cat', 'airplane', 'frog']",airplane
10814,3,"['frog', 'ship', 'automobile', 'airplane']",ship
10815,6,"['automobile', 'horse', 'ship', 'airplane']",airplane
10816,7,"['automobile', 'cat', 'airplane', 'frog']",cat
10817,8,"['horse', 'airplane', 'cat', 'frog']",horse
10818,7,"['automobile', 'cat', 'airplane', 'frog']",airplane
10819,1,"['bird', 'dog', 'frog', 'cat', 'airplane']",airplane
10820,5,"['frog', 'ship', 'airplane', 'automobile']",ship
10821,6,"['automobile', 'horse', 'ship', 'airplane']",airplane
10822,8,"['horse', 'airplane', 'cat', 'frog']",horse
10823,7,"['automobile', 'cat', 'airplane', 'frog']",cat
10824,1,"['bird', 'dog', 'frog', 'cat', 'airplane']",airplane
10825,3,"['frog', 'ship', 'automobile', 'airplane']",frog
10826,1,"['bird', 'dog', 'frog', 'cat', 'airplane']",airplane
10827,9,"['dog', 'frog', 'cat', 'airplane']",airplane
10828,6,"['automobile', 'horse', 'ship', 'airplane']",airplane
10829,9,"['dog', 'frog', 'cat', 'airplane']",airplane
10830,9,"['dog', 'frog', 'cat', 'airplane']",dog
10831,5,"['frog', 'ship', 'airplane', 'automobile']",ship
10832,1,"['bird', 'dog', 'frog', 'cat', 'airplane']",airplane
10833,2,"['ship', 'cat', 'automobile', 'airplane']",cat
10834,4,"['cat', 'automobile', 'frog', 'airplane']",automobile
10835,5,"['frog', 'ship', 'airplane', 'automobile']",ship
10836,8,"['horse', 'airplane', 'cat', 'frog']",horse
10837,6,"['automobile', 'horse', 'ship', 'airplane']",automobile
10838,4,"['cat', 'automobile', 'frog', 'airplane']",automobile
10839,1,"['bird', 'dog', 'frog', 'cat', 'airplane']",airplane
10840,8,"['horse', 'airplane', 'cat', 'frog']",horse
10841,6,"['automobile', 'horse', 'ship', 'airplane']",ship
10842,2,"['ship', 'cat', 'automobile', 'airplane']",automobile
10843,3,"['frog', 'ship', 'automobile', 'airplane']",ship
10844,5,"['frog', 'ship', 'airplane', 'automobile']",ship
10845,9,"['dog', 'frog', 'cat', 'airplane']",dog
10846,1,"['bird', 'dog', 'frog', 'cat', 'airplane']",airplane
10847,0,"['horse', 'deer', 'frog', 'cat']",horse
10848,8,"['horse', 'airplane', 'cat', 'frog']",horse
10849,4,"['cat', 'automobile', 'frog', 'airplane']",automobile
10850,9,"['dog', 'frog', 'cat', 'airplane']",airplane
10851,4,"['cat', 'automobile', 'frog', 'airplane']",airplane
10852,7,"['automobile', 'cat', 'airplane', 'frog']",cat
10853,9,"['dog', 'frog', 'cat', 'airplane']",dog
10854,3,"['frog', 'ship', 'automobile', 'airplane']",ship
10855,0,"['horse', 'deer', 'frog', 'cat']",horse
10856,8,"['horse', 'airplane', 'cat', 'frog']",horse
10857,3,"['frog', 'ship', 'automobile', 'airplane']",ship
10858,7,"['automobile', 'cat', 'airplane', 'frog']",airplane
10859,9,"['dog', 'frog', 'cat', 'airplane']",airplane
10860,2,"['ship', 'cat', 'automobile', 'airplane']",ship
10861,4,"['cat', 'automobile', 'frog', 'airplane']",automobile
10862,5,"['frog', 'ship', 'airplane', 'automobile']",ship
10863,5,"['frog', 'ship', 'airplane', 'automobile']",ship
10864,8,"['horse', 'airplane', 'cat', 'frog']",horse
10865,4,"['cat', 'automobile', 'frog', 'airplane']",airplane
10866,2,"['ship', 'cat', 'automobile', 'airplane']",cat
10867,0,"['horse', 'deer', 'frog', 'cat']",horse
10868,1,"['bird', 'dog', 'frog', 'cat', 'airplane']",airplane
10869,3,"['frog', 'ship', 'automobile', 'airplane']",ship
10870,3,"['frog', 'ship', 'automobile', 'airplane']",ship
10871,7,"['automobile', 'cat', 'airplane', 'frog']",cat
10872,0,"['horse', 'deer', 'frog', 'cat']",horse
10873,7,"['automobile', 'cat', 'airplane', 'frog']",cat
10874,7,"['automobile', 'cat', 'airplane', 'frog']",cat
10875,4,"['cat', 'automobile', 'frog', 'airplane']",automobile
10876,8,"['horse', 'airplane', 'cat', 'frog']",horse
10877,4,"['cat', 'automobile', 'frog', 'airplane']",automobile
10878,5,"['frog', 'ship', 'airplane', 'automobile']",ship
10879,7,"['automobile', 'cat', 'airplane', 'frog']",cat
10880,5,"['frog', 'ship', 'airplane', 'automobile']",frog
10881,9,"['dog', 'frog', 'cat', 'airplane']",airplane
10882,1,"['bird', 'dog', 'frog', 'cat', 'airplane']",airplane
10883,3,"['frog', 'ship', 'automobile', 'airplane']",ship
10884,7,"['automobile', 'cat', 'airplane', 'frog']",airplane
10885,2,"['ship', 'cat', 'automobile', 'airplane']",automobile
10886,7,"['automobile', 'cat', 'airplane', 'frog']",airplane
10887,7,"['automobile', 'cat', 'airplane', 'frog']",cat
10888,4,"['cat', 'automobile', 'frog', 'airplane']",automobile
10889,6,"['automobile', 'horse', 'ship', 'airplane']",airplane
10890,4,"['cat', 'automobile', 'frog', 'airplane']",automobile
10891,7,"['automobile', 'cat', 'airplane', 'frog']",airplane
10892,7,"['automobile', 'cat', 'airplane', 'frog']",cat
10893,0,"['horse', 'deer', 'frog', 'cat']",horse
10894,9,"['dog', 'frog', 'cat', 'airplane']",airplane
10895,1,"['bird', 'dog', 'frog', 'cat', 'airplane']",airplane
10896,0,"['horse', 'deer', 'frog', 'cat']",horse
10897,5,"['frog', 'ship', 'airplane', 'automobile']",ship
10898,2,"['ship', 'cat', 'automobile', 'airplane']",cat
10899,9,"['dog', 'frog', 'cat', 'airplane']",airplane
10900,4,"['cat', 'automobile', 'frog', 'airplane']",automobile
10901,2,"['ship', 'cat', 'automobile', 'airplane']",cat
10902,1,"['bird', 'dog', 'frog', 'cat', 'airplane']",airplane
10903,8,"['horse', 'airplane', 'cat', 'frog']",horse
10904,4,"['cat', 'automobile', 'frog', 'airplane']",automobile
10905,7,"['automobile', 'cat', 'airplane', 'frog']",airplane
10906,8,"['horse', 'airplane', 'cat', 'frog']",horse
10907,5,"['frog', 'ship', 'airplane', 'automobile']",ship
10908,6,"['automobile', 'horse', 'ship', 'airplane']",airplane
10909,6,"['automobile', 'horse', 'ship', 'airplane']",airplane
10910,1,"['bird', 'dog', 'frog', 'cat', 'airplane']",airplane
10911,0,"['horse', 'deer', 'frog', 'cat']",horse
10912,1,"['bird', 'dog', 'frog', 'cat', 'airplane']",airplane
10913,4,"['cat', 'automobile', 'frog', 'airplane']",automobile
10914,5,"['frog', 'ship', 'airplane', 'automobile']",ship
10915,9,"['dog', 'frog', 'cat', 'airplane']",dog
10916,7,"['automobile', 'cat', 'airplane', 'frog']",airplane
10917,8,"['horse', 'airplane', 'cat', 'frog']",horse
10918,3,"['frog', 'ship', 'automobile', 'airplane']",ship
10919,8,"['horse', 'airplane', 'cat', 'frog']",horse
10920,6,"['automobile', 'horse', 'ship', 'airplane']",airplane
10921,5,"['frog', 'ship', 'airplane', 'automobile']",ship
10922,6,"['automobile', 'horse', 'ship', 'airplane']",horse
10923,8,"['horse', 'airplane', 'cat', 'frog']",horse
10924,5,"['frog', 'ship', 'airplane', 'automobile']",ship
10925,4,"['cat', 'automobile', 'frog', 'airplane']",automobile
10926,2,"['ship', 'cat', 'automobile', 'airplane']",automobile
10927,7,"['automobile', 'cat', 'airplane', 'frog']",airplane
10928,8,"['horse', 'airplane', 'cat', 'frog']",cat
10929,3,"['frog', 'ship', 'automobile', 'airplane']",ship
10930,9,"['dog', 'frog', 'cat', 'airplane']",airplane
10931,3,"['frog', 'ship', 'automobile', 'airplane']",ship
10932,7,"['automobile', 'cat', 'airplane', 'frog']",airplane
10933,2,"['ship', 'cat', 'automobile', 'airplane']",cat
10934,9,"['dog', 'frog', 'cat', 'airplane']",dog
10935,2,"['ship', 'cat', 'automobile', 'airplane']",automobile
10936,6,"['automobile', 'horse', 'ship', 'airplane']",airplane
10937,3,"['frog', 'ship', 'automobile', 'airplane']",ship
10938,6,"['automobile', 'horse', 'ship', 'airplane']",airplane
10939,6,"['automobile', 'horse', 'ship', 'airplane']",airplane
10940,2,"['ship', 'cat', 'automobile', 'airplane']",cat
10941,9,"['dog', 'frog', 'cat', 'airplane']",airplane
10942,3,"['frog', 'ship', 'automobile', 'airplane']",ship
10943,9,"['dog', 'frog', 'cat', 'airplane']",airplane
10944,2,"['ship', 'cat', 'automobile', 'airplane']",automobile
10945,5,"['frog', 'ship', 'airplane', 'automobile']",ship
10946,6,"['automobile', 'horse', 'ship', 'airplane']",airplane
10947,4,"['cat', 'automobile', 'frog', 'airplane']",automobile
10948,3,"['frog', 'ship', 'automobile', 'airplane']",ship
10949,3,"['frog', 'ship', 'automobile', 'airplane']",ship
10950,4,"['cat', 'automobile', 'frog', 'airplane']",airplane
10951,4,"['cat', 'automobile', 'frog', 'airplane']",automobile
10952,0,"['horse', 'deer', 'frog', 'cat']",horse
10953,1,"['bird', 'dog', 'frog', 'cat', 'airplane']",airplane
10954,0,"['horse', 'deer', 'frog', 'cat']",horse
10955,0,"['horse', 'deer', 'frog', 'cat']",horse
10956,8,"['horse', 'airplane', 'cat', 'frog']",horse
10957,7,"['automobile', 'cat', 'airplane', 'frog']",airplane
10958,3,"['frog', 'ship', 'automobile', 'airplane']",ship
10959,2,"['ship', 'cat', 'automobile', 'airplane']",automobile
10960,3,"['frog', 'ship', 'automobile', 'airplane']",ship
10961,6,"['automobile', 'horse', 'ship', 'airplane']",airplane
10962,8,"['horse', 'airplane', 'cat', 'frog']",horse
10963,1,"['bird', 'dog', 'frog', 'cat', 'airplane']",airplane
10964,1,"['bird', 'dog', 'frog', 'cat', 'airplane']",airplane
10965,8,"['horse', 'airplane', 'cat', 'frog']",horse
10966,4,"['cat', 'automobile', 'frog', 'airplane']",automobile
10967,3,"['frog', 'ship', 'automobile', 'airplane']",ship
10968,2,"['ship', 'cat', 'automobile', 'airplane']",cat
10969,1,"['bird', 'dog', 'frog', 'cat', 'airplane']",airplane
10970,4,"['cat', 'automobile', 'frog', 'airplane']",automobile
10971,5,"['frog', 'ship', 'airplane', 'automobile']",ship
10972,9,"['dog', 'frog', 'cat', 'airplane']",airplane
10973,4,"['cat', 'automobile', 'frog', 'airplane']",automobile
10974,8,"['horse', 'airplane', 'cat', 'frog']",horse
10975,8,"['horse', 'airplane', 'cat', 'frog']",horse
10976,2,"['ship', 'cat', 'automobile', 'airplane']",automobile
10977,1,"['bird', 'dog', 'frog', 'cat', 'airplane']",airplane
10978,5,"['frog', 'ship', 'airplane', 'automobile']",ship
10979,4,"['cat', 'automobile', 'frog', 'airplane']",airplane
10980,8,"['horse', 'airplane', 'cat', 'frog']",horse
10981,3,"['frog', 'ship', 'automobile', 'airplane']",ship
10982,4,"['cat', 'automobile', 'frog', 'airplane']",airplane
10983,9,"['dog', 'frog', 'cat', 'airplane']",airplane
10984,6,"['automobile', 'horse', 'ship', 'airplane']",airplane
10985,6,"['automobile', 'horse', 'ship', 'airplane']",airplane
10986,8,"['horse', 'airplane', 'cat', 'frog']",horse
10987,0,"['horse', 'deer', 'frog', 'cat']",horse
10988,7,"['automobile', 'cat', 'airplane', 'frog']",cat
10989,0,"['horse', 'deer', 'frog', 'cat']",horse
10990,0,"['horse', 'deer', 'frog', 'cat']",horse
10991,2,"['ship', 'cat', 'automobile', 'airplane']",cat
10992,1,"['bird', 'dog', 'frog', 'cat', 'airplane']",airplane
10993,3,"['frog', 'ship', 'automobile', 'airplane']",ship
10994,7,"['automobile', 'cat', 'airplane', 'frog']",airplane
10995,5,"['frog', 'ship', 'airplane', 'automobile']",ship
10996,9,"['dog', 'frog', 'cat', 'airplane']",dog
10997,8,"['horse', 'airplane', 'cat', 'frog']",horse
10998,7,"['automobile', 'cat', 'airplane', 'frog']",cat
10999,3,"['frog', 'ship', 'automobile', 'airplane']",ship
11000,1,"['bird', 'dog', 'frog', 'cat', 'airplane']",airplane
11001,8,"['horse', 'airplane', 'cat', 'frog']",horse
11002,0,"['horse', 'deer', 'frog', 'cat']",horse
11003,2,"['ship', 'cat', 'automobile', 'airplane']",cat
11004,5,"['frog', 'ship', 'airplane', 'automobile']",ship
11005,8,"['horse', 'airplane', 'cat', 'frog']",horse
11006,2,"['ship', 'cat', 'automobile', 'airplane']",cat
11007,1,"['bird', 'dog', 'frog', 'cat', 'airplane']",airplane
11008,0,"['horse', 'deer', 'frog', 'cat']",horse
11009,6,"['automobile', 'horse', 'ship', 'airplane']",airplane
11010,8,"['horse', 'airplane', 'cat', 'frog']",horse
11011,3,"['frog', 'ship', 'automobile', 'airplane']",ship
11012,2,"['ship', 'cat', 'automobile', 'airplane']",cat
11013,8,"['horse', 'airplane', 'cat', 'frog']",horse
11014,0,"['horse', 'deer', 'frog', 'cat']",horse
11015,2,"['ship', 'cat', 'automobile', 'airplane']",cat
11016,5,"['frog', 'ship', 'airplane', 'automobile']",ship
11017,2,"['ship', 'cat', 'automobile', 'airplane']",cat
11018,0,"['horse', 'deer', 'frog', 'cat']",horse
11019,7,"['automobile', 'cat', 'airplane', 'frog']",cat
11020,4,"['cat', 'automobile', 'frog', 'airplane']",automobile
11021,4,"['cat', 'automobile', 'frog', 'airplane']",automobile
11022,0,"['horse', 'deer', 'frog', 'cat']",horse
11023,0,"['horse', 'deer', 'frog', 'cat']",horse
11024,5,"['frog', 'ship', 'airplane', 'automobile']",ship
11025,3,"['frog', 'ship', 'automobile', 'airplane']",ship
11026,3,"['frog', 'ship', 'automobile', 'airplane']",ship
11027,8,"['horse', 'airplane', 'cat', 'frog']",horse
11028,3,"['frog', 'ship', 'automobile', 'airplane']",ship
11029,0,"['horse', 'deer', 'frog', 'cat']",horse
11030,2,"['ship', 'cat', 'automobile', 'airplane']",cat
11031,0,"['horse', 'deer', 'frog', 'cat']",horse
11032,5,"['frog', 'ship', 'airplane', 'automobile']",ship
11033,4,"['cat', 'automobile', 'frog', 'airplane']",automobile
11034,5,"['frog', 'ship', 'airplane', 'automobile']",ship
11035,2,"['ship', 'cat', 'automobile', 'airplane']",cat
11036,4,"['cat', 'automobile', 'frog', 'airplane']",automobile
11037,1,"['bird', 'dog', 'frog', 'cat', 'airplane']",airplane
11038,6,"['automobile', 'horse', 'ship', 'airplane']",automobile
11039,7,"['automobile', 'cat', 'airplane', 'frog']",airplane
11040,3,"['frog', 'ship', 'automobile', 'airplane']",ship
11041,6,"['automobile', 'horse', 'ship', 'airplane']",airplane
11042,8,"['horse', 'airplane', 'cat', 'frog']",horse
11043,5,"['frog', 'ship', 'airplane', 'automobile']",ship
11044,6,"['automobile', 'horse', 'ship', 'airplane']",airplane
11045,4,"['cat', 'automobile', 'frog', 'airplane']",airplane
11046,7,"['automobile', 'cat', 'airplane', 'frog']",airplane
11047,3,"['frog', 'ship', 'automobile', 'airplane']",ship
11048,6,"['automobile', 'horse', 'ship', 'airplane']",airplane
11049,8,"['horse', 'airplane', 'cat', 'frog']",horse
11050,2,"['ship', 'cat', 'automobile', 'airplane']",cat
11051,7,"['automobile', 'cat', 'airplane', 'frog']",cat
11052,3,"['frog', 'ship', 'automobile', 'airplane']",ship
11053,7,"['automobile', 'cat', 'airplane', 'frog']",cat
11054,0,"['horse', 'deer', 'frog', 'cat']",horse
11055,3,"['frog', 'ship', 'automobile', 'airplane']",ship
11056,0,"['horse', 'deer', 'frog', 'cat']",horse
11057,7,"['automobile', 'cat', 'airplane', 'frog']",airplane
11058,8,"['horse', 'airplane', 'cat', 'frog']",horse
11059,7,"['automobile', 'cat', 'airplane', 'frog']",cat
11060,0,"['horse', 'deer', 'frog', 'cat']",horse
11061,5,"['frog', 'ship', 'airplane', 'automobile']",ship
11062,5,"['frog', 'ship', 'airplane', 'automobile']",ship
11063,8,"['horse', 'airplane', 'cat', 'frog']",horse
11064,4,"['cat', 'automobile', 'frog', 'airplane']",automobile
11065,7,"['automobile', 'cat', 'airplane', 'frog']",cat
11066,6,"['automobile', 'horse', 'ship', 'airplane']",automobile
11067,3,"['frog', 'ship', 'automobile', 'airplane']",ship
11068,7,"['automobile', 'cat', 'airplane', 'frog']",airplane
11069,8,"['horse', 'airplane', 'cat', 'frog']",horse
11070,6,"['automobile', 'horse', 'ship', 'airplane']",airplane
11071,5,"['frog', 'ship', 'airplane', 'automobile']",ship
11072,5,"['frog', 'ship', 'airplane', 'automobile']",ship
11073,0,"['horse', 'deer', 'frog', 'cat']",horse
11074,4,"['cat', 'automobile', 'frog', 'airplane']",airplane
11075,1,"['bird', 'dog', 'frog', 'cat', 'airplane']",airplane
11076,0,"['horse', 'deer', 'frog', 'cat']",horse
11077,5,"['frog', 'ship', 'airplane', 'automobile']",ship
11078,0,"['horse', 'deer', 'frog', 'cat']",horse
11079,3,"['frog', 'ship', 'automobile', 'airplane']",ship
11080,0,"['horse', 'deer', 'frog', 'cat']",horse
11081,4,"['cat', 'automobile', 'frog', 'airplane']",automobile
11082,1,"['bird', 'dog', 'frog', 'cat', 'airplane']",airplane
11083,5,"['frog', 'ship', 'airplane', 'automobile']",ship
11084,2,"['ship', 'cat', 'automobile', 'airplane']",automobile
11085,9,"['dog', 'frog', 'cat', 'airplane']",airplane
11086,8,"['horse', 'airplane', 'cat', 'frog']",horse
11087,2,"['ship', 'cat', 'automobile', 'airplane']",cat
11088,7,"['automobile', 'cat', 'airplane', 'frog']",airplane
11089,2,"['ship', 'cat', 'automobile', 'airplane']",cat
11090,6,"['automobile', 'horse', 'ship', 'airplane']",airplane
11091,8,"['horse', 'airplane', 'cat', 'frog']",horse
11092,4,"['cat', 'automobile', 'frog', 'airplane']",automobile
11093,6,"['automobile', 'horse', 'ship', 'airplane']",airplane
11094,5,"['frog', 'ship', 'airplane', 'automobile']",ship
11095,8,"['horse', 'airplane', 'cat', 'frog']",horse
11096,9,"['dog', 'frog', 'cat', 'airplane']",dog
11097,5,"['frog', 'ship', 'airplane', 'automobile']",ship
11098,6,"['automobile', 'horse', 'ship', 'airplane']",airplane
11099,2,"['ship', 'cat', 'automobile', 'airplane']",cat
11100,0,"['horse', 'deer', 'frog', 'cat']",horse
11101,6,"['automobile', 'horse', 'ship', 'airplane']",airplane
11102,7,"['automobile', 'cat', 'airplane', 'frog']",airplane
11103,3,"['frog', 'ship', 'automobile', 'airplane']",ship
11104,9,"['dog', 'frog', 'cat', 'airplane']",dog
11105,3,"['frog', 'ship', 'automobile', 'airplane']",ship
11106,2,"['ship', 'cat', 'automobile', 'airplane']",cat
11107,0,"['horse', 'deer', 'frog', 'cat']",horse
11108,7,"['automobile', 'cat', 'airplane', 'frog']",cat
11109,1,"['bird', 'dog', 'frog', 'cat', 'airplane']",airplane
11110,6,"['automobile', 'horse', 'ship', 'airplane']",airplane
11111,9,"['dog', 'frog', 'cat', 'airplane']",airplane
11112,5,"['frog', 'ship', 'airplane', 'automobile']",ship
11113,6,"['automobile', 'horse', 'ship', 'airplane']",horse
11114,0,"['horse', 'deer', 'frog', 'cat']",horse
11115,2,"['ship', 'cat', 'automobile', 'airplane']",cat
11116,4,"['cat', 'automobile', 'frog', 'airplane']",automobile
11117,8,"['horse', 'airplane', 'cat', 'frog']",horse
11118,4,"['cat', 'automobile', 'frog', 'airplane']",automobile
11119,3,"['frog', 'ship', 'automobile', 'airplane']",ship
11120,3,"['frog', 'ship', 'automobile', 'airplane']",ship
11121,5,"['frog', 'ship', 'airplane', 'automobile']",ship
11122,0,"['horse', 'deer', 'frog', 'cat']",horse
11123,2,"['ship', 'cat', 'automobile', 'airplane']",cat
11124,6,"['automobile', 'horse', 'ship', 'airplane']",airplane
11125,4,"['cat', 'automobile', 'frog', 'airplane']",automobile
11126,9,"['dog', 'frog', 'cat', 'airplane']",airplane
11127,9,"['dog', 'frog', 'cat', 'airplane']",airplane
11128,9,"['dog', 'frog', 'cat', 'airplane']",airplane
11129,4,"['cat', 'automobile', 'frog', 'airplane']",automobile
11130,1,"['bird', 'dog', 'frog', 'cat', 'airplane']",airplane
11131,3,"['frog', 'ship', 'automobile', 'airplane']",ship
11132,1,"['bird', 'dog', 'frog', 'cat', 'airplane']",airplane
11133,1,"['bird', 'dog', 'frog', 'cat', 'airplane']",airplane
11134,1,"['bird', 'dog', 'frog', 'cat', 'airplane']",airplane
11135,6,"['automobile', 'horse', 'ship', 'airplane']",airplane
11136,7,"['automobile', 'cat', 'airplane', 'frog']",airplane
11137,2,"['ship', 'cat', 'automobile', 'airplane']",cat
11138,4,"['cat', 'automobile', 'frog', 'airplane']",automobile
11139,9,"['dog', 'frog', 'cat', 'airplane']",airplane
11140,9,"['dog', 'frog', 'cat', 'airplane']",airplane
11141,8,"['horse', 'airplane', 'cat', 'frog']",airplane
11142,5,"['frog', 'ship', 'airplane', 'automobile']",ship
11143,5,"['frog', 'ship', 'airplane', 'automobile']",ship
11144,6,"['automobile', 'horse', 'ship', 'airplane']",automobile
11145,5,"['frog', 'ship', 'airplane', 'automobile']",ship
11146,7,"['automobile', 'cat', 'airplane', 'frog']",cat
11147,6,"['automobile', 'horse', 'ship', 'airplane']",airplane
11148,8,"['horse', 'airplane', 'cat', 'frog']",horse
11149,8,"['horse', 'airplane', 'cat', 'frog']",horse
11150,6,"['automobile', 'horse', 'ship', 'airplane']",airplane
11151,0,"['horse', 'deer', 'frog', 'cat']",horse
11152,9,"['dog', 'frog', 'cat', 'airplane']",airplane
11153,5,"['frog', 'ship', 'airplane', 'automobile']",ship
11154,7,"['automobile', 'cat', 'airplane', 'frog']",airplane
11155,5,"['frog', 'ship', 'airplane', 'automobile']",ship
11156,2,"['ship', 'cat', 'automobile', 'airplane']",automobile
11157,9,"['dog', 'frog', 'cat', 'airplane']",airplane
11158,8,"['horse', 'airplane', 'cat', 'frog']",horse
11159,8,"['horse', 'airplane', 'cat', 'frog']",horse
11160,5,"['frog', 'ship', 'airplane', 'automobile']",ship
11161,4,"['cat', 'automobile', 'frog', 'airplane']",airplane
11162,7,"['automobile', 'cat', 'airplane', 'frog']",cat
11163,1,"['bird', 'dog', 'frog', 'cat', 'airplane']",airplane
11164,5,"['frog', 'ship', 'airplane', 'automobile']",ship
11165,5,"['frog', 'ship', 'airplane', 'automobile']",ship
11166,5,"['frog', 'ship', 'airplane', 'automobile']",ship
11167,7,"['automobile', 'cat', 'airplane', 'frog']",cat
11168,2,"['ship', 'cat', 'automobile', 'airplane']",cat
11169,0,"['horse', 'deer', 'frog', 'cat']",horse
11170,9,"['dog', 'frog', 'cat', 'airplane']",dog
11171,2,"['ship', 'cat', 'automobile', 'airplane']",cat
11172,9,"['dog', 'frog', 'cat', 'airplane']",airplane
11173,9,"['dog', 'frog', 'cat', 'airplane']",dog
11174,5,"['frog', 'ship', 'airplane', 'automobile']",ship
11175,2,"['ship', 'cat', 'automobile', 'airplane']",automobile
11176,0,"['horse', 'deer', 'frog', 'cat']",horse
11177,8,"['horse', 'airplane', 'cat', 'frog']",horse
11178,0,"['horse', 'deer', 'frog', 'cat']",horse
11179,1,"['bird', 'dog', 'frog', 'cat', 'airplane']",airplane
11180,8,"['horse', 'airplane', 'cat', 'frog']",horse
11181,6,"['automobile', 'horse', 'ship', 'airplane']",airplane
11182,6,"['automobile', 'horse', 'ship', 'airplane']",airplane
11183,3,"['frog', 'ship', 'automobile', 'airplane']",ship
11184,9,"['dog', 'frog', 'cat', 'airplane']",dog
11185,5,"['frog', 'ship', 'airplane', 'automobile']",ship
11186,5,"['frog', 'ship', 'airplane', 'automobile']",ship
11187,2,"['ship', 'cat', 'automobile', 'airplane']",cat
11188,3,"['frog', 'ship', 'automobile', 'airplane']",ship
11189,5,"['frog', 'ship', 'airplane', 'automobile']",ship
11190,4,"['cat', 'automobile', 'frog', 'airplane']",frog
11191,6,"['automobile', 'horse', 'ship', 'airplane']",airplane
11192,3,"['frog', 'ship', 'automobile', 'airplane']",ship
11193,2,"['ship', 'cat', 'automobile', 'airplane']",automobile
11194,2,"['ship', 'cat', 'automobile', 'airplane']",cat
11195,3,"['frog', 'ship', 'automobile', 'airplane']",ship
11196,1,"['bird', 'dog', 'frog', 'cat', 'airplane']",airplane
11197,2,"['ship', 'cat', 'automobile', 'airplane']",automobile
11198,2,"['ship', 'cat', 'automobile', 'airplane']",automobile
11199,3,"['frog', 'ship', 'automobile', 'airplane']",ship
11200,8,"['horse', 'airplane', 'cat', 'frog']",horse
11201,5,"['frog', 'ship', 'airplane', 'automobile']",ship
11202,2,"['ship', 'cat', 'automobile', 'airplane']",cat
11203,7,"['automobile', 'cat', 'airplane', 'frog']",cat
11204,6,"['automobile', 'horse', 'ship', 'airplane']",ship
11205,3,"['frog', 'ship', 'automobile', 'airplane']",ship
11206,8,"['horse', 'airplane', 'cat', 'frog']",horse
11207,8,"['horse', 'airplane', 'cat', 'frog']",horse
11208,0,"['horse', 'deer', 'frog', 'cat']",horse
11209,4,"['cat', 'automobile', 'frog', 'airplane']",automobile
11210,9,"['dog', 'frog', 'cat', 'airplane']",dog
11211,3,"['frog', 'ship', 'automobile', 'airplane']",ship
11212,6,"['automobile', 'horse', 'ship', 'airplane']",airplane
11213,9,"['dog', 'frog', 'cat', 'airplane']",dog
11214,7,"['automobile', 'cat', 'airplane', 'frog']",airplane
11215,6,"['automobile', 'horse', 'ship', 'airplane']",airplane
11216,0,"['horse', 'deer', 'frog', 'cat']",horse
11217,5,"['frog', 'ship', 'airplane', 'automobile']",ship
11218,0,"['horse', 'deer', 'frog', 'cat']",horse
11219,6,"['automobile', 'horse', 'ship', 'airplane']",airplane
11220,2,"['ship', 'cat', 'automobile', 'airplane']",automobile
11221,2,"['ship', 'cat', 'automobile', 'airplane']",cat
11222,3,"['frog', 'ship', 'automobile', 'airplane']",ship
11223,1,"['bird', 'dog', 'frog', 'cat', 'airplane']",airplane
11224,0,"['horse', 'deer', 'frog', 'cat']",horse
11225,9,"['dog', 'frog', 'cat', 'airplane']",airplane
11226,4,"['cat', 'automobile', 'frog', 'airplane']",automobile
11227,9,"['dog', 'frog', 'cat', 'airplane']",airplane
11228,7,"['automobile', 'cat', 'airplane', 'frog']",cat
11229,0,"['horse', 'deer', 'frog', 'cat']",horse
11230,9,"['dog', 'frog', 'cat', 'airplane']",airplane
11231,3,"['frog', 'ship', 'automobile', 'airplane']",ship
11232,9,"['dog', 'frog', 'cat', 'airplane']",dog
11233,6,"['automobile', 'horse', 'ship', 'airplane']",automobile
11234,3,"['frog', 'ship', 'automobile', 'airplane']",frog
11235,4,"['cat', 'automobile', 'frog', 'airplane']",automobile
11236,3,"['frog', 'ship', 'automobile', 'airplane']",ship
11237,0,"['horse', 'deer', 'frog', 'cat']",horse
11238,0,"['horse', 'deer', 'frog', 'cat']",horse
11239,6,"['automobile', 'horse', 'ship', 'airplane']",airplane
11240,0,"['horse', 'deer', 'frog', 'cat']",horse
11241,2,"['ship', 'cat', 'automobile', 'airplane']",automobile
11242,1,"['bird', 'dog', 'frog', 'cat', 'airplane']",airplane
11243,1,"['bird', 'dog', 'frog', 'cat', 'airplane']",airplane
11244,8,"['horse', 'airplane', 'cat', 'frog']",horse
11245,5,"['frog', 'ship', 'airplane', 'automobile']",ship
11246,6,"['automobile', 'horse', 'ship', 'airplane']",airplane
11247,5,"['frog', 'ship', 'airplane', 'automobile']",ship
11248,8,"['horse', 'airplane', 'cat', 'frog']",horse
11249,4,"['cat', 'automobile', 'frog', 'airplane']",automobile
11250,4,"['cat', 'automobile', 'frog', 'airplane']",automobile
11251,0,"['horse', 'deer', 'frog', 'cat']",horse
11252,2,"['ship', 'cat', 'automobile', 'airplane']",cat
11253,8,"['horse', 'airplane', 'cat', 'frog']",horse
11254,4,"['cat', 'automobile', 'frog', 'airplane']",automobile
11255,0,"['horse', 'deer', 'frog', 'cat']",frog
11256,2,"['ship', 'cat', 'automobile', 'airplane']",cat
11257,3,"['frog', 'ship', 'automobile', 'airplane']",ship
11258,9,"['dog', 'frog', 'cat', 'airplane']",airplane
11259,5,"['frog', 'ship', 'airplane', 'automobile']",ship
11260,7,"['automobile', 'cat', 'airplane', 'frog']",airplane
11261,8,"['horse', 'airplane', 'cat', 'frog']",horse
11262,5,"['frog', 'ship', 'airplane', 'automobile']",ship
11263,0,"['horse', 'deer', 'frog', 'cat']",horse
11264,1,"['bird', 'dog', 'frog', 'cat', 'airplane']",airplane
11265,8,"['horse', 'airplane', 'cat', 'frog']",horse
11266,8,"['horse', 'airplane', 'cat', 'frog']",horse
11267,5,"['frog', 'ship', 'airplane', 'automobile']",ship
11268,3,"['frog', 'ship', 'automobile', 'airplane']",ship
11269,5,"['frog', 'ship', 'airplane', 'automobile']",ship
11270,2,"['ship', 'cat', 'automobile', 'airplane']",cat
11271,3,"['frog', 'ship', 'automobile', 'airplane']",ship
11272,8,"['horse', 'airplane', 'cat', 'frog']",horse
11273,6,"['automobile', 'horse', 'ship', 'airplane']",airplane
11274,5,"['frog', 'ship', 'airplane', 'automobile']",ship
11275,9,"['dog', 'frog', 'cat', 'airplane']",airplane
11276,0,"['horse', 'deer', 'frog', 'cat']",horse
11277,8,"['horse', 'airplane', 'cat', 'frog']",horse
11278,7,"['automobile', 'cat', 'airplane', 'frog']",cat
11279,4,"['cat', 'automobile', 'frog', 'airplane']",automobile
11280,0,"['horse', 'deer', 'frog', 'cat']",horse
11281,7,"['automobile', 'cat', 'airplane', 'frog']",cat
11282,4,"['cat', 'automobile', 'frog', 'airplane']",automobile
11283,0,"['horse', 'deer', 'frog', 'cat']",horse
11284,7,"['automobile', 'cat', 'airplane', 'frog']",cat
11285,5,"['frog', 'ship', 'airplane', 'automobile']",ship
11286,2,"['ship', 'cat', 'automobile', 'airplane']",cat
11287,6,"['automobile', 'horse', 'ship', 'airplane']",airplane
11288,2,"['ship', 'cat', 'automobile', 'airplane']",cat
11289,7,"['automobile', 'cat', 'airplane', 'frog']",airplane
11290,6,"['automobile', 'horse', 'ship', 'airplane']",automobile
11291,3,"['frog', 'ship', 'automobile', 'airplane']",ship
11292,9,"['dog', 'frog', 'cat', 'airplane']",airplane
11293,3,"['frog', 'ship', 'automobile', 'airplane']",ship
11294,3,"['frog', 'ship', 'automobile', 'airplane']",ship
11295,2,"['ship', 'cat', 'automobile', 'airplane']",automobile
11296,9,"['dog', 'frog', 'cat', 'airplane']",dog
11297,0,"['horse', 'deer', 'frog', 'cat']",horse
11298,5,"['frog', 'ship', 'airplane', 'automobile']",ship
11299,4,"['cat', 'automobile', 'frog', 'airplane']",automobile
11300,7,"['automobile', 'cat', 'airplane', 'frog']",cat
11301,1,"['bird', 'dog', 'frog', 'cat', 'airplane']",airplane
11302,0,"['horse', 'deer', 'frog', 'cat']",horse
11303,6,"['automobile', 'horse', 'ship', 'airplane']",airplane
11304,0,"['horse', 'deer', 'frog', 'cat']",horse
11305,0,"['horse', 'deer', 'frog', 'cat']",horse
11306,8,"['horse', 'airplane', 'cat', 'frog']",horse
11307,3,"['frog', 'ship', 'automobile', 'airplane']",ship
11308,1,"['bird', 'dog', 'frog', 'cat', 'airplane']",airplane
11309,8,"['horse', 'airplane', 'cat', 'frog']",horse
11310,6,"['automobile', 'horse', 'ship', 'airplane']",airplane
11311,9,"['dog', 'frog', 'cat', 'airplane']",airplane
11312,9,"['dog', 'frog', 'cat', 'airplane']",dog
11313,2,"['ship', 'cat', 'automobile', 'airplane']",cat
11314,5,"['frog', 'ship', 'airplane', 'automobile']",ship
11315,4,"['cat', 'automobile', 'frog', 'airplane']",automobile
11316,9,"['dog', 'frog', 'cat', 'airplane']",dog
11317,5,"['frog', 'ship', 'airplane', 'automobile']",ship
11318,6,"['automobile', 'horse', 'ship', 'airplane']",airplane
11319,6,"['automobile', 'horse', 'ship', 'airplane']",airplane
11320,3,"['frog', 'ship', 'automobile', 'airplane']",ship
11321,7,"['automobile', 'cat', 'airplane', 'frog']",cat
11322,5,"['frog', 'ship', 'airplane', 'automobile']",ship
11323,7,"['automobile', 'cat', 'airplane', 'frog']",airplane
11324,3,"['frog', 'ship', 'automobile', 'airplane']",ship
11325,0,"['horse', 'deer', 'frog', 'cat']",horse
11326,2,"['ship', 'cat', 'automobile', 'airplane']",cat
11327,8,"['horse', 'airplane', 'cat', 'frog']",horse
11328,5,"['frog', 'ship', 'airplane', 'automobile']",ship
11329,7,"['automobile', 'cat', 'airplane', 'frog']",cat
11330,5,"['frog', 'ship', 'airplane', 'automobile']",frog
11331,6,"['automobile', 'horse', 'ship', 'airplane']",airplane
11332,9,"['dog', 'frog', 'cat', 'airplane']",airplane
11333,3,"['frog', 'ship', 'automobile', 'airplane']",ship
11334,7,"['automobile', 'cat', 'airplane', 'frog']",airplane
11335,2,"['ship', 'cat', 'automobile', 'airplane']",cat
11336,1,"['bird', 'dog', 'frog', 'cat', 'airplane']",airplane
11337,3,"['frog', 'ship', 'automobile', 'airplane']",ship
11338,7,"['automobile', 'cat', 'airplane', 'frog']",cat
11339,3,"['frog', 'ship', 'automobile', 'airplane']",ship
11340,2,"['ship', 'cat', 'automobile', 'airplane']",cat
11341,5,"['frog', 'ship', 'airplane', 'automobile']",ship
11342,2,"['ship', 'cat', 'automobile', 'airplane']",cat
11343,8,"['horse', 'airplane', 'cat', 'frog']",horse
11344,3,"['frog', 'ship', 'automobile', 'airplane']",ship
11345,8,"['horse', 'airplane', 'cat', 'frog']",horse
11346,6,"['automobile', 'horse', 'ship', 'airplane']",airplane
11347,5,"['frog', 'ship', 'airplane', 'automobile']",ship
11348,2,"['ship', 'cat', 'automobile', 'airplane']",automobile
11349,2,"['ship', 'cat', 'automobile', 'airplane']",automobile
11350,7,"['automobile', 'cat', 'airplane', 'frog']",cat
11351,5,"['frog', 'ship', 'airplane', 'automobile']",ship
11352,8,"['horse', 'airplane', 'cat', 'frog']",horse
11353,3,"['frog', 'ship', 'automobile', 'airplane']",ship
11354,2,"['ship', 'cat', 'automobile', 'airplane']",cat
11355,7,"['automobile', 'cat', 'airplane', 'frog']",cat
11356,0,"['horse', 'deer', 'frog', 'cat']",horse
11357,3,"['frog', 'ship', 'automobile', 'airplane']",ship
11358,6,"['automobile', 'horse', 'ship', 'airplane']",airplane
11359,3,"['frog', 'ship', 'automobile', 'airplane']",ship
11360,9,"['dog', 'frog', 'cat', 'airplane']",airplane
11361,1,"['bird', 'dog', 'frog', 'cat', 'airplane']",airplane
11362,2,"['ship', 'cat', 'automobile', 'airplane']",cat
11363,6,"['automobile', 'horse', 'ship', 'airplane']",airplane
11364,3,"['frog', 'ship', 'automobile', 'airplane']",ship
11365,5,"['frog', 'ship', 'airplane', 'automobile']",ship
11366,3,"['frog', 'ship', 'automobile', 'airplane']",ship
11367,1,"['bird', 'dog', 'frog', 'cat', 'airplane']",airplane
11368,8,"['horse', 'airplane', 'cat', 'frog']",horse
11369,6,"['automobile', 'horse', 'ship', 'airplane']",airplane
11370,3,"['frog', 'ship', 'automobile', 'airplane']",ship
11371,6,"['automobile', 'horse', 'ship', 'airplane']",airplane
11372,0,"['horse', 'deer', 'frog', 'cat']",horse
11373,9,"['dog', 'frog', 'cat', 'airplane']",dog
11374,0,"['horse', 'deer', 'frog', 'cat']",horse
11375,5,"['frog', 'ship', 'airplane', 'automobile']",ship
11376,5,"['frog', 'ship', 'airplane', 'automobile']",ship
11377,7,"['automobile', 'cat', 'airplane', 'frog']",cat
11378,8,"['horse', 'airplane', 'cat', 'frog']",horse
11379,3,"['frog', 'ship', 'automobile', 'airplane']",ship
11380,2,"['ship', 'cat', 'automobile', 'airplane']",cat
11381,6,"['automobile', 'horse', 'ship', 'airplane']",airplane
11382,2,"['ship', 'cat', 'automobile', 'airplane']",cat
11383,9,"['dog', 'frog', 'cat', 'airplane']",dog
11384,4,"['cat', 'automobile', 'frog', 'airplane']",automobile
11385,2,"['ship', 'cat', 'automobile', 'airplane']",cat
11386,3,"['frog', 'ship', 'automobile', 'airplane']",ship
11387,3,"['frog', 'ship', 'automobile', 'airplane']",ship
11388,9,"['dog', 'frog', 'cat', 'airplane']",dog
11389,3,"['frog', 'ship', 'automobile', 'airplane']",ship
11390,7,"['automobile', 'cat', 'airplane', 'frog']",airplane
11391,7,"['automobile', 'cat', 'airplane', 'frog']",cat
11392,6,"['automobile', 'horse', 'ship', 'airplane']",airplane
11393,7,"['automobile', 'cat', 'airplane', 'frog']",airplane
11394,6,"['automobile', 'horse', 'ship', 'airplane']",airplane
11395,1,"['bird', 'dog', 'frog', 'cat', 'airplane']",airplane
11396,5,"['frog', 'ship', 'airplane', 'automobile']",ship
11397,6,"['automobile', 'horse', 'ship', 'airplane']",airplane
11398,4,"['cat', 'automobile', 'frog', 'airplane']",automobile
11399,9,"['dog', 'frog', 'cat', 'airplane']",airplane
11400,0,"['horse', 'deer', 'frog', 'cat']",horse
11401,4,"['cat', 'automobile', 'frog', 'airplane']",automobile
11402,4,"['cat', 'automobile', 'frog', 'airplane']",automobile
11403,1,"['bird', 'dog', 'frog', 'cat', 'airplane']",airplane
11404,6,"['automobile', 'horse', 'ship', 'airplane']",airplane
11405,5,"['frog', 'ship', 'airplane', 'automobile']",ship
11406,6,"['automobile', 'horse', 'ship', 'airplane']",airplane
11407,1,"['bird', 'dog', 'frog', 'cat', 'airplane']",airplane
11408,6,"['automobile', 'horse', 'ship', 'airplane']",horse
11409,3,"['frog', 'ship', 'automobile', 'airplane']",ship
11410,7,"['automobile', 'cat', 'airplane', 'frog']",airplane
11411,7,"['automobile', 'cat', 'airplane', 'frog']",cat
11412,6,"['automobile', 'horse', 'ship', 'airplane']",ship
11413,8,"['horse', 'airplane', 'cat', 'frog']",horse
11414,7,"['automobile', 'cat', 'airplane', 'frog']",cat
11415,2,"['ship', 'cat', 'automobile', 'airplane']",cat
11416,0,"['horse', 'deer', 'frog', 'cat']",horse
11417,7,"['automobile', 'cat', 'airplane', 'frog']",airplane
11418,1,"['bird', 'dog', 'frog', 'cat', 'airplane']",airplane
11419,3,"['frog', 'ship', 'automobile', 'airplane']",ship
11420,2,"['ship', 'cat', 'automobile', 'airplane']",cat
11421,1,"['bird', 'dog', 'frog', 'cat', 'airplane']",airplane
11422,9,"['dog', 'frog', 'cat', 'airplane']",airplane
11423,4,"['cat', 'automobile', 'frog', 'airplane']",automobile
11424,0,"['horse', 'deer', 'frog', 'cat']",horse
11425,0,"['horse', 'deer', 'frog', 'cat']",horse
11426,7,"['automobile', 'cat', 'airplane', 'frog']",cat
11427,1,"['bird', 'dog', 'frog', 'cat', 'airplane']",airplane
11428,7,"['automobile', 'cat', 'airplane', 'frog']",cat
11429,6,"['automobile', 'horse', 'ship', 'airplane']",horse
11430,9,"['dog', 'frog', 'cat', 'airplane']",dog
11431,0,"['horse', 'deer', 'frog', 'cat']",horse
11432,6,"['automobile', 'horse', 'ship', 'airplane']",airplane
11433,2,"['ship', 'cat', 'automobile', 'airplane']",cat
11434,3,"['frog', 'ship', 'automobile', 'airplane']",ship
11435,4,"['cat', 'automobile', 'frog', 'airplane']",airplane
11436,2,"['ship', 'cat', 'automobile', 'airplane']",cat
11437,5,"['frog', 'ship', 'airplane', 'automobile']",ship
11438,6,"['automobile', 'horse', 'ship', 'airplane']",ship
11439,6,"['automobile', 'horse', 'ship', 'airplane']",airplane
11440,0,"['horse', 'deer', 'frog', 'cat']",horse
11441,5,"['frog', 'ship', 'airplane', 'automobile']",ship
11442,5,"['frog', 'ship', 'airplane', 'automobile']",ship
11443,2,"['ship', 'cat', 'automobile', 'airplane']",cat
11444,1,"['bird', 'dog', 'frog', 'cat', 'airplane']",airplane
11445,6,"['automobile', 'horse', 'ship', 'airplane']",airplane
11446,7,"['automobile', 'cat', 'airplane', 'frog']",cat
11447,3,"['frog', 'ship', 'automobile', 'airplane']",ship
11448,7,"['automobile', 'cat', 'airplane', 'frog']",airplane
11449,3,"['frog', 'ship', 'automobile', 'airplane']",ship
11450,5,"['frog', 'ship', 'airplane', 'automobile']",ship
11451,0,"['horse', 'deer', 'frog', 'cat']",horse
11452,2,"['ship', 'cat', 'automobile', 'airplane']",cat
11453,9,"['dog', 'frog', 'cat', 'airplane']",airplane
11454,2,"['ship', 'cat', 'automobile', 'airplane']",cat
11455,2,"['ship', 'cat', 'automobile', 'airplane']",ship
11456,2,"['ship', 'cat', 'automobile', 'airplane']",cat
11457,9,"['dog', 'frog', 'cat', 'airplane']",airplane
11458,3,"['frog', 'ship', 'automobile', 'airplane']",ship
11459,6,"['automobile', 'horse', 'ship', 'airplane']",airplane
11460,7,"['automobile', 'cat', 'airplane', 'frog']",cat
11461,8,"['horse', 'airplane', 'cat', 'frog']",horse
11462,5,"['frog', 'ship', 'airplane', 'automobile']",ship
11463,5,"['frog', 'ship', 'airplane', 'automobile']",ship
11464,1,"['bird', 'dog', 'frog', 'cat', 'airplane']",airplane
11465,5,"['frog', 'ship', 'airplane', 'automobile']",ship
11466,6,"['automobile', 'horse', 'ship', 'airplane']",airplane
11467,2,"['ship', 'cat', 'automobile', 'airplane']",ship
11468,6,"['automobile', 'horse', 'ship', 'airplane']",airplane
11469,7,"['automobile', 'cat', 'airplane', 'frog']",cat
11470,1,"['bird', 'dog', 'frog', 'cat', 'airplane']",airplane
11471,2,"['ship', 'cat', 'automobile', 'airplane']",cat
11472,9,"['dog', 'frog', 'cat', 'airplane']",airplane
11473,1,"['bird', 'dog', 'frog', 'cat', 'airplane']",airplane
11474,0,"['horse', 'deer', 'frog', 'cat']",horse
11475,0,"['horse', 'deer', 'frog', 'cat']",horse
11476,3,"['frog', 'ship', 'automobile', 'airplane']",ship
11477,3,"['frog', 'ship', 'automobile', 'airplane']",frog
11478,2,"['ship', 'cat', 'automobile', 'airplane']",cat
11479,0,"['horse', 'deer', 'frog', 'cat']",horse
11480,3,"['frog', 'ship', 'automobile', 'airplane']",ship
11481,4,"['cat', 'automobile', 'frog', 'airplane']",airplane
11482,1,"['bird', 'dog', 'frog', 'cat', 'airplane']",airplane
11483,7,"['automobile', 'cat', 'airplane', 'frog']",cat
11484,7,"['automobile', 'cat', 'airplane', 'frog']",airplane
11485,9,"['dog', 'frog', 'cat', 'airplane']",airplane
11486,2,"['ship', 'cat', 'automobile', 'airplane']",automobile
11487,0,"['horse', 'deer', 'frog', 'cat']",horse
11488,8,"['horse', 'airplane', 'cat', 'frog']",horse
11489,6,"['automobile', 'horse', 'ship', 'airplane']",airplane
11490,8,"['horse', 'airplane', 'cat', 'frog']",horse
11491,5,"['frog', 'ship', 'airplane', 'automobile']",ship
11492,3,"['frog', 'ship', 'automobile', 'airplane']",ship
11493,5,"['frog', 'ship', 'airplane', 'automobile']",ship
11494,5,"['frog', 'ship', 'airplane', 'automobile']",ship
11495,5,"['frog', 'ship', 'airplane', 'automobile']",ship
11496,5,"['frog', 'ship', 'airplane', 'automobile']",ship
11497,1,"['bird', 'dog', 'frog', 'cat', 'airplane']",airplane
11498,3,"['frog', 'ship', 'automobile', 'airplane']",ship
11499,4,"['cat', 'automobile', 'frog', 'airplane']",automobile
11500,2,"['ship', 'cat', 'automobile', 'airplane']",cat
11501,8,"['horse', 'airplane', 'cat', 'frog']",horse
11502,7,"['automobile', 'cat', 'airplane', 'frog']",cat
11503,8,"['horse', 'airplane', 'cat', 'frog']",horse
11504,9,"['dog', 'frog', 'cat', 'airplane']",airplane
11505,8,"['horse', 'airplane', 'cat', 'frog']",horse
11506,4,"['cat', 'automobile', 'frog', 'airplane']",automobile
11507,5,"['frog', 'ship', 'airplane', 'automobile']",ship
11508,6,"['automobile', 'horse', 'ship', 'airplane']",airplane
11509,0,"['horse', 'deer', 'frog', 'cat']",horse
11510,4,"['cat', 'automobile', 'frog', 'airplane']",automobile
11511,2,"['ship', 'cat', 'automobile', 'airplane']",cat
11512,3,"['frog', 'ship', 'automobile', 'airplane']",ship
11513,5,"['frog', 'ship', 'airplane', 'automobile']",ship
11514,0,"['horse', 'deer', 'frog', 'cat']",horse
11515,1,"['bird', 'dog', 'frog', 'cat', 'airplane']",airplane
11516,9,"['dog', 'frog', 'cat', 'airplane']",airplane
11517,9,"['dog', 'frog', 'cat', 'airplane']",airplane
11518,2,"['ship', 'cat', 'automobile', 'airplane']",cat
11519,5,"['frog', 'ship', 'airplane', 'automobile']",ship
11520,7,"['automobile', 'cat', 'airplane', 'frog']",cat
11521,4,"['cat', 'automobile', 'frog', 'airplane']",airplane
11522,1,"['bird', 'dog', 'frog', 'cat', 'airplane']",airplane
11523,5,"['frog', 'ship', 'airplane', 'automobile']",ship
11524,8,"['horse', 'airplane', 'cat', 'frog']",horse
11525,5,"['frog', 'ship', 'airplane', 'automobile']",ship
11526,4,"['cat', 'automobile', 'frog', 'airplane']",airplane
11527,7,"['automobile', 'cat', 'airplane', 'frog']",cat
11528,2,"['ship', 'cat', 'automobile', 'airplane']",cat
11529,8,"['horse', 'airplane', 'cat', 'frog']",horse
11530,5,"['frog', 'ship', 'airplane', 'automobile']",ship
11531,3,"['frog', 'ship', 'automobile', 'airplane']",ship
11532,1,"['bird', 'dog', 'frog', 'cat', 'airplane']",airplane
11533,9,"['dog', 'frog', 'cat', 'airplane']",airplane
11534,3,"['frog', 'ship', 'automobile', 'airplane']",ship
11535,0,"['horse', 'deer', 'frog', 'cat']",horse
11536,5,"['frog', 'ship', 'airplane', 'automobile']",ship
11537,6,"['automobile', 'horse', 'ship', 'airplane']",horse
11538,2,"['ship', 'cat', 'automobile', 'airplane']",cat
11539,6,"['automobile', 'horse', 'ship', 'airplane']",ship
11540,3,"['frog', 'ship', 'automobile', 'airplane']",ship
11541,9,"['dog', 'frog', 'cat', 'airplane']",airplane
11542,4,"['cat', 'automobile', 'frog', 'airplane']",automobile
11543,1,"['bird', 'dog', 'frog', 'cat', 'airplane']",airplane
11544,3,"['frog', 'ship', 'automobile', 'airplane']",ship
11545,2,"['ship', 'cat', 'automobile', 'airplane']",cat
11546,1,"['bird', 'dog', 'frog', 'cat', 'airplane']",airplane
11547,9,"['dog', 'frog', 'cat', 'airplane']",airplane
11548,2,"['ship', 'cat', 'automobile', 'airplane']",automobile
11549,9,"['dog', 'frog', 'cat', 'airplane']",airplane
11550,4,"['cat', 'automobile', 'frog', 'airplane']",automobile
11551,5,"['frog', 'ship', 'airplane', 'automobile']",ship
11552,9,"['dog', 'frog', 'cat', 'airplane']",dog
11553,7,"['automobile', 'cat', 'airplane', 'frog']",airplane
11554,0,"['horse', 'deer', 'frog', 'cat']",horse
11555,9,"['dog', 'frog', 'cat', 'airplane']",airplane
11556,3,"['frog', 'ship', 'automobile', 'airplane']",ship
11557,9,"['dog', 'frog', 'cat', 'airplane']",dog
11558,1,"['bird', 'dog', 'frog', 'cat', 'airplane']",airplane
11559,8,"['horse', 'airplane', 'cat', 'frog']",horse
11560,5,"['frog', 'ship', 'airplane', 'automobile']",ship
11561,7,"['automobile', 'cat', 'airplane', 'frog']",cat
11562,4,"['cat', 'automobile', 'frog', 'airplane']",automobile
11563,0,"['horse', 'deer', 'frog', 'cat']",horse
11564,3,"['frog', 'ship', 'automobile', 'airplane']",ship
11565,4,"['cat', 'automobile', 'frog', 'airplane']",automobile
11566,8,"['horse', 'airplane', 'cat', 'frog']",horse
11567,4,"['cat', 'automobile', 'frog', 'airplane']",automobile
11568,3,"['frog', 'ship', 'automobile', 'airplane']",ship
11569,8,"['horse', 'airplane', 'cat', 'frog']",horse
11570,7,"['automobile', 'cat', 'airplane', 'frog']",cat
11571,1,"['bird', 'dog', 'frog', 'cat', 'airplane']",airplane
11572,0,"['horse', 'deer', 'frog', 'cat']",horse
11573,4,"['cat', 'automobile', 'frog', 'airplane']",automobile
11574,1,"['bird', 'dog', 'frog', 'cat', 'airplane']",airplane
11575,5,"['frog', 'ship', 'airplane', 'automobile']",ship
11576,8,"['horse', 'airplane', 'cat', 'frog']",horse
11577,8,"['horse', 'airplane', 'cat', 'frog']",horse
11578,3,"['frog', 'ship', 'automobile', 'airplane']",ship
11579,1,"['bird', 'dog', 'frog', 'cat', 'airplane']",airplane
11580,1,"['bird', 'dog', 'frog', 'cat', 'airplane']",airplane
11581,7,"['automobile', 'cat', 'airplane', 'frog']",airplane
11582,4,"['cat', 'automobile', 'frog', 'airplane']",automobile
11583,0,"['horse', 'deer', 'frog', 'cat']",horse
11584,6,"['automobile', 'horse', 'ship', 'airplane']",airplane
11585,1,"['bird', 'dog', 'frog', 'cat', 'airplane']",airplane
11586,4,"['cat', 'automobile', 'frog', 'airplane']",automobile
11587,2,"['ship', 'cat', 'automobile', 'airplane']",cat
11588,6,"['automobile', 'horse', 'ship', 'airplane']",airplane
11589,9,"['dog', 'frog', 'cat', 'airplane']",airplane
11590,4,"['cat', 'automobile', 'frog', 'airplane']",automobile
11591,8,"['horse', 'airplane', 'cat', 'frog']",horse
11592,9,"['dog', 'frog', 'cat', 'airplane']",airplane
11593,8,"['horse', 'airplane', 'cat', 'frog']",horse
11594,9,"['dog', 'frog', 'cat', 'airplane']",airplane
11595,7,"['automobile', 'cat', 'airplane', 'frog']",airplane
11596,3,"['frog', 'ship', 'automobile', 'airplane']",ship
11597,9,"['dog', 'frog', 'cat', 'airplane']",airplane
11598,8,"['horse', 'airplane', 'cat', 'frog']",horse
11599,9,"['dog', 'frog', 'cat', 'airplane']",dog
11600,5,"['frog', 'ship', 'airplane', 'automobile']",ship
11601,9,"['dog', 'frog', 'cat', 'airplane']",dog
11602,6,"['automobile', 'horse', 'ship', 'airplane']",airplane
11603,5,"['frog', 'ship', 'airplane', 'automobile']",ship
11604,9,"['dog', 'frog', 'cat', 'airplane']",dog
11605,7,"['automobile', 'cat', 'airplane', 'frog']",airplane
11606,2,"['ship', 'cat', 'automobile', 'airplane']",cat
11607,9,"['dog', 'frog', 'cat', 'airplane']",airplane
11608,7,"['automobile', 'cat', 'airplane', 'frog']",frog
11609,6,"['automobile', 'horse', 'ship', 'airplane']",airplane
11610,5,"['frog', 'ship', 'airplane', 'automobile']",ship
11611,7,"['automobile', 'cat', 'airplane', 'frog']",cat
11612,0,"['horse', 'deer', 'frog', 'cat']",horse
11613,8,"['horse', 'airplane', 'cat', 'frog']",horse
11614,1,"['bird', 'dog', 'frog', 'cat', 'airplane']",airplane
11615,0,"['horse', 'deer', 'frog', 'cat']",horse
11616,8,"['horse', 'airplane', 'cat', 'frog']",horse
11617,3,"['frog', 'ship', 'automobile', 'airplane']",ship
11618,0,"['horse', 'deer', 'frog', 'cat']",horse
11619,1,"['bird', 'dog', 'frog', 'cat', 'airplane']",airplane
11620,9,"['dog', 'frog', 'cat', 'airplane']",dog
11621,7,"['automobile', 'cat', 'airplane', 'frog']",cat
11622,5,"['frog', 'ship', 'airplane', 'automobile']",ship
11623,3,"['frog', 'ship', 'automobile', 'airplane']",ship
11624,5,"['frog', 'ship', 'airplane', 'automobile']",ship
11625,3,"['frog', 'ship', 'automobile', 'airplane']",ship
11626,4,"['cat', 'automobile', 'frog', 'airplane']",automobile
11627,8,"['horse', 'airplane', 'cat', 'frog']",horse
11628,3,"['frog', 'ship', 'automobile', 'airplane']",ship
11629,2,"['ship', 'cat', 'automobile', 'airplane']",cat
11630,2,"['ship', 'cat', 'automobile', 'airplane']",cat
11631,1,"['bird', 'dog', 'frog', 'cat', 'airplane']",airplane
11632,3,"['frog', 'ship', 'automobile', 'airplane']",ship
11633,0,"['horse', 'deer', 'frog', 'cat']",horse
11634,6,"['automobile', 'horse', 'ship', 'airplane']",ship
11635,4,"['cat', 'automobile', 'frog', 'airplane']",automobile
11636,5,"['frog', 'ship', 'airplane', 'automobile']",ship
11637,5,"['frog', 'ship', 'airplane', 'automobile']",ship
11638,6,"['automobile', 'horse', 'ship', 'airplane']",ship
11639,3,"['frog', 'ship', 'automobile', 'airplane']",ship
11640,1,"['bird', 'dog', 'frog', 'cat', 'airplane']",airplane
11641,2,"['ship', 'cat', 'automobile', 'airplane']",cat
11642,0,"['horse', 'deer', 'frog', 'cat']",horse
11643,0,"['horse', 'deer', 'frog', 'cat']",horse
11644,6,"['automobile', 'horse', 'ship', 'airplane']",airplane
11645,1,"['bird', 'dog', 'frog', 'cat', 'airplane']",airplane
11646,1,"['bird', 'dog', 'frog', 'cat', 'airplane']",airplane
11647,6,"['automobile', 'horse', 'ship', 'airplane']",airplane
11648,7,"['automobile', 'cat', 'airplane', 'frog']",cat
11649,4,"['cat', 'automobile', 'frog', 'airplane']",automobile
11650,2,"['ship', 'cat', 'automobile', 'airplane']",cat
11651,6,"['automobile', 'horse', 'ship', 'airplane']",automobile
11652,8,"['horse', 'airplane', 'cat', 'frog']",horse
11653,3,"['frog', 'ship', 'automobile', 'airplane']",ship
11654,6,"['automobile', 'horse', 'ship', 'airplane']",airplane
11655,3,"['frog', 'ship', 'automobile', 'airplane']",ship
11656,7,"['automobile', 'cat', 'airplane', 'frog']",cat
11657,6,"['automobile', 'horse', 'ship', 'airplane']",airplane
11658,9,"['dog', 'frog', 'cat', 'airplane']",airplane
11659,9,"['dog', 'frog', 'cat', 'airplane']",airplane
11660,9,"['dog', 'frog', 'cat', 'airplane']",airplane
11661,0,"['horse', 'deer', 'frog', 'cat']",horse
11662,5,"['frog', 'ship', 'airplane', 'automobile']",ship
11663,1,"['bird', 'dog', 'frog', 'cat', 'airplane']",airplane
11664,1,"['bird', 'dog', 'frog', 'cat', 'airplane']",airplane
11665,8,"['horse', 'airplane', 'cat', 'frog']",horse
11666,2,"['ship', 'cat', 'automobile', 'airplane']",automobile
11667,8,"['horse', 'airplane', 'cat', 'frog']",horse
11668,3,"['frog', 'ship', 'automobile', 'airplane']",ship
11669,7,"['automobile', 'cat', 'airplane', 'frog']",airplane
11670,4,"['cat', 'automobile', 'frog', 'airplane']",airplane
11671,0,"['horse', 'deer', 'frog', 'cat']",horse
11672,6,"['automobile', 'horse', 'ship', 'airplane']",automobile
11673,8,"['horse', 'airplane', 'cat', 'frog']",horse
11674,8,"['horse', 'airplane', 'cat', 'frog']",horse
11675,6,"['automobile', 'horse', 'ship', 'airplane']",airplane
11676,8,"['horse', 'airplane', 'cat', 'frog']",horse
11677,9,"['dog', 'frog', 'cat', 'airplane']",airplane
11678,9,"['dog', 'frog', 'cat', 'airplane']",dog
11679,1,"['bird', 'dog', 'frog', 'cat', 'airplane']",airplane
11680,3,"['frog', 'ship', 'automobile', 'airplane']",ship
11681,9,"['dog', 'frog', 'cat', 'airplane']",dog
11682,0,"['horse', 'deer', 'frog', 'cat']",horse
11683,1,"['bird', 'dog', 'frog', 'cat', 'airplane']",airplane
11684,2,"['ship', 'cat', 'automobile', 'airplane']",cat
11685,9,"['dog', 'frog', 'cat', 'airplane']",dog
11686,1,"['bird', 'dog', 'frog', 'cat', 'airplane']",airplane
11687,6,"['automobile', 'horse', 'ship', 'airplane']",airplane
11688,9,"['dog', 'frog', 'cat', 'airplane']",airplane
11689,0,"['horse', 'deer', 'frog', 'cat']",horse
11690,6,"['automobile', 'horse', 'ship', 'airplane']",airplane
11691,0,"['horse', 'deer', 'frog', 'cat']",horse
11692,1,"['bird', 'dog', 'frog', 'cat', 'airplane']",airplane
11693,8,"['horse', 'airplane', 'cat', 'frog']",horse
11694,5,"['frog', 'ship', 'airplane', 'automobile']",ship
11695,1,"['bird', 'dog', 'frog', 'cat', 'airplane']",airplane
11696,1,"['bird', 'dog', 'frog', 'cat', 'airplane']",airplane
11697,7,"['automobile', 'cat', 'airplane', 'frog']",cat
11698,1,"['bird', 'dog', 'frog', 'cat', 'airplane']",airplane
11699,6,"['automobile', 'horse', 'ship', 'airplane']",ship
11700,9,"['dog', 'frog', 'cat', 'airplane']",airplane
11701,5,"['frog', 'ship', 'airplane', 'automobile']",ship
11702,1,"['bird', 'dog', 'frog', 'cat', 'airplane']",airplane
11703,9,"['dog', 'frog', 'cat', 'airplane']",airplane
11704,7,"['automobile', 'cat', 'airplane', 'frog']",cat
11705,2,"['ship', 'cat', 'automobile', 'airplane']",cat
11706,8,"['horse', 'airplane', 'cat', 'frog']",horse
11707,1,"['bird', 'dog', 'frog', 'cat', 'airplane']",airplane
11708,1,"['bird', 'dog', 'frog', 'cat', 'airplane']",airplane
11709,0,"['horse', 'deer', 'frog', 'cat']",horse
11710,2,"['ship', 'cat', 'automobile', 'airplane']",cat
11711,6,"['automobile', 'horse', 'ship', 'airplane']",automobile
11712,5,"['frog', 'ship', 'airplane', 'automobile']",ship
11713,2,"['ship', 'cat', 'automobile', 'airplane']",ship
11714,3,"['frog', 'ship', 'automobile', 'airplane']",ship
11715,9,"['dog', 'frog', 'cat', 'airplane']",dog
11716,1,"['bird', 'dog', 'frog', 'cat', 'airplane']",airplane
11717,9,"['dog', 'frog', 'cat', 'airplane']",airplane
11718,3,"['frog', 'ship', 'automobile', 'airplane']",ship
11719,6,"['automobile', 'horse', 'ship', 'airplane']",airplane
11720,9,"['dog', 'frog', 'cat', 'airplane']",airplane
11721,0,"['horse', 'deer', 'frog', 'cat']",horse
11722,5,"['frog', 'ship', 'airplane', 'automobile']",ship
11723,5,"['frog', 'ship', 'airplane', 'automobile']",ship
11724,3,"['frog', 'ship', 'automobile', 'airplane']",ship
11725,5,"['frog', 'ship', 'airplane', 'automobile']",ship
11726,6,"['automobile', 'horse', 'ship', 'airplane']",airplane
11727,3,"['frog', 'ship', 'automobile', 'airplane']",ship
11728,6,"['automobile', 'horse', 'ship', 'airplane']",airplane
11729,6,"['automobile', 'horse', 'ship', 'airplane']",airplane
11730,2,"['ship', 'cat', 'automobile', 'airplane']",automobile
11731,2,"['ship', 'cat', 'automobile', 'airplane']",automobile
11732,0,"['horse', 'deer', 'frog', 'cat']",horse
11733,6,"['automobile', 'horse', 'ship', 'airplane']",airplane
11734,0,"['horse', 'deer', 'frog', 'cat']",horse
11735,5,"['frog', 'ship', 'airplane', 'automobile']",ship
11736,3,"['frog', 'ship', 'automobile', 'airplane']",ship
11737,5,"['frog', 'ship', 'airplane', 'automobile']",ship
11738,3,"['frog', 'ship', 'automobile', 'airplane']",ship
11739,3,"['frog', 'ship', 'automobile', 'airplane']",ship
11740,5,"['frog', 'ship', 'airplane', 'automobile']",ship
11741,7,"['automobile', 'cat', 'airplane', 'frog']",cat
11742,7,"['automobile', 'cat', 'airplane', 'frog']",cat
11743,3,"['frog', 'ship', 'automobile', 'airplane']",ship
11744,1,"['bird', 'dog', 'frog', 'cat', 'airplane']",airplane
11745,2,"['ship', 'cat', 'automobile', 'airplane']",cat
11746,2,"['ship', 'cat', 'automobile', 'airplane']",automobile
11747,9,"['dog', 'frog', 'cat', 'airplane']",airplane
11748,6,"['automobile', 'horse', 'ship', 'airplane']",airplane
11749,7,"['automobile', 'cat', 'airplane', 'frog']",cat
11750,1,"['bird', 'dog', 'frog', 'cat', 'airplane']",airplane
11751,6,"['automobile', 'horse', 'ship', 'airplane']",airplane
11752,3,"['frog', 'ship', 'automobile', 'airplane']",ship
11753,5,"['frog', 'ship', 'airplane', 'automobile']",ship
11754,6,"['automobile', 'horse', 'ship', 'airplane']",airplane
11755,9,"['dog', 'frog', 'cat', 'airplane']",airplane
11756,6,"['automobile', 'horse', 'ship', 'airplane']",airplane
11757,4,"['cat', 'automobile', 'frog', 'airplane']",automobile
11758,3,"['frog', 'ship', 'automobile', 'airplane']",ship
11759,4,"['cat', 'automobile', 'frog', 'airplane']",automobile
11760,3,"['frog', 'ship', 'automobile', 'airplane']",ship
11761,7,"['automobile', 'cat', 'airplane', 'frog']",frog
11762,0,"['horse', 'deer', 'frog', 'cat']",horse
11763,3,"['frog', 'ship', 'automobile', 'airplane']",ship
11764,3,"['frog', 'ship', 'automobile', 'airplane']",ship
11765,4,"['cat', 'automobile', 'frog', 'airplane']",automobile
11766,2,"['ship', 'cat', 'automobile', 'airplane']",ship
11767,1,"['bird', 'dog', 'frog', 'cat', 'airplane']",airplane
11768,0,"['horse', 'deer', 'frog', 'cat']",horse
11769,4,"['cat', 'automobile', 'frog', 'airplane']",automobile
11770,5,"['frog', 'ship', 'airplane', 'automobile']",ship
11771,9,"['dog', 'frog', 'cat', 'airplane']",dog
11772,0,"['horse', 'deer', 'frog', 'cat']",horse
11773,9,"['dog', 'frog', 'cat', 'airplane']",airplane
11774,9,"['dog', 'frog', 'cat', 'airplane']",dog
11775,0,"['horse', 'deer', 'frog', 'cat']",horse
11776,1,"['bird', 'dog', 'frog', 'cat', 'airplane']",airplane
11777,9,"['dog', 'frog', 'cat', 'airplane']",airplane
11778,7,"['automobile', 'cat', 'airplane', 'frog']",cat
11779,2,"['ship', 'cat', 'automobile', 'airplane']",cat
11780,6,"['automobile', 'horse', 'ship', 'airplane']",airplane
11781,7,"['automobile', 'cat', 'airplane', 'frog']",cat
11782,1,"['bird', 'dog', 'frog', 'cat', 'airplane']",airplane
11783,0,"['horse', 'deer', 'frog', 'cat']",horse
11784,6,"['automobile', 'horse', 'ship', 'airplane']",airplane
11785,4,"['cat', 'automobile', 'frog', 'airplane']",automobile
11786,9,"['dog', 'frog', 'cat', 'airplane']",dog
11787,1,"['bird', 'dog', 'frog', 'cat', 'airplane']",airplane
11788,7,"['automobile', 'cat', 'airplane', 'frog']",cat
11789,2,"['ship', 'cat', 'automobile', 'airplane']",automobile
11790,5,"['frog', 'ship', 'airplane', 'automobile']",ship
11791,1,"['bird', 'dog', 'frog', 'cat', 'airplane']",airplane
11792,6,"['automobile', 'horse', 'ship', 'airplane']",automobile
11793,8,"['horse', 'airplane', 'cat', 'frog']",horse
11794,4,"['cat', 'automobile', 'frog', 'airplane']",automobile
11795,5,"['frog', 'ship', 'airplane', 'automobile']",ship
11796,7,"['automobile', 'cat', 'airplane', 'frog']",airplane
11797,9,"['dog', 'frog', 'cat', 'airplane']",dog
11798,8,"['horse', 'airplane', 'cat', 'frog']",horse
11799,1,"['bird', 'dog', 'frog', 'cat', 'airplane']",airplane
11800,6,"['automobile', 'horse', 'ship', 'airplane']",airplane
11801,9,"['dog', 'frog', 'cat', 'airplane']",airplane
11802,0,"['horse', 'deer', 'frog', 'cat']",horse
11803,9,"['dog', 'frog', 'cat', 'airplane']",airplane
11804,1,"['bird', 'dog', 'frog', 'cat', 'airplane']",airplane
11805,3,"['frog', 'ship', 'automobile', 'airplane']",frog
11806,9,"['dog', 'frog', 'cat', 'airplane']",airplane
11807,4,"['cat', 'automobile', 'frog', 'airplane']",automobile
11808,8,"['horse', 'airplane', 'cat', 'frog']",horse
11809,3,"['frog', 'ship', 'automobile', 'airplane']",ship
11810,4,"['cat', 'automobile', 'frog', 'airplane']",automobile
11811,2,"['ship', 'cat', 'automobile', 'airplane']",ship
11812,0,"['horse', 'deer', 'frog', 'cat']",horse
11813,2,"['ship', 'cat', 'automobile', 'airplane']",cat
11814,9,"['dog', 'frog', 'cat', 'airplane']",airplane
11815,2,"['ship', 'cat', 'automobile', 'airplane']",cat
11816,2,"['ship', 'cat', 'automobile', 'airplane']",cat
11817,1,"['bird', 'dog', 'frog', 'cat', 'airplane']",airplane
11818,5,"['frog', 'ship', 'airplane', 'automobile']",ship
11819,5,"['frog', 'ship', 'airplane', 'automobile']",ship
11820,4,"['cat', 'automobile', 'frog', 'airplane']",automobile
11821,6,"['automobile', 'horse', 'ship', 'airplane']",ship
11822,1,"['bird', 'dog', 'frog', 'cat', 'airplane']",airplane
11823,6,"['automobile', 'horse', 'ship', 'airplane']",airplane
11824,1,"['bird', 'dog', 'frog', 'cat', 'airplane']",airplane
11825,2,"['ship', 'cat', 'automobile', 'airplane']",cat
11826,5,"['frog', 'ship', 'airplane', 'automobile']",ship
11827,6,"['automobile', 'horse', 'ship', 'airplane']",horse
11828,9,"['dog', 'frog', 'cat', 'airplane']",dog
11829,1,"['bird', 'dog', 'frog', 'cat', 'airplane']",airplane
11830,8,"['horse', 'airplane', 'cat', 'frog']",horse
11831,1,"['bird', 'dog', 'frog', 'cat', 'airplane']",airplane
11832,8,"['horse', 'airplane', 'cat', 'frog']",frog
11833,6,"['automobile', 'horse', 'ship', 'airplane']",airplane
11834,9,"['dog', 'frog', 'cat', 'airplane']",dog
11835,0,"['horse', 'deer', 'frog', 'cat']",horse
11836,3,"['frog', 'ship', 'automobile', 'airplane']",ship
11837,7,"['automobile', 'cat', 'airplane', 'frog']",airplane
11838,0,"['horse', 'deer', 'frog', 'cat']",horse
11839,4,"['cat', 'automobile', 'frog', 'airplane']",automobile
11840,7,"['automobile', 'cat', 'airplane', 'frog']",cat
11841,7,"['automobile', 'cat', 'airplane', 'frog']",cat
11842,8,"['horse', 'airplane', 'cat', 'frog']",horse
11843,2,"['ship', 'cat', 'automobile', 'airplane']",cat
11844,0,"['horse', 'deer', 'frog', 'cat']",horse
11845,4,"['cat', 'automobile', 'frog', 'airplane']",automobile
11846,7,"['automobile', 'cat', 'airplane', 'frog']",cat
11847,5,"['frog', 'ship', 'airplane', 'automobile']",ship
11848,7,"['automobile', 'cat', 'airplane', 'frog']",cat
11849,0,"['horse', 'deer', 'frog', 'cat']",horse
11850,1,"['bird', 'dog', 'frog', 'cat', 'airplane']",airplane
11851,6,"['automobile', 'horse', 'ship', 'airplane']",airplane
11852,5,"['frog', 'ship', 'airplane', 'automobile']",ship
11853,5,"['frog', 'ship', 'airplane', 'automobile']",ship
11854,5,"['frog', 'ship', 'airplane', 'automobile']",ship
11855,3,"['frog', 'ship', 'automobile', 'airplane']",ship
11856,9,"['dog', 'frog', 'cat', 'airplane']",dog
11857,1,"['bird', 'dog', 'frog', 'cat', 'airplane']",airplane
11858,3,"['frog', 'ship', 'automobile', 'airplane']",ship
11859,4,"['cat', 'automobile', 'frog', 'airplane']",automobile
11860,4,"['cat', 'automobile', 'frog', 'airplane']",automobile
11861,5,"['frog', 'ship', 'airplane', 'automobile']",ship
11862,4,"['cat', 'automobile', 'frog', 'airplane']",automobile
11863,8,"['horse', 'airplane', 'cat', 'frog']",horse
11864,3,"['frog', 'ship', 'automobile', 'airplane']",ship
11865,9,"['dog', 'frog', 'cat', 'airplane']",airplane
11866,8,"['horse', 'airplane', 'cat', 'frog']",horse
11867,7,"['automobile', 'cat', 'airplane', 'frog']",cat
11868,3,"['frog', 'ship', 'automobile', 'airplane']",ship
11869,4,"['cat', 'automobile', 'frog', 'airplane']",automobile
11870,7,"['automobile', 'cat', 'airplane', 'frog']",cat
11871,4,"['cat', 'automobile', 'frog', 'airplane']",automobile
11872,4,"['cat', 'automobile', 'frog', 'airplane']",automobile
11873,2,"['ship', 'cat', 'automobile', 'airplane']",cat
11874,3,"['frog', 'ship', 'automobile', 'airplane']",ship
11875,6,"['automobile', 'horse', 'ship', 'airplane']",ship
11876,9,"['dog', 'frog', 'cat', 'airplane']",dog
11877,7,"['automobile', 'cat', 'airplane', 'frog']",airplane
11878,4,"['cat', 'automobile', 'frog', 'airplane']",automobile
11879,0,"['horse', 'deer', 'frog', 'cat']",horse
11880,5,"['frog', 'ship', 'airplane', 'automobile']",ship
11881,7,"['automobile', 'cat', 'airplane', 'frog']",airplane
11882,2,"['ship', 'cat', 'automobile', 'airplane']",cat
11883,9,"['dog', 'frog', 'cat', 'airplane']",airplane
11884,2,"['ship', 'cat', 'automobile', 'airplane']",automobile
11885,2,"['ship', 'cat', 'automobile', 'airplane']",cat
11886,8,"['horse', 'airplane', 'cat', 'frog']",horse
11887,0,"['horse', 'deer', 'frog', 'cat']",horse
11888,4,"['cat', 'automobile', 'frog', 'airplane']",airplane
11889,9,"['dog', 'frog', 'cat', 'airplane']",dog
11890,1,"['bird', 'dog', 'frog', 'cat', 'airplane']",airplane
11891,2,"['ship', 'cat', 'automobile', 'airplane']",cat
11892,4,"['cat', 'automobile', 'frog', 'airplane']",automobile
11893,5,"['frog', 'ship', 'airplane', 'automobile']",ship
11894,3,"['frog', 'ship', 'automobile', 'airplane']",ship
11895,1,"['bird', 'dog', 'frog', 'cat', 'airplane']",airplane
11896,1,"['bird', 'dog', 'frog', 'cat', 'airplane']",airplane
11897,0,"['horse', 'deer', 'frog', 'cat']",horse
11898,8,"['horse', 'airplane', 'cat', 'frog']",horse
11899,5,"['frog', 'ship', 'airplane', 'automobile']",ship
11900,8,"['horse', 'airplane', 'cat', 'frog']",horse
11901,9,"['dog', 'frog', 'cat', 'airplane']",airplane
11902,3,"['frog', 'ship', 'automobile', 'airplane']",ship
11903,6,"['automobile', 'horse', 'ship', 'airplane']",ship
11904,6,"['automobile', 'horse', 'ship', 'airplane']",ship
11905,5,"['frog', 'ship', 'airplane', 'automobile']",ship
11906,8,"['horse', 'airplane', 'cat', 'frog']",horse
11907,8,"['horse', 'airplane', 'cat', 'frog']",horse
11908,0,"['horse', 'deer', 'frog', 'cat']",horse
11909,7,"['automobile', 'cat', 'airplane', 'frog']",frog
11910,1,"['bird', 'dog', 'frog', 'cat', 'airplane']",airplane
11911,6,"['automobile', 'horse', 'ship', 'airplane']",airplane
11912,0,"['horse', 'deer', 'frog', 'cat']",horse
11913,0,"['horse', 'deer', 'frog', 'cat']",horse
11914,4,"['cat', 'automobile', 'frog', 'airplane']",automobile
11915,2,"['ship', 'cat', 'automobile', 'airplane']",cat
11916,1,"['bird', 'dog', 'frog', 'cat', 'airplane']",airplane
11917,6,"['automobile', 'horse', 'ship', 'airplane']",ship
11918,9,"['dog', 'frog', 'cat', 'airplane']",dog
11919,0,"['horse', 'deer', 'frog', 'cat']",horse
11920,1,"['bird', 'dog', 'frog', 'cat', 'airplane']",airplane
11921,2,"['ship', 'cat', 'automobile', 'airplane']",cat
11922,5,"['frog', 'ship', 'airplane', 'automobile']",ship
11923,2,"['ship', 'cat', 'automobile', 'airplane']",cat
11924,5,"['frog', 'ship', 'airplane', 'automobile']",ship
11925,4,"['cat', 'automobile', 'frog', 'airplane']",automobile
11926,7,"['automobile', 'cat', 'airplane', 'frog']",airplane
11927,4,"['cat', 'automobile', 'frog', 'airplane']",automobile
11928,5,"['frog', 'ship', 'airplane', 'automobile']",ship
11929,3,"['frog', 'ship', 'automobile', 'airplane']",ship
11930,4,"['cat', 'automobile', 'frog', 'airplane']",automobile
11931,9,"['dog', 'frog', 'cat', 'airplane']",dog
11932,6,"['automobile', 'horse', 'ship', 'airplane']",airplane
11933,5,"['frog', 'ship', 'airplane', 'automobile']",ship
11934,2,"['ship', 'cat', 'automobile', 'airplane']",automobile
11935,7,"['automobile', 'cat', 'airplane', 'frog']",airplane
11936,2,"['ship', 'cat', 'automobile', 'airplane']",cat
11937,0,"['horse', 'deer', 'frog', 'cat']",horse
11938,3,"['frog', 'ship', 'automobile', 'airplane']",ship
11939,0,"['horse', 'deer', 'frog', 'cat']",horse
11940,9,"['dog', 'frog', 'cat', 'airplane']",dog
11941,9,"['dog', 'frog', 'cat', 'airplane']",dog
11942,8,"['horse', 'airplane', 'cat', 'frog']",horse
11943,2,"['ship', 'cat', 'automobile', 'airplane']",cat
11944,0,"['horse', 'deer', 'frog', 'cat']",horse
11945,4,"['cat', 'automobile', 'frog', 'airplane']",airplane
11946,0,"['horse', 'deer', 'frog', 'cat']",horse
11947,5,"['frog', 'ship', 'airplane', 'automobile']",ship
11948,8,"['horse', 'airplane', 'cat', 'frog']",horse
11949,5,"['frog', 'ship', 'airplane', 'automobile']",ship
11950,7,"['automobile', 'cat', 'airplane', 'frog']",cat
11951,7,"['automobile', 'cat', 'airplane', 'frog']",cat
11952,4,"['cat', 'automobile', 'frog', 'airplane']",automobile
11953,5,"['frog', 'ship', 'airplane', 'automobile']",ship
11954,1,"['bird', 'dog', 'frog', 'cat', 'airplane']",airplane
11955,1,"['bird', 'dog', 'frog', 'cat', 'airplane']",airplane
11956,4,"['cat', 'automobile', 'frog', 'airplane']",automobile
11957,4,"['cat', 'automobile', 'frog', 'airplane']",automobile
11958,0,"['horse', 'deer', 'frog', 'cat']",horse
11959,2,"['ship', 'cat', 'automobile', 'airplane']",automobile
11960,3,"['frog', 'ship', 'automobile', 'airplane']",ship
11961,2,"['ship', 'cat', 'automobile', 'airplane']",cat
11962,2,"['ship', 'cat', 'automobile', 'airplane']",ship
11963,0,"['horse', 'deer', 'frog', 'cat']",horse
11964,6,"['automobile', 'horse', 'ship', 'airplane']",horse
11965,8,"['horse', 'airplane', 'cat', 'frog']",cat
11966,1,"['bird', 'dog', 'frog', 'cat', 'airplane']",airplane
11967,4,"['cat', 'automobile', 'frog', 'airplane']",automobile
11968,6,"['automobile', 'horse', 'ship', 'airplane']",airplane
11969,3,"['frog', 'ship', 'automobile', 'airplane']",ship
11970,3,"['frog', 'ship', 'automobile', 'airplane']",ship
11971,1,"['bird', 'dog', 'frog', 'cat', 'airplane']",airplane
11972,1,"['bird', 'dog', 'frog', 'cat', 'airplane']",airplane
11973,2,"['ship', 'cat', 'automobile', 'airplane']",cat
11974,7,"['automobile', 'cat', 'airplane', 'frog']",cat
11975,0,"['horse', 'deer', 'frog', 'cat']",horse
11976,3,"['frog', 'ship', 'automobile', 'airplane']",ship
11977,8,"['horse', 'airplane', 'cat', 'frog']",horse
11978,8,"['horse', 'airplane', 'cat', 'frog']",horse
11979,0,"['horse', 'deer', 'frog', 'cat']",horse
11980,5,"['frog', 'ship', 'airplane', 'automobile']",ship
11981,6,"['automobile', 'horse', 'ship', 'airplane']",airplane
11982,4,"['cat', 'automobile', 'frog', 'airplane']",automobile
11983,4,"['cat', 'automobile', 'frog', 'airplane']",automobile
11984,9,"['dog', 'frog', 'cat', 'airplane']",airplane
11985,2,"['ship', 'cat', 'automobile', 'airplane']",automobile
11986,8,"['horse', 'airplane', 'cat', 'frog']",horse
11987,6,"['automobile', 'horse', 'ship', 'airplane']",airplane
11988,5,"['frog', 'ship', 'airplane', 'automobile']",ship
11989,0,"['horse', 'deer', 'frog', 'cat']",horse
11990,7,"['automobile', 'cat', 'airplane', 'frog']",airplane
11991,2,"['ship', 'cat', 'automobile', 'airplane']",cat
11992,2,"['ship', 'cat', 'automobile', 'airplane']",cat
11993,8,"['horse', 'airplane', 'cat', 'frog']",horse
11994,4,"['cat', 'automobile', 'frog', 'airplane']",airplane
11995,5,"['frog', 'ship', 'airplane', 'automobile']",ship
11996,7,"['automobile', 'cat', 'airplane', 'frog']",airplane
11997,4,"['cat', 'automobile', 'frog', 'airplane']",automobile
11998,3,"['frog', 'ship', 'automobile', 'airplane']",ship
11999,6,"['automobile', 'horse', 'ship', 'airplane']",airplane
12000,6,"['automobile', 'horse', 'ship', 'airplane']",airplane
12001,9,"['dog', 'frog', 'cat', 'airplane']",airplane
12002,9,"['dog', 'frog', 'cat', 'airplane']",airplane
12003,6,"['automobile', 'horse', 'ship', 'airplane']",airplane
12004,6,"['automobile', 'horse', 'ship', 'airplane']",airplane
12005,5,"['frog', 'ship', 'airplane', 'automobile']",ship
12006,4,"['cat', 'automobile', 'frog', 'airplane']",automobile
12007,3,"['frog', 'ship', 'automobile', 'airplane']",ship
12008,9,"['dog', 'frog', 'cat', 'airplane']",airplane
12009,0,"['horse', 'deer', 'frog', 'cat']",horse
12010,0,"['horse', 'deer', 'frog', 'cat']",horse
12011,9,"['dog', 'frog', 'cat', 'airplane']",airplane
12012,5,"['frog', 'ship', 'airplane', 'automobile']",ship
12013,3,"['frog', 'ship', 'automobile', 'airplane']",ship
12014,6,"['automobile', 'horse', 'ship', 'airplane']",airplane
12015,5,"['frog', 'ship', 'airplane', 'automobile']",ship
12016,3,"['frog', 'ship', 'automobile', 'airplane']",ship
12017,6,"['automobile', 'horse', 'ship', 'airplane']",ship
12018,7,"['automobile', 'cat', 'airplane', 'frog']",airplane
12019,6,"['automobile', 'horse', 'ship', 'airplane']",ship
12020,8,"['horse', 'airplane', 'cat', 'frog']",horse
12021,2,"['ship', 'cat', 'automobile', 'airplane']",cat
12022,4,"['cat', 'automobile', 'frog', 'airplane']",automobile
12023,7,"['automobile', 'cat', 'airplane', 'frog']",frog
12024,8,"['horse', 'airplane', 'cat', 'frog']",horse
12025,1,"['bird', 'dog', 'frog', 'cat', 'airplane']",airplane
12026,4,"['cat', 'automobile', 'frog', 'airplane']",automobile
12027,1,"['bird', 'dog', 'frog', 'cat', 'airplane']",airplane
12028,0,"['horse', 'deer', 'frog', 'cat']",horse
12029,0,"['horse', 'deer', 'frog', 'cat']",horse
12030,0,"['horse', 'deer', 'frog', 'cat']",horse
12031,6,"['automobile', 'horse', 'ship', 'airplane']",airplane
12032,3,"['frog', 'ship', 'automobile', 'airplane']",ship
12033,3,"['frog', 'ship', 'automobile', 'airplane']",ship
12034,6,"['automobile', 'horse', 'ship', 'airplane']",automobile
12035,9,"['dog', 'frog', 'cat', 'airplane']",airplane
12036,7,"['automobile', 'cat', 'airplane', 'frog']",airplane
12037,0,"['horse', 'deer', 'frog', 'cat']",horse
12038,1,"['bird', 'dog', 'frog', 'cat', 'airplane']",airplane
12039,3,"['frog', 'ship', 'automobile', 'airplane']",ship
12040,9,"['dog', 'frog', 'cat', 'airplane']",dog
12041,8,"['horse', 'airplane', 'cat', 'frog']",horse
12042,3,"['frog', 'ship', 'automobile', 'airplane']",ship
12043,2,"['ship', 'cat', 'automobile', 'airplane']",ship
12044,2,"['ship', 'cat', 'automobile', 'airplane']",cat
12045,3,"['frog', 'ship', 'automobile', 'airplane']",ship
12046,2,"['ship', 'cat', 'automobile', 'airplane']",automobile
12047,1,"['bird', 'dog', 'frog', 'cat', 'airplane']",airplane
12048,6,"['automobile', 'horse', 'ship', 'airplane']",airplane
12049,1,"['bird', 'dog', 'frog', 'cat', 'airplane']",airplane
12050,3,"['frog', 'ship', 'automobile', 'airplane']",ship
12051,5,"['frog', 'ship', 'airplane', 'automobile']",ship
12052,0,"['horse', 'deer', 'frog', 'cat']",horse
12053,5,"['frog', 'ship', 'airplane', 'automobile']",ship
12054,1,"['bird', 'dog', 'frog', 'cat', 'airplane']",airplane
12055,6,"['automobile', 'horse', 'ship', 'airplane']",airplane
12056,0,"['horse', 'deer', 'frog', 'cat']",horse
12057,6,"['automobile', 'horse', 'ship', 'airplane']",automobile
12058,2,"['ship', 'cat', 'automobile', 'airplane']",cat
12059,4,"['cat', 'automobile', 'frog', 'airplane']",automobile
12060,2,"['ship', 'cat', 'automobile', 'airplane']",automobile
12061,9,"['dog', 'frog', 'cat', 'airplane']",airplane
12062,0,"['horse', 'deer', 'frog', 'cat']",horse
12063,9,"['dog', 'frog', 'cat', 'airplane']",dog
12064,1,"['bird', 'dog', 'frog', 'cat', 'airplane']",airplane
12065,8,"['horse', 'airplane', 'cat', 'frog']",horse
12066,6,"['automobile', 'horse', 'ship', 'airplane']",airplane
12067,2,"['ship', 'cat', 'automobile', 'airplane']",cat
12068,5,"['frog', 'ship', 'airplane', 'automobile']",ship
12069,5,"['frog', 'ship', 'airplane', 'automobile']",ship
12070,2,"['ship', 'cat', 'automobile', 'airplane']",cat
12071,1,"['bird', 'dog', 'frog', 'cat', 'airplane']",airplane
12072,0,"['horse', 'deer', 'frog', 'cat']",horse
12073,0,"['horse', 'deer', 'frog', 'cat']",horse
12074,2,"['ship', 'cat', 'automobile', 'airplane']",cat
12075,4,"['cat', 'automobile', 'frog', 'airplane']",automobile
12076,3,"['frog', 'ship', 'automobile', 'airplane']",ship
12077,6,"['automobile', 'horse', 'ship', 'airplane']",ship
12078,0,"['horse', 'deer', 'frog', 'cat']",horse
12079,0,"['horse', 'deer', 'frog', 'cat']",horse
12080,1,"['bird', 'dog', 'frog', 'cat', 'airplane']",airplane
12081,6,"['automobile', 'horse', 'ship', 'airplane']",airplane
12082,5,"['frog', 'ship', 'airplane', 'automobile']",ship
12083,0,"['horse', 'deer', 'frog', 'cat']",horse
12084,4,"['cat', 'automobile', 'frog', 'airplane']",automobile
12085,9,"['dog', 'frog', 'cat', 'airplane']",airplane
12086,9,"['dog', 'frog', 'cat', 'airplane']",airplane
12087,8,"['horse', 'airplane', 'cat', 'frog']",horse
12088,5,"['frog', 'ship', 'airplane', 'automobile']",ship
12089,5,"['frog', 'ship', 'airplane', 'automobile']",ship
12090,8,"['horse', 'airplane', 'cat', 'frog']",horse
12091,3,"['frog', 'ship', 'automobile', 'airplane']",ship
12092,8,"['horse', 'airplane', 'cat', 'frog']",horse
12093,8,"['horse', 'airplane', 'cat', 'frog']",horse
12094,4,"['cat', 'automobile', 'frog', 'airplane']",automobile
12095,0,"['horse', 'deer', 'frog', 'cat']",horse
12096,3,"['frog', 'ship', 'automobile', 'airplane']",ship
12097,7,"['automobile', 'cat', 'airplane', 'frog']",airplane
12098,5,"['frog', 'ship', 'airplane', 'automobile']",ship
12099,7,"['automobile', 'cat', 'airplane', 'frog']",airplane
12100,1,"['bird', 'dog', 'frog', 'cat', 'airplane']",airplane
12101,6,"['automobile', 'horse', 'ship', 'airplane']",horse
12102,1,"['bird', 'dog', 'frog', 'cat', 'airplane']",airplane
12103,4,"['cat', 'automobile', 'frog', 'airplane']",automobile
12104,9,"['dog', 'frog', 'cat', 'airplane']",airplane
12105,3,"['frog', 'ship', 'automobile', 'airplane']",ship
12106,4,"['cat', 'automobile', 'frog', 'airplane']",automobile
12107,2,"['ship', 'cat', 'automobile', 'airplane']",cat
12108,4,"['cat', 'automobile', 'frog', 'airplane']",automobile
12109,2,"['ship', 'cat', 'automobile', 'airplane']",automobile
12110,4,"['cat', 'automobile', 'frog', 'airplane']",automobile
12111,3,"['frog', 'ship', 'automobile', 'airplane']",ship
12112,9,"['dog', 'frog', 'cat', 'airplane']",airplane
12113,3,"['frog', 'ship', 'automobile', 'airplane']",ship
12114,1,"['bird', 'dog', 'frog', 'cat', 'airplane']",airplane
12115,8,"['horse', 'airplane', 'cat', 'frog']",horse
12116,9,"['dog', 'frog', 'cat', 'airplane']",airplane
12117,4,"['cat', 'automobile', 'frog', 'airplane']",automobile
12118,3,"['frog', 'ship', 'automobile', 'airplane']",ship
12119,5,"['frog', 'ship', 'airplane', 'automobile']",ship
12120,8,"['horse', 'airplane', 'cat', 'frog']",horse
12121,0,"['horse', 'deer', 'frog', 'cat']",horse
12122,6,"['automobile', 'horse', 'ship', 'airplane']",airplane
12123,1,"['bird', 'dog', 'frog', 'cat', 'airplane']",airplane
12124,4,"['cat', 'automobile', 'frog', 'airplane']",automobile
12125,8,"['horse', 'airplane', 'cat', 'frog']",horse
12126,8,"['horse', 'airplane', 'cat', 'frog']",horse
12127,1,"['bird', 'dog', 'frog', 'cat', 'airplane']",airplane
12128,8,"['horse', 'airplane', 'cat', 'frog']",horse
12129,0,"['horse', 'deer', 'frog', 'cat']",horse
12130,0,"['horse', 'deer', 'frog', 'cat']",horse
12131,0,"['horse', 'deer', 'frog', 'cat']",horse
12132,4,"['cat', 'automobile', 'frog', 'airplane']",automobile
12133,0,"['horse', 'deer', 'frog', 'cat']",horse
12134,4,"['cat', 'automobile', 'frog', 'airplane']",automobile
12135,5,"['frog', 'ship', 'airplane', 'automobile']",ship
12136,4,"['cat', 'automobile', 'frog', 'airplane']",automobile
12137,2,"['ship', 'cat', 'automobile', 'airplane']",cat
12138,6,"['automobile', 'horse', 'ship', 'airplane']",ship
12139,0,"['horse', 'deer', 'frog', 'cat']",horse
12140,2,"['ship', 'cat', 'automobile', 'airplane']",automobile
12141,2,"['ship', 'cat', 'automobile', 'airplane']",cat
12142,7,"['automobile', 'cat', 'airplane', 'frog']",airplane
12143,4,"['cat', 'automobile', 'frog', 'airplane']",airplane
12144,5,"['frog', 'ship', 'airplane', 'automobile']",ship
12145,3,"['frog', 'ship', 'automobile', 'airplane']",ship
12146,6,"['automobile', 'horse', 'ship', 'airplane']",horse
12147,3,"['frog', 'ship', 'automobile', 'airplane']",ship
12148,2,"['ship', 'cat', 'automobile', 'airplane']",cat
12149,0,"['horse', 'deer', 'frog', 'cat']",horse
12150,1,"['bird', 'dog', 'frog', 'cat', 'airplane']",airplane
12151,6,"['automobile', 'horse', 'ship', 'airplane']",airplane
12152,9,"['dog', 'frog', 'cat', 'airplane']",dog
12153,8,"['horse', 'airplane', 'cat', 'frog']",horse
12154,4,"['cat', 'automobile', 'frog', 'airplane']",automobile
12155,3,"['frog', 'ship', 'automobile', 'airplane']",ship
12156,2,"['ship', 'cat', 'automobile', 'airplane']",cat
12157,7,"['automobile', 'cat', 'airplane', 'frog']",cat
12158,1,"['bird', 'dog', 'frog', 'cat', 'airplane']",airplane
12159,9,"['dog', 'frog', 'cat', 'airplane']",dog
12160,4,"['cat', 'automobile', 'frog', 'airplane']",automobile
12161,2,"['ship', 'cat', 'automobile', 'airplane']",cat
12162,9,"['dog', 'frog', 'cat', 'airplane']",airplane
12163,7,"['automobile', 'cat', 'airplane', 'frog']",cat
12164,1,"['bird', 'dog', 'frog', 'cat', 'airplane']",airplane
12165,0,"['horse', 'deer', 'frog', 'cat']",horse
12166,2,"['ship', 'cat', 'automobile', 'airplane']",cat
12167,1,"['bird', 'dog', 'frog', 'cat', 'airplane']",airplane
12168,6,"['automobile', 'horse', 'ship', 'airplane']",airplane
12169,1,"['bird', 'dog', 'frog', 'cat', 'airplane']",airplane
12170,1,"['bird', 'dog', 'frog', 'cat', 'airplane']",airplane
12171,6,"['automobile', 'horse', 'ship', 'airplane']",airplane
12172,8,"['horse', 'airplane', 'cat', 'frog']",horse
12173,2,"['ship', 'cat', 'automobile', 'airplane']",cat
12174,3,"['frog', 'ship', 'automobile', 'airplane']",ship
12175,8,"['horse', 'airplane', 'cat', 'frog']",horse
12176,8,"['horse', 'airplane', 'cat', 'frog']",horse
12177,5,"['frog', 'ship', 'airplane', 'automobile']",ship
12178,0,"['horse', 'deer', 'frog', 'cat']",horse
12179,4,"['cat', 'automobile', 'frog', 'airplane']",automobile
12180,2,"['ship', 'cat', 'automobile', 'airplane']",automobile
12181,0,"['horse', 'deer', 'frog', 'cat']",horse
12182,9,"['dog', 'frog', 'cat', 'airplane']",airplane
12183,1,"['bird', 'dog', 'frog', 'cat', 'airplane']",airplane
12184,5,"['frog', 'ship', 'airplane', 'automobile']",ship
12185,1,"['bird', 'dog', 'frog', 'cat', 'airplane']",airplane
12186,9,"['dog', 'frog', 'cat', 'airplane']",airplane
12187,9,"['dog', 'frog', 'cat', 'airplane']",dog
12188,2,"['ship', 'cat', 'automobile', 'airplane']",cat
12189,8,"['horse', 'airplane', 'cat', 'frog']",horse
12190,3,"['frog', 'ship', 'automobile', 'airplane']",ship
12191,2,"['ship', 'cat', 'automobile', 'airplane']",automobile
12192,0,"['horse', 'deer', 'frog', 'cat']",horse
12193,6,"['automobile', 'horse', 'ship', 'airplane']",airplane
12194,8,"['horse', 'airplane', 'cat', 'frog']",horse
12195,3,"['frog', 'ship', 'automobile', 'airplane']",ship
12196,8,"['horse', 'airplane', 'cat', 'frog']",horse
12197,8,"['horse', 'airplane', 'cat', 'frog']",horse
12198,5,"['frog', 'ship', 'airplane', 'automobile']",ship
12199,6,"['automobile', 'horse', 'ship', 'airplane']",airplane
12200,2,"['ship', 'cat', 'automobile', 'airplane']",cat
12201,8,"['horse', 'airplane', 'cat', 'frog']",horse
12202,5,"['frog', 'ship', 'airplane', 'automobile']",ship
12203,6,"['automobile', 'horse', 'ship', 'airplane']",airplane
12204,4,"['cat', 'automobile', 'frog', 'airplane']",automobile
12205,5,"['frog', 'ship', 'airplane', 'automobile']",ship
12206,8,"['horse', 'airplane', 'cat', 'frog']",horse
12207,8,"['horse', 'airplane', 'cat', 'frog']",horse
12208,4,"['cat', 'automobile', 'frog', 'airplane']",automobile
12209,0,"['horse', 'deer', 'frog', 'cat']",horse
12210,1,"['bird', 'dog', 'frog', 'cat', 'airplane']",airplane
12211,3,"['frog', 'ship', 'automobile', 'airplane']",ship
12212,2,"['ship', 'cat', 'automobile', 'airplane']",cat
12213,4,"['cat', 'automobile', 'frog', 'airplane']",automobile
12214,6,"['automobile', 'horse', 'ship', 'airplane']",horse
12215,3,"['frog', 'ship', 'automobile', 'airplane']",ship
12216,3,"['frog', 'ship', 'automobile', 'airplane']",ship
12217,4,"['cat', 'automobile', 'frog', 'airplane']",airplane
12218,6,"['automobile', 'horse', 'ship', 'airplane']",automobile
12219,2,"['ship', 'cat', 'automobile', 'airplane']",automobile
12220,7,"['automobile', 'cat', 'airplane', 'frog']",cat
12221,6,"['automobile', 'horse', 'ship', 'airplane']",airplane
12222,6,"['automobile', 'horse', 'ship', 'airplane']",automobile
12223,5,"['frog', 'ship', 'airplane', 'automobile']",ship
12224,4,"['cat', 'automobile', 'frog', 'airplane']",automobile
12225,3,"['frog', 'ship', 'automobile', 'airplane']",ship
12226,0,"['horse', 'deer', 'frog', 'cat']",horse
12227,7,"['automobile', 'cat', 'airplane', 'frog']",cat
12228,1,"['bird', 'dog', 'frog', 'cat', 'airplane']",airplane
12229,7,"['automobile', 'cat', 'airplane', 'frog']",cat
12230,0,"['horse', 'deer', 'frog', 'cat']",horse
12231,1,"['bird', 'dog', 'frog', 'cat', 'airplane']",airplane
12232,1,"['bird', 'dog', 'frog', 'cat', 'airplane']",airplane
12233,8,"['horse', 'airplane', 'cat', 'frog']",horse
12234,0,"['horse', 'deer', 'frog', 'cat']",horse
12235,5,"['frog', 'ship', 'airplane', 'automobile']",ship
12236,8,"['horse', 'airplane', 'cat', 'frog']",horse
12237,3,"['frog', 'ship', 'automobile', 'airplane']",ship
12238,6,"['automobile', 'horse', 'ship', 'airplane']",airplane
12239,5,"['frog', 'ship', 'airplane', 'automobile']",ship
12240,6,"['automobile', 'horse', 'ship', 'airplane']",airplane
12241,3,"['frog', 'ship', 'automobile', 'airplane']",ship
12242,5,"['frog', 'ship', 'airplane', 'automobile']",ship
12243,7,"['automobile', 'cat', 'airplane', 'frog']",cat
12244,7,"['automobile', 'cat', 'airplane', 'frog']",cat
12245,9,"['dog', 'frog', 'cat', 'airplane']",airplane
12246,5,"['frog', 'ship', 'airplane', 'automobile']",ship
12247,1,"['bird', 'dog', 'frog', 'cat', 'airplane']",airplane
12248,9,"['dog', 'frog', 'cat', 'airplane']",dog
12249,8,"['horse', 'airplane', 'cat', 'frog']",horse
12250,2,"['ship', 'cat', 'automobile', 'airplane']",cat
12251,8,"['horse', 'airplane', 'cat', 'frog']",horse
12252,0,"['horse', 'deer', 'frog', 'cat']",horse
12253,4,"['cat', 'automobile', 'frog', 'airplane']",automobile
12254,6,"['automobile', 'horse', 'ship', 'airplane']",ship
12255,3,"['frog', 'ship', 'automobile', 'airplane']",ship
12256,5,"['frog', 'ship', 'airplane', 'automobile']",ship
12257,0,"['horse', 'deer', 'frog', 'cat']",horse
12258,8,"['horse', 'airplane', 'cat', 'frog']",horse
12259,9,"['dog', 'frog', 'cat', 'airplane']",airplane
12260,1,"['bird', 'dog', 'frog', 'cat', 'airplane']",airplane
12261,4,"['cat', 'automobile', 'frog', 'airplane']",automobile
12262,9,"['dog', 'frog', 'cat', 'airplane']",dog
12263,6,"['automobile', 'horse', 'ship', 'airplane']",horse
12264,1,"['bird', 'dog', 'frog', 'cat', 'airplane']",airplane
12265,0,"['horse', 'deer', 'frog', 'cat']",horse
12266,8,"['horse', 'airplane', 'cat', 'frog']",horse
12267,2,"['ship', 'cat', 'automobile', 'airplane']",cat
12268,8,"['horse', 'airplane', 'cat', 'frog']",horse
12269,7,"['automobile', 'cat', 'airplane', 'frog']",airplane
12270,0,"['horse', 'deer', 'frog', 'cat']",horse
12271,7,"['automobile', 'cat', 'airplane', 'frog']",frog
12272,7,"['automobile', 'cat', 'airplane', 'frog']",cat
12273,6,"['automobile', 'horse', 'ship', 'airplane']",automobile
12274,5,"['frog', 'ship', 'airplane', 'automobile']",ship
12275,1,"['bird', 'dog', 'frog', 'cat', 'airplane']",airplane
12276,1,"['bird', 'dog', 'frog', 'cat', 'airplane']",airplane
12277,8,"['horse', 'airplane', 'cat', 'frog']",horse
12278,3,"['frog', 'ship', 'automobile', 'airplane']",ship
12279,9,"['dog', 'frog', 'cat', 'airplane']",frog
12280,1,"['bird', 'dog', 'frog', 'cat', 'airplane']",airplane
12281,5,"['frog', 'ship', 'airplane', 'automobile']",ship
12282,4,"['cat', 'automobile', 'frog', 'airplane']",automobile
12283,1,"['bird', 'dog', 'frog', 'cat', 'airplane']",airplane
12284,0,"['horse', 'deer', 'frog', 'cat']",horse
12285,4,"['cat', 'automobile', 'frog', 'airplane']",automobile
12286,8,"['horse', 'airplane', 'cat', 'frog']",horse
12287,2,"['ship', 'cat', 'automobile', 'airplane']",ship
12288,9,"['dog', 'frog', 'cat', 'airplane']",dog
12289,3,"['frog', 'ship', 'automobile', 'airplane']",ship
12290,5,"['frog', 'ship', 'airplane', 'automobile']",ship
12291,1,"['bird', 'dog', 'frog', 'cat', 'airplane']",airplane
12292,1,"['bird', 'dog', 'frog', 'cat', 'airplane']",airplane
12293,6,"['automobile', 'horse', 'ship', 'airplane']",automobile
12294,0,"['horse', 'deer', 'frog', 'cat']",horse
12295,1,"['bird', 'dog', 'frog', 'cat', 'airplane']",airplane
12296,0,"['horse', 'deer', 'frog', 'cat']",horse
12297,0,"['horse', 'deer', 'frog', 'cat']",horse
12298,9,"['dog', 'frog', 'cat', 'airplane']",airplane
12299,1,"['bird', 'dog', 'frog', 'cat', 'airplane']",airplane
12300,5,"['frog', 'ship', 'airplane', 'automobile']",ship
12301,4,"['cat', 'automobile', 'frog', 'airplane']",automobile
12302,6,"['automobile', 'horse', 'ship', 'airplane']",ship
12303,1,"['bird', 'dog', 'frog', 'cat', 'airplane']",airplane
12304,3,"['frog', 'ship', 'automobile', 'airplane']",ship
12305,6,"['automobile', 'horse', 'ship', 'airplane']",airplane
12306,1,"['bird', 'dog', 'frog', 'cat', 'airplane']",airplane
12307,4,"['cat', 'automobile', 'frog', 'airplane']",automobile
12308,1,"['bird', 'dog', 'frog', 'cat', 'airplane']",airplane
12309,4,"['cat', 'automobile', 'frog', 'airplane']",automobile
12310,5,"['frog', 'ship', 'airplane', 'automobile']",ship
12311,1,"['bird', 'dog', 'frog', 'cat', 'airplane']",airplane
12312,9,"['dog', 'frog', 'cat', 'airplane']",dog
12313,4,"['cat', 'automobile', 'frog', 'airplane']",automobile
12314,9,"['dog', 'frog', 'cat', 'airplane']",airplane
12315,9,"['dog', 'frog', 'cat', 'airplane']",airplane
12316,3,"['frog', 'ship', 'automobile', 'airplane']",ship
12317,2,"['ship', 'cat', 'automobile', 'airplane']",cat
12318,8,"['horse', 'airplane', 'cat', 'frog']",horse
12319,8,"['horse', 'airplane', 'cat', 'frog']",horse
12320,7,"['automobile', 'cat', 'airplane', 'frog']",airplane
12321,6,"['automobile', 'horse', 'ship', 'airplane']",airplane
12322,5,"['frog', 'ship', 'airplane', 'automobile']",ship
12323,2,"['ship', 'cat', 'automobile', 'airplane']",cat
12324,4,"['cat', 'automobile', 'frog', 'airplane']",automobile
12325,0,"['horse', 'deer', 'frog', 'cat']",horse
12326,5,"['frog', 'ship', 'airplane', 'automobile']",ship
12327,7,"['automobile', 'cat', 'airplane', 'frog']",cat
12328,0,"['horse', 'deer', 'frog', 'cat']",horse
12329,3,"['frog', 'ship', 'automobile', 'airplane']",ship
12330,5,"['frog', 'ship', 'airplane', 'automobile']",ship
12331,4,"['cat', 'automobile', 'frog', 'airplane']",automobile
12332,3,"['frog', 'ship', 'automobile', 'airplane']",ship
12333,4,"['cat', 'automobile', 'frog', 'airplane']",automobile
12334,4,"['cat', 'automobile', 'frog', 'airplane']",automobile
12335,1,"['bird', 'dog', 'frog', 'cat', 'airplane']",airplane
12336,1,"['bird', 'dog', 'frog', 'cat', 'airplane']",airplane
12337,6,"['automobile', 'horse', 'ship', 'airplane']",airplane
12338,2,"['ship', 'cat', 'automobile', 'airplane']",cat
12339,6,"['automobile', 'horse', 'ship', 'airplane']",ship
12340,1,"['bird', 'dog', 'frog', 'cat', 'airplane']",airplane
12341,5,"['frog', 'ship', 'airplane', 'automobile']",ship
12342,3,"['frog', 'ship', 'automobile', 'airplane']",ship
12343,4,"['cat', 'automobile', 'frog', 'airplane']",automobile
12344,0,"['horse', 'deer', 'frog', 'cat']",horse
12345,0,"['horse', 'deer', 'frog', 'cat']",horse
12346,2,"['ship', 'cat', 'automobile', 'airplane']",cat
12347,9,"['dog', 'frog', 'cat', 'airplane']",airplane
12348,1,"['bird', 'dog', 'frog', 'cat', 'airplane']",airplane
12349,5,"['frog', 'ship', 'airplane', 'automobile']",ship
12350,1,"['bird', 'dog', 'frog', 'cat', 'airplane']",airplane
12351,8,"['horse', 'airplane', 'cat', 'frog']",horse
12352,5,"['frog', 'ship', 'airplane', 'automobile']",ship
12353,8,"['horse', 'airplane', 'cat', 'frog']",horse
12354,6,"['automobile', 'horse', 'ship', 'airplane']",airplane
12355,0,"['horse', 'deer', 'frog', 'cat']",horse
12356,6,"['automobile', 'horse', 'ship', 'airplane']",airplane
12357,5,"['frog', 'ship', 'airplane', 'automobile']",ship
12358,9,"['dog', 'frog', 'cat', 'airplane']",airplane
12359,6,"['automobile', 'horse', 'ship', 'airplane']",airplane
12360,1,"['bird', 'dog', 'frog', 'cat', 'airplane']",airplane
12361,2,"['ship', 'cat', 'automobile', 'airplane']",cat
12362,2,"['ship', 'cat', 'automobile', 'airplane']",cat
12363,0,"['horse', 'deer', 'frog', 'cat']",horse
12364,7,"['automobile', 'cat', 'airplane', 'frog']",airplane
12365,7,"['automobile', 'cat', 'airplane', 'frog']",airplane
12366,3,"['frog', 'ship', 'automobile', 'airplane']",ship
12367,6,"['automobile', 'horse', 'ship', 'airplane']",airplane
12368,4,"['cat', 'automobile', 'frog', 'airplane']",automobile
12369,6,"['automobile', 'horse', 'ship', 'airplane']",airplane
12370,3,"['frog', 'ship', 'automobile', 'airplane']",ship
12371,5,"['frog', 'ship', 'airplane', 'automobile']",ship
12372,8,"['horse', 'airplane', 'cat', 'frog']",horse
12373,1,"['bird', 'dog', 'frog', 'cat', 'airplane']",airplane
12374,6,"['automobile', 'horse', 'ship', 'airplane']",airplane
12375,0,"['horse', 'deer', 'frog', 'cat']",horse
12376,2,"['ship', 'cat', 'automobile', 'airplane']",cat
12377,3,"['frog', 'ship', 'automobile', 'airplane']",ship
12378,1,"['bird', 'dog', 'frog', 'cat', 'airplane']",airplane
12379,6,"['automobile', 'horse', 'ship', 'airplane']",ship
12380,2,"['ship', 'cat', 'automobile', 'airplane']",cat
12381,7,"['automobile', 'cat', 'airplane', 'frog']",cat
12382,3,"['frog', 'ship', 'automobile', 'airplane']",ship
12383,9,"['dog', 'frog', 'cat', 'airplane']",airplane
12384,1,"['bird', 'dog', 'frog', 'cat', 'airplane']",airplane
12385,9,"['dog', 'frog', 'cat', 'airplane']",dog
12386,3,"['frog', 'ship', 'automobile', 'airplane']",ship
12387,2,"['ship', 'cat', 'automobile', 'airplane']",cat
12388,1,"['bird', 'dog', 'frog', 'cat', 'airplane']",airplane
12389,1,"['bird', 'dog', 'frog', 'cat', 'airplane']",airplane
12390,5,"['frog', 'ship', 'airplane', 'automobile']",ship
12391,3,"['frog', 'ship', 'automobile', 'airplane']",ship
12392,9,"['dog', 'frog', 'cat', 'airplane']",airplane
12393,0,"['horse', 'deer', 'frog', 'cat']",horse
12394,7,"['automobile', 'cat', 'airplane', 'frog']",airplane
12395,8,"['horse', 'airplane', 'cat', 'frog']",horse
12396,6,"['automobile', 'horse', 'ship', 'airplane']",airplane
12397,7,"['automobile', 'cat', 'airplane', 'frog']",cat
12398,2,"['ship', 'cat', 'automobile', 'airplane']",ship
12399,2,"['ship', 'cat', 'automobile', 'airplane']",automobile
12400,8,"['horse', 'airplane', 'cat', 'frog']",horse
12401,8,"['horse', 'airplane', 'cat', 'frog']",horse
12402,7,"['automobile', 'cat', 'airplane', 'frog']",cat
12403,8,"['horse', 'airplane', 'cat', 'frog']",horse
12404,9,"['dog', 'frog', 'cat', 'airplane']",airplane
12405,9,"['dog', 'frog', 'cat', 'airplane']",airplane
12406,4,"['cat', 'automobile', 'frog', 'airplane']",automobile
12407,6,"['automobile', 'horse', 'ship', 'airplane']",airplane
12408,4,"['cat', 'automobile', 'frog', 'airplane']",airplane
12409,0,"['horse', 'deer', 'frog', 'cat']",horse
12410,7,"['automobile', 'cat', 'airplane', 'frog']",cat
12411,6,"['automobile', 'horse', 'ship', 'airplane']",airplane
12412,1,"['bird', 'dog', 'frog', 'cat', 'airplane']",airplane
12413,9,"['dog', 'frog', 'cat', 'airplane']",airplane
12414,0,"['horse', 'deer', 'frog', 'cat']",horse
12415,7,"['automobile', 'cat', 'airplane', 'frog']",airplane
12416,4,"['cat', 'automobile', 'frog', 'airplane']",automobile
12417,4,"['cat', 'automobile', 'frog', 'airplane']",automobile
12418,8,"['horse', 'airplane', 'cat', 'frog']",horse
12419,0,"['horse', 'deer', 'frog', 'cat']",horse
12420,0,"['horse', 'deer', 'frog', 'cat']",horse
12421,2,"['ship', 'cat', 'automobile', 'airplane']",automobile
12422,8,"['horse', 'airplane', 'cat', 'frog']",horse
12423,2,"['ship', 'cat', 'automobile', 'airplane']",automobile
12424,1,"['bird', 'dog', 'frog', 'cat', 'airplane']",airplane
12425,3,"['frog', 'ship', 'automobile', 'airplane']",ship
12426,8,"['horse', 'airplane', 'cat', 'frog']",horse
12427,9,"['dog', 'frog', 'cat', 'airplane']",airplane
12428,3,"['frog', 'ship', 'automobile', 'airplane']",ship
12429,0,"['horse', 'deer', 'frog', 'cat']",horse
12430,0,"['horse', 'deer', 'frog', 'cat']",horse
12431,5,"['frog', 'ship', 'airplane', 'automobile']",ship
12432,7,"['automobile', 'cat', 'airplane', 'frog']",cat
12433,6,"['automobile', 'horse', 'ship', 'airplane']",airplane
12434,6,"['automobile', 'horse', 'ship', 'airplane']",airplane
12435,0,"['horse', 'deer', 'frog', 'cat']",horse
12436,3,"['frog', 'ship', 'automobile', 'airplane']",ship
12437,7,"['automobile', 'cat', 'airplane', 'frog']",cat
12438,8,"['horse', 'airplane', 'cat', 'frog']",horse
12439,7,"['automobile', 'cat', 'airplane', 'frog']",airplane
12440,3,"['frog', 'ship', 'automobile', 'airplane']",ship
12441,6,"['automobile', 'horse', 'ship', 'airplane']",airplane
12442,8,"['horse', 'airplane', 'cat', 'frog']",horse
12443,8,"['horse', 'airplane', 'cat', 'frog']",horse
12444,4,"['cat', 'automobile', 'frog', 'airplane']",automobile
12445,6,"['automobile', 'horse', 'ship', 'airplane']",ship
12446,7,"['automobile', 'cat', 'airplane', 'frog']",airplane
12447,6,"['automobile', 'horse', 'ship', 'airplane']",airplane
12448,2,"['ship', 'cat', 'automobile', 'airplane']",automobile
12449,3,"['frog', 'ship', 'automobile', 'airplane']",ship
12450,3,"['frog', 'ship', 'automobile', 'airplane']",ship
12451,1,"['bird', 'dog', 'frog', 'cat', 'airplane']",airplane
12452,8,"['horse', 'airplane', 'cat', 'frog']",horse
12453,4,"['cat', 'automobile', 'frog', 'airplane']",automobile
12454,3,"['frog', 'ship', 'automobile', 'airplane']",ship
12455,2,"['ship', 'cat', 'automobile', 'airplane']",cat
12456,9,"['dog', 'frog', 'cat', 'airplane']",airplane
12457,8,"['horse', 'airplane', 'cat', 'frog']",horse
12458,6,"['automobile', 'horse', 'ship', 'airplane']",airplane
12459,6,"['automobile', 'horse', 'ship', 'airplane']",airplane
12460,9,"['dog', 'frog', 'cat', 'airplane']",dog
12461,0,"['horse', 'deer', 'frog', 'cat']",horse
12462,2,"['ship', 'cat', 'automobile', 'airplane']",cat
12463,7,"['automobile', 'cat', 'airplane', 'frog']",cat
12464,7,"['automobile', 'cat', 'airplane', 'frog']",cat
12465,2,"['ship', 'cat', 'automobile', 'airplane']",cat
12466,7,"['automobile', 'cat', 'airplane', 'frog']",cat
12467,9,"['dog', 'frog', 'cat', 'airplane']",dog
12468,5,"['frog', 'ship', 'airplane', 'automobile']",ship
12469,0,"['horse', 'deer', 'frog', 'cat']",horse
12470,1,"['bird', 'dog', 'frog', 'cat', 'airplane']",airplane
12471,2,"['ship', 'cat', 'automobile', 'airplane']",cat
12472,2,"['ship', 'cat', 'automobile', 'airplane']",cat
12473,2,"['ship', 'cat', 'automobile', 'airplane']",cat
12474,7,"['automobile', 'cat', 'airplane', 'frog']",cat
12475,3,"['frog', 'ship', 'automobile', 'airplane']",ship
12476,7,"['automobile', 'cat', 'airplane', 'frog']",cat
12477,0,"['horse', 'deer', 'frog', 'cat']",horse
12478,4,"['cat', 'automobile', 'frog', 'airplane']",automobile
12479,7,"['automobile', 'cat', 'airplane', 'frog']",cat
12480,5,"['frog', 'ship', 'airplane', 'automobile']",ship
12481,8,"['horse', 'airplane', 'cat', 'frog']",horse
12482,7,"['automobile', 'cat', 'airplane', 'frog']",cat
12483,9,"['dog', 'frog', 'cat', 'airplane']",airplane
12484,4,"['cat', 'automobile', 'frog', 'airplane']",automobile
12485,5,"['frog', 'ship', 'airplane', 'automobile']",ship
12486,9,"['dog', 'frog', 'cat', 'airplane']",dog
12487,8,"['horse', 'airplane', 'cat', 'frog']",horse
12488,5,"['frog', 'ship', 'airplane', 'automobile']",ship
12489,4,"['cat', 'automobile', 'frog', 'airplane']",automobile
12490,8,"['horse', 'airplane', 'cat', 'frog']",horse
12491,6,"['automobile', 'horse', 'ship', 'airplane']",airplane
12492,0,"['horse', 'deer', 'frog', 'cat']",horse
12493,0,"['horse', 'deer', 'frog', 'cat']",horse
12494,1,"['bird', 'dog', 'frog', 'cat', 'airplane']",airplane
12495,6,"['automobile', 'horse', 'ship', 'airplane']",airplane
12496,5,"['frog', 'ship', 'airplane', 'automobile']",ship
12497,9,"['dog', 'frog', 'cat', 'airplane']",airplane
12498,8,"['horse', 'airplane', 'cat', 'frog']",horse
12499,0,"['horse', 'deer', 'frog', 'cat']",frog
12500,3,"['frog', 'ship', 'automobile', 'airplane']",ship
12501,2,"['ship', 'cat', 'automobile', 'airplane']",cat
12502,7,"['automobile', 'cat', 'airplane', 'frog']",frog
12503,8,"['horse', 'airplane', 'cat', 'frog']",horse
12504,2,"['ship', 'cat', 'automobile', 'airplane']",cat
12505,4,"['cat', 'automobile', 'frog', 'airplane']",automobile
12506,2,"['ship', 'cat', 'automobile', 'airplane']",cat
12507,0,"['horse', 'deer', 'frog', 'cat']",horse
12508,6,"['automobile', 'horse', 'ship', 'airplane']",airplane
12509,0,"['horse', 'deer', 'frog', 'cat']",horse
12510,4,"['cat', 'automobile', 'frog', 'airplane']",automobile
12511,4,"['cat', 'automobile', 'frog', 'airplane']",automobile
12512,6,"['automobile', 'horse', 'ship', 'airplane']",airplane
12513,8,"['horse', 'airplane', 'cat', 'frog']",horse
12514,5,"['frog', 'ship', 'airplane', 'automobile']",ship
12515,5,"['frog', 'ship', 'airplane', 'automobile']",ship
12516,1,"['bird', 'dog', 'frog', 'cat', 'airplane']",airplane
12517,3,"['frog', 'ship', 'automobile', 'airplane']",ship
12518,5,"['frog', 'ship', 'airplane', 'automobile']",ship
12519,2,"['ship', 'cat', 'automobile', 'airplane']",automobile
12520,8,"['horse', 'airplane', 'cat', 'frog']",horse
12521,1,"['bird', 'dog', 'frog', 'cat', 'airplane']",airplane
12522,4,"['cat', 'automobile', 'frog', 'airplane']",automobile
12523,1,"['bird', 'dog', 'frog', 'cat', 'airplane']",airplane
12524,6,"['automobile', 'horse', 'ship', 'airplane']",airplane
12525,6,"['automobile', 'horse', 'ship', 'airplane']",airplane
12526,6,"['automobile', 'horse', 'ship', 'airplane']",airplane
12527,7,"['automobile', 'cat', 'airplane', 'frog']",cat
12528,3,"['frog', 'ship', 'automobile', 'airplane']",ship
12529,7,"['automobile', 'cat', 'airplane', 'frog']",cat
12530,4,"['cat', 'automobile', 'frog', 'airplane']",automobile
12531,9,"['dog', 'frog', 'cat', 'airplane']",dog
12532,5,"['frog', 'ship', 'airplane', 'automobile']",ship
12533,2,"['ship', 'cat', 'automobile', 'airplane']",automobile
12534,0,"['horse', 'deer', 'frog', 'cat']",horse
12535,7,"['automobile', 'cat', 'airplane', 'frog']",cat
12536,2,"['ship', 'cat', 'automobile', 'airplane']",automobile
12537,1,"['bird', 'dog', 'frog', 'cat', 'airplane']",airplane
12538,1,"['bird', 'dog', 'frog', 'cat', 'airplane']",airplane
12539,4,"['cat', 'automobile', 'frog', 'airplane']",automobile
12540,0,"['horse', 'deer', 'frog', 'cat']",horse
12541,9,"['dog', 'frog', 'cat', 'airplane']",dog
12542,0,"['horse', 'deer', 'frog', 'cat']",horse
12543,8,"['horse', 'airplane', 'cat', 'frog']",horse
12544,8,"['horse', 'airplane', 'cat', 'frog']",horse
12545,5,"['frog', 'ship', 'airplane', 'automobile']",ship
12546,3,"['frog', 'ship', 'automobile', 'airplane']",ship
12547,7,"['automobile', 'cat', 'airplane', 'frog']",cat
12548,1,"['bird', 'dog', 'frog', 'cat', 'airplane']",airplane
12549,2,"['ship', 'cat', 'automobile', 'airplane']",automobile
12550,6,"['automobile', 'horse', 'ship', 'airplane']",airplane
12551,1,"['bird', 'dog', 'frog', 'cat', 'airplane']",airplane
12552,3,"['frog', 'ship', 'automobile', 'airplane']",ship
12553,0,"['horse', 'deer', 'frog', 'cat']",horse
12554,6,"['automobile', 'horse', 'ship', 'airplane']",airplane
12555,9,"['dog', 'frog', 'cat', 'airplane']",dog
12556,5,"['frog', 'ship', 'airplane', 'automobile']",ship
12557,8,"['horse', 'airplane', 'cat', 'frog']",horse
12558,3,"['frog', 'ship', 'automobile', 'airplane']",ship
12559,5,"['frog', 'ship', 'airplane', 'automobile']",ship
12560,1,"['bird', 'dog', 'frog', 'cat', 'airplane']",airplane
12561,6,"['automobile', 'horse', 'ship', 'airplane']",airplane
12562,9,"['dog', 'frog', 'cat', 'airplane']",airplane
12563,9,"['dog', 'frog', 'cat', 'airplane']",airplane
12564,5,"['frog', 'ship', 'airplane', 'automobile']",ship
12565,7,"['automobile', 'cat', 'airplane', 'frog']",frog
12566,7,"['automobile', 'cat', 'airplane', 'frog']",airplane
12567,5,"['frog', 'ship', 'airplane', 'automobile']",ship
12568,9,"['dog', 'frog', 'cat', 'airplane']",dog
12569,5,"['frog', 'ship', 'airplane', 'automobile']",ship
12570,1,"['bird', 'dog', 'frog', 'cat', 'airplane']",airplane
12571,5,"['frog', 'ship', 'airplane', 'automobile']",ship
12572,7,"['automobile', 'cat', 'airplane', 'frog']",cat
12573,5,"['frog', 'ship', 'airplane', 'automobile']",ship
12574,2,"['ship', 'cat', 'automobile', 'airplane']",cat
12575,1,"['bird', 'dog', 'frog', 'cat', 'airplane']",airplane
12576,7,"['automobile', 'cat', 'airplane', 'frog']",airplane
12577,4,"['cat', 'automobile', 'frog', 'airplane']",automobile
12578,5,"['frog', 'ship', 'airplane', 'automobile']",ship
12579,7,"['automobile', 'cat', 'airplane', 'frog']",cat
12580,4,"['cat', 'automobile', 'frog', 'airplane']",airplane
12581,5,"['frog', 'ship', 'airplane', 'automobile']",ship
12582,2,"['ship', 'cat', 'automobile', 'airplane']",cat
12583,2,"['ship', 'cat', 'automobile', 'airplane']",automobile
12584,2,"['ship', 'cat', 'automobile', 'airplane']",cat
12585,8,"['horse', 'airplane', 'cat', 'frog']",horse
12586,1,"['bird', 'dog', 'frog', 'cat', 'airplane']",airplane
12587,6,"['automobile', 'horse', 'ship', 'airplane']",airplane
12588,9,"['dog', 'frog', 'cat', 'airplane']",dog
12589,2,"['ship', 'cat', 'automobile', 'airplane']",automobile
12590,4,"['cat', 'automobile', 'frog', 'airplane']",automobile
12591,4,"['cat', 'automobile', 'frog', 'airplane']",automobile
12592,1,"['bird', 'dog', 'frog', 'cat', 'airplane']",airplane
12593,5,"['frog', 'ship', 'airplane', 'automobile']",ship
12594,1,"['bird', 'dog', 'frog', 'cat', 'airplane']",airplane
12595,3,"['frog', 'ship', 'automobile', 'airplane']",ship
12596,6,"['automobile', 'horse', 'ship', 'airplane']",airplane
12597,6,"['automobile', 'horse', 'ship', 'airplane']",airplane
12598,3,"['frog', 'ship', 'automobile', 'airplane']",ship
12599,8,"['horse', 'airplane', 'cat', 'frog']",horse
12600,8,"['horse', 'airplane', 'cat', 'frog']",horse
12601,3,"['frog', 'ship', 'automobile', 'airplane']",ship
12602,2,"['ship', 'cat', 'automobile', 'airplane']",cat
12603,4,"['cat', 'automobile', 'frog', 'airplane']",automobile
12604,6,"['automobile', 'horse', 'ship', 'airplane']",ship
12605,8,"['horse', 'airplane', 'cat', 'frog']",horse
12606,8,"['horse', 'airplane', 'cat', 'frog']",horse
12607,2,"['ship', 'cat', 'automobile', 'airplane']",automobile
12608,9,"['dog', 'frog', 'cat', 'airplane']",dog
12609,6,"['automobile', 'horse', 'ship', 'airplane']",airplane
12610,8,"['horse', 'airplane', 'cat', 'frog']",horse
12611,4,"['cat', 'automobile', 'frog', 'airplane']",automobile
12612,3,"['frog', 'ship', 'automobile', 'airplane']",ship
12613,9,"['dog', 'frog', 'cat', 'airplane']",airplane
12614,8,"['horse', 'airplane', 'cat', 'frog']",horse
12615,8,"['horse', 'airplane', 'cat', 'frog']",horse
12616,2,"['ship', 'cat', 'automobile', 'airplane']",automobile
12617,7,"['automobile', 'cat', 'airplane', 'frog']",cat
12618,3,"['frog', 'ship', 'automobile', 'airplane']",ship
12619,6,"['automobile', 'horse', 'ship', 'airplane']",airplane
12620,1,"['bird', 'dog', 'frog', 'cat', 'airplane']",airplane
12621,5,"['frog', 'ship', 'airplane', 'automobile']",ship
12622,1,"['bird', 'dog', 'frog', 'cat', 'airplane']",airplane
12623,2,"['ship', 'cat', 'automobile', 'airplane']",automobile
12624,6,"['automobile', 'horse', 'ship', 'airplane']",airplane
12625,7,"['automobile', 'cat', 'airplane', 'frog']",airplane
12626,8,"['horse', 'airplane', 'cat', 'frog']",horse
12627,7,"['automobile', 'cat', 'airplane', 'frog']",airplane
12628,1,"['bird', 'dog', 'frog', 'cat', 'airplane']",airplane
12629,1,"['bird', 'dog', 'frog', 'cat', 'airplane']",airplane
12630,5,"['frog', 'ship', 'airplane', 'automobile']",ship
12631,3,"['frog', 'ship', 'automobile', 'airplane']",ship
12632,6,"['automobile', 'horse', 'ship', 'airplane']",airplane
12633,7,"['automobile', 'cat', 'airplane', 'frog']",cat
12634,0,"['horse', 'deer', 'frog', 'cat']",horse
12635,6,"['automobile', 'horse', 'ship', 'airplane']",horse
12636,4,"['cat', 'automobile', 'frog', 'airplane']",automobile
12637,9,"['dog', 'frog', 'cat', 'airplane']",dog
12638,2,"['ship', 'cat', 'automobile', 'airplane']",automobile
12639,3,"['frog', 'ship', 'automobile', 'airplane']",ship
12640,0,"['horse', 'deer', 'frog', 'cat']",horse
12641,6,"['automobile', 'horse', 'ship', 'airplane']",airplane
12642,3,"['frog', 'ship', 'automobile', 'airplane']",ship
12643,1,"['bird', 'dog', 'frog', 'cat', 'airplane']",airplane
12644,9,"['dog', 'frog', 'cat', 'airplane']",dog
12645,4,"['cat', 'automobile', 'frog', 'airplane']",automobile
12646,8,"['horse', 'airplane', 'cat', 'frog']",horse
12647,3,"['frog', 'ship', 'automobile', 'airplane']",ship
12648,1,"['bird', 'dog', 'frog', 'cat', 'airplane']",airplane
12649,5,"['frog', 'ship', 'airplane', 'automobile']",ship
12650,8,"['horse', 'airplane', 'cat', 'frog']",horse
12651,2,"['ship', 'cat', 'automobile', 'airplane']",cat
12652,5,"['frog', 'ship', 'airplane', 'automobile']",ship
12653,9,"['dog', 'frog', 'cat', 'airplane']",dog
12654,9,"['dog', 'frog', 'cat', 'airplane']",airplane
12655,5,"['frog', 'ship', 'airplane', 'automobile']",ship
12656,2,"['ship', 'cat', 'automobile', 'airplane']",cat
12657,6,"['automobile', 'horse', 'ship', 'airplane']",airplane
12658,7,"['automobile', 'cat', 'airplane', 'frog']",airplane
12659,0,"['horse', 'deer', 'frog', 'cat']",horse
12660,0,"['horse', 'deer', 'frog', 'cat']",horse
12661,5,"['frog', 'ship', 'airplane', 'automobile']",ship
12662,9,"['dog', 'frog', 'cat', 'airplane']",dog
12663,4,"['cat', 'automobile', 'frog', 'airplane']",automobile
12664,9,"['dog', 'frog', 'cat', 'airplane']",airplane
12665,4,"['cat', 'automobile', 'frog', 'airplane']",automobile
12666,6,"['automobile', 'horse', 'ship', 'airplane']",airplane
12667,2,"['ship', 'cat', 'automobile', 'airplane']",cat
12668,0,"['horse', 'deer', 'frog', 'cat']",horse
12669,2,"['ship', 'cat', 'automobile', 'airplane']",automobile
12670,9,"['dog', 'frog', 'cat', 'airplane']",airplane
12671,3,"['frog', 'ship', 'automobile', 'airplane']",ship
12672,4,"['cat', 'automobile', 'frog', 'airplane']",automobile
12673,3,"['frog', 'ship', 'automobile', 'airplane']",ship
12674,0,"['horse', 'deer', 'frog', 'cat']",horse
12675,2,"['ship', 'cat', 'automobile', 'airplane']",automobile
12676,1,"['bird', 'dog', 'frog', 'cat', 'airplane']",airplane
12677,7,"['automobile', 'cat', 'airplane', 'frog']",airplane
12678,2,"['ship', 'cat', 'automobile', 'airplane']",cat
12679,6,"['automobile', 'horse', 'ship', 'airplane']",airplane
12680,9,"['dog', 'frog', 'cat', 'airplane']",airplane
12681,3,"['frog', 'ship', 'automobile', 'airplane']",ship
12682,5,"['frog', 'ship', 'airplane', 'automobile']",ship
12683,7,"['automobile', 'cat', 'airplane', 'frog']",cat
12684,6,"['automobile', 'horse', 'ship', 'airplane']",ship
12685,1,"['bird', 'dog', 'frog', 'cat', 'airplane']",airplane
12686,5,"['frog', 'ship', 'airplane', 'automobile']",ship
12687,5,"['frog', 'ship', 'airplane', 'automobile']",ship
12688,8,"['horse', 'airplane', 'cat', 'frog']",horse
12689,6,"['automobile', 'horse', 'ship', 'airplane']",airplane
12690,7,"['automobile', 'cat', 'airplane', 'frog']",cat
12691,4,"['cat', 'automobile', 'frog', 'airplane']",automobile
12692,6,"['automobile', 'horse', 'ship', 'airplane']",ship
12693,2,"['ship', 'cat', 'automobile', 'airplane']",cat
12694,2,"['ship', 'cat', 'automobile', 'airplane']",cat
12695,7,"['automobile', 'cat', 'airplane', 'frog']",airplane
12696,5,"['frog', 'ship', 'airplane', 'automobile']",ship
12697,2,"['ship', 'cat', 'automobile', 'airplane']",cat
12698,4,"['cat', 'automobile', 'frog', 'airplane']",automobile
12699,8,"['horse', 'airplane', 'cat', 'frog']",horse
12700,9,"['dog', 'frog', 'cat', 'airplane']",airplane
12701,5,"['frog', 'ship', 'airplane', 'automobile']",ship
12702,1,"['bird', 'dog', 'frog', 'cat', 'airplane']",airplane
12703,2,"['ship', 'cat', 'automobile', 'airplane']",cat
12704,0,"['horse', 'deer', 'frog', 'cat']",horse
12705,7,"['automobile', 'cat', 'airplane', 'frog']",cat
12706,9,"['dog', 'frog', 'cat', 'airplane']",dog
12707,3,"['frog', 'ship', 'automobile', 'airplane']",ship
12708,9,"['dog', 'frog', 'cat', 'airplane']",airplane
12709,9,"['dog', 'frog', 'cat', 'airplane']",airplane
12710,2,"['ship', 'cat', 'automobile', 'airplane']",cat
12711,2,"['ship', 'cat', 'automobile', 'airplane']",automobile
12712,9,"['dog', 'frog', 'cat', 'airplane']",dog
12713,7,"['automobile', 'cat', 'airplane', 'frog']",airplane
12714,7,"['automobile', 'cat', 'airplane', 'frog']",cat
12715,9,"['dog', 'frog', 'cat', 'airplane']",airplane
12716,5,"['frog', 'ship', 'airplane', 'automobile']",ship
12717,4,"['cat', 'automobile', 'frog', 'airplane']",automobile
12718,9,"['dog', 'frog', 'cat', 'airplane']",airplane
12719,1,"['bird', 'dog', 'frog', 'cat', 'airplane']",airplane
12720,2,"['ship', 'cat', 'automobile', 'airplane']",cat
12721,2,"['ship', 'cat', 'automobile', 'airplane']",cat
12722,7,"['automobile', 'cat', 'airplane', 'frog']",cat
12723,4,"['cat', 'automobile', 'frog', 'airplane']",automobile
12724,2,"['ship', 'cat', 'automobile', 'airplane']",cat
12725,8,"['horse', 'airplane', 'cat', 'frog']",horse
12726,5,"['frog', 'ship', 'airplane', 'automobile']",ship
12727,4,"['cat', 'automobile', 'frog', 'airplane']",automobile
12728,5,"['frog', 'ship', 'airplane', 'automobile']",ship
12729,9,"['dog', 'frog', 'cat', 'airplane']",dog
12730,0,"['horse', 'deer', 'frog', 'cat']",horse
12731,8,"['horse', 'airplane', 'cat', 'frog']",horse
12732,1,"['bird', 'dog', 'frog', 'cat', 'airplane']",airplane
12733,7,"['automobile', 'cat', 'airplane', 'frog']",cat
12734,5,"['frog', 'ship', 'airplane', 'automobile']",ship
12735,6,"['automobile', 'horse', 'ship', 'airplane']",ship
12736,6,"['automobile', 'horse', 'ship', 'airplane']",airplane
12737,4,"['cat', 'automobile', 'frog', 'airplane']",automobile
12738,7,"['automobile', 'cat', 'airplane', 'frog']",cat
12739,6,"['automobile', 'horse', 'ship', 'airplane']",airplane
12740,0,"['horse', 'deer', 'frog', 'cat']",horse
12741,1,"['bird', 'dog', 'frog', 'cat', 'airplane']",airplane
12742,2,"['ship', 'cat', 'automobile', 'airplane']",automobile
12743,1,"['bird', 'dog', 'frog', 'cat', 'airplane']",airplane
12744,7,"['automobile', 'cat', 'airplane', 'frog']",cat
12745,9,"['dog', 'frog', 'cat', 'airplane']",airplane
12746,1,"['bird', 'dog', 'frog', 'cat', 'airplane']",airplane
12747,8,"['horse', 'airplane', 'cat', 'frog']",horse
12748,2,"['ship', 'cat', 'automobile', 'airplane']",cat
12749,0,"['horse', 'deer', 'frog', 'cat']",horse
12750,3,"['frog', 'ship', 'automobile', 'airplane']",ship
12751,7,"['automobile', 'cat', 'airplane', 'frog']",cat
12752,2,"['ship', 'cat', 'automobile', 'airplane']",cat
12753,2,"['ship', 'cat', 'automobile', 'airplane']",automobile
12754,0,"['horse', 'deer', 'frog', 'cat']",horse
12755,1,"['bird', 'dog', 'frog', 'cat', 'airplane']",airplane
12756,7,"['automobile', 'cat', 'airplane', 'frog']",airplane
12757,0,"['horse', 'deer', 'frog', 'cat']",horse
12758,3,"['frog', 'ship', 'automobile', 'airplane']",ship
12759,7,"['automobile', 'cat', 'airplane', 'frog']",airplane
12760,9,"['dog', 'frog', 'cat', 'airplane']",airplane
12761,0,"['horse', 'deer', 'frog', 'cat']",horse
12762,8,"['horse', 'airplane', 'cat', 'frog']",horse
12763,7,"['automobile', 'cat', 'airplane', 'frog']",cat
12764,0,"['horse', 'deer', 'frog', 'cat']",horse
12765,6,"['automobile', 'horse', 'ship', 'airplane']",airplane
12766,1,"['bird', 'dog', 'frog', 'cat', 'airplane']",airplane
12767,0,"['horse', 'deer', 'frog', 'cat']",horse
12768,5,"['frog', 'ship', 'airplane', 'automobile']",ship
12769,5,"['frog', 'ship', 'airplane', 'automobile']",ship
12770,7,"['automobile', 'cat', 'airplane', 'frog']",cat
12771,8,"['horse', 'airplane', 'cat', 'frog']",horse
12772,8,"['horse', 'airplane', 'cat', 'frog']",horse
12773,1,"['bird', 'dog', 'frog', 'cat', 'airplane']",airplane
12774,1,"['bird', 'dog', 'frog', 'cat', 'airplane']",airplane
12775,9,"['dog', 'frog', 'cat', 'airplane']",airplane
12776,3,"['frog', 'ship', 'automobile', 'airplane']",ship
12777,0,"['horse', 'deer', 'frog', 'cat']",horse
12778,7,"['automobile', 'cat', 'airplane', 'frog']",cat
12779,6,"['automobile', 'horse', 'ship', 'airplane']",ship
12780,3,"['frog', 'ship', 'automobile', 'airplane']",ship
12781,6,"['automobile', 'horse', 'ship', 'airplane']",airplane
12782,2,"['ship', 'cat', 'automobile', 'airplane']",cat
12783,3,"['frog', 'ship', 'automobile', 'airplane']",ship
12784,2,"['ship', 'cat', 'automobile', 'airplane']",cat
12785,0,"['horse', 'deer', 'frog', 'cat']",horse
12786,3,"['frog', 'ship', 'automobile', 'airplane']",ship
12787,7,"['automobile', 'cat', 'airplane', 'frog']",cat
12788,6,"['automobile', 'horse', 'ship', 'airplane']",airplane
12789,9,"['dog', 'frog', 'cat', 'airplane']",dog
12790,2,"['ship', 'cat', 'automobile', 'airplane']",cat
12791,5,"['frog', 'ship', 'airplane', 'automobile']",ship
12792,8,"['horse', 'airplane', 'cat', 'frog']",horse
12793,9,"['dog', 'frog', 'cat', 'airplane']",airplane
12794,7,"['automobile', 'cat', 'airplane', 'frog']",airplane
12795,4,"['cat', 'automobile', 'frog', 'airplane']",automobile
12796,6,"['automobile', 'horse', 'ship', 'airplane']",airplane
12797,4,"['cat', 'automobile', 'frog', 'airplane']",automobile
12798,3,"['frog', 'ship', 'automobile', 'airplane']",ship
12799,6,"['automobile', 'horse', 'ship', 'airplane']",airplane
12800,1,"['bird', 'dog', 'frog', 'cat', 'airplane']",airplane
12801,8,"['horse', 'airplane', 'cat', 'frog']",horse
12802,0,"['horse', 'deer', 'frog', 'cat']",horse
12803,4,"['cat', 'automobile', 'frog', 'airplane']",automobile
12804,6,"['automobile', 'horse', 'ship', 'airplane']",airplane
12805,4,"['cat', 'automobile', 'frog', 'airplane']",automobile
12806,8,"['horse', 'airplane', 'cat', 'frog']",horse
12807,0,"['horse', 'deer', 'frog', 'cat']",horse
12808,0,"['horse', 'deer', 'frog', 'cat']",horse
12809,0,"['horse', 'deer', 'frog', 'cat']",horse
12810,4,"['cat', 'automobile', 'frog', 'airplane']",automobile
12811,3,"['frog', 'ship', 'automobile', 'airplane']",ship
12812,4,"['cat', 'automobile', 'frog', 'airplane']",automobile
12813,8,"['horse', 'airplane', 'cat', 'frog']",horse
12814,1,"['bird', 'dog', 'frog', 'cat', 'airplane']",airplane
12815,3,"['frog', 'ship', 'automobile', 'airplane']",ship
12816,9,"['dog', 'frog', 'cat', 'airplane']",airplane
12817,0,"['horse', 'deer', 'frog', 'cat']",horse
12818,0,"['horse', 'deer', 'frog', 'cat']",horse
12819,2,"['ship', 'cat', 'automobile', 'airplane']",cat
12820,0,"['horse', 'deer', 'frog', 'cat']",horse
12821,3,"['frog', 'ship', 'automobile', 'airplane']",ship
12822,9,"['dog', 'frog', 'cat', 'airplane']",airplane
12823,3,"['frog', 'ship', 'automobile', 'airplane']",ship
12824,6,"['automobile', 'horse', 'ship', 'airplane']",ship
12825,5,"['frog', 'ship', 'airplane', 'automobile']",ship
12826,4,"['cat', 'automobile', 'frog', 'airplane']",automobile
12827,9,"['dog', 'frog', 'cat', 'airplane']",airplane
12828,1,"['bird', 'dog', 'frog', 'cat', 'airplane']",airplane
12829,5,"['frog', 'ship', 'airplane', 'automobile']",ship
12830,8,"['horse', 'airplane', 'cat', 'frog']",horse
12831,6,"['automobile', 'horse', 'ship', 'airplane']",airplane
12832,5,"['frog', 'ship', 'airplane', 'automobile']",ship
12833,5,"['frog', 'ship', 'airplane', 'automobile']",ship
12834,8,"['horse', 'airplane', 'cat', 'frog']",horse
12835,9,"['dog', 'frog', 'cat', 'airplane']",dog
12836,0,"['horse', 'deer', 'frog', 'cat']",frog
12837,3,"['frog', 'ship', 'automobile', 'airplane']",ship
12838,7,"['automobile', 'cat', 'airplane', 'frog']",cat
12839,5,"['frog', 'ship', 'airplane', 'automobile']",ship
12840,9,"['dog', 'frog', 'cat', 'airplane']",dog
12841,1,"['bird', 'dog', 'frog', 'cat', 'airplane']",airplane
12842,7,"['automobile', 'cat', 'airplane', 'frog']",cat
12843,4,"['cat', 'automobile', 'frog', 'airplane']",automobile
12844,7,"['automobile', 'cat', 'airplane', 'frog']",cat
12845,7,"['automobile', 'cat', 'airplane', 'frog']",cat
12846,4,"['cat', 'automobile', 'frog', 'airplane']",automobile
12847,2,"['ship', 'cat', 'automobile', 'airplane']",automobile
12848,7,"['automobile', 'cat', 'airplane', 'frog']",cat
12849,1,"['bird', 'dog', 'frog', 'cat', 'airplane']",airplane
12850,6,"['automobile', 'horse', 'ship', 'airplane']",airplane
12851,5,"['frog', 'ship', 'airplane', 'automobile']",ship
12852,6,"['automobile', 'horse', 'ship', 'airplane']",airplane
12853,3,"['frog', 'ship', 'automobile', 'airplane']",ship
12854,0,"['horse', 'deer', 'frog', 'cat']",horse
12855,8,"['horse', 'airplane', 'cat', 'frog']",horse
12856,1,"['bird', 'dog', 'frog', 'cat', 'airplane']",airplane
12857,8,"['horse', 'airplane', 'cat', 'frog']",horse
12858,4,"['cat', 'automobile', 'frog', 'airplane']",automobile
12859,4,"['cat', 'automobile', 'frog', 'airplane']",automobile
12860,2,"['ship', 'cat', 'automobile', 'airplane']",cat
12861,8,"['horse', 'airplane', 'cat', 'frog']",horse
12862,4,"['cat', 'automobile', 'frog', 'airplane']",automobile
12863,9,"['dog', 'frog', 'cat', 'airplane']",airplane
12864,7,"['automobile', 'cat', 'airplane', 'frog']",cat
12865,1,"['bird', 'dog', 'frog', 'cat', 'airplane']",airplane
12866,8,"['horse', 'airplane', 'cat', 'frog']",horse
12867,8,"['horse', 'airplane', 'cat', 'frog']",horse
12868,8,"['horse', 'airplane', 'cat', 'frog']",horse
12869,7,"['automobile', 'cat', 'airplane', 'frog']",airplane
12870,3,"['frog', 'ship', 'automobile', 'airplane']",ship
12871,2,"['ship', 'cat', 'automobile', 'airplane']",cat
12872,3,"['frog', 'ship', 'automobile', 'airplane']",ship
12873,9,"['dog', 'frog', 'cat', 'airplane']",airplane
12874,6,"['automobile', 'horse', 'ship', 'airplane']",automobile
12875,1,"['bird', 'dog', 'frog', 'cat', 'airplane']",airplane
12876,8,"['horse', 'airplane', 'cat', 'frog']",horse
12877,2,"['ship', 'cat', 'automobile', 'airplane']",cat
12878,9,"['dog', 'frog', 'cat', 'airplane']",dog
12879,6,"['automobile', 'horse', 'ship', 'airplane']",airplane
12880,8,"['horse', 'airplane', 'cat', 'frog']",horse
12881,1,"['bird', 'dog', 'frog', 'cat', 'airplane']",airplane
12882,3,"['frog', 'ship', 'automobile', 'airplane']",ship
12883,0,"['horse', 'deer', 'frog', 'cat']",horse
12884,5,"['frog', 'ship', 'airplane', 'automobile']",ship
12885,6,"['automobile', 'horse', 'ship', 'airplane']",airplane
12886,3,"['frog', 'ship', 'automobile', 'airplane']",ship
12887,6,"['automobile', 'horse', 'ship', 'airplane']",airplane
12888,7,"['automobile', 'cat', 'airplane', 'frog']",cat
12889,7,"['automobile', 'cat', 'airplane', 'frog']",cat
12890,5,"['frog', 'ship', 'airplane', 'automobile']",ship
12891,8,"['horse', 'airplane', 'cat', 'frog']",horse
12892,2,"['ship', 'cat', 'automobile', 'airplane']",automobile
12893,1,"['bird', 'dog', 'frog', 'cat', 'airplane']",airplane
12894,1,"['bird', 'dog', 'frog', 'cat', 'airplane']",airplane
12895,9,"['dog', 'frog', 'cat', 'airplane']",airplane
12896,4,"['cat', 'automobile', 'frog', 'airplane']",automobile
12897,6,"['automobile', 'horse', 'ship', 'airplane']",airplane
12898,4,"['cat', 'automobile', 'frog', 'airplane']",automobile
12899,7,"['automobile', 'cat', 'airplane', 'frog']",cat
12900,7,"['automobile', 'cat', 'airplane', 'frog']",airplane
12901,7,"['automobile', 'cat', 'airplane', 'frog']",cat
12902,9,"['dog', 'frog', 'cat', 'airplane']",airplane
12903,1,"['bird', 'dog', 'frog', 'cat', 'airplane']",airplane
12904,3,"['frog', 'ship', 'automobile', 'airplane']",ship
12905,8,"['horse', 'airplane', 'cat', 'frog']",horse
12906,6,"['automobile', 'horse', 'ship', 'airplane']",airplane
12907,8,"['horse', 'airplane', 'cat', 'frog']",horse
12908,5,"['frog', 'ship', 'airplane', 'automobile']",ship
12909,7,"['automobile', 'cat', 'airplane', 'frog']",airplane
12910,0,"['horse', 'deer', 'frog', 'cat']",horse
12911,0,"['horse', 'deer', 'frog', 'cat']",horse
12912,5,"['frog', 'ship', 'airplane', 'automobile']",ship
12913,5,"['frog', 'ship', 'airplane', 'automobile']",ship
12914,1,"['bird', 'dog', 'frog', 'cat', 'airplane']",airplane
12915,0,"['horse', 'deer', 'frog', 'cat']",horse
12916,0,"['horse', 'deer', 'frog', 'cat']",horse
12917,1,"['bird', 'dog', 'frog', 'cat', 'airplane']",airplane
12918,8,"['horse', 'airplane', 'cat', 'frog']",horse
12919,1,"['bird', 'dog', 'frog', 'cat', 'airplane']",airplane
12920,1,"['bird', 'dog', 'frog', 'cat', 'airplane']",airplane
12921,4,"['cat', 'automobile', 'frog', 'airplane']",automobile
12922,0,"['horse', 'deer', 'frog', 'cat']",horse
12923,1,"['bird', 'dog', 'frog', 'cat', 'airplane']",airplane
12924,2,"['ship', 'cat', 'automobile', 'airplane']",automobile
12925,7,"['automobile', 'cat', 'airplane', 'frog']",airplane
12926,8,"['horse', 'airplane', 'cat', 'frog']",horse
12927,1,"['bird', 'dog', 'frog', 'cat', 'airplane']",airplane
12928,6,"['automobile', 'horse', 'ship', 'airplane']",airplane
12929,1,"['bird', 'dog', 'frog', 'cat', 'airplane']",airplane
12930,6,"['automobile', 'horse', 'ship', 'airplane']",ship
12931,5,"['frog', 'ship', 'airplane', 'automobile']",ship
12932,8,"['horse', 'airplane', 'cat', 'frog']",horse
12933,6,"['automobile', 'horse', 'ship', 'airplane']",automobile
12934,6,"['automobile', 'horse', 'ship', 'airplane']",horse
12935,8,"['horse', 'airplane', 'cat', 'frog']",horse
12936,0,"['horse', 'deer', 'frog', 'cat']",horse
12937,5,"['frog', 'ship', 'airplane', 'automobile']",ship
12938,8,"['horse', 'airplane', 'cat', 'frog']",horse
12939,6,"['automobile', 'horse', 'ship', 'airplane']",automobile
12940,2,"['ship', 'cat', 'automobile', 'airplane']",cat
12941,7,"['automobile', 'cat', 'airplane', 'frog']",frog
12942,7,"['automobile', 'cat', 'airplane', 'frog']",airplane
12943,3,"['frog', 'ship', 'automobile', 'airplane']",ship
12944,0,"['horse', 'deer', 'frog', 'cat']",horse
12945,2,"['ship', 'cat', 'automobile', 'airplane']",automobile
12946,1,"['bird', 'dog', 'frog', 'cat', 'airplane']",airplane
12947,5,"['frog', 'ship', 'airplane', 'automobile']",ship
12948,9,"['dog', 'frog', 'cat', 'airplane']",airplane
12949,1,"['bird', 'dog', 'frog', 'cat', 'airplane']",airplane
12950,9,"['dog', 'frog', 'cat', 'airplane']",airplane
12951,8,"['horse', 'airplane', 'cat', 'frog']",horse
12952,3,"['frog', 'ship', 'automobile', 'airplane']",ship
12953,3,"['frog', 'ship', 'automobile', 'airplane']",ship
12954,8,"['horse', 'airplane', 'cat', 'frog']",horse
12955,9,"['dog', 'frog', 'cat', 'airplane']",airplane
12956,3,"['frog', 'ship', 'automobile', 'airplane']",ship
12957,9,"['dog', 'frog', 'cat', 'airplane']",dog
12958,2,"['ship', 'cat', 'automobile', 'airplane']",cat
12959,4,"['cat', 'automobile', 'frog', 'airplane']",automobile
12960,0,"['horse', 'deer', 'frog', 'cat']",horse
12961,7,"['automobile', 'cat', 'airplane', 'frog']",cat
12962,5,"['frog', 'ship', 'airplane', 'automobile']",ship
12963,1,"['bird', 'dog', 'frog', 'cat', 'airplane']",airplane
12964,1,"['bird', 'dog', 'frog', 'cat', 'airplane']",airplane
12965,3,"['frog', 'ship', 'automobile', 'airplane']",ship
12966,3,"['frog', 'ship', 'automobile', 'airplane']",ship
12967,0,"['horse', 'deer', 'frog', 'cat']",horse
12968,4,"['cat', 'automobile', 'frog', 'airplane']",automobile
12969,3,"['frog', 'ship', 'automobile', 'airplane']",ship
12970,9,"['dog', 'frog', 'cat', 'airplane']",airplane
12971,3,"['frog', 'ship', 'automobile', 'airplane']",ship
12972,9,"['dog', 'frog', 'cat', 'airplane']",airplane
12973,3,"['frog', 'ship', 'automobile', 'airplane']",ship
12974,5,"['frog', 'ship', 'airplane', 'automobile']",ship
12975,4,"['cat', 'automobile', 'frog', 'airplane']",automobile
12976,9,"['dog', 'frog', 'cat', 'airplane']",airplane
12977,1,"['bird', 'dog', 'frog', 'cat', 'airplane']",airplane
12978,2,"['ship', 'cat', 'automobile', 'airplane']",cat
12979,9,"['dog', 'frog', 'cat', 'airplane']",airplane
12980,7,"['automobile', 'cat', 'airplane', 'frog']",airplane
12981,1,"['bird', 'dog', 'frog', 'cat', 'airplane']",airplane
12982,1,"['bird', 'dog', 'frog', 'cat', 'airplane']",airplane
12983,7,"['automobile', 'cat', 'airplane', 'frog']",cat
12984,7,"['automobile', 'cat', 'airplane', 'frog']",airplane
12985,7,"['automobile', 'cat', 'airplane', 'frog']",cat
12986,9,"['dog', 'frog', 'cat', 'airplane']",airplane
12987,5,"['frog', 'ship', 'airplane', 'automobile']",ship
12988,3,"['frog', 'ship', 'automobile', 'airplane']",ship
12989,4,"['cat', 'automobile', 'frog', 'airplane']",automobile
12990,2,"['ship', 'cat', 'automobile', 'airplane']",cat
12991,0,"['horse', 'deer', 'frog', 'cat']",horse
12992,2,"['ship', 'cat', 'automobile', 'airplane']",cat
12993,0,"['horse', 'deer', 'frog', 'cat']",horse
12994,7,"['automobile', 'cat', 'airplane', 'frog']",cat
12995,7,"['automobile', 'cat', 'airplane', 'frog']",cat
12996,6,"['automobile', 'horse', 'ship', 'airplane']",automobile
12997,4,"['cat', 'automobile', 'frog', 'airplane']",automobile
12998,7,"['automobile', 'cat', 'airplane', 'frog']",cat
12999,1,"['bird', 'dog', 'frog', 'cat', 'airplane']",airplane
13000,9,"['dog', 'frog', 'cat', 'airplane']",airplane
13001,3,"['frog', 'ship', 'automobile', 'airplane']",ship
13002,1,"['bird', 'dog', 'frog', 'cat', 'airplane']",airplane
13003,9,"['dog', 'frog', 'cat', 'airplane']",dog
13004,8,"['horse', 'airplane', 'cat', 'frog']",horse
13005,4,"['cat', 'automobile', 'frog', 'airplane']",automobile
13006,1,"['bird', 'dog', 'frog', 'cat', 'airplane']",airplane
13007,2,"['ship', 'cat', 'automobile', 'airplane']",cat
13008,0,"['horse', 'deer', 'frog', 'cat']",horse
13009,7,"['automobile', 'cat', 'airplane', 'frog']",cat
13010,1,"['bird', 'dog', 'frog', 'cat', 'airplane']",airplane
13011,0,"['horse', 'deer', 'frog', 'cat']",horse
13012,4,"['cat', 'automobile', 'frog', 'airplane']",automobile
13013,3,"['frog', 'ship', 'automobile', 'airplane']",ship
13014,7,"['automobile', 'cat', 'airplane', 'frog']",cat
13015,8,"['horse', 'airplane', 'cat', 'frog']",horse
13016,0,"['horse', 'deer', 'frog', 'cat']",horse
13017,9,"['dog', 'frog', 'cat', 'airplane']",dog
13018,6,"['automobile', 'horse', 'ship', 'airplane']",airplane
13019,3,"['frog', 'ship', 'automobile', 'airplane']",ship
13020,8,"['horse', 'airplane', 'cat', 'frog']",horse
13021,4,"['cat', 'automobile', 'frog', 'airplane']",automobile
13022,7,"['automobile', 'cat', 'airplane', 'frog']",cat
13023,4,"['cat', 'automobile', 'frog', 'airplane']",automobile
13024,9,"['dog', 'frog', 'cat', 'airplane']",airplane
13025,4,"['cat', 'automobile', 'frog', 'airplane']",airplane
13026,7,"['automobile', 'cat', 'airplane', 'frog']",cat
13027,8,"['horse', 'airplane', 'cat', 'frog']",horse
13028,0,"['horse', 'deer', 'frog', 'cat']",horse
13029,6,"['automobile', 'horse', 'ship', 'airplane']",airplane
13030,0,"['horse', 'deer', 'frog', 'cat']",horse
13031,0,"['horse', 'deer', 'frog', 'cat']",horse
13032,1,"['bird', 'dog', 'frog', 'cat', 'airplane']",airplane
13033,2,"['ship', 'cat', 'automobile', 'airplane']",cat
13034,9,"['dog', 'frog', 'cat', 'airplane']",airplane
13035,2,"['ship', 'cat', 'automobile', 'airplane']",cat
13036,2,"['ship', 'cat', 'automobile', 'airplane']",automobile
13037,1,"['bird', 'dog', 'frog', 'cat', 'airplane']",airplane
13038,4,"['cat', 'automobile', 'frog', 'airplane']",automobile
13039,7,"['automobile', 'cat', 'airplane', 'frog']",frog
13040,1,"['bird', 'dog', 'frog', 'cat', 'airplane']",airplane
13041,8,"['horse', 'airplane', 'cat', 'frog']",horse
13042,2,"['ship', 'cat', 'automobile', 'airplane']",cat
13043,0,"['horse', 'deer', 'frog', 'cat']",horse
13044,1,"['bird', 'dog', 'frog', 'cat', 'airplane']",airplane
13045,5,"['frog', 'ship', 'airplane', 'automobile']",ship
13046,6,"['automobile', 'horse', 'ship', 'airplane']",airplane
13047,2,"['ship', 'cat', 'automobile', 'airplane']",cat
13048,5,"['frog', 'ship', 'airplane', 'automobile']",ship
13049,6,"['automobile', 'horse', 'ship', 'airplane']",airplane
13050,5,"['frog', 'ship', 'airplane', 'automobile']",ship
13051,0,"['horse', 'deer', 'frog', 'cat']",horse
13052,1,"['bird', 'dog', 'frog', 'cat', 'airplane']",airplane
13053,3,"['frog', 'ship', 'automobile', 'airplane']",ship
13054,8,"['horse', 'airplane', 'cat', 'frog']",horse
13055,0,"['horse', 'deer', 'frog', 'cat']",horse
13056,1,"['bird', 'dog', 'frog', 'cat', 'airplane']",airplane
13057,5,"['frog', 'ship', 'airplane', 'automobile']",ship
13058,7,"['automobile', 'cat', 'airplane', 'frog']",cat
13059,2,"['ship', 'cat', 'automobile', 'airplane']",automobile
13060,0,"['horse', 'deer', 'frog', 'cat']",horse
13061,3,"['frog', 'ship', 'automobile', 'airplane']",ship
13062,3,"['frog', 'ship', 'automobile', 'airplane']",ship
13063,9,"['dog', 'frog', 'cat', 'airplane']",dog
13064,3,"['frog', 'ship', 'automobile', 'airplane']",ship
13065,1,"['bird', 'dog', 'frog', 'cat', 'airplane']",airplane
13066,6,"['automobile', 'horse', 'ship', 'airplane']",airplane
13067,5,"['frog', 'ship', 'airplane', 'automobile']",ship
13068,0,"['horse', 'deer', 'frog', 'cat']",horse
13069,0,"['horse', 'deer', 'frog', 'cat']",horse
13070,9,"['dog', 'frog', 'cat', 'airplane']",airplane
13071,2,"['ship', 'cat', 'automobile', 'airplane']",automobile
13072,8,"['horse', 'airplane', 'cat', 'frog']",horse
13073,5,"['frog', 'ship', 'airplane', 'automobile']",ship
13074,9,"['dog', 'frog', 'cat', 'airplane']",dog
13075,2,"['ship', 'cat', 'automobile', 'airplane']",cat
13076,6,"['automobile', 'horse', 'ship', 'airplane']",airplane
13077,6,"['automobile', 'horse', 'ship', 'airplane']",airplane
13078,9,"['dog', 'frog', 'cat', 'airplane']",dog
13079,8,"['horse', 'airplane', 'cat', 'frog']",horse
13080,6,"['automobile', 'horse', 'ship', 'airplane']",airplane
13081,2,"['ship', 'cat', 'automobile', 'airplane']",cat
13082,3,"['frog', 'ship', 'automobile', 'airplane']",ship
13083,7,"['automobile', 'cat', 'airplane', 'frog']",cat
13084,0,"['horse', 'deer', 'frog', 'cat']",horse
13085,3,"['frog', 'ship', 'automobile', 'airplane']",ship
13086,0,"['horse', 'deer', 'frog', 'cat']",horse
13087,5,"['frog', 'ship', 'airplane', 'automobile']",ship
13088,1,"['bird', 'dog', 'frog', 'cat', 'airplane']",airplane
13089,3,"['frog', 'ship', 'automobile', 'airplane']",ship
13090,0,"['horse', 'deer', 'frog', 'cat']",horse
13091,3,"['frog', 'ship', 'automobile', 'airplane']",ship
13092,7,"['automobile', 'cat', 'airplane', 'frog']",cat
13093,3,"['frog', 'ship', 'automobile', 'airplane']",ship
13094,3,"['frog', 'ship', 'automobile', 'airplane']",ship
13095,8,"['horse', 'airplane', 'cat', 'frog']",horse
13096,9,"['dog', 'frog', 'cat', 'airplane']",airplane
13097,5,"['frog', 'ship', 'airplane', 'automobile']",ship
13098,1,"['bird', 'dog', 'frog', 'cat', 'airplane']",airplane
13099,1,"['bird', 'dog', 'frog', 'cat', 'airplane']",airplane
13100,5,"['frog', 'ship', 'airplane', 'automobile']",ship
13101,6,"['automobile', 'horse', 'ship', 'airplane']",airplane
13102,4,"['cat', 'automobile', 'frog', 'airplane']",automobile
13103,5,"['frog', 'ship', 'airplane', 'automobile']",ship
13104,5,"['frog', 'ship', 'airplane', 'automobile']",ship
13105,7,"['automobile', 'cat', 'airplane', 'frog']",cat
13106,0,"['horse', 'deer', 'frog', 'cat']",horse
13107,2,"['ship', 'cat', 'automobile', 'airplane']",cat
13108,1,"['bird', 'dog', 'frog', 'cat', 'airplane']",airplane
13109,8,"['horse', 'airplane', 'cat', 'frog']",cat
13110,0,"['horse', 'deer', 'frog', 'cat']",horse
13111,5,"['frog', 'ship', 'airplane', 'automobile']",ship
13112,5,"['frog', 'ship', 'airplane', 'automobile']",ship
13113,7,"['automobile', 'cat', 'airplane', 'frog']",cat
13114,2,"['ship', 'cat', 'automobile', 'airplane']",automobile
13115,8,"['horse', 'airplane', 'cat', 'frog']",horse
13116,8,"['horse', 'airplane', 'cat', 'frog']",horse
13117,6,"['automobile', 'horse', 'ship', 'airplane']",airplane
13118,1,"['bird', 'dog', 'frog', 'cat', 'airplane']",airplane
13119,7,"['automobile', 'cat', 'airplane', 'frog']",frog
13120,6,"['automobile', 'horse', 'ship', 'airplane']",airplane
13121,5,"['frog', 'ship', 'airplane', 'automobile']",ship
13122,1,"['bird', 'dog', 'frog', 'cat', 'airplane']",airplane
13123,6,"['automobile', 'horse', 'ship', 'airplane']",automobile
13124,7,"['automobile', 'cat', 'airplane', 'frog']",cat
13125,9,"['dog', 'frog', 'cat', 'airplane']",airplane
13126,7,"['automobile', 'cat', 'airplane', 'frog']",cat
13127,6,"['automobile', 'horse', 'ship', 'airplane']",horse
13128,9,"['dog', 'frog', 'cat', 'airplane']",dog
13129,1,"['bird', 'dog', 'frog', 'cat', 'airplane']",airplane
13130,2,"['ship', 'cat', 'automobile', 'airplane']",automobile
13131,8,"['horse', 'airplane', 'cat', 'frog']",horse
13132,7,"['automobile', 'cat', 'airplane', 'frog']",cat
13133,9,"['dog', 'frog', 'cat', 'airplane']",dog
13134,4,"['cat', 'automobile', 'frog', 'airplane']",automobile
13135,7,"['automobile', 'cat', 'airplane', 'frog']",cat
13136,7,"['automobile', 'cat', 'airplane', 'frog']",cat
13137,6,"['automobile', 'horse', 'ship', 'airplane']",airplane
13138,9,"['dog', 'frog', 'cat', 'airplane']",airplane
13139,8,"['horse', 'airplane', 'cat', 'frog']",horse
13140,6,"['automobile', 'horse', 'ship', 'airplane']",airplane
13141,2,"['ship', 'cat', 'automobile', 'airplane']",cat
13142,5,"['frog', 'ship', 'airplane', 'automobile']",ship
13143,6,"['automobile', 'horse', 'ship', 'airplane']",ship
13144,1,"['bird', 'dog', 'frog', 'cat', 'airplane']",airplane
13145,4,"['cat', 'automobile', 'frog', 'airplane']",automobile
13146,7,"['automobile', 'cat', 'airplane', 'frog']",airplane
13147,7,"['automobile', 'cat', 'airplane', 'frog']",cat
13148,9,"['dog', 'frog', 'cat', 'airplane']",airplane
13149,1,"['bird', 'dog', 'frog', 'cat', 'airplane']",airplane
13150,5,"['frog', 'ship', 'airplane', 'automobile']",ship
13151,5,"['frog', 'ship', 'airplane', 'automobile']",ship
13152,1,"['bird', 'dog', 'frog', 'cat', 'airplane']",airplane
13153,6,"['automobile', 'horse', 'ship', 'airplane']",airplane
13154,2,"['ship', 'cat', 'automobile', 'airplane']",cat
13155,9,"['dog', 'frog', 'cat', 'airplane']",airplane
13156,1,"['bird', 'dog', 'frog', 'cat', 'airplane']",airplane
13157,8,"['horse', 'airplane', 'cat', 'frog']",horse
13158,1,"['bird', 'dog', 'frog', 'cat', 'airplane']",airplane
13159,5,"['frog', 'ship', 'airplane', 'automobile']",ship
13160,9,"['dog', 'frog', 'cat', 'airplane']",airplane
13161,5,"['frog', 'ship', 'airplane', 'automobile']",ship
13162,6,"['automobile', 'horse', 'ship', 'airplane']",airplane
13163,2,"['ship', 'cat', 'automobile', 'airplane']",cat
13164,4,"['cat', 'automobile', 'frog', 'airplane']",automobile
13165,0,"['horse', 'deer', 'frog', 'cat']",horse
13166,1,"['bird', 'dog', 'frog', 'cat', 'airplane']",airplane
13167,3,"['frog', 'ship', 'automobile', 'airplane']",ship
13168,6,"['automobile', 'horse', 'ship', 'airplane']",airplane
13169,8,"['horse', 'airplane', 'cat', 'frog']",horse
13170,3,"['frog', 'ship', 'automobile', 'airplane']",ship
13171,7,"['automobile', 'cat', 'airplane', 'frog']",airplane
13172,9,"['dog', 'frog', 'cat', 'airplane']",airplane
13173,5,"['frog', 'ship', 'airplane', 'automobile']",ship
13174,0,"['horse', 'deer', 'frog', 'cat']",horse
13175,8,"['horse', 'airplane', 'cat', 'frog']",horse
13176,6,"['automobile', 'horse', 'ship', 'airplane']",airplane
13177,2,"['ship', 'cat', 'automobile', 'airplane']",cat
13178,7,"['automobile', 'cat', 'airplane', 'frog']",cat
13179,2,"['ship', 'cat', 'automobile', 'airplane']",cat
13180,6,"['automobile', 'horse', 'ship', 'airplane']",airplane
13181,0,"['horse', 'deer', 'frog', 'cat']",horse
13182,7,"['automobile', 'cat', 'airplane', 'frog']",cat
13183,4,"['cat', 'automobile', 'frog', 'airplane']",automobile
13184,6,"['automobile', 'horse', 'ship', 'airplane']",airplane
13185,7,"['automobile', 'cat', 'airplane', 'frog']",cat
13186,4,"['cat', 'automobile', 'frog', 'airplane']",automobile
13187,5,"['frog', 'ship', 'airplane', 'automobile']",ship
13188,6,"['automobile', 'horse', 'ship', 'airplane']",airplane
13189,3,"['frog', 'ship', 'automobile', 'airplane']",ship
13190,5,"['frog', 'ship', 'airplane', 'automobile']",ship
13191,1,"['bird', 'dog', 'frog', 'cat', 'airplane']",airplane
13192,7,"['automobile', 'cat', 'airplane', 'frog']",cat
13193,7,"['automobile', 'cat', 'airplane', 'frog']",cat
13194,0,"['horse', 'deer', 'frog', 'cat']",horse
13195,2,"['ship', 'cat', 'automobile', 'airplane']",automobile
13196,4,"['cat', 'automobile', 'frog', 'airplane']",automobile
13197,8,"['horse', 'airplane', 'cat', 'frog']",horse
13198,7,"['automobile', 'cat', 'airplane', 'frog']",cat
13199,9,"['dog', 'frog', 'cat', 'airplane']",airplane
13200,7,"['automobile', 'cat', 'airplane', 'frog']",cat
13201,3,"['frog', 'ship', 'automobile', 'airplane']",ship
13202,3,"['frog', 'ship', 'automobile', 'airplane']",ship
13203,5,"['frog', 'ship', 'airplane', 'automobile']",ship
13204,3,"['frog', 'ship', 'automobile', 'airplane']",ship
13205,3,"['frog', 'ship', 'automobile', 'airplane']",ship
13206,0,"['horse', 'deer', 'frog', 'cat']",horse
13207,1,"['bird', 'dog', 'frog', 'cat', 'airplane']",airplane
13208,9,"['dog', 'frog', 'cat', 'airplane']",dog
13209,6,"['automobile', 'horse', 'ship', 'airplane']",airplane
13210,4,"['cat', 'automobile', 'frog', 'airplane']",automobile
13211,9,"['dog', 'frog', 'cat', 'airplane']",airplane
13212,4,"['cat', 'automobile', 'frog', 'airplane']",automobile
13213,6,"['automobile', 'horse', 'ship', 'airplane']",airplane
13214,9,"['dog', 'frog', 'cat', 'airplane']",airplane
13215,4,"['cat', 'automobile', 'frog', 'airplane']",automobile
13216,6,"['automobile', 'horse', 'ship', 'airplane']",automobile
13217,1,"['bird', 'dog', 'frog', 'cat', 'airplane']",airplane
13218,1,"['bird', 'dog', 'frog', 'cat', 'airplane']",airplane
13219,7,"['automobile', 'cat', 'airplane', 'frog']",frog
13220,6,"['automobile', 'horse', 'ship', 'airplane']",airplane
13221,3,"['frog', 'ship', 'automobile', 'airplane']",ship
13222,3,"['frog', 'ship', 'automobile', 'airplane']",ship
13223,0,"['horse', 'deer', 'frog', 'cat']",horse
13224,7,"['automobile', 'cat', 'airplane', 'frog']",cat
13225,0,"['horse', 'deer', 'frog', 'cat']",horse
13226,2,"['ship', 'cat', 'automobile', 'airplane']",cat
13227,8,"['horse', 'airplane', 'cat', 'frog']",horse
13228,2,"['ship', 'cat', 'automobile', 'airplane']",cat
13229,0,"['horse', 'deer', 'frog', 'cat']",horse
13230,0,"['horse', 'deer', 'frog', 'cat']",horse
13231,4,"['cat', 'automobile', 'frog', 'airplane']",automobile
13232,2,"['ship', 'cat', 'automobile', 'airplane']",cat
13233,8,"['horse', 'airplane', 'cat', 'frog']",horse
13234,1,"['bird', 'dog', 'frog', 'cat', 'airplane']",airplane
13235,3,"['frog', 'ship', 'automobile', 'airplane']",ship
13236,5,"['frog', 'ship', 'airplane', 'automobile']",ship
13237,7,"['automobile', 'cat', 'airplane', 'frog']",frog
13238,0,"['horse', 'deer', 'frog', 'cat']",horse
13239,1,"['bird', 'dog', 'frog', 'cat', 'airplane']",airplane
13240,1,"['bird', 'dog', 'frog', 'cat', 'airplane']",airplane
13241,8,"['horse', 'airplane', 'cat', 'frog']",horse
13242,1,"['bird', 'dog', 'frog', 'cat', 'airplane']",airplane
13243,2,"['ship', 'cat', 'automobile', 'airplane']",automobile
13244,1,"['bird', 'dog', 'frog', 'cat', 'airplane']",airplane
13245,5,"['frog', 'ship', 'airplane', 'automobile']",ship
13246,5,"['frog', 'ship', 'airplane', 'automobile']",ship
13247,3,"['frog', 'ship', 'automobile', 'airplane']",ship
13248,0,"['horse', 'deer', 'frog', 'cat']",horse
13249,5,"['frog', 'ship', 'airplane', 'automobile']",ship
13250,2,"['ship', 'cat', 'automobile', 'airplane']",automobile
13251,5,"['frog', 'ship', 'airplane', 'automobile']",ship
13252,5,"['frog', 'ship', 'airplane', 'automobile']",ship
13253,3,"['frog', 'ship', 'automobile', 'airplane']",ship
13254,3,"['frog', 'ship', 'automobile', 'airplane']",frog
13255,9,"['dog', 'frog', 'cat', 'airplane']",airplane
13256,5,"['frog', 'ship', 'airplane', 'automobile']",ship
13257,5,"['frog', 'ship', 'airplane', 'automobile']",ship
13258,8,"['horse', 'airplane', 'cat', 'frog']",horse
13259,3,"['frog', 'ship', 'automobile', 'airplane']",ship
13260,0,"['horse', 'deer', 'frog', 'cat']",horse
13261,6,"['automobile', 'horse', 'ship', 'airplane']",airplane
13262,1,"['bird', 'dog', 'frog', 'cat', 'airplane']",bird
13263,9,"['dog', 'frog', 'cat', 'airplane']",dog
13264,1,"['bird', 'dog', 'frog', 'cat', 'airplane']",airplane
13265,9,"['dog', 'frog', 'cat', 'airplane']",airplane
13266,8,"['horse', 'airplane', 'cat', 'frog']",horse
13267,7,"['automobile', 'cat', 'airplane', 'frog']",cat
13268,7,"['automobile', 'cat', 'airplane', 'frog']",cat
13269,4,"['cat', 'automobile', 'frog', 'airplane']",airplane
13270,2,"['ship', 'cat', 'automobile', 'airplane']",cat
13271,7,"['automobile', 'cat', 'airplane', 'frog']",cat
13272,7,"['automobile', 'cat', 'airplane', 'frog']",cat
13273,2,"['ship', 'cat', 'automobile', 'airplane']",automobile
13274,8,"['horse', 'airplane', 'cat', 'frog']",horse
13275,2,"['ship', 'cat', 'automobile', 'airplane']",automobile
13276,7,"['automobile', 'cat', 'airplane', 'frog']",cat
13277,1,"['bird', 'dog', 'frog', 'cat', 'airplane']",airplane
13278,2,"['ship', 'cat', 'automobile', 'airplane']",cat
13279,4,"['cat', 'automobile', 'frog', 'airplane']",automobile
13280,7,"['automobile', 'cat', 'airplane', 'frog']",cat
13281,3,"['frog', 'ship', 'automobile', 'airplane']",ship
13282,4,"['cat', 'automobile', 'frog', 'airplane']",automobile
13283,5,"['frog', 'ship', 'airplane', 'automobile']",ship
13284,7,"['automobile', 'cat', 'airplane', 'frog']",cat
13285,5,"['frog', 'ship', 'airplane', 'automobile']",ship
13286,2,"['ship', 'cat', 'automobile', 'airplane']",cat
13287,3,"['frog', 'ship', 'automobile', 'airplane']",ship
13288,5,"['frog', 'ship', 'airplane', 'automobile']",ship
13289,0,"['horse', 'deer', 'frog', 'cat']",horse
13290,2,"['ship', 'cat', 'automobile', 'airplane']",cat
13291,6,"['automobile', 'horse', 'ship', 'airplane']",airplane
13292,4,"['cat', 'automobile', 'frog', 'airplane']",automobile
13293,8,"['horse', 'airplane', 'cat', 'frog']",horse
13294,9,"['dog', 'frog', 'cat', 'airplane']",dog
13295,7,"['automobile', 'cat', 'airplane', 'frog']",cat
13296,1,"['bird', 'dog', 'frog', 'cat', 'airplane']",airplane
13297,3,"['frog', 'ship', 'automobile', 'airplane']",ship
13298,9,"['dog', 'frog', 'cat', 'airplane']",dog
13299,7,"['automobile', 'cat', 'airplane', 'frog']",airplane
13300,2,"['ship', 'cat', 'automobile', 'airplane']",cat
13301,1,"['bird', 'dog', 'frog', 'cat', 'airplane']",airplane
13302,3,"['frog', 'ship', 'automobile', 'airplane']",ship
13303,4,"['cat', 'automobile', 'frog', 'airplane']",frog
13304,7,"['automobile', 'cat', 'airplane', 'frog']",cat
13305,8,"['horse', 'airplane', 'cat', 'frog']",horse
13306,6,"['automobile', 'horse', 'ship', 'airplane']",ship
13307,4,"['cat', 'automobile', 'frog', 'airplane']",airplane
13308,9,"['dog', 'frog', 'cat', 'airplane']",airplane
13309,4,"['cat', 'automobile', 'frog', 'airplane']",automobile
13310,4,"['cat', 'automobile', 'frog', 'airplane']",automobile
13311,1,"['bird', 'dog', 'frog', 'cat', 'airplane']",airplane
13312,0,"['horse', 'deer', 'frog', 'cat']",horse
13313,3,"['frog', 'ship', 'automobile', 'airplane']",ship
13314,2,"['ship', 'cat', 'automobile', 'airplane']",automobile
13315,8,"['horse', 'airplane', 'cat', 'frog']",airplane
13316,5,"['frog', 'ship', 'airplane', 'automobile']",ship
13317,1,"['bird', 'dog', 'frog', 'cat', 'airplane']",airplane
13318,2,"['ship', 'cat', 'automobile', 'airplane']",cat
13319,4,"['cat', 'automobile', 'frog', 'airplane']",airplane
13320,9,"['dog', 'frog', 'cat', 'airplane']",dog
13321,2,"['ship', 'cat', 'automobile', 'airplane']",cat
13322,8,"['horse', 'airplane', 'cat', 'frog']",horse
13323,1,"['bird', 'dog', 'frog', 'cat', 'airplane']",airplane
13324,0,"['horse', 'deer', 'frog', 'cat']",horse
13325,8,"['horse', 'airplane', 'cat', 'frog']",horse
13326,0,"['horse', 'deer', 'frog', 'cat']",horse
13327,1,"['bird', 'dog', 'frog', 'cat', 'airplane']",airplane
13328,3,"['frog', 'ship', 'automobile', 'airplane']",ship
13329,3,"['frog', 'ship', 'automobile', 'airplane']",ship
13330,3,"['frog', 'ship', 'automobile', 'airplane']",ship
13331,6,"['automobile', 'horse', 'ship', 'airplane']",airplane
13332,1,"['bird', 'dog', 'frog', 'cat', 'airplane']",airplane
13333,7,"['automobile', 'cat', 'airplane', 'frog']",cat
13334,0,"['horse', 'deer', 'frog', 'cat']",horse
13335,6,"['automobile', 'horse', 'ship', 'airplane']",airplane
13336,7,"['automobile', 'cat', 'airplane', 'frog']",cat
13337,9,"['dog', 'frog', 'cat', 'airplane']",airplane
13338,8,"['horse', 'airplane', 'cat', 'frog']",horse
13339,7,"['automobile', 'cat', 'airplane', 'frog']",cat
13340,2,"['ship', 'cat', 'automobile', 'airplane']",automobile
13341,2,"['ship', 'cat', 'automobile', 'airplane']",cat
13342,9,"['dog', 'frog', 'cat', 'airplane']",airplane
13343,9,"['dog', 'frog', 'cat', 'airplane']",airplane
13344,6,"['automobile', 'horse', 'ship', 'airplane']",automobile
13345,5,"['frog', 'ship', 'airplane', 'automobile']",ship
13346,9,"['dog', 'frog', 'cat', 'airplane']",airplane
13347,7,"['automobile', 'cat', 'airplane', 'frog']",airplane
13348,0,"['horse', 'deer', 'frog', 'cat']",horse
13349,3,"['frog', 'ship', 'automobile', 'airplane']",ship
13350,8,"['horse', 'airplane', 'cat', 'frog']",horse
13351,7,"['automobile', 'cat', 'airplane', 'frog']",airplane
13352,5,"['frog', 'ship', 'airplane', 'automobile']",ship
13353,7,"['automobile', 'cat', 'airplane', 'frog']",cat
13354,6,"['automobile', 'horse', 'ship', 'airplane']",airplane
13355,8,"['horse', 'airplane', 'cat', 'frog']",horse
13356,5,"['frog', 'ship', 'airplane', 'automobile']",ship
13357,0,"['horse', 'deer', 'frog', 'cat']",horse
13358,9,"['dog', 'frog', 'cat', 'airplane']",dog
13359,5,"['frog', 'ship', 'airplane', 'automobile']",ship
13360,5,"['frog', 'ship', 'airplane', 'automobile']",ship
13361,5,"['frog', 'ship', 'airplane', 'automobile']",ship
13362,2,"['ship', 'cat', 'automobile', 'airplane']",cat
13363,4,"['cat', 'automobile', 'frog', 'airplane']",automobile
13364,9,"['dog', 'frog', 'cat', 'airplane']",dog
13365,6,"['automobile', 'horse', 'ship', 'airplane']",airplane
13366,1,"['bird', 'dog', 'frog', 'cat', 'airplane']",airplane
13367,6,"['automobile', 'horse', 'ship', 'airplane']",airplane
13368,0,"['horse', 'deer', 'frog', 'cat']",horse
13369,8,"['horse', 'airplane', 'cat', 'frog']",horse
13370,9,"['dog', 'frog', 'cat', 'airplane']",airplane
13371,3,"['frog', 'ship', 'automobile', 'airplane']",ship
13372,7,"['automobile', 'cat', 'airplane', 'frog']",airplane
13373,7,"['automobile', 'cat', 'airplane', 'frog']",cat
13374,1,"['bird', 'dog', 'frog', 'cat', 'airplane']",airplane
13375,5,"['frog', 'ship', 'airplane', 'automobile']",ship
13376,7,"['automobile', 'cat', 'airplane', 'frog']",cat
13377,7,"['automobile', 'cat', 'airplane', 'frog']",cat
13378,7,"['automobile', 'cat', 'airplane', 'frog']",cat
13379,9,"['dog', 'frog', 'cat', 'airplane']",airplane
13380,9,"['dog', 'frog', 'cat', 'airplane']",airplane
13381,9,"['dog', 'frog', 'cat', 'airplane']",dog
13382,0,"['horse', 'deer', 'frog', 'cat']",horse
13383,6,"['automobile', 'horse', 'ship', 'airplane']",airplane
13384,9,"['dog', 'frog', 'cat', 'airplane']",dog
13385,4,"['cat', 'automobile', 'frog', 'airplane']",automobile
13386,8,"['horse', 'airplane', 'cat', 'frog']",horse
13387,5,"['frog', 'ship', 'airplane', 'automobile']",ship
13388,8,"['horse', 'airplane', 'cat', 'frog']",horse
13389,6,"['automobile', 'horse', 'ship', 'airplane']",airplane
13390,6,"['automobile', 'horse', 'ship', 'airplane']",airplane
13391,4,"['cat', 'automobile', 'frog', 'airplane']",automobile
13392,5,"['frog', 'ship', 'airplane', 'automobile']",ship
13393,3,"['frog', 'ship', 'automobile', 'airplane']",ship
13394,7,"['automobile', 'cat', 'airplane', 'frog']",cat
13395,4,"['cat', 'automobile', 'frog', 'airplane']",automobile
13396,3,"['frog', 'ship', 'automobile', 'airplane']",ship
13397,2,"['ship', 'cat', 'automobile', 'airplane']",cat
13398,2,"['ship', 'cat', 'automobile', 'airplane']",cat
13399,9,"['dog', 'frog', 'cat', 'airplane']",airplane
13400,0,"['horse', 'deer', 'frog', 'cat']",horse
13401,0,"['horse', 'deer', 'frog', 'cat']",horse
13402,1,"['bird', 'dog', 'frog', 'cat', 'airplane']",airplane
13403,6,"['automobile', 'horse', 'ship', 'airplane']",automobile
13404,8,"['horse', 'airplane', 'cat', 'frog']",horse
13405,5,"['frog', 'ship', 'airplane', 'automobile']",ship
13406,8,"['horse', 'airplane', 'cat', 'frog']",horse
13407,9,"['dog', 'frog', 'cat', 'airplane']",dog
13408,2,"['ship', 'cat', 'automobile', 'airplane']",automobile
13409,7,"['automobile', 'cat', 'airplane', 'frog']",cat
13410,6,"['automobile', 'horse', 'ship', 'airplane']",airplane
13411,5,"['frog', 'ship', 'airplane', 'automobile']",ship
13412,4,"['cat', 'automobile', 'frog', 'airplane']",automobile
13413,2,"['ship', 'cat', 'automobile', 'airplane']",cat
13414,6,"['automobile', 'horse', 'ship', 'airplane']",airplane
13415,2,"['ship', 'cat', 'automobile', 'airplane']",automobile
13416,4,"['cat', 'automobile', 'frog', 'airplane']",automobile
13417,1,"['bird', 'dog', 'frog', 'cat', 'airplane']",airplane
13418,2,"['ship', 'cat', 'automobile', 'airplane']",cat
13419,0,"['horse', 'deer', 'frog', 'cat']",horse
13420,0,"['horse', 'deer', 'frog', 'cat']",horse
13421,9,"['dog', 'frog', 'cat', 'airplane']",airplane
13422,1,"['bird', 'dog', 'frog', 'cat', 'airplane']",airplane
13423,7,"['automobile', 'cat', 'airplane', 'frog']",cat
13424,2,"['ship', 'cat', 'automobile', 'airplane']",cat
13425,8,"['horse', 'airplane', 'cat', 'frog']",horse
13426,8,"['horse', 'airplane', 'cat', 'frog']",horse
13427,4,"['cat', 'automobile', 'frog', 'airplane']",automobile
13428,4,"['cat', 'automobile', 'frog', 'airplane']",automobile
13429,9,"['dog', 'frog', 'cat', 'airplane']",airplane
13430,7,"['automobile', 'cat', 'airplane', 'frog']",cat
13431,2,"['ship', 'cat', 'automobile', 'airplane']",cat
13432,6,"['automobile', 'horse', 'ship', 'airplane']",airplane
13433,2,"['ship', 'cat', 'automobile', 'airplane']",cat
13434,0,"['horse', 'deer', 'frog', 'cat']",horse
13435,2,"['ship', 'cat', 'automobile', 'airplane']",cat
13436,0,"['horse', 'deer', 'frog', 'cat']",horse
13437,2,"['ship', 'cat', 'automobile', 'airplane']",cat
13438,2,"['ship', 'cat', 'automobile', 'airplane']",automobile
13439,3,"['frog', 'ship', 'automobile', 'airplane']",ship
13440,6,"['automobile', 'horse', 'ship', 'airplane']",airplane
13441,6,"['automobile', 'horse', 'ship', 'airplane']",airplane
13442,7,"['automobile', 'cat', 'airplane', 'frog']",frog
13443,3,"['frog', 'ship', 'automobile', 'airplane']",ship
13444,1,"['bird', 'dog', 'frog', 'cat', 'airplane']",airplane
13445,7,"['automobile', 'cat', 'airplane', 'frog']",cat
13446,3,"['frog', 'ship', 'automobile', 'airplane']",ship
13447,2,"['ship', 'cat', 'automobile', 'airplane']",cat
13448,2,"['ship', 'cat', 'automobile', 'airplane']",cat
13449,8,"['horse', 'airplane', 'cat', 'frog']",horse
13450,7,"['automobile', 'cat', 'airplane', 'frog']",cat
13451,4,"['cat', 'automobile', 'frog', 'airplane']",automobile
13452,6,"['automobile', 'horse', 'ship', 'airplane']",airplane
13453,4,"['cat', 'automobile', 'frog', 'airplane']",automobile
13454,9,"['dog', 'frog', 'cat', 'airplane']",airplane
13455,6,"['automobile', 'horse', 'ship', 'airplane']",airplane
13456,5,"['frog', 'ship', 'airplane', 'automobile']",ship
13457,0,"['horse', 'deer', 'frog', 'cat']",horse
13458,3,"['frog', 'ship', 'automobile', 'airplane']",ship
13459,0,"['horse', 'deer', 'frog', 'cat']",horse
13460,8,"['horse', 'airplane', 'cat', 'frog']",horse
13461,5,"['frog', 'ship', 'airplane', 'automobile']",ship
13462,1,"['bird', 'dog', 'frog', 'cat', 'airplane']",airplane
13463,3,"['frog', 'ship', 'automobile', 'airplane']",ship
13464,4,"['cat', 'automobile', 'frog', 'airplane']",automobile
13465,2,"['ship', 'cat', 'automobile', 'airplane']",cat
13466,4,"['cat', 'automobile', 'frog', 'airplane']",automobile
13467,0,"['horse', 'deer', 'frog', 'cat']",horse
13468,1,"['bird', 'dog', 'frog', 'cat', 'airplane']",airplane
13469,4,"['cat', 'automobile', 'frog', 'airplane']",automobile
13470,1,"['bird', 'dog', 'frog', 'cat', 'airplane']",airplane
13471,3,"['frog', 'ship', 'automobile', 'airplane']",ship
13472,4,"['cat', 'automobile', 'frog', 'airplane']",automobile
13473,0,"['horse', 'deer', 'frog', 'cat']",horse
13474,9,"['dog', 'frog', 'cat', 'airplane']",dog
13475,9,"['dog', 'frog', 'cat', 'airplane']",dog
13476,8,"['horse', 'airplane', 'cat', 'frog']",horse
13477,2,"['ship', 'cat', 'automobile', 'airplane']",cat
13478,2,"['ship', 'cat', 'automobile', 'airplane']",cat
13479,6,"['automobile', 'horse', 'ship', 'airplane']",airplane
13480,0,"['horse', 'deer', 'frog', 'cat']",horse
13481,8,"['horse', 'airplane', 'cat', 'frog']",horse
13482,7,"['automobile', 'cat', 'airplane', 'frog']",cat
13483,0,"['horse', 'deer', 'frog', 'cat']",horse
13484,6,"['automobile', 'horse', 'ship', 'airplane']",airplane
13485,2,"['ship', 'cat', 'automobile', 'airplane']",cat
13486,2,"['ship', 'cat', 'automobile', 'airplane']",cat
13487,2,"['ship', 'cat', 'automobile', 'airplane']",cat
13488,1,"['bird', 'dog', 'frog', 'cat', 'airplane']",airplane
13489,0,"['horse', 'deer', 'frog', 'cat']",horse
13490,0,"['horse', 'deer', 'frog', 'cat']",horse
13491,9,"['dog', 'frog', 'cat', 'airplane']",airplane
13492,2,"['ship', 'cat', 'automobile', 'airplane']",cat
13493,7,"['automobile', 'cat', 'airplane', 'frog']",cat
13494,7,"['automobile', 'cat', 'airplane', 'frog']",airplane
13495,6,"['automobile', 'horse', 'ship', 'airplane']",automobile
13496,6,"['automobile', 'horse', 'ship', 'airplane']",airplane
13497,0,"['horse', 'deer', 'frog', 'cat']",horse
13498,4,"['cat', 'automobile', 'frog', 'airplane']",airplane
13499,5,"['frog', 'ship', 'airplane', 'automobile']",ship
13500,6,"['automobile', 'horse', 'ship', 'airplane']",airplane
13501,8,"['horse', 'airplane', 'cat', 'frog']",horse
13502,3,"['frog', 'ship', 'automobile', 'airplane']",ship
13503,9,"['dog', 'frog', 'cat', 'airplane']",airplane
13504,8,"['horse', 'airplane', 'cat', 'frog']",horse
13505,1,"['bird', 'dog', 'frog', 'cat', 'airplane']",airplane
13506,2,"['ship', 'cat', 'automobile', 'airplane']",cat
13507,0,"['horse', 'deer', 'frog', 'cat']",horse
13508,1,"['bird', 'dog', 'frog', 'cat', 'airplane']",airplane
13509,1,"['bird', 'dog', 'frog', 'cat', 'airplane']",airplane
13510,4,"['cat', 'automobile', 'frog', 'airplane']",automobile
13511,6,"['automobile', 'horse', 'ship', 'airplane']",airplane
13512,9,"['dog', 'frog', 'cat', 'airplane']",airplane
13513,4,"['cat', 'automobile', 'frog', 'airplane']",automobile
13514,7,"['automobile', 'cat', 'airplane', 'frog']",airplane
13515,6,"['automobile', 'horse', 'ship', 'airplane']",horse
13516,7,"['automobile', 'cat', 'airplane', 'frog']",cat
13517,5,"['frog', 'ship', 'airplane', 'automobile']",ship
13518,3,"['frog', 'ship', 'automobile', 'airplane']",ship
13519,8,"['horse', 'airplane', 'cat', 'frog']",horse
13520,9,"['dog', 'frog', 'cat', 'airplane']",dog
13521,7,"['automobile', 'cat', 'airplane', 'frog']",airplane
13522,0,"['horse', 'deer', 'frog', 'cat']",horse
13523,1,"['bird', 'dog', 'frog', 'cat', 'airplane']",airplane
13524,2,"['ship', 'cat', 'automobile', 'airplane']",cat
13525,7,"['automobile', 'cat', 'airplane', 'frog']",cat
13526,1,"['bird', 'dog', 'frog', 'cat', 'airplane']",airplane
13527,5,"['frog', 'ship', 'airplane', 'automobile']",ship
13528,5,"['frog', 'ship', 'airplane', 'automobile']",ship
13529,9,"['dog', 'frog', 'cat', 'airplane']",airplane
13530,3,"['frog', 'ship', 'automobile', 'airplane']",ship
13531,9,"['dog', 'frog', 'cat', 'airplane']",airplane
13532,5,"['frog', 'ship', 'airplane', 'automobile']",ship
13533,3,"['frog', 'ship', 'automobile', 'airplane']",ship
13534,1,"['bird', 'dog', 'frog', 'cat', 'airplane']",airplane
13535,8,"['horse', 'airplane', 'cat', 'frog']",horse
13536,4,"['cat', 'automobile', 'frog', 'airplane']",automobile
13537,6,"['automobile', 'horse', 'ship', 'airplane']",airplane
13538,9,"['dog', 'frog', 'cat', 'airplane']",airplane
13539,7,"['automobile', 'cat', 'airplane', 'frog']",airplane
13540,7,"['automobile', 'cat', 'airplane', 'frog']",airplane
13541,3,"['frog', 'ship', 'automobile', 'airplane']",ship
13542,2,"['ship', 'cat', 'automobile', 'airplane']",cat
13543,1,"['bird', 'dog', 'frog', 'cat', 'airplane']",airplane
13544,1,"['bird', 'dog', 'frog', 'cat', 'airplane']",airplane
13545,8,"['horse', 'airplane', 'cat', 'frog']",horse
13546,8,"['horse', 'airplane', 'cat', 'frog']",horse
13547,7,"['automobile', 'cat', 'airplane', 'frog']",frog
13548,5,"['frog', 'ship', 'airplane', 'automobile']",ship
13549,0,"['horse', 'deer', 'frog', 'cat']",horse
13550,6,"['automobile', 'horse', 'ship', 'airplane']",airplane
13551,5,"['frog', 'ship', 'airplane', 'automobile']",ship
13552,3,"['frog', 'ship', 'automobile', 'airplane']",ship
13553,8,"['horse', 'airplane', 'cat', 'frog']",horse
13554,6,"['automobile', 'horse', 'ship', 'airplane']",airplane
13555,1,"['bird', 'dog', 'frog', 'cat', 'airplane']",airplane
13556,2,"['ship', 'cat', 'automobile', 'airplane']",automobile
13557,2,"['ship', 'cat', 'automobile', 'airplane']",cat
13558,1,"['bird', 'dog', 'frog', 'cat', 'airplane']",airplane
13559,2,"['ship', 'cat', 'automobile', 'airplane']",cat
13560,3,"['frog', 'ship', 'automobile', 'airplane']",ship
13561,0,"['horse', 'deer', 'frog', 'cat']",horse
13562,8,"['horse', 'airplane', 'cat', 'frog']",horse
13563,1,"['bird', 'dog', 'frog', 'cat', 'airplane']",airplane
13564,2,"['ship', 'cat', 'automobile', 'airplane']",cat
13565,8,"['horse', 'airplane', 'cat', 'frog']",horse
13566,7,"['automobile', 'cat', 'airplane', 'frog']",cat
13567,2,"['ship', 'cat', 'automobile', 'airplane']",cat
13568,4,"['cat', 'automobile', 'frog', 'airplane']",automobile
13569,7,"['automobile', 'cat', 'airplane', 'frog']",airplane
13570,0,"['horse', 'deer', 'frog', 'cat']",horse
13571,1,"['bird', 'dog', 'frog', 'cat', 'airplane']",airplane
13572,8,"['horse', 'airplane', 'cat', 'frog']",horse
13573,6,"['automobile', 'horse', 'ship', 'airplane']",airplane
13574,8,"['horse', 'airplane', 'cat', 'frog']",horse
13575,0,"['horse', 'deer', 'frog', 'cat']",horse
13576,8,"['horse', 'airplane', 'cat', 'frog']",horse
13577,9,"['dog', 'frog', 'cat', 'airplane']",airplane
13578,0,"['horse', 'deer', 'frog', 'cat']",horse
13579,5,"['frog', 'ship', 'airplane', 'automobile']",ship
13580,9,"['dog', 'frog', 'cat', 'airplane']",airplane
13581,3,"['frog', 'ship', 'automobile', 'airplane']",ship
13582,8,"['horse', 'airplane', 'cat', 'frog']",horse
13583,0,"['horse', 'deer', 'frog', 'cat']",horse
13584,3,"['frog', 'ship', 'automobile', 'airplane']",ship
13585,2,"['ship', 'cat', 'automobile', 'airplane']",cat
13586,9,"['dog', 'frog', 'cat', 'airplane']",dog
13587,8,"['horse', 'airplane', 'cat', 'frog']",horse
13588,9,"['dog', 'frog', 'cat', 'airplane']",dog
13589,6,"['automobile', 'horse', 'ship', 'airplane']",airplane
13590,3,"['frog', 'ship', 'automobile', 'airplane']",ship
13591,8,"['horse', 'airplane', 'cat', 'frog']",horse
13592,5,"['frog', 'ship', 'airplane', 'automobile']",ship
13593,3,"['frog', 'ship', 'automobile', 'airplane']",frog
13594,0,"['horse', 'deer', 'frog', 'cat']",horse
13595,3,"['frog', 'ship', 'automobile', 'airplane']",ship
13596,6,"['automobile', 'horse', 'ship', 'airplane']",airplane
13597,7,"['automobile', 'cat', 'airplane', 'frog']",airplane
13598,5,"['frog', 'ship', 'airplane', 'automobile']",ship
13599,9,"['dog', 'frog', 'cat', 'airplane']",airplane
13600,6,"['automobile', 'horse', 'ship', 'airplane']",automobile
13601,3,"['frog', 'ship', 'automobile', 'airplane']",ship
13602,3,"['frog', 'ship', 'automobile', 'airplane']",ship
13603,6,"['automobile', 'horse', 'ship', 'airplane']",airplane
13604,5,"['frog', 'ship', 'airplane', 'automobile']",ship
13605,7,"['automobile', 'cat', 'airplane', 'frog']",cat
13606,8,"['horse', 'airplane', 'cat', 'frog']",horse
13607,6,"['automobile', 'horse', 'ship', 'airplane']",ship
13608,1,"['bird', 'dog', 'frog', 'cat', 'airplane']",airplane
13609,9,"['dog', 'frog', 'cat', 'airplane']",dog
13610,5,"['frog', 'ship', 'airplane', 'automobile']",ship
13611,6,"['automobile', 'horse', 'ship', 'airplane']",airplane
13612,3,"['frog', 'ship', 'automobile', 'airplane']",ship
13613,0,"['horse', 'deer', 'frog', 'cat']",horse
13614,8,"['horse', 'airplane', 'cat', 'frog']",horse
13615,1,"['bird', 'dog', 'frog', 'cat', 'airplane']",airplane
13616,8,"['horse', 'airplane', 'cat', 'frog']",horse
13617,6,"['automobile', 'horse', 'ship', 'airplane']",airplane
13618,5,"['frog', 'ship', 'airplane', 'automobile']",ship
13619,6,"['automobile', 'horse', 'ship', 'airplane']",airplane
13620,8,"['horse', 'airplane', 'cat', 'frog']",horse
13621,2,"['ship', 'cat', 'automobile', 'airplane']",cat
13622,7,"['automobile', 'cat', 'airplane', 'frog']",airplane
13623,8,"['horse', 'airplane', 'cat', 'frog']",horse
13624,5,"['frog', 'ship', 'airplane', 'automobile']",ship
13625,9,"['dog', 'frog', 'cat', 'airplane']",airplane
13626,2,"['ship', 'cat', 'automobile', 'airplane']",cat
13627,0,"['horse', 'deer', 'frog', 'cat']",horse
13628,7,"['automobile', 'cat', 'airplane', 'frog']",cat
13629,0,"['horse', 'deer', 'frog', 'cat']",horse
13630,3,"['frog', 'ship', 'automobile', 'airplane']",ship
13631,7,"['automobile', 'cat', 'airplane', 'frog']",cat
13632,7,"['automobile', 'cat', 'airplane', 'frog']",cat
13633,8,"['horse', 'airplane', 'cat', 'frog']",horse
13634,6,"['automobile', 'horse', 'ship', 'airplane']",airplane
13635,6,"['automobile', 'horse', 'ship', 'airplane']",airplane
13636,4,"['cat', 'automobile', 'frog', 'airplane']",automobile
13637,2,"['ship', 'cat', 'automobile', 'airplane']",cat
13638,7,"['automobile', 'cat', 'airplane', 'frog']",cat
13639,2,"['ship', 'cat', 'automobile', 'airplane']",cat
13640,2,"['ship', 'cat', 'automobile', 'airplane']",cat
13641,8,"['horse', 'airplane', 'cat', 'frog']",airplane
13642,9,"['dog', 'frog', 'cat', 'airplane']",airplane
13643,2,"['ship', 'cat', 'automobile', 'airplane']",cat
13644,5,"['frog', 'ship', 'airplane', 'automobile']",ship
13645,7,"['automobile', 'cat', 'airplane', 'frog']",cat
13646,4,"['cat', 'automobile', 'frog', 'airplane']",automobile
13647,1,"['bird', 'dog', 'frog', 'cat', 'airplane']",airplane
13648,2,"['ship', 'cat', 'automobile', 'airplane']",cat
13649,0,"['horse', 'deer', 'frog', 'cat']",horse
13650,0,"['horse', 'deer', 'frog', 'cat']",horse
13651,5,"['frog', 'ship', 'airplane', 'automobile']",ship
13652,4,"['cat', 'automobile', 'frog', 'airplane']",airplane
13653,3,"['frog', 'ship', 'automobile', 'airplane']",ship
13654,4,"['cat', 'automobile', 'frog', 'airplane']",automobile
13655,2,"['ship', 'cat', 'automobile', 'airplane']",cat
13656,0,"['horse', 'deer', 'frog', 'cat']",frog
13657,9,"['dog', 'frog', 'cat', 'airplane']",airplane
13658,5,"['frog', 'ship', 'airplane', 'automobile']",ship
13659,2,"['ship', 'cat', 'automobile', 'airplane']",cat
13660,0,"['horse', 'deer', 'frog', 'cat']",horse
13661,3,"['frog', 'ship', 'automobile', 'airplane']",ship
13662,9,"['dog', 'frog', 'cat', 'airplane']",dog
13663,4,"['cat', 'automobile', 'frog', 'airplane']",automobile
13664,4,"['cat', 'automobile', 'frog', 'airplane']",airplane
13665,9,"['dog', 'frog', 'cat', 'airplane']",airplane
13666,8,"['horse', 'airplane', 'cat', 'frog']",horse
13667,1,"['bird', 'dog', 'frog', 'cat', 'airplane']",airplane
13668,0,"['horse', 'deer', 'frog', 'cat']",horse
13669,9,"['dog', 'frog', 'cat', 'airplane']",dog
13670,9,"['dog', 'frog', 'cat', 'airplane']",airplane
13671,2,"['ship', 'cat', 'automobile', 'airplane']",cat
13672,8,"['horse', 'airplane', 'cat', 'frog']",horse
13673,5,"['frog', 'ship', 'airplane', 'automobile']",ship
13674,8,"['horse', 'airplane', 'cat', 'frog']",horse
13675,2,"['ship', 'cat', 'automobile', 'airplane']",cat
13676,5,"['frog', 'ship', 'airplane', 'automobile']",ship
13677,2,"['ship', 'cat', 'automobile', 'airplane']",cat
13678,3,"['frog', 'ship', 'automobile', 'airplane']",ship
13679,5,"['frog', 'ship', 'airplane', 'automobile']",ship
13680,5,"['frog', 'ship', 'airplane', 'automobile']",ship
13681,4,"['cat', 'automobile', 'frog', 'airplane']",automobile
13682,2,"['ship', 'cat', 'automobile', 'airplane']",cat
13683,6,"['automobile', 'horse', 'ship', 'airplane']",airplane
13684,8,"['horse', 'airplane', 'cat', 'frog']",horse
13685,5,"['frog', 'ship', 'airplane', 'automobile']",ship
13686,3,"['frog', 'ship', 'automobile', 'airplane']",ship
13687,6,"['automobile', 'horse', 'ship', 'airplane']",airplane
13688,3,"['frog', 'ship', 'automobile', 'airplane']",ship
13689,5,"['frog', 'ship', 'airplane', 'automobile']",ship
13690,9,"['dog', 'frog', 'cat', 'airplane']",dog
13691,4,"['cat', 'automobile', 'frog', 'airplane']",automobile
13692,6,"['automobile', 'horse', 'ship', 'airplane']",airplane
13693,8,"['horse', 'airplane', 'cat', 'frog']",horse
13694,8,"['horse', 'airplane', 'cat', 'frog']",horse
13695,8,"['horse', 'airplane', 'cat', 'frog']",horse
13696,7,"['automobile', 'cat', 'airplane', 'frog']",cat
13697,1,"['bird', 'dog', 'frog', 'cat', 'airplane']",airplane
13698,2,"['ship', 'cat', 'automobile', 'airplane']",automobile
13699,9,"['dog', 'frog', 'cat', 'airplane']",airplane
13700,3,"['frog', 'ship', 'automobile', 'airplane']",ship
13701,1,"['bird', 'dog', 'frog', 'cat', 'airplane']",airplane
13702,8,"['horse', 'airplane', 'cat', 'frog']",horse
13703,7,"['automobile', 'cat', 'airplane', 'frog']",cat
13704,9,"['dog', 'frog', 'cat', 'airplane']",airplane
13705,9,"['dog', 'frog', 'cat', 'airplane']",airplane
13706,7,"['automobile', 'cat', 'airplane', 'frog']",cat
13707,0,"['horse', 'deer', 'frog', 'cat']",horse
13708,4,"['cat', 'automobile', 'frog', 'airplane']",automobile
13709,7,"['automobile', 'cat', 'airplane', 'frog']",cat
13710,0,"['horse', 'deer', 'frog', 'cat']",horse
13711,9,"['dog', 'frog', 'cat', 'airplane']",airplane
13712,0,"['horse', 'deer', 'frog', 'cat']",horse
13713,1,"['bird', 'dog', 'frog', 'cat', 'airplane']",airplane
13714,0,"['horse', 'deer', 'frog', 'cat']",horse
13715,4,"['cat', 'automobile', 'frog', 'airplane']",automobile
13716,0,"['horse', 'deer', 'frog', 'cat']",horse
13717,9,"['dog', 'frog', 'cat', 'airplane']",dog
13718,7,"['automobile', 'cat', 'airplane', 'frog']",cat
13719,6,"['automobile', 'horse', 'ship', 'airplane']",ship
13720,8,"['horse', 'airplane', 'cat', 'frog']",horse
13721,5,"['frog', 'ship', 'airplane', 'automobile']",ship
13722,1,"['bird', 'dog', 'frog', 'cat', 'airplane']",airplane
13723,6,"['automobile', 'horse', 'ship', 'airplane']",airplane
13724,9,"['dog', 'frog', 'cat', 'airplane']",dog
13725,3,"['frog', 'ship', 'automobile', 'airplane']",ship
13726,4,"['cat', 'automobile', 'frog', 'airplane']",automobile
13727,2,"['ship', 'cat', 'automobile', 'airplane']",ship
13728,8,"['horse', 'airplane', 'cat', 'frog']",horse
13729,8,"['horse', 'airplane', 'cat', 'frog']",horse
13730,9,"['dog', 'frog', 'cat', 'airplane']",airplane
13731,8,"['horse', 'airplane', 'cat', 'frog']",horse
13732,7,"['automobile', 'cat', 'airplane', 'frog']",airplane
13733,3,"['frog', 'ship', 'automobile', 'airplane']",ship
13734,6,"['automobile', 'horse', 'ship', 'airplane']",airplane
13735,2,"['ship', 'cat', 'automobile', 'airplane']",cat
13736,6,"['automobile', 'horse', 'ship', 'airplane']",automobile
13737,7,"['automobile', 'cat', 'airplane', 'frog']",airplane
13738,8,"['horse', 'airplane', 'cat', 'frog']",horse
13739,9,"['dog', 'frog', 'cat', 'airplane']",dog
13740,1,"['bird', 'dog', 'frog', 'cat', 'airplane']",airplane
13741,7,"['automobile', 'cat', 'airplane', 'frog']",cat
13742,1,"['bird', 'dog', 'frog', 'cat', 'airplane']",airplane
13743,8,"['horse', 'airplane', 'cat', 'frog']",horse
13744,8,"['horse', 'airplane', 'cat', 'frog']",horse
13745,9,"['dog', 'frog', 'cat', 'airplane']",airplane
13746,4,"['cat', 'automobile', 'frog', 'airplane']",automobile
13747,0,"['horse', 'deer', 'frog', 'cat']",horse
13748,3,"['frog', 'ship', 'automobile', 'airplane']",ship
13749,7,"['automobile', 'cat', 'airplane', 'frog']",airplane
13750,3,"['frog', 'ship', 'automobile', 'airplane']",ship
13751,0,"['horse', 'deer', 'frog', 'cat']",horse
13752,2,"['ship', 'cat', 'automobile', 'airplane']",cat
13753,6,"['automobile', 'horse', 'ship', 'airplane']",automobile
13754,6,"['automobile', 'horse', 'ship', 'airplane']",automobile
13755,1,"['bird', 'dog', 'frog', 'cat', 'airplane']",airplane
13756,6,"['automobile', 'horse', 'ship', 'airplane']",airplane
13757,2,"['ship', 'cat', 'automobile', 'airplane']",automobile
13758,5,"['frog', 'ship', 'airplane', 'automobile']",ship
13759,2,"['ship', 'cat', 'automobile', 'airplane']",cat
13760,4,"['cat', 'automobile', 'frog', 'airplane']",automobile
13761,2,"['ship', 'cat', 'automobile', 'airplane']",automobile
13762,4,"['cat', 'automobile', 'frog', 'airplane']",automobile
13763,1,"['bird', 'dog', 'frog', 'cat', 'airplane']",airplane
13764,4,"['cat', 'automobile', 'frog', 'airplane']",automobile
13765,5,"['frog', 'ship', 'airplane', 'automobile']",ship
13766,1,"['bird', 'dog', 'frog', 'cat', 'airplane']",airplane
13767,9,"['dog', 'frog', 'cat', 'airplane']",airplane
13768,1,"['bird', 'dog', 'frog', 'cat', 'airplane']",airplane
13769,4,"['cat', 'automobile', 'frog', 'airplane']",automobile
13770,2,"['ship', 'cat', 'automobile', 'airplane']",automobile
13771,9,"['dog', 'frog', 'cat', 'airplane']",airplane
13772,4,"['cat', 'automobile', 'frog', 'airplane']",automobile
13773,5,"['frog', 'ship', 'airplane', 'automobile']",ship
13774,1,"['bird', 'dog', 'frog', 'cat', 'airplane']",airplane
13775,7,"['automobile', 'cat', 'airplane', 'frog']",cat
13776,6,"['automobile', 'horse', 'ship', 'airplane']",airplane
13777,2,"['ship', 'cat', 'automobile', 'airplane']",cat
13778,4,"['cat', 'automobile', 'frog', 'airplane']",automobile
13779,9,"['dog', 'frog', 'cat', 'airplane']",airplane
13780,9,"['dog', 'frog', 'cat', 'airplane']",dog
13781,5,"['frog', 'ship', 'airplane', 'automobile']",ship
13782,9,"['dog', 'frog', 'cat', 'airplane']",airplane
13783,6,"['automobile', 'horse', 'ship', 'airplane']",airplane
13784,1,"['bird', 'dog', 'frog', 'cat', 'airplane']",airplane
13785,4,"['cat', 'automobile', 'frog', 'airplane']",automobile
13786,2,"['ship', 'cat', 'automobile', 'airplane']",cat
13787,4,"['cat', 'automobile', 'frog', 'airplane']",automobile
13788,8,"['horse', 'airplane', 'cat', 'frog']",airplane
13789,7,"['automobile', 'cat', 'airplane', 'frog']",cat
13790,7,"['automobile', 'cat', 'airplane', 'frog']",cat
13791,9,"['dog', 'frog', 'cat', 'airplane']",airplane
13792,5,"['frog', 'ship', 'airplane', 'automobile']",ship
13793,3,"['frog', 'ship', 'automobile', 'airplane']",ship
13794,2,"['ship', 'cat', 'automobile', 'airplane']",automobile
13795,9,"['dog', 'frog', 'cat', 'airplane']",dog
13796,6,"['automobile', 'horse', 'ship', 'airplane']",automobile
13797,6,"['automobile', 'horse', 'ship', 'airplane']",airplane
13798,9,"['dog', 'frog', 'cat', 'airplane']",dog
13799,7,"['automobile', 'cat', 'airplane', 'frog']",cat
13800,0,"['horse', 'deer', 'frog', 'cat']",horse
13801,0,"['horse', 'deer', 'frog', 'cat']",horse
13802,6,"['automobile', 'horse', 'ship', 'airplane']",horse
13803,4,"['cat', 'automobile', 'frog', 'airplane']",airplane
13804,6,"['automobile', 'horse', 'ship', 'airplane']",airplane
13805,5,"['frog', 'ship', 'airplane', 'automobile']",ship
13806,6,"['automobile', 'horse', 'ship', 'airplane']",horse
13807,9,"['dog', 'frog', 'cat', 'airplane']",airplane
13808,8,"['horse', 'airplane', 'cat', 'frog']",horse
13809,9,"['dog', 'frog', 'cat', 'airplane']",airplane
13810,8,"['horse', 'airplane', 'cat', 'frog']",horse
13811,3,"['frog', 'ship', 'automobile', 'airplane']",ship
13812,2,"['ship', 'cat', 'automobile', 'airplane']",cat
13813,3,"['frog', 'ship', 'automobile', 'airplane']",ship
13814,2,"['ship', 'cat', 'automobile', 'airplane']",automobile
13815,4,"['cat', 'automobile', 'frog', 'airplane']",airplane
13816,8,"['horse', 'airplane', 'cat', 'frog']",horse
13817,0,"['horse', 'deer', 'frog', 'cat']",horse
13818,7,"['automobile', 'cat', 'airplane', 'frog']",cat
13819,2,"['ship', 'cat', 'automobile', 'airplane']",automobile
13820,2,"['ship', 'cat', 'automobile', 'airplane']",cat
13821,1,"['bird', 'dog', 'frog', 'cat', 'airplane']",airplane
13822,3,"['frog', 'ship', 'automobile', 'airplane']",ship
13823,1,"['bird', 'dog', 'frog', 'cat', 'airplane']",airplane
13824,3,"['frog', 'ship', 'automobile', 'airplane']",ship
13825,6,"['automobile', 'horse', 'ship', 'airplane']",horse
13826,3,"['frog', 'ship', 'automobile', 'airplane']",ship
13827,9,"['dog', 'frog', 'cat', 'airplane']",dog
13828,4,"['cat', 'automobile', 'frog', 'airplane']",automobile
13829,5,"['frog', 'ship', 'airplane', 'automobile']",ship
13830,3,"['frog', 'ship', 'automobile', 'airplane']",ship
13831,2,"['ship', 'cat', 'automobile', 'airplane']",automobile
13832,4,"['cat', 'automobile', 'frog', 'airplane']",automobile
13833,0,"['horse', 'deer', 'frog', 'cat']",horse
13834,4,"['cat', 'automobile', 'frog', 'airplane']",automobile
13835,0,"['horse', 'deer', 'frog', 'cat']",horse
13836,8,"['horse', 'airplane', 'cat', 'frog']",horse
13837,2,"['ship', 'cat', 'automobile', 'airplane']",automobile
13838,6,"['automobile', 'horse', 'ship', 'airplane']",ship
13839,1,"['bird', 'dog', 'frog', 'cat', 'airplane']",airplane
13840,5,"['frog', 'ship', 'airplane', 'automobile']",ship
13841,0,"['horse', 'deer', 'frog', 'cat']",horse
13842,5,"['frog', 'ship', 'airplane', 'automobile']",ship
13843,1,"['bird', 'dog', 'frog', 'cat', 'airplane']",airplane
13844,6,"['automobile', 'horse', 'ship', 'airplane']",airplane
13845,1,"['bird', 'dog', 'frog', 'cat', 'airplane']",airplane
13846,4,"['cat', 'automobile', 'frog', 'airplane']",airplane
13847,6,"['automobile', 'horse', 'ship', 'airplane']",automobile
13848,2,"['ship', 'cat', 'automobile', 'airplane']",cat
13849,1,"['bird', 'dog', 'frog', 'cat', 'airplane']",airplane
13850,0,"['horse', 'deer', 'frog', 'cat']",horse
13851,8,"['horse', 'airplane', 'cat', 'frog']",horse
13852,1,"['bird', 'dog', 'frog', 'cat', 'airplane']",airplane
13853,2,"['ship', 'cat', 'automobile', 'airplane']",cat
13854,8,"['horse', 'airplane', 'cat', 'frog']",horse
13855,4,"['cat', 'automobile', 'frog', 'airplane']",automobile
13856,2,"['ship', 'cat', 'automobile', 'airplane']",automobile
13857,3,"['frog', 'ship', 'automobile', 'airplane']",ship
13858,1,"['bird', 'dog', 'frog', 'cat', 'airplane']",airplane
13859,8,"['horse', 'airplane', 'cat', 'frog']",horse
13860,0,"['horse', 'deer', 'frog', 'cat']",horse
13861,0,"['horse', 'deer', 'frog', 'cat']",horse
13862,3,"['frog', 'ship', 'automobile', 'airplane']",frog
13863,4,"['cat', 'automobile', 'frog', 'airplane']",automobile
13864,0,"['horse', 'deer', 'frog', 'cat']",horse
13865,5,"['frog', 'ship', 'airplane', 'automobile']",ship
13866,6,"['automobile', 'horse', 'ship', 'airplane']",automobile
13867,9,"['dog', 'frog', 'cat', 'airplane']",dog
13868,8,"['horse', 'airplane', 'cat', 'frog']",horse
13869,9,"['dog', 'frog', 'cat', 'airplane']",airplane
13870,9,"['dog', 'frog', 'cat', 'airplane']",airplane
13871,4,"['cat', 'automobile', 'frog', 'airplane']",automobile
13872,5,"['frog', 'ship', 'airplane', 'automobile']",ship
13873,3,"['frog', 'ship', 'automobile', 'airplane']",ship
13874,8,"['horse', 'airplane', 'cat', 'frog']",horse
13875,4,"['cat', 'automobile', 'frog', 'airplane']",automobile
13876,0,"['horse', 'deer', 'frog', 'cat']",horse
13877,1,"['bird', 'dog', 'frog', 'cat', 'airplane']",airplane
13878,6,"['automobile', 'horse', 'ship', 'airplane']",airplane
13879,2,"['ship', 'cat', 'automobile', 'airplane']",automobile
13880,0,"['horse', 'deer', 'frog', 'cat']",horse
13881,9,"['dog', 'frog', 'cat', 'airplane']",airplane
13882,4,"['cat', 'automobile', 'frog', 'airplane']",automobile
13883,8,"['horse', 'airplane', 'cat', 'frog']",horse
13884,1,"['bird', 'dog', 'frog', 'cat', 'airplane']",airplane
13885,5,"['frog', 'ship', 'airplane', 'automobile']",ship
13886,8,"['horse', 'airplane', 'cat', 'frog']",horse
13887,4,"['cat', 'automobile', 'frog', 'airplane']",automobile
13888,7,"['automobile', 'cat', 'airplane', 'frog']",cat
13889,9,"['dog', 'frog', 'cat', 'airplane']",airplane
13890,6,"['automobile', 'horse', 'ship', 'airplane']",automobile
13891,2,"['ship', 'cat', 'automobile', 'airplane']",cat
13892,7,"['automobile', 'cat', 'airplane', 'frog']",airplane
13893,8,"['horse', 'airplane', 'cat', 'frog']",horse
13894,0,"['horse', 'deer', 'frog', 'cat']",horse
13895,1,"['bird', 'dog', 'frog', 'cat', 'airplane']",airplane
13896,4,"['cat', 'automobile', 'frog', 'airplane']",airplane
13897,1,"['bird', 'dog', 'frog', 'cat', 'airplane']",airplane
13898,2,"['ship', 'cat', 'automobile', 'airplane']",cat
13899,1,"['bird', 'dog', 'frog', 'cat', 'airplane']",airplane
13900,7,"['automobile', 'cat', 'airplane', 'frog']",cat
13901,2,"['ship', 'cat', 'automobile', 'airplane']",automobile
13902,0,"['horse', 'deer', 'frog', 'cat']",horse
13903,4,"['cat', 'automobile', 'frog', 'airplane']",automobile
13904,9,"['dog', 'frog', 'cat', 'airplane']",airplane
13905,4,"['cat', 'automobile', 'frog', 'airplane']",automobile
13906,9,"['dog', 'frog', 'cat', 'airplane']",airplane
13907,3,"['frog', 'ship', 'automobile', 'airplane']",ship
13908,1,"['bird', 'dog', 'frog', 'cat', 'airplane']",airplane
13909,4,"['cat', 'automobile', 'frog', 'airplane']",automobile
13910,9,"['dog', 'frog', 'cat', 'airplane']",airplane
13911,5,"['frog', 'ship', 'airplane', 'automobile']",ship
13912,8,"['horse', 'airplane', 'cat', 'frog']",horse
13913,3,"['frog', 'ship', 'automobile', 'airplane']",ship
13914,3,"['frog', 'ship', 'automobile', 'airplane']",ship
13915,0,"['horse', 'deer', 'frog', 'cat']",horse
13916,6,"['automobile', 'horse', 'ship', 'airplane']",automobile
13917,9,"['dog', 'frog', 'cat', 'airplane']",airplane
13918,3,"['frog', 'ship', 'automobile', 'airplane']",ship
13919,9,"['dog', 'frog', 'cat', 'airplane']",dog
13920,6,"['automobile', 'horse', 'ship', 'airplane']",airplane
13921,6,"['automobile', 'horse', 'ship', 'airplane']",airplane
13922,1,"['bird', 'dog', 'frog', 'cat', 'airplane']",airplane
13923,8,"['horse', 'airplane', 'cat', 'frog']",horse
13924,1,"['bird', 'dog', 'frog', 'cat', 'airplane']",airplane
13925,3,"['frog', 'ship', 'automobile', 'airplane']",ship
13926,5,"['frog', 'ship', 'airplane', 'automobile']",ship
13927,4,"['cat', 'automobile', 'frog', 'airplane']",automobile
13928,3,"['frog', 'ship', 'automobile', 'airplane']",ship
13929,8,"['horse', 'airplane', 'cat', 'frog']",horse
13930,5,"['frog', 'ship', 'airplane', 'automobile']",ship
13931,3,"['frog', 'ship', 'automobile', 'airplane']",ship
13932,6,"['automobile', 'horse', 'ship', 'airplane']",airplane
13933,4,"['cat', 'automobile', 'frog', 'airplane']",airplane
13934,2,"['ship', 'cat', 'automobile', 'airplane']",cat
13935,7,"['automobile', 'cat', 'airplane', 'frog']",cat
13936,2,"['ship', 'cat', 'automobile', 'airplane']",cat
13937,0,"['horse', 'deer', 'frog', 'cat']",horse
13938,6,"['automobile', 'horse', 'ship', 'airplane']",horse
13939,6,"['automobile', 'horse', 'ship', 'airplane']",airplane
13940,1,"['bird', 'dog', 'frog', 'cat', 'airplane']",airplane
13941,3,"['frog', 'ship', 'automobile', 'airplane']",ship
13942,7,"['automobile', 'cat', 'airplane', 'frog']",airplane
13943,4,"['cat', 'automobile', 'frog', 'airplane']",automobile
13944,1,"['bird', 'dog', 'frog', 'cat', 'airplane']",airplane
13945,4,"['cat', 'automobile', 'frog', 'airplane']",automobile
13946,4,"['cat', 'automobile', 'frog', 'airplane']",airplane
13947,7,"['automobile', 'cat', 'airplane', 'frog']",airplane
13948,5,"['frog', 'ship', 'airplane', 'automobile']",ship
13949,6,"['automobile', 'horse', 'ship', 'airplane']",airplane
13950,7,"['automobile', 'cat', 'airplane', 'frog']",cat
13951,0,"['horse', 'deer', 'frog', 'cat']",horse
13952,1,"['bird', 'dog', 'frog', 'cat', 'airplane']",airplane
13953,3,"['frog', 'ship', 'automobile', 'airplane']",ship
13954,8,"['horse', 'airplane', 'cat', 'frog']",horse
13955,2,"['ship', 'cat', 'automobile', 'airplane']",cat
13956,6,"['automobile', 'horse', 'ship', 'airplane']",automobile
13957,3,"['frog', 'ship', 'automobile', 'airplane']",ship
13958,8,"['horse', 'airplane', 'cat', 'frog']",horse
13959,4,"['cat', 'automobile', 'frog', 'airplane']",automobile
13960,5,"['frog', 'ship', 'airplane', 'automobile']",ship
13961,7,"['automobile', 'cat', 'airplane', 'frog']",cat
13962,9,"['dog', 'frog', 'cat', 'airplane']",dog
13963,9,"['dog', 'frog', 'cat', 'airplane']",airplane
13964,0,"['horse', 'deer', 'frog', 'cat']",horse
13965,6,"['automobile', 'horse', 'ship', 'airplane']",airplane
13966,0,"['horse', 'deer', 'frog', 'cat']",horse
13967,8,"['horse', 'airplane', 'cat', 'frog']",horse
13968,1,"['bird', 'dog', 'frog', 'cat', 'airplane']",airplane
13969,9,"['dog', 'frog', 'cat', 'airplane']",airplane
13970,2,"['ship', 'cat', 'automobile', 'airplane']",cat
13971,3,"['frog', 'ship', 'automobile', 'airplane']",frog
13972,4,"['cat', 'automobile', 'frog', 'airplane']",automobile
13973,1,"['bird', 'dog', 'frog', 'cat', 'airplane']",airplane
13974,7,"['automobile', 'cat', 'airplane', 'frog']",cat
13975,7,"['automobile', 'cat', 'airplane', 'frog']",airplane
13976,3,"['frog', 'ship', 'automobile', 'airplane']",ship
13977,7,"['automobile', 'cat', 'airplane', 'frog']",airplane
13978,4,"['cat', 'automobile', 'frog', 'airplane']",automobile
13979,0,"['horse', 'deer', 'frog', 'cat']",horse
13980,5,"['frog', 'ship', 'airplane', 'automobile']",ship
13981,8,"['horse', 'airplane', 'cat', 'frog']",horse
13982,8,"['horse', 'airplane', 'cat', 'frog']",horse
13983,5,"['frog', 'ship', 'airplane', 'automobile']",ship
13984,4,"['cat', 'automobile', 'frog', 'airplane']",automobile
13985,2,"['ship', 'cat', 'automobile', 'airplane']",cat
13986,3,"['frog', 'ship', 'automobile', 'airplane']",ship
13987,4,"['cat', 'automobile', 'frog', 'airplane']",automobile
13988,6,"['automobile', 'horse', 'ship', 'airplane']",horse
13989,2,"['ship', 'cat', 'automobile', 'airplane']",cat
13990,5,"['frog', 'ship', 'airplane', 'automobile']",ship
13991,3,"['frog', 'ship', 'automobile', 'airplane']",ship
13992,8,"['horse', 'airplane', 'cat', 'frog']",horse
13993,4,"['cat', 'automobile', 'frog', 'airplane']",airplane
13994,1,"['bird', 'dog', 'frog', 'cat', 'airplane']",airplane
13995,4,"['cat', 'automobile', 'frog', 'airplane']",automobile
13996,1,"['bird', 'dog', 'frog', 'cat', 'airplane']",airplane
13997,1,"['bird', 'dog', 'frog', 'cat', 'airplane']",airplane
13998,5,"['frog', 'ship', 'airplane', 'automobile']",ship
13999,1,"['bird', 'dog', 'frog', 'cat', 'airplane']",airplane
14000,4,"['cat', 'automobile', 'frog', 'airplane']",automobile
14001,5,"['frog', 'ship', 'airplane', 'automobile']",ship
14002,7,"['automobile', 'cat', 'airplane', 'frog']",cat
14003,6,"['automobile', 'horse', 'ship', 'airplane']",ship
14004,5,"['frog', 'ship', 'airplane', 'automobile']",ship
14005,1,"['bird', 'dog', 'frog', 'cat', 'airplane']",airplane
14006,1,"['bird', 'dog', 'frog', 'cat', 'airplane']",airplane
14007,1,"['bird', 'dog', 'frog', 'cat', 'airplane']",airplane
14008,9,"['dog', 'frog', 'cat', 'airplane']",airplane
14009,6,"['automobile', 'horse', 'ship', 'airplane']",ship
14010,8,"['horse', 'airplane', 'cat', 'frog']",horse
14011,8,"['horse', 'airplane', 'cat', 'frog']",horse
14012,2,"['ship', 'cat', 'automobile', 'airplane']",cat
14013,2,"['ship', 'cat', 'automobile', 'airplane']",cat
14014,3,"['frog', 'ship', 'automobile', 'airplane']",ship
14015,5,"['frog', 'ship', 'airplane', 'automobile']",ship
14016,9,"['dog', 'frog', 'cat', 'airplane']",airplane
14017,2,"['ship', 'cat', 'automobile', 'airplane']",ship
14018,3,"['frog', 'ship', 'automobile', 'airplane']",ship
14019,4,"['cat', 'automobile', 'frog', 'airplane']",automobile
14020,9,"['dog', 'frog', 'cat', 'airplane']",airplane
14021,2,"['ship', 'cat', 'automobile', 'airplane']",automobile
14022,4,"['cat', 'automobile', 'frog', 'airplane']",automobile
14023,0,"['horse', 'deer', 'frog', 'cat']",horse
14024,6,"['automobile', 'horse', 'ship', 'airplane']",airplane
14025,0,"['horse', 'deer', 'frog', 'cat']",horse
14026,5,"['frog', 'ship', 'airplane', 'automobile']",ship
14027,6,"['automobile', 'horse', 'ship', 'airplane']",airplane
14028,8,"['horse', 'airplane', 'cat', 'frog']",horse
14029,2,"['ship', 'cat', 'automobile', 'airplane']",cat
14030,3,"['frog', 'ship', 'automobile', 'airplane']",ship
14031,3,"['frog', 'ship', 'automobile', 'airplane']",ship
14032,3,"['frog', 'ship', 'automobile', 'airplane']",ship
14033,5,"['frog', 'ship', 'airplane', 'automobile']",ship
14034,5,"['frog', 'ship', 'airplane', 'automobile']",ship
14035,1,"['bird', 'dog', 'frog', 'cat', 'airplane']",airplane
14036,4,"['cat', 'automobile', 'frog', 'airplane']",automobile
14037,8,"['horse', 'airplane', 'cat', 'frog']",horse
14038,4,"['cat', 'automobile', 'frog', 'airplane']",automobile
14039,6,"['automobile', 'horse', 'ship', 'airplane']",ship
14040,1,"['bird', 'dog', 'frog', 'cat', 'airplane']",airplane
14041,4,"['cat', 'automobile', 'frog', 'airplane']",automobile
14042,6,"['automobile', 'horse', 'ship', 'airplane']",automobile
14043,6,"['automobile', 'horse', 'ship', 'airplane']",airplane
14044,7,"['automobile', 'cat', 'airplane', 'frog']",airplane
14045,8,"['horse', 'airplane', 'cat', 'frog']",frog
14046,8,"['horse', 'airplane', 'cat', 'frog']",horse
14047,3,"['frog', 'ship', 'automobile', 'airplane']",ship
14048,1,"['bird', 'dog', 'frog', 'cat', 'airplane']",airplane
14049,8,"['horse', 'airplane', 'cat', 'frog']",horse
14050,7,"['automobile', 'cat', 'airplane', 'frog']",cat
14051,4,"['cat', 'automobile', 'frog', 'airplane']",automobile
14052,0,"['horse', 'deer', 'frog', 'cat']",horse
14053,9,"['dog', 'frog', 'cat', 'airplane']",airplane
14054,8,"['horse', 'airplane', 'cat', 'frog']",horse
14055,1,"['bird', 'dog', 'frog', 'cat', 'airplane']",airplane
14056,0,"['horse', 'deer', 'frog', 'cat']",horse
14057,7,"['automobile', 'cat', 'airplane', 'frog']",cat
14058,8,"['horse', 'airplane', 'cat', 'frog']",horse
14059,9,"['dog', 'frog', 'cat', 'airplane']",airplane
14060,4,"['cat', 'automobile', 'frog', 'airplane']",automobile
14061,1,"['bird', 'dog', 'frog', 'cat', 'airplane']",airplane
14062,2,"['ship', 'cat', 'automobile', 'airplane']",automobile
14063,2,"['ship', 'cat', 'automobile', 'airplane']",cat
14064,3,"['frog', 'ship', 'automobile', 'airplane']",ship
14065,6,"['automobile', 'horse', 'ship', 'airplane']",horse
14066,7,"['automobile', 'cat', 'airplane', 'frog']",cat
14067,1,"['bird', 'dog', 'frog', 'cat', 'airplane']",airplane
14068,1,"['bird', 'dog', 'frog', 'cat', 'airplane']",airplane
14069,0,"['horse', 'deer', 'frog', 'cat']",horse
14070,3,"['frog', 'ship', 'automobile', 'airplane']",ship
14071,9,"['dog', 'frog', 'cat', 'airplane']",airplane
14072,9,"['dog', 'frog', 'cat', 'airplane']",airplane
14073,4,"['cat', 'automobile', 'frog', 'airplane']",automobile
14074,1,"['bird', 'dog', 'frog', 'cat', 'airplane']",airplane
14075,4,"['cat', 'automobile', 'frog', 'airplane']",automobile
14076,5,"['frog', 'ship', 'airplane', 'automobile']",ship
14077,9,"['dog', 'frog', 'cat', 'airplane']",dog
14078,2,"['ship', 'cat', 'automobile', 'airplane']",cat
14079,0,"['horse', 'deer', 'frog', 'cat']",horse
14080,0,"['horse', 'deer', 'frog', 'cat']",horse
14081,7,"['automobile', 'cat', 'airplane', 'frog']",cat
14082,4,"['cat', 'automobile', 'frog', 'airplane']",automobile
14083,9,"['dog', 'frog', 'cat', 'airplane']",airplane
14084,6,"['automobile', 'horse', 'ship', 'airplane']",automobile
14085,2,"['ship', 'cat', 'automobile', 'airplane']",automobile
14086,7,"['automobile', 'cat', 'airplane', 'frog']",cat
14087,4,"['cat', 'automobile', 'frog', 'airplane']",automobile
14088,2,"['ship', 'cat', 'automobile', 'airplane']",cat
14089,3,"['frog', 'ship', 'automobile', 'airplane']",ship
14090,4,"['cat', 'automobile', 'frog', 'airplane']",frog
14091,3,"['frog', 'ship', 'automobile', 'airplane']",ship
14092,1,"['bird', 'dog', 'frog', 'cat', 'airplane']",airplane
14093,5,"['frog', 'ship', 'airplane', 'automobile']",ship
14094,2,"['ship', 'cat', 'automobile', 'airplane']",automobile
14095,7,"['automobile', 'cat', 'airplane', 'frog']",cat
14096,1,"['bird', 'dog', 'frog', 'cat', 'airplane']",airplane
14097,9,"['dog', 'frog', 'cat', 'airplane']",airplane
14098,6,"['automobile', 'horse', 'ship', 'airplane']",airplane
14099,9,"['dog', 'frog', 'cat', 'airplane']",airplane
14100,9,"['dog', 'frog', 'cat', 'airplane']",airplane
14101,1,"['bird', 'dog', 'frog', 'cat', 'airplane']",airplane
14102,7,"['automobile', 'cat', 'airplane', 'frog']",cat
14103,5,"['frog', 'ship', 'airplane', 'automobile']",ship
14104,4,"['cat', 'automobile', 'frog', 'airplane']",automobile
14105,4,"['cat', 'automobile', 'frog', 'airplane']",automobile
14106,2,"['ship', 'cat', 'automobile', 'airplane']",cat
14107,3,"['frog', 'ship', 'automobile', 'airplane']",ship
14108,3,"['frog', 'ship', 'automobile', 'airplane']",ship
14109,7,"['automobile', 'cat', 'airplane', 'frog']",cat
14110,1,"['bird', 'dog', 'frog', 'cat', 'airplane']",airplane
14111,4,"['cat', 'automobile', 'frog', 'airplane']",automobile
14112,9,"['dog', 'frog', 'cat', 'airplane']",dog
14113,4,"['cat', 'automobile', 'frog', 'airplane']",automobile
14114,2,"['ship', 'cat', 'automobile', 'airplane']",automobile
14115,3,"['frog', 'ship', 'automobile', 'airplane']",ship
14116,0,"['horse', 'deer', 'frog', 'cat']",horse
14117,1,"['bird', 'dog', 'frog', 'cat', 'airplane']",airplane
14118,3,"['frog', 'ship', 'automobile', 'airplane']",ship
14119,5,"['frog', 'ship', 'airplane', 'automobile']",ship
14120,2,"['ship', 'cat', 'automobile', 'airplane']",cat
14121,5,"['frog', 'ship', 'airplane', 'automobile']",ship
14122,3,"['frog', 'ship', 'automobile', 'airplane']",ship
14123,8,"['horse', 'airplane', 'cat', 'frog']",horse
14124,0,"['horse', 'deer', 'frog', 'cat']",horse
14125,3,"['frog', 'ship', 'automobile', 'airplane']",ship
14126,7,"['automobile', 'cat', 'airplane', 'frog']",airplane
14127,2,"['ship', 'cat', 'automobile', 'airplane']",automobile
14128,0,"['horse', 'deer', 'frog', 'cat']",horse
14129,1,"['bird', 'dog', 'frog', 'cat', 'airplane']",airplane
14130,7,"['automobile', 'cat', 'airplane', 'frog']",cat
14131,6,"['automobile', 'horse', 'ship', 'airplane']",airplane
14132,8,"['horse', 'airplane', 'cat', 'frog']",horse
14133,6,"['automobile', 'horse', 'ship', 'airplane']",ship
14134,4,"['cat', 'automobile', 'frog', 'airplane']",airplane
14135,2,"['ship', 'cat', 'automobile', 'airplane']",cat
14136,0,"['horse', 'deer', 'frog', 'cat']",horse
14137,0,"['horse', 'deer', 'frog', 'cat']",horse
14138,0,"['horse', 'deer', 'frog', 'cat']",horse
14139,6,"['automobile', 'horse', 'ship', 'airplane']",airplane
14140,5,"['frog', 'ship', 'airplane', 'automobile']",ship
14141,8,"['horse', 'airplane', 'cat', 'frog']",horse
14142,4,"['cat', 'automobile', 'frog', 'airplane']",automobile
14143,7,"['automobile', 'cat', 'airplane', 'frog']",cat
14144,7,"['automobile', 'cat', 'airplane', 'frog']",cat
14145,1,"['bird', 'dog', 'frog', 'cat', 'airplane']",airplane
14146,2,"['ship', 'cat', 'automobile', 'airplane']",automobile
14147,4,"['cat', 'automobile', 'frog', 'airplane']",automobile
14148,3,"['frog', 'ship', 'automobile', 'airplane']",ship
14149,8,"['horse', 'airplane', 'cat', 'frog']",horse
14150,7,"['automobile', 'cat', 'airplane', 'frog']",cat
14151,4,"['cat', 'automobile', 'frog', 'airplane']",automobile
14152,4,"['cat', 'automobile', 'frog', 'airplane']",automobile
14153,0,"['horse', 'deer', 'frog', 'cat']",horse
14154,2,"['ship', 'cat', 'automobile', 'airplane']",cat
14155,3,"['frog', 'ship', 'automobile', 'airplane']",ship
14156,2,"['ship', 'cat', 'automobile', 'airplane']",automobile
14157,2,"['ship', 'cat', 'automobile', 'airplane']",automobile
14158,8,"['horse', 'airplane', 'cat', 'frog']",horse
14159,5,"['frog', 'ship', 'airplane', 'automobile']",ship
14160,5,"['frog', 'ship', 'airplane', 'automobile']",ship
14161,3,"['frog', 'ship', 'automobile', 'airplane']",ship
14162,6,"['automobile', 'horse', 'ship', 'airplane']",airplane
14163,6,"['automobile', 'horse', 'ship', 'airplane']",airplane
14164,4,"['cat', 'automobile', 'frog', 'airplane']",automobile
14165,1,"['bird', 'dog', 'frog', 'cat', 'airplane']",airplane
14166,8,"['horse', 'airplane', 'cat', 'frog']",horse
14167,1,"['bird', 'dog', 'frog', 'cat', 'airplane']",airplane
14168,1,"['bird', 'dog', 'frog', 'cat', 'airplane']",airplane
14169,0,"['horse', 'deer', 'frog', 'cat']",horse
14170,9,"['dog', 'frog', 'cat', 'airplane']",dog
14171,3,"['frog', 'ship', 'automobile', 'airplane']",ship
14172,2,"['ship', 'cat', 'automobile', 'airplane']",cat
14173,9,"['dog', 'frog', 'cat', 'airplane']",airplane
14174,2,"['ship', 'cat', 'automobile', 'airplane']",ship
14175,2,"['ship', 'cat', 'automobile', 'airplane']",cat
14176,8,"['horse', 'airplane', 'cat', 'frog']",horse
14177,9,"['dog', 'frog', 'cat', 'airplane']",dog
14178,6,"['automobile', 'horse', 'ship', 'airplane']",ship
14179,9,"['dog', 'frog', 'cat', 'airplane']",dog
14180,2,"['ship', 'cat', 'automobile', 'airplane']",cat
14181,4,"['cat', 'automobile', 'frog', 'airplane']",automobile
14182,1,"['bird', 'dog', 'frog', 'cat', 'airplane']",airplane
14183,8,"['horse', 'airplane', 'cat', 'frog']",horse
14184,5,"['frog', 'ship', 'airplane', 'automobile']",ship
14185,5,"['frog', 'ship', 'airplane', 'automobile']",ship
14186,4,"['cat', 'automobile', 'frog', 'airplane']",automobile
14187,3,"['frog', 'ship', 'automobile', 'airplane']",ship
14188,6,"['automobile', 'horse', 'ship', 'airplane']",ship
14189,9,"['dog', 'frog', 'cat', 'airplane']",airplane
14190,0,"['horse', 'deer', 'frog', 'cat']",horse
14191,7,"['automobile', 'cat', 'airplane', 'frog']",airplane
14192,2,"['ship', 'cat', 'automobile', 'airplane']",automobile
14193,0,"['horse', 'deer', 'frog', 'cat']",horse
14194,0,"['horse', 'deer', 'frog', 'cat']",horse
14195,2,"['ship', 'cat', 'automobile', 'airplane']",automobile
14196,7,"['automobile', 'cat', 'airplane', 'frog']",cat
14197,9,"['dog', 'frog', 'cat', 'airplane']",airplane
14198,9,"['dog', 'frog', 'cat', 'airplane']",dog
14199,2,"['ship', 'cat', 'automobile', 'airplane']",cat
14200,6,"['automobile', 'horse', 'ship', 'airplane']",airplane
14201,1,"['bird', 'dog', 'frog', 'cat', 'airplane']",airplane
14202,7,"['automobile', 'cat', 'airplane', 'frog']",cat
14203,0,"['horse', 'deer', 'frog', 'cat']",horse
14204,1,"['bird', 'dog', 'frog', 'cat', 'airplane']",airplane
14205,9,"['dog', 'frog', 'cat', 'airplane']",airplane
14206,2,"['ship', 'cat', 'automobile', 'airplane']",airplane
14207,8,"['horse', 'airplane', 'cat', 'frog']",horse
14208,8,"['horse', 'airplane', 'cat', 'frog']",horse
14209,1,"['bird', 'dog', 'frog', 'cat', 'airplane']",airplane
14210,0,"['horse', 'deer', 'frog', 'cat']",horse
14211,8,"['horse', 'airplane', 'cat', 'frog']",horse
14212,6,"['automobile', 'horse', 'ship', 'airplane']",airplane
14213,0,"['horse', 'deer', 'frog', 'cat']",horse
14214,7,"['automobile', 'cat', 'airplane', 'frog']",airplane
14215,7,"['automobile', 'cat', 'airplane', 'frog']",cat
14216,0,"['horse', 'deer', 'frog', 'cat']",horse
14217,9,"['dog', 'frog', 'cat', 'airplane']",airplane
14218,7,"['automobile', 'cat', 'airplane', 'frog']",airplane
14219,7,"['automobile', 'cat', 'airplane', 'frog']",airplane
14220,9,"['dog', 'frog', 'cat', 'airplane']",airplane
14221,5,"['frog', 'ship', 'airplane', 'automobile']",ship
14222,7,"['automobile', 'cat', 'airplane', 'frog']",airplane
14223,5,"['frog', 'ship', 'airplane', 'automobile']",ship
14224,9,"['dog', 'frog', 'cat', 'airplane']",airplane
14225,3,"['frog', 'ship', 'automobile', 'airplane']",ship
14226,4,"['cat', 'automobile', 'frog', 'airplane']",automobile
14227,5,"['frog', 'ship', 'airplane', 'automobile']",ship
14228,2,"['ship', 'cat', 'automobile', 'airplane']",automobile
14229,2,"['ship', 'cat', 'automobile', 'airplane']",cat
14230,3,"['frog', 'ship', 'automobile', 'airplane']",ship
14231,6,"['automobile', 'horse', 'ship', 'airplane']",automobile
14232,3,"['frog', 'ship', 'automobile', 'airplane']",ship
14233,7,"['automobile', 'cat', 'airplane', 'frog']",airplane
14234,3,"['frog', 'ship', 'automobile', 'airplane']",ship
14235,4,"['cat', 'automobile', 'frog', 'airplane']",automobile
14236,6,"['automobile', 'horse', 'ship', 'airplane']",ship
14237,3,"['frog', 'ship', 'automobile', 'airplane']",frog
14238,1,"['bird', 'dog', 'frog', 'cat', 'airplane']",airplane
14239,3,"['frog', 'ship', 'automobile', 'airplane']",ship
14240,1,"['bird', 'dog', 'frog', 'cat', 'airplane']",airplane
14241,6,"['automobile', 'horse', 'ship', 'airplane']",airplane
14242,7,"['automobile', 'cat', 'airplane', 'frog']",cat
14243,4,"['cat', 'automobile', 'frog', 'airplane']",automobile
14244,4,"['cat', 'automobile', 'frog', 'airplane']",automobile
14245,8,"['horse', 'airplane', 'cat', 'frog']",horse
14246,5,"['frog', 'ship', 'airplane', 'automobile']",ship
14247,1,"['bird', 'dog', 'frog', 'cat', 'airplane']",airplane
14248,2,"['ship', 'cat', 'automobile', 'airplane']",cat
14249,1,"['bird', 'dog', 'frog', 'cat', 'airplane']",airplane
14250,9,"['dog', 'frog', 'cat', 'airplane']",airplane
14251,4,"['cat', 'automobile', 'frog', 'airplane']",automobile
14252,2,"['ship', 'cat', 'automobile', 'airplane']",cat
14253,3,"['frog', 'ship', 'automobile', 'airplane']",ship
14254,7,"['automobile', 'cat', 'airplane', 'frog']",cat
14255,4,"['cat', 'automobile', 'frog', 'airplane']",automobile
14256,4,"['cat', 'automobile', 'frog', 'airplane']",automobile
14257,6,"['automobile', 'horse', 'ship', 'airplane']",airplane
14258,4,"['cat', 'automobile', 'frog', 'airplane']",automobile
14259,5,"['frog', 'ship', 'airplane', 'automobile']",ship
14260,8,"['horse', 'airplane', 'cat', 'frog']",horse
14261,7,"['automobile', 'cat', 'airplane', 'frog']",cat
14262,4,"['cat', 'automobile', 'frog', 'airplane']",automobile
14263,4,"['cat', 'automobile', 'frog', 'airplane']",automobile
14264,3,"['frog', 'ship', 'automobile', 'airplane']",ship
14265,9,"['dog', 'frog', 'cat', 'airplane']",airplane
14266,2,"['ship', 'cat', 'automobile', 'airplane']",cat
14267,6,"['automobile', 'horse', 'ship', 'airplane']",horse
14268,0,"['horse', 'deer', 'frog', 'cat']",horse
14269,3,"['frog', 'ship', 'automobile', 'airplane']",ship
14270,2,"['ship', 'cat', 'automobile', 'airplane']",cat
14271,9,"['dog', 'frog', 'cat', 'airplane']",dog
14272,7,"['automobile', 'cat', 'airplane', 'frog']",airplane
14273,5,"['frog', 'ship', 'airplane', 'automobile']",ship
14274,6,"['automobile', 'horse', 'ship', 'airplane']",airplane
14275,0,"['horse', 'deer', 'frog', 'cat']",horse
14276,5,"['frog', 'ship', 'airplane', 'automobile']",ship
14277,8,"['horse', 'airplane', 'cat', 'frog']",horse
14278,9,"['dog', 'frog', 'cat', 'airplane']",airplane
14279,9,"['dog', 'frog', 'cat', 'airplane']",airplane
14280,2,"['ship', 'cat', 'automobile', 'airplane']",cat
14281,8,"['horse', 'airplane', 'cat', 'frog']",horse
14282,3,"['frog', 'ship', 'automobile', 'airplane']",frog
14283,4,"['cat', 'automobile', 'frog', 'airplane']",automobile
14284,4,"['cat', 'automobile', 'frog', 'airplane']",automobile
14285,2,"['ship', 'cat', 'automobile', 'airplane']",cat
14286,8,"['horse', 'airplane', 'cat', 'frog']",horse
14287,8,"['horse', 'airplane', 'cat', 'frog']",horse
14288,1,"['bird', 'dog', 'frog', 'cat', 'airplane']",airplane
14289,3,"['frog', 'ship', 'automobile', 'airplane']",ship
14290,7,"['automobile', 'cat', 'airplane', 'frog']",cat
14291,6,"['automobile', 'horse', 'ship', 'airplane']",ship
14292,8,"['horse', 'airplane', 'cat', 'frog']",horse
14293,6,"['automobile', 'horse', 'ship', 'airplane']",airplane
14294,2,"['ship', 'cat', 'automobile', 'airplane']",cat
14295,9,"['dog', 'frog', 'cat', 'airplane']",airplane
14296,2,"['ship', 'cat', 'automobile', 'airplane']",automobile
14297,3,"['frog', 'ship', 'automobile', 'airplane']",ship
14298,5,"['frog', 'ship', 'airplane', 'automobile']",ship
14299,2,"['ship', 'cat', 'automobile', 'airplane']",cat
14300,1,"['bird', 'dog', 'frog', 'cat', 'airplane']",airplane
14301,7,"['automobile', 'cat', 'airplane', 'frog']",cat
14302,1,"['bird', 'dog', 'frog', 'cat', 'airplane']",airplane
14303,4,"['cat', 'automobile', 'frog', 'airplane']",automobile
14304,2,"['ship', 'cat', 'automobile', 'airplane']",cat
14305,4,"['cat', 'automobile', 'frog', 'airplane']",automobile
14306,8,"['horse', 'airplane', 'cat', 'frog']",horse
14307,0,"['horse', 'deer', 'frog', 'cat']",horse
14308,2,"['ship', 'cat', 'automobile', 'airplane']",cat
14309,0,"['horse', 'deer', 'frog', 'cat']",horse
14310,4,"['cat', 'automobile', 'frog', 'airplane']",automobile
14311,1,"['bird', 'dog', 'frog', 'cat', 'airplane']",airplane
14312,0,"['horse', 'deer', 'frog', 'cat']",horse
14313,3,"['frog', 'ship', 'automobile', 'airplane']",ship
14314,2,"['ship', 'cat', 'automobile', 'airplane']",cat
14315,3,"['frog', 'ship', 'automobile', 'airplane']",ship
14316,4,"['cat', 'automobile', 'frog', 'airplane']",automobile
14317,2,"['ship', 'cat', 'automobile', 'airplane']",cat
14318,8,"['horse', 'airplane', 'cat', 'frog']",horse
14319,7,"['automobile', 'cat', 'airplane', 'frog']",airplane
14320,5,"['frog', 'ship', 'airplane', 'automobile']",ship
14321,3,"['frog', 'ship', 'automobile', 'airplane']",ship
14322,5,"['frog', 'ship', 'airplane', 'automobile']",ship
14323,9,"['dog', 'frog', 'cat', 'airplane']",airplane
14324,4,"['cat', 'automobile', 'frog', 'airplane']",automobile
14325,0,"['horse', 'deer', 'frog', 'cat']",horse
14326,9,"['dog', 'frog', 'cat', 'airplane']",dog
14327,2,"['ship', 'cat', 'automobile', 'airplane']",automobile
14328,8,"['horse', 'airplane', 'cat', 'frog']",horse
14329,0,"['horse', 'deer', 'frog', 'cat']",horse
14330,3,"['frog', 'ship', 'automobile', 'airplane']",ship
14331,5,"['frog', 'ship', 'airplane', 'automobile']",ship
14332,9,"['dog', 'frog', 'cat', 'airplane']",dog
14333,7,"['automobile', 'cat', 'airplane', 'frog']",airplane
14334,0,"['horse', 'deer', 'frog', 'cat']",horse
14335,0,"['horse', 'deer', 'frog', 'cat']",horse
14336,1,"['bird', 'dog', 'frog', 'cat', 'airplane']",airplane
14337,5,"['frog', 'ship', 'airplane', 'automobile']",ship
14338,9,"['dog', 'frog', 'cat', 'airplane']",airplane
14339,1,"['bird', 'dog', 'frog', 'cat', 'airplane']",airplane
14340,3,"['frog', 'ship', 'automobile', 'airplane']",ship
14341,0,"['horse', 'deer', 'frog', 'cat']",horse
14342,6,"['automobile', 'horse', 'ship', 'airplane']",airplane
14343,0,"['horse', 'deer', 'frog', 'cat']",horse
14344,3,"['frog', 'ship', 'automobile', 'airplane']",ship
14345,6,"['automobile', 'horse', 'ship', 'airplane']",airplane
14346,5,"['frog', 'ship', 'airplane', 'automobile']",ship
14347,0,"['horse', 'deer', 'frog', 'cat']",horse
14348,8,"['horse', 'airplane', 'cat', 'frog']",horse
14349,7,"['automobile', 'cat', 'airplane', 'frog']",cat
14350,0,"['horse', 'deer', 'frog', 'cat']",horse
14351,1,"['bird', 'dog', 'frog', 'cat', 'airplane']",airplane
14352,6,"['automobile', 'horse', 'ship', 'airplane']",airplane
14353,2,"['ship', 'cat', 'automobile', 'airplane']",cat
14354,8,"['horse', 'airplane', 'cat', 'frog']",horse
14355,5,"['frog', 'ship', 'airplane', 'automobile']",ship
14356,7,"['automobile', 'cat', 'airplane', 'frog']",cat
14357,9,"['dog', 'frog', 'cat', 'airplane']",airplane
14358,1,"['bird', 'dog', 'frog', 'cat', 'airplane']",airplane
14359,4,"['cat', 'automobile', 'frog', 'airplane']",automobile
14360,2,"['ship', 'cat', 'automobile', 'airplane']",cat
14361,9,"['dog', 'frog', 'cat', 'airplane']",dog
14362,4,"['cat', 'automobile', 'frog', 'airplane']",automobile
14363,7,"['automobile', 'cat', 'airplane', 'frog']",cat
14364,2,"['ship', 'cat', 'automobile', 'airplane']",cat
14365,0,"['horse', 'deer', 'frog', 'cat']",horse
14366,5,"['frog', 'ship', 'airplane', 'automobile']",ship
14367,1,"['bird', 'dog', 'frog', 'cat', 'airplane']",airplane
14368,3,"['frog', 'ship', 'automobile', 'airplane']",ship
14369,8,"['horse', 'airplane', 'cat', 'frog']",horse
14370,7,"['automobile', 'cat', 'airplane', 'frog']",cat
14371,2,"['ship', 'cat', 'automobile', 'airplane']",automobile
14372,7,"['automobile', 'cat', 'airplane', 'frog']",cat
14373,3,"['frog', 'ship', 'automobile', 'airplane']",ship
14374,7,"['automobile', 'cat', 'airplane', 'frog']",cat
14375,7,"['automobile', 'cat', 'airplane', 'frog']",airplane
14376,1,"['bird', 'dog', 'frog', 'cat', 'airplane']",airplane
14377,4,"['cat', 'automobile', 'frog', 'airplane']",automobile
14378,1,"['bird', 'dog', 'frog', 'cat', 'airplane']",airplane
14379,1,"['bird', 'dog', 'frog', 'cat', 'airplane']",airplane
14380,3,"['frog', 'ship', 'automobile', 'airplane']",ship
14381,1,"['bird', 'dog', 'frog', 'cat', 'airplane']",airplane
14382,4,"['cat', 'automobile', 'frog', 'airplane']",automobile
14383,2,"['ship', 'cat', 'automobile', 'airplane']",cat
14384,1,"['bird', 'dog', 'frog', 'cat', 'airplane']",airplane
14385,4,"['cat', 'automobile', 'frog', 'airplane']",automobile
14386,3,"['frog', 'ship', 'automobile', 'airplane']",ship
14387,9,"['dog', 'frog', 'cat', 'airplane']",airplane
14388,4,"['cat', 'automobile', 'frog', 'airplane']",automobile
14389,8,"['horse', 'airplane', 'cat', 'frog']",horse
14390,0,"['horse', 'deer', 'frog', 'cat']",horse
14391,5,"['frog', 'ship', 'airplane', 'automobile']",ship
14392,6,"['automobile', 'horse', 'ship', 'airplane']",airplane
14393,0,"['horse', 'deer', 'frog', 'cat']",horse
14394,7,"['automobile', 'cat', 'airplane', 'frog']",cat
14395,6,"['automobile', 'horse', 'ship', 'airplane']",horse
14396,4,"['cat', 'automobile', 'frog', 'airplane']",airplane
14397,4,"['cat', 'automobile', 'frog', 'airplane']",automobile
14398,7,"['automobile', 'cat', 'airplane', 'frog']",cat
14399,2,"['ship', 'cat', 'automobile', 'airplane']",automobile
14400,7,"['automobile', 'cat', 'airplane', 'frog']",cat
14401,9,"['dog', 'frog', 'cat', 'airplane']",dog
14402,8,"['horse', 'airplane', 'cat', 'frog']",horse
14403,7,"['automobile', 'cat', 'airplane', 'frog']",airplane
14404,2,"['ship', 'cat', 'automobile', 'airplane']",cat
14405,5,"['frog', 'ship', 'airplane', 'automobile']",ship
14406,9,"['dog', 'frog', 'cat', 'airplane']",dog
14407,0,"['horse', 'deer', 'frog', 'cat']",horse
14408,5,"['frog', 'ship', 'airplane', 'automobile']",ship
14409,1,"['bird', 'dog', 'frog', 'cat', 'airplane']",airplane
14410,4,"['cat', 'automobile', 'frog', 'airplane']",automobile
14411,6,"['automobile', 'horse', 'ship', 'airplane']",airplane
14412,4,"['cat', 'automobile', 'frog', 'airplane']",automobile
14413,0,"['horse', 'deer', 'frog', 'cat']",frog
14414,6,"['automobile', 'horse', 'ship', 'airplane']",airplane
14415,4,"['cat', 'automobile', 'frog', 'airplane']",automobile
14416,7,"['automobile', 'cat', 'airplane', 'frog']",cat
14417,1,"['bird', 'dog', 'frog', 'cat', 'airplane']",airplane
14418,4,"['cat', 'automobile', 'frog', 'airplane']",automobile
14419,3,"['frog', 'ship', 'automobile', 'airplane']",ship
14420,9,"['dog', 'frog', 'cat', 'airplane']",dog
14421,2,"['ship', 'cat', 'automobile', 'airplane']",cat
14422,3,"['frog', 'ship', 'automobile', 'airplane']",ship
14423,2,"['ship', 'cat', 'automobile', 'airplane']",cat
14424,9,"['dog', 'frog', 'cat', 'airplane']",dog
14425,1,"['bird', 'dog', 'frog', 'cat', 'airplane']",airplane
14426,2,"['ship', 'cat', 'automobile', 'airplane']",cat
14427,8,"['horse', 'airplane', 'cat', 'frog']",horse
14428,6,"['automobile', 'horse', 'ship', 'airplane']",horse
14429,4,"['cat', 'automobile', 'frog', 'airplane']",airplane
14430,7,"['automobile', 'cat', 'airplane', 'frog']",cat
14431,7,"['automobile', 'cat', 'airplane', 'frog']",cat
14432,5,"['frog', 'ship', 'airplane', 'automobile']",ship
14433,9,"['dog', 'frog', 'cat', 'airplane']",airplane
14434,0,"['horse', 'deer', 'frog', 'cat']",horse
14435,2,"['ship', 'cat', 'automobile', 'airplane']",automobile
14436,9,"['dog', 'frog', 'cat', 'airplane']",airplane
14437,5,"['frog', 'ship', 'airplane', 'automobile']",ship
14438,8,"['horse', 'airplane', 'cat', 'frog']",horse
14439,2,"['ship', 'cat', 'automobile', 'airplane']",cat
14440,4,"['cat', 'automobile', 'frog', 'airplane']",automobile
14441,0,"['horse', 'deer', 'frog', 'cat']",horse
14442,8,"['horse', 'airplane', 'cat', 'frog']",horse
14443,6,"['automobile', 'horse', 'ship', 'airplane']",ship
14444,6,"['automobile', 'horse', 'ship', 'airplane']",horse
14445,1,"['bird', 'dog', 'frog', 'cat', 'airplane']",airplane
14446,7,"['automobile', 'cat', 'airplane', 'frog']",cat
14447,4,"['cat', 'automobile', 'frog', 'airplane']",automobile
14448,1,"['bird', 'dog', 'frog', 'cat', 'airplane']",airplane
14449,7,"['automobile', 'cat', 'airplane', 'frog']",airplane
14450,0,"['horse', 'deer', 'frog', 'cat']",horse
14451,1,"['bird', 'dog', 'frog', 'cat', 'airplane']",airplane
14452,7,"['automobile', 'cat', 'airplane', 'frog']",cat
14453,5,"['frog', 'ship', 'airplane', 'automobile']",ship
14454,3,"['frog', 'ship', 'automobile', 'airplane']",ship
14455,1,"['bird', 'dog', 'frog', 'cat', 'airplane']",airplane
14456,0,"['horse', 'deer', 'frog', 'cat']",horse
14457,6,"['automobile', 'horse', 'ship', 'airplane']",airplane
14458,9,"['dog', 'frog', 'cat', 'airplane']",airplane
14459,2,"['ship', 'cat', 'automobile', 'airplane']",automobile
14460,0,"['horse', 'deer', 'frog', 'cat']",horse
14461,1,"['bird', 'dog', 'frog', 'cat', 'airplane']",airplane
14462,9,"['dog', 'frog', 'cat', 'airplane']",airplane
14463,2,"['ship', 'cat', 'automobile', 'airplane']",cat
14464,8,"['horse', 'airplane', 'cat', 'frog']",horse
14465,5,"['frog', 'ship', 'airplane', 'automobile']",ship
14466,3,"['frog', 'ship', 'automobile', 'airplane']",ship
14467,9,"['dog', 'frog', 'cat', 'airplane']",airplane
14468,0,"['horse', 'deer', 'frog', 'cat']",horse
14469,4,"['cat', 'automobile', 'frog', 'airplane']",automobile
14470,1,"['bird', 'dog', 'frog', 'cat', 'airplane']",airplane
14471,9,"['dog', 'frog', 'cat', 'airplane']",airplane
14472,2,"['ship', 'cat', 'automobile', 'airplane']",cat
14473,2,"['ship', 'cat', 'automobile', 'airplane']",cat
14474,4,"['cat', 'automobile', 'frog', 'airplane']",automobile
14475,9,"['dog', 'frog', 'cat', 'airplane']",airplane
14476,6,"['automobile', 'horse', 'ship', 'airplane']",airplane
14477,5,"['frog', 'ship', 'airplane', 'automobile']",ship
14478,2,"['ship', 'cat', 'automobile', 'airplane']",cat
14479,0,"['horse', 'deer', 'frog', 'cat']",horse
14480,6,"['automobile', 'horse', 'ship', 'airplane']",airplane
14481,1,"['bird', 'dog', 'frog', 'cat', 'airplane']",airplane
14482,0,"['horse', 'deer', 'frog', 'cat']",horse
14483,8,"['horse', 'airplane', 'cat', 'frog']",horse
14484,4,"['cat', 'automobile', 'frog', 'airplane']",automobile
14485,3,"['frog', 'ship', 'automobile', 'airplane']",ship
14486,0,"['horse', 'deer', 'frog', 'cat']",horse
14487,0,"['horse', 'deer', 'frog', 'cat']",horse
14488,0,"['horse', 'deer', 'frog', 'cat']",horse
14489,7,"['automobile', 'cat', 'airplane', 'frog']",cat
14490,4,"['cat', 'automobile', 'frog', 'airplane']",automobile
14491,3,"['frog', 'ship', 'automobile', 'airplane']",ship
14492,4,"['cat', 'automobile', 'frog', 'airplane']",automobile
14493,7,"['automobile', 'cat', 'airplane', 'frog']",cat
14494,3,"['frog', 'ship', 'automobile', 'airplane']",ship
14495,5,"['frog', 'ship', 'airplane', 'automobile']",ship
14496,2,"['ship', 'cat', 'automobile', 'airplane']",automobile
14497,8,"['horse', 'airplane', 'cat', 'frog']",horse
14498,1,"['bird', 'dog', 'frog', 'cat', 'airplane']",airplane
14499,0,"['horse', 'deer', 'frog', 'cat']",horse
14500,2,"['ship', 'cat', 'automobile', 'airplane']",automobile
14501,1,"['bird', 'dog', 'frog', 'cat', 'airplane']",airplane
14502,1,"['bird', 'dog', 'frog', 'cat', 'airplane']",airplane
14503,7,"['automobile', 'cat', 'airplane', 'frog']",airplane
14504,5,"['frog', 'ship', 'airplane', 'automobile']",ship
14505,6,"['automobile', 'horse', 'ship', 'airplane']",airplane
14506,9,"['dog', 'frog', 'cat', 'airplane']",airplane
14507,1,"['bird', 'dog', 'frog', 'cat', 'airplane']",airplane
14508,6,"['automobile', 'horse', 'ship', 'airplane']",automobile
14509,0,"['horse', 'deer', 'frog', 'cat']",horse
14510,9,"['dog', 'frog', 'cat', 'airplane']",airplane
14511,3,"['frog', 'ship', 'automobile', 'airplane']",ship
14512,1,"['bird', 'dog', 'frog', 'cat', 'airplane']",airplane
14513,6,"['automobile', 'horse', 'ship', 'airplane']",ship
14514,6,"['automobile', 'horse', 'ship', 'airplane']",airplane
14515,9,"['dog', 'frog', 'cat', 'airplane']",airplane
14516,4,"['cat', 'automobile', 'frog', 'airplane']",automobile
14517,7,"['automobile', 'cat', 'airplane', 'frog']",cat
14518,1,"['bird', 'dog', 'frog', 'cat', 'airplane']",airplane
14519,1,"['bird', 'dog', 'frog', 'cat', 'airplane']",airplane
14520,0,"['horse', 'deer', 'frog', 'cat']",horse
14521,4,"['cat', 'automobile', 'frog', 'airplane']",automobile
14522,5,"['frog', 'ship', 'airplane', 'automobile']",ship
14523,9,"['dog', 'frog', 'cat', 'airplane']",airplane
14524,1,"['bird', 'dog', 'frog', 'cat', 'airplane']",airplane
14525,9,"['dog', 'frog', 'cat', 'airplane']",airplane
14526,3,"['frog', 'ship', 'automobile', 'airplane']",ship
14527,3,"['frog', 'ship', 'automobile', 'airplane']",ship
14528,0,"['horse', 'deer', 'frog', 'cat']",horse
14529,8,"['horse', 'airplane', 'cat', 'frog']",horse
14530,5,"['frog', 'ship', 'airplane', 'automobile']",ship
14531,7,"['automobile', 'cat', 'airplane', 'frog']",cat
14532,4,"['cat', 'automobile', 'frog', 'airplane']",automobile
14533,5,"['frog', 'ship', 'airplane', 'automobile']",ship
14534,0,"['horse', 'deer', 'frog', 'cat']",horse
14535,4,"['cat', 'automobile', 'frog', 'airplane']",automobile
14536,3,"['frog', 'ship', 'automobile', 'airplane']",ship
14537,7,"['automobile', 'cat', 'airplane', 'frog']",cat
14538,1,"['bird', 'dog', 'frog', 'cat', 'airplane']",airplane
14539,8,"['horse', 'airplane', 'cat', 'frog']",horse
14540,7,"['automobile', 'cat', 'airplane', 'frog']",cat
14541,9,"['dog', 'frog', 'cat', 'airplane']",airplane
14542,8,"['horse', 'airplane', 'cat', 'frog']",horse
14543,3,"['frog', 'ship', 'automobile', 'airplane']",ship
14544,6,"['automobile', 'horse', 'ship', 'airplane']",airplane
14545,9,"['dog', 'frog', 'cat', 'airplane']",dog
14546,1,"['bird', 'dog', 'frog', 'cat', 'airplane']",airplane
14547,6,"['automobile', 'horse', 'ship', 'airplane']",airplane
14548,0,"['horse', 'deer', 'frog', 'cat']",horse
14549,1,"['bird', 'dog', 'frog', 'cat', 'airplane']",airplane
14550,0,"['horse', 'deer', 'frog', 'cat']",horse
14551,8,"['horse', 'airplane', 'cat', 'frog']",horse
14552,9,"['dog', 'frog', 'cat', 'airplane']",airplane
14553,6,"['automobile', 'horse', 'ship', 'airplane']",airplane
14554,3,"['frog', 'ship', 'automobile', 'airplane']",ship
14555,4,"['cat', 'automobile', 'frog', 'airplane']",automobile
14556,7,"['automobile', 'cat', 'airplane', 'frog']",cat
14557,4,"['cat', 'automobile', 'frog', 'airplane']",automobile
14558,3,"['frog', 'ship', 'automobile', 'airplane']",ship
14559,2,"['ship', 'cat', 'automobile', 'airplane']",automobile
14560,4,"['cat', 'automobile', 'frog', 'airplane']",airplane
14561,7,"['automobile', 'cat', 'airplane', 'frog']",airplane
14562,9,"['dog', 'frog', 'cat', 'airplane']",airplane
14563,9,"['dog', 'frog', 'cat', 'airplane']",airplane
14564,9,"['dog', 'frog', 'cat', 'airplane']",airplane
14565,8,"['horse', 'airplane', 'cat', 'frog']",horse
14566,4,"['cat', 'automobile', 'frog', 'airplane']",automobile
14567,0,"['horse', 'deer', 'frog', 'cat']",horse
14568,3,"['frog', 'ship', 'automobile', 'airplane']",ship
14569,2,"['ship', 'cat', 'automobile', 'airplane']",cat
14570,5,"['frog', 'ship', 'airplane', 'automobile']",ship
14571,9,"['dog', 'frog', 'cat', 'airplane']",airplane
14572,9,"['dog', 'frog', 'cat', 'airplane']",airplane
14573,4,"['cat', 'automobile', 'frog', 'airplane']",automobile
14574,3,"['frog', 'ship', 'automobile', 'airplane']",ship
14575,3,"['frog', 'ship', 'automobile', 'airplane']",ship
14576,4,"['cat', 'automobile', 'frog', 'airplane']",automobile
14577,7,"['automobile', 'cat', 'airplane', 'frog']",cat
14578,3,"['frog', 'ship', 'automobile', 'airplane']",ship
14579,5,"['frog', 'ship', 'airplane', 'automobile']",ship
14580,3,"['frog', 'ship', 'automobile', 'airplane']",ship
14581,8,"['horse', 'airplane', 'cat', 'frog']",horse
14582,7,"['automobile', 'cat', 'airplane', 'frog']",cat
14583,2,"['ship', 'cat', 'automobile', 'airplane']",cat
14584,4,"['cat', 'automobile', 'frog', 'airplane']",automobile
14585,0,"['horse', 'deer', 'frog', 'cat']",horse
14586,9,"['dog', 'frog', 'cat', 'airplane']",airplane
14587,8,"['horse', 'airplane', 'cat', 'frog']",horse
14588,2,"['ship', 'cat', 'automobile', 'airplane']",cat
14589,7,"['automobile', 'cat', 'airplane', 'frog']",cat
14590,3,"['frog', 'ship', 'automobile', 'airplane']",ship
14591,0,"['horse', 'deer', 'frog', 'cat']",horse
14592,0,"['horse', 'deer', 'frog', 'cat']",horse
14593,1,"['bird', 'dog', 'frog', 'cat', 'airplane']",airplane
14594,0,"['horse', 'deer', 'frog', 'cat']",horse
14595,2,"['ship', 'cat', 'automobile', 'airplane']",automobile
14596,7,"['automobile', 'cat', 'airplane', 'frog']",cat
14597,0,"['horse', 'deer', 'frog', 'cat']",horse
14598,1,"['bird', 'dog', 'frog', 'cat', 'airplane']",airplane
14599,9,"['dog', 'frog', 'cat', 'airplane']",airplane
14600,4,"['cat', 'automobile', 'frog', 'airplane']",automobile
14601,2,"['ship', 'cat', 'automobile', 'airplane']",cat
14602,2,"['ship', 'cat', 'automobile', 'airplane']",cat
14603,7,"['automobile', 'cat', 'airplane', 'frog']",cat
14604,6,"['automobile', 'horse', 'ship', 'airplane']",airplane
14605,3,"['frog', 'ship', 'automobile', 'airplane']",ship
14606,8,"['horse', 'airplane', 'cat', 'frog']",horse
14607,4,"['cat', 'automobile', 'frog', 'airplane']",automobile
14608,6,"['automobile', 'horse', 'ship', 'airplane']",airplane
14609,9,"['dog', 'frog', 'cat', 'airplane']",airplane
14610,9,"['dog', 'frog', 'cat', 'airplane']",dog
14611,7,"['automobile', 'cat', 'airplane', 'frog']",cat
14612,4,"['cat', 'automobile', 'frog', 'airplane']",automobile
14613,8,"['horse', 'airplane', 'cat', 'frog']",horse
14614,7,"['automobile', 'cat', 'airplane', 'frog']",airplane
14615,0,"['horse', 'deer', 'frog', 'cat']",horse
14616,9,"['dog', 'frog', 'cat', 'airplane']",dog
14617,9,"['dog', 'frog', 'cat', 'airplane']",airplane
14618,4,"['cat', 'automobile', 'frog', 'airplane']",automobile
14619,2,"['ship', 'cat', 'automobile', 'airplane']",cat
14620,2,"['ship', 'cat', 'automobile', 'airplane']",cat
14621,6,"['automobile', 'horse', 'ship', 'airplane']",airplane
14622,6,"['automobile', 'horse', 'ship', 'airplane']",airplane
14623,3,"['frog', 'ship', 'automobile', 'airplane']",ship
14624,8,"['horse', 'airplane', 'cat', 'frog']",horse
14625,6,"['automobile', 'horse', 'ship', 'airplane']",ship
14626,9,"['dog', 'frog', 'cat', 'airplane']",airplane
14627,5,"['frog', 'ship', 'airplane', 'automobile']",ship
14628,6,"['automobile', 'horse', 'ship', 'airplane']",airplane
14629,6,"['automobile', 'horse', 'ship', 'airplane']",ship
14630,7,"['automobile', 'cat', 'airplane', 'frog']",cat
14631,6,"['automobile', 'horse', 'ship', 'airplane']",airplane
14632,5,"['frog', 'ship', 'airplane', 'automobile']",ship
14633,7,"['automobile', 'cat', 'airplane', 'frog']",cat
14634,4,"['cat', 'automobile', 'frog', 'airplane']",automobile
14635,4,"['cat', 'automobile', 'frog', 'airplane']",automobile
14636,7,"['automobile', 'cat', 'airplane', 'frog']",cat
14637,8,"['horse', 'airplane', 'cat', 'frog']",horse
14638,6,"['automobile', 'horse', 'ship', 'airplane']",airplane
14639,6,"['automobile', 'horse', 'ship', 'airplane']",airplane
14640,2,"['ship', 'cat', 'automobile', 'airplane']",cat
14641,7,"['automobile', 'cat', 'airplane', 'frog']",cat
14642,8,"['horse', 'airplane', 'cat', 'frog']",horse
14643,1,"['bird', 'dog', 'frog', 'cat', 'airplane']",airplane
14644,4,"['cat', 'automobile', 'frog', 'airplane']",automobile
14645,4,"['cat', 'automobile', 'frog', 'airplane']",airplane
14646,2,"['ship', 'cat', 'automobile', 'airplane']",cat
14647,3,"['frog', 'ship', 'automobile', 'airplane']",ship
14648,8,"['horse', 'airplane', 'cat', 'frog']",horse
14649,4,"['cat', 'automobile', 'frog', 'airplane']",automobile
14650,5,"['frog', 'ship', 'airplane', 'automobile']",ship
14651,3,"['frog', 'ship', 'automobile', 'airplane']",ship
14652,0,"['horse', 'deer', 'frog', 'cat']",horse
14653,7,"['automobile', 'cat', 'airplane', 'frog']",cat
14654,0,"['horse', 'deer', 'frog', 'cat']",horse
14655,2,"['ship', 'cat', 'automobile', 'airplane']",automobile
14656,4,"['cat', 'automobile', 'frog', 'airplane']",automobile
14657,5,"['frog', 'ship', 'airplane', 'automobile']",ship
14658,2,"['ship', 'cat', 'automobile', 'airplane']",cat
14659,1,"['bird', 'dog', 'frog', 'cat', 'airplane']",airplane
14660,6,"['automobile', 'horse', 'ship', 'airplane']",airplane
14661,9,"['dog', 'frog', 'cat', 'airplane']",airplane
14662,1,"['bird', 'dog', 'frog', 'cat', 'airplane']",airplane
14663,5,"['frog', 'ship', 'airplane', 'automobile']",ship
14664,4,"['cat', 'automobile', 'frog', 'airplane']",automobile
14665,8,"['horse', 'airplane', 'cat', 'frog']",horse
14666,0,"['horse', 'deer', 'frog', 'cat']",horse
14667,4,"['cat', 'automobile', 'frog', 'airplane']",automobile
14668,1,"['bird', 'dog', 'frog', 'cat', 'airplane']",airplane
14669,5,"['frog', 'ship', 'airplane', 'automobile']",ship
14670,4,"['cat', 'automobile', 'frog', 'airplane']",automobile
14671,7,"['automobile', 'cat', 'airplane', 'frog']",cat
14672,2,"['ship', 'cat', 'automobile', 'airplane']",cat
14673,5,"['frog', 'ship', 'airplane', 'automobile']",ship
14674,3,"['frog', 'ship', 'automobile', 'airplane']",ship
14675,2,"['ship', 'cat', 'automobile', 'airplane']",cat
14676,1,"['bird', 'dog', 'frog', 'cat', 'airplane']",airplane
14677,5,"['frog', 'ship', 'airplane', 'automobile']",ship
14678,6,"['automobile', 'horse', 'ship', 'airplane']",horse
14679,6,"['automobile', 'horse', 'ship', 'airplane']",airplane
14680,7,"['automobile', 'cat', 'airplane', 'frog']",cat
14681,5,"['frog', 'ship', 'airplane', 'automobile']",ship
14682,5,"['frog', 'ship', 'airplane', 'automobile']",ship
14683,9,"['dog', 'frog', 'cat', 'airplane']",airplane
14684,8,"['horse', 'airplane', 'cat', 'frog']",horse
14685,3,"['frog', 'ship', 'automobile', 'airplane']",ship
14686,7,"['automobile', 'cat', 'airplane', 'frog']",airplane
14687,9,"['dog', 'frog', 'cat', 'airplane']",airplane
14688,2,"['ship', 'cat', 'automobile', 'airplane']",automobile
14689,0,"['horse', 'deer', 'frog', 'cat']",horse
14690,4,"['cat', 'automobile', 'frog', 'airplane']",automobile
14691,5,"['frog', 'ship', 'airplane', 'automobile']",ship
14692,7,"['automobile', 'cat', 'airplane', 'frog']",cat
14693,8,"['horse', 'airplane', 'cat', 'frog']",horse
14694,6,"['automobile', 'horse', 'ship', 'airplane']",ship
14695,9,"['dog', 'frog', 'cat', 'airplane']",airplane
14696,5,"['frog', 'ship', 'airplane', 'automobile']",ship
14697,2,"['ship', 'cat', 'automobile', 'airplane']",cat
14698,0,"['horse', 'deer', 'frog', 'cat']",horse
14699,4,"['cat', 'automobile', 'frog', 'airplane']",automobile
14700,5,"['frog', 'ship', 'airplane', 'automobile']",ship
14701,6,"['automobile', 'horse', 'ship', 'airplane']",airplane
14702,3,"['frog', 'ship', 'automobile', 'airplane']",ship
14703,3,"['frog', 'ship', 'automobile', 'airplane']",ship
14704,4,"['cat', 'automobile', 'frog', 'airplane']",automobile
14705,9,"['dog', 'frog', 'cat', 'airplane']",dog
14706,3,"['frog', 'ship', 'automobile', 'airplane']",ship
14707,5,"['frog', 'ship', 'airplane', 'automobile']",ship
14708,0,"['horse', 'deer', 'frog', 'cat']",horse
14709,3,"['frog', 'ship', 'automobile', 'airplane']",ship
14710,8,"['horse', 'airplane', 'cat', 'frog']",horse
14711,8,"['horse', 'airplane', 'cat', 'frog']",horse
14712,0,"['horse', 'deer', 'frog', 'cat']",horse
14713,1,"['bird', 'dog', 'frog', 'cat', 'airplane']",airplane
14714,8,"['horse', 'airplane', 'cat', 'frog']",horse
14715,2,"['ship', 'cat', 'automobile', 'airplane']",cat
14716,1,"['bird', 'dog', 'frog', 'cat', 'airplane']",airplane
14717,1,"['bird', 'dog', 'frog', 'cat', 'airplane']",airplane
14718,8,"['horse', 'airplane', 'cat', 'frog']",horse
14719,6,"['automobile', 'horse', 'ship', 'airplane']",airplane
14720,2,"['ship', 'cat', 'automobile', 'airplane']",automobile
14721,1,"['bird', 'dog', 'frog', 'cat', 'airplane']",airplane
14722,1,"['bird', 'dog', 'frog', 'cat', 'airplane']",airplane
14723,9,"['dog', 'frog', 'cat', 'airplane']",airplane
14724,5,"['frog', 'ship', 'airplane', 'automobile']",ship
14725,7,"['automobile', 'cat', 'airplane', 'frog']",airplane
14726,4,"['cat', 'automobile', 'frog', 'airplane']",automobile
14727,0,"['horse', 'deer', 'frog', 'cat']",horse
14728,8,"['horse', 'airplane', 'cat', 'frog']",horse
14729,8,"['horse', 'airplane', 'cat', 'frog']",horse
14730,3,"['frog', 'ship', 'automobile', 'airplane']",ship
14731,9,"['dog', 'frog', 'cat', 'airplane']",airplane
14732,0,"['horse', 'deer', 'frog', 'cat']",horse
14733,7,"['automobile', 'cat', 'airplane', 'frog']",cat
14734,5,"['frog', 'ship', 'airplane', 'automobile']",ship
14735,3,"['frog', 'ship', 'automobile', 'airplane']",ship
14736,8,"['horse', 'airplane', 'cat', 'frog']",horse
14737,4,"['cat', 'automobile', 'frog', 'airplane']",automobile
14738,7,"['automobile', 'cat', 'airplane', 'frog']",cat
14739,2,"['ship', 'cat', 'automobile', 'airplane']",cat
14740,1,"['bird', 'dog', 'frog', 'cat', 'airplane']",airplane
14741,7,"['automobile', 'cat', 'airplane', 'frog']",cat
14742,7,"['automobile', 'cat', 'airplane', 'frog']",cat
14743,9,"['dog', 'frog', 'cat', 'airplane']",dog
14744,4,"['cat', 'automobile', 'frog', 'airplane']",automobile
14745,7,"['automobile', 'cat', 'airplane', 'frog']",cat
14746,6,"['automobile', 'horse', 'ship', 'airplane']",ship
14747,4,"['cat', 'automobile', 'frog', 'airplane']",frog
14748,5,"['frog', 'ship', 'airplane', 'automobile']",ship
14749,6,"['automobile', 'horse', 'ship', 'airplane']",horse
14750,5,"['frog', 'ship', 'airplane', 'automobile']",ship
14751,3,"['frog', 'ship', 'automobile', 'airplane']",ship
14752,2,"['ship', 'cat', 'automobile', 'airplane']",cat
14753,8,"['horse', 'airplane', 'cat', 'frog']",horse
14754,0,"['horse', 'deer', 'frog', 'cat']",horse
14755,6,"['automobile', 'horse', 'ship', 'airplane']",airplane
14756,2,"['ship', 'cat', 'automobile', 'airplane']",cat
14757,7,"['automobile', 'cat', 'airplane', 'frog']",cat
14758,7,"['automobile', 'cat', 'airplane', 'frog']",cat
14759,5,"['frog', 'ship', 'airplane', 'automobile']",ship
14760,5,"['frog', 'ship', 'airplane', 'automobile']",ship
14761,2,"['ship', 'cat', 'automobile', 'airplane']",cat
14762,5,"['frog', 'ship', 'airplane', 'automobile']",ship
14763,5,"['frog', 'ship', 'airplane', 'automobile']",ship
14764,1,"['bird', 'dog', 'frog', 'cat', 'airplane']",airplane
14765,9,"['dog', 'frog', 'cat', 'airplane']",airplane
14766,8,"['horse', 'airplane', 'cat', 'frog']",horse
14767,8,"['horse', 'airplane', 'cat', 'frog']",horse
14768,2,"['ship', 'cat', 'automobile', 'airplane']",cat
14769,2,"['ship', 'cat', 'automobile', 'airplane']",cat
14770,2,"['ship', 'cat', 'automobile', 'airplane']",cat
14771,7,"['automobile', 'cat', 'airplane', 'frog']",cat
14772,6,"['automobile', 'horse', 'ship', 'airplane']",ship
14773,4,"['cat', 'automobile', 'frog', 'airplane']",automobile
14774,2,"['ship', 'cat', 'automobile', 'airplane']",cat
14775,7,"['automobile', 'cat', 'airplane', 'frog']",cat
14776,1,"['bird', 'dog', 'frog', 'cat', 'airplane']",airplane
14777,4,"['cat', 'automobile', 'frog', 'airplane']",automobile
14778,0,"['horse', 'deer', 'frog', 'cat']",horse
14779,3,"['frog', 'ship', 'automobile', 'airplane']",ship
14780,7,"['automobile', 'cat', 'airplane', 'frog']",airplane
14781,4,"['cat', 'automobile', 'frog', 'airplane']",automobile
14782,0,"['horse', 'deer', 'frog', 'cat']",horse
14783,9,"['dog', 'frog', 'cat', 'airplane']",airplane
14784,9,"['dog', 'frog', 'cat', 'airplane']",dog
14785,2,"['ship', 'cat', 'automobile', 'airplane']",cat
14786,4,"['cat', 'automobile', 'frog', 'airplane']",automobile
14787,4,"['cat', 'automobile', 'frog', 'airplane']",automobile
14788,7,"['automobile', 'cat', 'airplane', 'frog']",airplane
14789,4,"['cat', 'automobile', 'frog', 'airplane']",automobile
14790,8,"['horse', 'airplane', 'cat', 'frog']",horse
14791,5,"['frog', 'ship', 'airplane', 'automobile']",ship
14792,5,"['frog', 'ship', 'airplane', 'automobile']",ship
14793,2,"['ship', 'cat', 'automobile', 'airplane']",cat
14794,3,"['frog', 'ship', 'automobile', 'airplane']",ship
14795,1,"['bird', 'dog', 'frog', 'cat', 'airplane']",airplane
14796,0,"['horse', 'deer', 'frog', 'cat']",horse
14797,5,"['frog', 'ship', 'airplane', 'automobile']",ship
14798,4,"['cat', 'automobile', 'frog', 'airplane']",airplane
14799,7,"['automobile', 'cat', 'airplane', 'frog']",cat
14800,3,"['frog', 'ship', 'automobile', 'airplane']",ship
14801,7,"['automobile', 'cat', 'airplane', 'frog']",cat
14802,5,"['frog', 'ship', 'airplane', 'automobile']",ship
14803,9,"['dog', 'frog', 'cat', 'airplane']",dog
14804,8,"['horse', 'airplane', 'cat', 'frog']",horse
14805,1,"['bird', 'dog', 'frog', 'cat', 'airplane']",airplane
14806,0,"['horse', 'deer', 'frog', 'cat']",horse
14807,0,"['horse', 'deer', 'frog', 'cat']",horse
14808,7,"['automobile', 'cat', 'airplane', 'frog']",cat
14809,9,"['dog', 'frog', 'cat', 'airplane']",airplane
14810,4,"['cat', 'automobile', 'frog', 'airplane']",automobile
14811,2,"['ship', 'cat', 'automobile', 'airplane']",cat
14812,2,"['ship', 'cat', 'automobile', 'airplane']",automobile
14813,9,"['dog', 'frog', 'cat', 'airplane']",airplane
14814,2,"['ship', 'cat', 'automobile', 'airplane']",automobile
14815,4,"['cat', 'automobile', 'frog', 'airplane']",automobile
14816,4,"['cat', 'automobile', 'frog', 'airplane']",automobile
14817,3,"['frog', 'ship', 'automobile', 'airplane']",ship
14818,7,"['automobile', 'cat', 'airplane', 'frog']",cat
14819,2,"['ship', 'cat', 'automobile', 'airplane']",airplane
14820,3,"['frog', 'ship', 'automobile', 'airplane']",ship
14821,8,"['horse', 'airplane', 'cat', 'frog']",horse
14822,7,"['automobile', 'cat', 'airplane', 'frog']",airplane
14823,8,"['horse', 'airplane', 'cat', 'frog']",horse
14824,6,"['automobile', 'horse', 'ship', 'airplane']",airplane
14825,9,"['dog', 'frog', 'cat', 'airplane']",dog
14826,8,"['horse', 'airplane', 'cat', 'frog']",horse
14827,4,"['cat', 'automobile', 'frog', 'airplane']",automobile
14828,6,"['automobile', 'horse', 'ship', 'airplane']",ship
14829,2,"['ship', 'cat', 'automobile', 'airplane']",cat
14830,6,"['automobile', 'horse', 'ship', 'airplane']",airplane
14831,8,"['horse', 'airplane', 'cat', 'frog']",horse
14832,8,"['horse', 'airplane', 'cat', 'frog']",horse
14833,6,"['automobile', 'horse', 'ship', 'airplane']",airplane
14834,2,"['ship', 'cat', 'automobile', 'airplane']",cat
14835,2,"['ship', 'cat', 'automobile', 'airplane']",automobile
14836,1,"['bird', 'dog', 'frog', 'cat', 'airplane']",airplane
14837,7,"['automobile', 'cat', 'airplane', 'frog']",airplane
14838,6,"['automobile', 'horse', 'ship', 'airplane']",ship
14839,2,"['ship', 'cat', 'automobile', 'airplane']",cat
14840,2,"['ship', 'cat', 'automobile', 'airplane']",automobile
14841,5,"['frog', 'ship', 'airplane', 'automobile']",ship
14842,2,"['ship', 'cat', 'automobile', 'airplane']",cat
14843,2,"['ship', 'cat', 'automobile', 'airplane']",cat
14844,1,"['bird', 'dog', 'frog', 'cat', 'airplane']",airplane
14845,6,"['automobile', 'horse', 'ship', 'airplane']",automobile
14846,8,"['horse', 'airplane', 'cat', 'frog']",horse
14847,9,"['dog', 'frog', 'cat', 'airplane']",airplane
14848,0,"['horse', 'deer', 'frog', 'cat']",horse
14849,1,"['bird', 'dog', 'frog', 'cat', 'airplane']",airplane
14850,5,"['frog', 'ship', 'airplane', 'automobile']",ship
14851,1,"['bird', 'dog', 'frog', 'cat', 'airplane']",airplane
14852,4,"['cat', 'automobile', 'frog', 'airplane']",airplane
14853,4,"['cat', 'automobile', 'frog', 'airplane']",automobile
14854,8,"['horse', 'airplane', 'cat', 'frog']",horse
14855,1,"['bird', 'dog', 'frog', 'cat', 'airplane']",airplane
14856,0,"['horse', 'deer', 'frog', 'cat']",horse
14857,4,"['cat', 'automobile', 'frog', 'airplane']",automobile
14858,4,"['cat', 'automobile', 'frog', 'airplane']",automobile
14859,1,"['bird', 'dog', 'frog', 'cat', 'airplane']",airplane
14860,2,"['ship', 'cat', 'automobile', 'airplane']",automobile
14861,3,"['frog', 'ship', 'automobile', 'airplane']",ship
14862,7,"['automobile', 'cat', 'airplane', 'frog']",cat
14863,7,"['automobile', 'cat', 'airplane', 'frog']",airplane
14864,6,"['automobile', 'horse', 'ship', 'airplane']",airplane
14865,7,"['automobile', 'cat', 'airplane', 'frog']",airplane
14866,8,"['horse', 'airplane', 'cat', 'frog']",horse
14867,0,"['horse', 'deer', 'frog', 'cat']",horse
14868,9,"['dog', 'frog', 'cat', 'airplane']",airplane
14869,4,"['cat', 'automobile', 'frog', 'airplane']",automobile
14870,8,"['horse', 'airplane', 'cat', 'frog']",horse
14871,1,"['bird', 'dog', 'frog', 'cat', 'airplane']",airplane
14872,8,"['horse', 'airplane', 'cat', 'frog']",horse
14873,6,"['automobile', 'horse', 'ship', 'airplane']",airplane
14874,1,"['bird', 'dog', 'frog', 'cat', 'airplane']",airplane
14875,5,"['frog', 'ship', 'airplane', 'automobile']",ship
14876,8,"['horse', 'airplane', 'cat', 'frog']",horse
14877,0,"['horse', 'deer', 'frog', 'cat']",horse
14878,1,"['bird', 'dog', 'frog', 'cat', 'airplane']",airplane
14879,4,"['cat', 'automobile', 'frog', 'airplane']",automobile
14880,9,"['dog', 'frog', 'cat', 'airplane']",airplane
14881,5,"['frog', 'ship', 'airplane', 'automobile']",ship
14882,4,"['cat', 'automobile', 'frog', 'airplane']",automobile
14883,8,"['horse', 'airplane', 'cat', 'frog']",horse
14884,6,"['automobile', 'horse', 'ship', 'airplane']",airplane
14885,9,"['dog', 'frog', 'cat', 'airplane']",dog
14886,4,"['cat', 'automobile', 'frog', 'airplane']",automobile
14887,2,"['ship', 'cat', 'automobile', 'airplane']",cat
14888,4,"['cat', 'automobile', 'frog', 'airplane']",airplane
14889,6,"['automobile', 'horse', 'ship', 'airplane']",airplane
14890,1,"['bird', 'dog', 'frog', 'cat', 'airplane']",airplane
14891,8,"['horse', 'airplane', 'cat', 'frog']",horse
14892,9,"['dog', 'frog', 'cat', 'airplane']",airplane
14893,4,"['cat', 'automobile', 'frog', 'airplane']",automobile
14894,6,"['automobile', 'horse', 'ship', 'airplane']",ship
14895,9,"['dog', 'frog', 'cat', 'airplane']",airplane
14896,5,"['frog', 'ship', 'airplane', 'automobile']",ship
14897,7,"['automobile', 'cat', 'airplane', 'frog']",cat
14898,0,"['horse', 'deer', 'frog', 'cat']",horse
14899,2,"['ship', 'cat', 'automobile', 'airplane']",cat
14900,1,"['bird', 'dog', 'frog', 'cat', 'airplane']",airplane
14901,8,"['horse', 'airplane', 'cat', 'frog']",horse
14902,9,"['dog', 'frog', 'cat', 'airplane']",dog
14903,2,"['ship', 'cat', 'automobile', 'airplane']",cat
14904,1,"['bird', 'dog', 'frog', 'cat', 'airplane']",airplane
14905,4,"['cat', 'automobile', 'frog', 'airplane']",automobile
14906,6,"['automobile', 'horse', 'ship', 'airplane']",airplane
14907,4,"['cat', 'automobile', 'frog', 'airplane']",automobile
14908,5,"['frog', 'ship', 'airplane', 'automobile']",ship
14909,0,"['horse', 'deer', 'frog', 'cat']",horse
14910,7,"['automobile', 'cat', 'airplane', 'frog']",airplane
14911,4,"['cat', 'automobile', 'frog', 'airplane']",automobile
14912,1,"['bird', 'dog', 'frog', 'cat', 'airplane']",airplane
14913,9,"['dog', 'frog', 'cat', 'airplane']",dog
14914,4,"['cat', 'automobile', 'frog', 'airplane']",automobile
14915,2,"['ship', 'cat', 'automobile', 'airplane']",cat
14916,6,"['automobile', 'horse', 'ship', 'airplane']",airplane
14917,9,"['dog', 'frog', 'cat', 'airplane']",airplane
14918,2,"['ship', 'cat', 'automobile', 'airplane']",cat
14919,3,"['frog', 'ship', 'automobile', 'airplane']",ship
14920,3,"['frog', 'ship', 'automobile', 'airplane']",ship
14921,4,"['cat', 'automobile', 'frog', 'airplane']",airplane
14922,8,"['horse', 'airplane', 'cat', 'frog']",horse
14923,4,"['cat', 'automobile', 'frog', 'airplane']",automobile
14924,3,"['frog', 'ship', 'automobile', 'airplane']",ship
14925,4,"['cat', 'automobile', 'frog', 'airplane']",automobile
14926,2,"['ship', 'cat', 'automobile', 'airplane']",automobile
14927,1,"['bird', 'dog', 'frog', 'cat', 'airplane']",airplane
14928,7,"['automobile', 'cat', 'airplane', 'frog']",cat
14929,5,"['frog', 'ship', 'airplane', 'automobile']",ship
14930,2,"['ship', 'cat', 'automobile', 'airplane']",cat
14931,5,"['frog', 'ship', 'airplane', 'automobile']",ship
14932,5,"['frog', 'ship', 'airplane', 'automobile']",ship
14933,4,"['cat', 'automobile', 'frog', 'airplane']",automobile
14934,8,"['horse', 'airplane', 'cat', 'frog']",horse
14935,4,"['cat', 'automobile', 'frog', 'airplane']",automobile
14936,3,"['frog', 'ship', 'automobile', 'airplane']",ship
14937,4,"['cat', 'automobile', 'frog', 'airplane']",automobile
14938,3,"['frog', 'ship', 'automobile', 'airplane']",ship
14939,7,"['automobile', 'cat', 'airplane', 'frog']",cat
14940,6,"['automobile', 'horse', 'ship', 'airplane']",ship
14941,3,"['frog', 'ship', 'automobile', 'airplane']",ship
14942,3,"['frog', 'ship', 'automobile', 'airplane']",ship
14943,4,"['cat', 'automobile', 'frog', 'airplane']",automobile
14944,7,"['automobile', 'cat', 'airplane', 'frog']",airplane
14945,0,"['horse', 'deer', 'frog', 'cat']",horse
14946,2,"['ship', 'cat', 'automobile', 'airplane']",automobile
14947,7,"['automobile', 'cat', 'airplane', 'frog']",cat
14948,0,"['horse', 'deer', 'frog', 'cat']",horse
14949,0,"['horse', 'deer', 'frog', 'cat']",horse
14950,6,"['automobile', 'horse', 'ship', 'airplane']",airplane
14951,6,"['automobile', 'horse', 'ship', 'airplane']",automobile
14952,5,"['frog', 'ship', 'airplane', 'automobile']",ship
14953,9,"['dog', 'frog', 'cat', 'airplane']",airplane
14954,9,"['dog', 'frog', 'cat', 'airplane']",dog
14955,7,"['automobile', 'cat', 'airplane', 'frog']",cat
14956,4,"['cat', 'automobile', 'frog', 'airplane']",automobile
14957,4,"['cat', 'automobile', 'frog', 'airplane']",airplane
14958,0,"['horse', 'deer', 'frog', 'cat']",frog
14959,6,"['automobile', 'horse', 'ship', 'airplane']",airplane
14960,5,"['frog', 'ship', 'airplane', 'automobile']",ship
14961,5,"['frog', 'ship', 'airplane', 'automobile']",ship
14962,3,"['frog', 'ship', 'automobile', 'airplane']",ship
14963,5,"['frog', 'ship', 'airplane', 'automobile']",ship
14964,1,"['bird', 'dog', 'frog', 'cat', 'airplane']",airplane
14965,5,"['frog', 'ship', 'airplane', 'automobile']",ship
14966,1,"['bird', 'dog', 'frog', 'cat', 'airplane']",airplane
14967,1,"['bird', 'dog', 'frog', 'cat', 'airplane']",airplane
14968,3,"['frog', 'ship', 'automobile', 'airplane']",ship
14969,8,"['horse', 'airplane', 'cat', 'frog']",horse
14970,9,"['dog', 'frog', 'cat', 'airplane']",airplane
14971,8,"['horse', 'airplane', 'cat', 'frog']",horse
14972,3,"['frog', 'ship', 'automobile', 'airplane']",ship
14973,6,"['automobile', 'horse', 'ship', 'airplane']",airplane
14974,4,"['cat', 'automobile', 'frog', 'airplane']",automobile
14975,5,"['frog', 'ship', 'airplane', 'automobile']",ship
14976,7,"['automobile', 'cat', 'airplane', 'frog']",airplane
14977,7,"['automobile', 'cat', 'airplane', 'frog']",airplane
14978,1,"['bird', 'dog', 'frog', 'cat', 'airplane']",airplane
14979,8,"['horse', 'airplane', 'cat', 'frog']",horse
14980,7,"['automobile', 'cat', 'airplane', 'frog']",cat
14981,6,"['automobile', 'horse', 'ship', 'airplane']",airplane
14982,8,"['horse', 'airplane', 'cat', 'frog']",horse
14983,7,"['automobile', 'cat', 'airplane', 'frog']",cat
14984,6,"['automobile', 'horse', 'ship', 'airplane']",ship
14985,9,"['dog', 'frog', 'cat', 'airplane']",airplane
14986,3,"['frog', 'ship', 'automobile', 'airplane']",ship
14987,5,"['frog', 'ship', 'airplane', 'automobile']",ship
14988,2,"['ship', 'cat', 'automobile', 'airplane']",automobile
14989,7,"['automobile', 'cat', 'airplane', 'frog']",airplane
14990,9,"['dog', 'frog', 'cat', 'airplane']",airplane
14991,8,"['horse', 'airplane', 'cat', 'frog']",horse
14992,5,"['frog', 'ship', 'airplane', 'automobile']",ship
14993,3,"['frog', 'ship', 'automobile', 'airplane']",ship
14994,6,"['automobile', 'horse', 'ship', 'airplane']",airplane
14995,1,"['bird', 'dog', 'frog', 'cat', 'airplane']",airplane
14996,4,"['cat', 'automobile', 'frog', 'airplane']",automobile
14997,4,"['cat', 'automobile', 'frog', 'airplane']",automobile
14998,9,"['dog', 'frog', 'cat', 'airplane']",airplane
14999,6,"['automobile', 'horse', 'ship', 'airplane']",ship
15000,0,"['horse', 'deer', 'frog', 'cat']",horse
15001,6,"['automobile', 'horse', 'ship', 'airplane']",airplane
15002,7,"['automobile', 'cat', 'airplane', 'frog']",cat
15003,0,"['horse', 'deer', 'frog', 'cat']",horse
15004,4,"['cat', 'automobile', 'frog', 'airplane']",automobile
15005,9,"['dog', 'frog', 'cat', 'airplane']",dog
15006,5,"['frog', 'ship', 'airplane', 'automobile']",ship
15007,8,"['horse', 'airplane', 'cat', 'frog']",horse
15008,0,"['horse', 'deer', 'frog', 'cat']",horse
15009,4,"['cat', 'automobile', 'frog', 'airplane']",automobile
15010,3,"['frog', 'ship', 'automobile', 'airplane']",ship
15011,8,"['horse', 'airplane', 'cat', 'frog']",horse
15012,4,"['cat', 'automobile', 'frog', 'airplane']",airplane
15013,7,"['automobile', 'cat', 'airplane', 'frog']",cat
15014,1,"['bird', 'dog', 'frog', 'cat', 'airplane']",airplane
15015,8,"['horse', 'airplane', 'cat', 'frog']",horse
15016,3,"['frog', 'ship', 'automobile', 'airplane']",ship
15017,5,"['frog', 'ship', 'airplane', 'automobile']",ship
15018,4,"['cat', 'automobile', 'frog', 'airplane']",automobile
15019,5,"['frog', 'ship', 'airplane', 'automobile']",ship
15020,7,"['automobile', 'cat', 'airplane', 'frog']",airplane
15021,4,"['cat', 'automobile', 'frog', 'airplane']",automobile
15022,8,"['horse', 'airplane', 'cat', 'frog']",horse
15023,6,"['automobile', 'horse', 'ship', 'airplane']",airplane
15024,4,"['cat', 'automobile', 'frog', 'airplane']",automobile
15025,8,"['horse', 'airplane', 'cat', 'frog']",horse
15026,6,"['automobile', 'horse', 'ship', 'airplane']",airplane
15027,9,"['dog', 'frog', 'cat', 'airplane']",airplane
15028,6,"['automobile', 'horse', 'ship', 'airplane']",airplane
15029,5,"['frog', 'ship', 'airplane', 'automobile']",ship
15030,0,"['horse', 'deer', 'frog', 'cat']",horse
15031,9,"['dog', 'frog', 'cat', 'airplane']",dog
15032,5,"['frog', 'ship', 'airplane', 'automobile']",ship
15033,9,"['dog', 'frog', 'cat', 'airplane']",airplane
15034,2,"['ship', 'cat', 'automobile', 'airplane']",cat
15035,6,"['automobile', 'horse', 'ship', 'airplane']",airplane
15036,4,"['cat', 'automobile', 'frog', 'airplane']",airplane
15037,7,"['automobile', 'cat', 'airplane', 'frog']",frog
15038,6,"['automobile', 'horse', 'ship', 'airplane']",airplane
15039,6,"['automobile', 'horse', 'ship', 'airplane']",automobile
15040,6,"['automobile', 'horse', 'ship', 'airplane']",airplane
15041,6,"['automobile', 'horse', 'ship', 'airplane']",airplane
15042,1,"['bird', 'dog', 'frog', 'cat', 'airplane']",airplane
15043,8,"['horse', 'airplane', 'cat', 'frog']",cat
15044,0,"['horse', 'deer', 'frog', 'cat']",horse
15045,7,"['automobile', 'cat', 'airplane', 'frog']",cat
15046,8,"['horse', 'airplane', 'cat', 'frog']",horse
15047,7,"['automobile', 'cat', 'airplane', 'frog']",cat
15048,6,"['automobile', 'horse', 'ship', 'airplane']",airplane
15049,8,"['horse', 'airplane', 'cat', 'frog']",horse
15050,6,"['automobile', 'horse', 'ship', 'airplane']",airplane
15051,1,"['bird', 'dog', 'frog', 'cat', 'airplane']",airplane
15052,6,"['automobile', 'horse', 'ship', 'airplane']",airplane
15053,3,"['frog', 'ship', 'automobile', 'airplane']",ship
15054,2,"['ship', 'cat', 'automobile', 'airplane']",cat
15055,7,"['automobile', 'cat', 'airplane', 'frog']",cat
15056,9,"['dog', 'frog', 'cat', 'airplane']",dog
15057,3,"['frog', 'ship', 'automobile', 'airplane']",ship
15058,7,"['automobile', 'cat', 'airplane', 'frog']",airplane
15059,1,"['bird', 'dog', 'frog', 'cat', 'airplane']",airplane
15060,6,"['automobile', 'horse', 'ship', 'airplane']",horse
15061,1,"['bird', 'dog', 'frog', 'cat', 'airplane']",airplane
15062,9,"['dog', 'frog', 'cat', 'airplane']",dog
15063,6,"['automobile', 'horse', 'ship', 'airplane']",airplane
15064,6,"['automobile', 'horse', 'ship', 'airplane']",airplane
15065,2,"['ship', 'cat', 'automobile', 'airplane']",cat
15066,9,"['dog', 'frog', 'cat', 'airplane']",dog
15067,7,"['automobile', 'cat', 'airplane', 'frog']",cat
15068,2,"['ship', 'cat', 'automobile', 'airplane']",ship
15069,1,"['bird', 'dog', 'frog', 'cat', 'airplane']",airplane
15070,7,"['automobile', 'cat', 'airplane', 'frog']",cat
15071,6,"['automobile', 'horse', 'ship', 'airplane']",airplane
15072,7,"['automobile', 'cat', 'airplane', 'frog']",cat
15073,7,"['automobile', 'cat', 'airplane', 'frog']",cat
15074,5,"['frog', 'ship', 'airplane', 'automobile']",ship
15075,6,"['automobile', 'horse', 'ship', 'airplane']",airplane
15076,6,"['automobile', 'horse', 'ship', 'airplane']",airplane
15077,0,"['horse', 'deer', 'frog', 'cat']",horse
15078,6,"['automobile', 'horse', 'ship', 'airplane']",airplane
15079,7,"['automobile', 'cat', 'airplane', 'frog']",cat
15080,3,"['frog', 'ship', 'automobile', 'airplane']",frog
15081,7,"['automobile', 'cat', 'airplane', 'frog']",cat
15082,9,"['dog', 'frog', 'cat', 'airplane']",airplane
15083,3,"['frog', 'ship', 'automobile', 'airplane']",ship
15084,6,"['automobile', 'horse', 'ship', 'airplane']",airplane
15085,9,"['dog', 'frog', 'cat', 'airplane']",airplane
15086,0,"['horse', 'deer', 'frog', 'cat']",horse
15087,0,"['horse', 'deer', 'frog', 'cat']",horse
15088,2,"['ship', 'cat', 'automobile', 'airplane']",cat
15089,5,"['frog', 'ship', 'airplane', 'automobile']",ship
15090,9,"['dog', 'frog', 'cat', 'airplane']",airplane
15091,2,"['ship', 'cat', 'automobile', 'airplane']",automobile
15092,8,"['horse', 'airplane', 'cat', 'frog']",horse
15093,6,"['automobile', 'horse', 'ship', 'airplane']",airplane
15094,2,"['ship', 'cat', 'automobile', 'airplane']",cat
15095,4,"['cat', 'automobile', 'frog', 'airplane']",automobile
15096,9,"['dog', 'frog', 'cat', 'airplane']",airplane
15097,0,"['horse', 'deer', 'frog', 'cat']",horse
15098,7,"['automobile', 'cat', 'airplane', 'frog']",cat
15099,7,"['automobile', 'cat', 'airplane', 'frog']",cat
15100,1,"['bird', 'dog', 'frog', 'cat', 'airplane']",airplane
15101,9,"['dog', 'frog', 'cat', 'airplane']",dog
15102,0,"['horse', 'deer', 'frog', 'cat']",horse
15103,5,"['frog', 'ship', 'airplane', 'automobile']",ship
15104,9,"['dog', 'frog', 'cat', 'airplane']",airplane
15105,4,"['cat', 'automobile', 'frog', 'airplane']",automobile
15106,3,"['frog', 'ship', 'automobile', 'airplane']",ship
15107,6,"['automobile', 'horse', 'ship', 'airplane']",airplane
15108,3,"['frog', 'ship', 'automobile', 'airplane']",ship
15109,2,"['ship', 'cat', 'automobile', 'airplane']",cat
15110,6,"['automobile', 'horse', 'ship', 'airplane']",airplane
15111,8,"['horse', 'airplane', 'cat', 'frog']",horse
15112,4,"['cat', 'automobile', 'frog', 'airplane']",automobile
15113,0,"['horse', 'deer', 'frog', 'cat']",horse
15114,1,"['bird', 'dog', 'frog', 'cat', 'airplane']",airplane
15115,0,"['horse', 'deer', 'frog', 'cat']",horse
15116,6,"['automobile', 'horse', 'ship', 'airplane']",airplane
15117,7,"['automobile', 'cat', 'airplane', 'frog']",airplane
15118,2,"['ship', 'cat', 'automobile', 'airplane']",automobile
15119,9,"['dog', 'frog', 'cat', 'airplane']",dog
15120,7,"['automobile', 'cat', 'airplane', 'frog']",airplane
15121,2,"['ship', 'cat', 'automobile', 'airplane']",cat
15122,3,"['frog', 'ship', 'automobile', 'airplane']",ship
15123,9,"['dog', 'frog', 'cat', 'airplane']",airplane
15124,2,"['ship', 'cat', 'automobile', 'airplane']",cat
15125,2,"['ship', 'cat', 'automobile', 'airplane']",cat
15126,4,"['cat', 'automobile', 'frog', 'airplane']",automobile
15127,3,"['frog', 'ship', 'automobile', 'airplane']",ship
15128,8,"['horse', 'airplane', 'cat', 'frog']",horse
15129,3,"['frog', 'ship', 'automobile', 'airplane']",ship
15130,5,"['frog', 'ship', 'airplane', 'automobile']",ship
15131,4,"['cat', 'automobile', 'frog', 'airplane']",automobile
15132,7,"['automobile', 'cat', 'airplane', 'frog']",cat
15133,5,"['frog', 'ship', 'airplane', 'automobile']",ship
15134,2,"['ship', 'cat', 'automobile', 'airplane']",cat
15135,8,"['horse', 'airplane', 'cat', 'frog']",horse
15136,7,"['automobile', 'cat', 'airplane', 'frog']",cat
15137,0,"['horse', 'deer', 'frog', 'cat']",horse
15138,3,"['frog', 'ship', 'automobile', 'airplane']",ship
15139,2,"['ship', 'cat', 'automobile', 'airplane']",cat
15140,4,"['cat', 'automobile', 'frog', 'airplane']",automobile
15141,9,"['dog', 'frog', 'cat', 'airplane']",dog
15142,9,"['dog', 'frog', 'cat', 'airplane']",airplane
15143,4,"['cat', 'automobile', 'frog', 'airplane']",automobile
15144,2,"['ship', 'cat', 'automobile', 'airplane']",cat
15145,3,"['frog', 'ship', 'automobile', 'airplane']",ship
15146,2,"['ship', 'cat', 'automobile', 'airplane']",cat
15147,0,"['horse', 'deer', 'frog', 'cat']",horse
15148,7,"['automobile', 'cat', 'airplane', 'frog']",airplane
15149,0,"['horse', 'deer', 'frog', 'cat']",horse
15150,9,"['dog', 'frog', 'cat', 'airplane']",airplane
15151,1,"['bird', 'dog', 'frog', 'cat', 'airplane']",airplane
15152,4,"['cat', 'automobile', 'frog', 'airplane']",automobile
15153,0,"['horse', 'deer', 'frog', 'cat']",horse
15154,3,"['frog', 'ship', 'automobile', 'airplane']",ship
15155,4,"['cat', 'automobile', 'frog', 'airplane']",automobile
15156,3,"['frog', 'ship', 'automobile', 'airplane']",ship
15157,7,"['automobile', 'cat', 'airplane', 'frog']",cat
15158,4,"['cat', 'automobile', 'frog', 'airplane']",automobile
15159,9,"['dog', 'frog', 'cat', 'airplane']",airplane
15160,2,"['ship', 'cat', 'automobile', 'airplane']",automobile
15161,8,"['horse', 'airplane', 'cat', 'frog']",horse
15162,1,"['bird', 'dog', 'frog', 'cat', 'airplane']",airplane
15163,6,"['automobile', 'horse', 'ship', 'airplane']",airplane
15164,8,"['horse', 'airplane', 'cat', 'frog']",horse
15165,6,"['automobile', 'horse', 'ship', 'airplane']",airplane
15166,5,"['frog', 'ship', 'airplane', 'automobile']",ship
15167,7,"['automobile', 'cat', 'airplane', 'frog']",airplane
15168,4,"['cat', 'automobile', 'frog', 'airplane']",automobile
15169,3,"['frog', 'ship', 'automobile', 'airplane']",ship
15170,4,"['cat', 'automobile', 'frog', 'airplane']",automobile
15171,9,"['dog', 'frog', 'cat', 'airplane']",dog
15172,1,"['bird', 'dog', 'frog', 'cat', 'airplane']",airplane
15173,2,"['ship', 'cat', 'automobile', 'airplane']",cat
15174,8,"['horse', 'airplane', 'cat', 'frog']",horse
15175,3,"['frog', 'ship', 'automobile', 'airplane']",ship
15176,2,"['ship', 'cat', 'automobile', 'airplane']",automobile
15177,5,"['frog', 'ship', 'airplane', 'automobile']",ship
15178,4,"['cat', 'automobile', 'frog', 'airplane']",automobile
15179,6,"['automobile', 'horse', 'ship', 'airplane']",airplane
15180,9,"['dog', 'frog', 'cat', 'airplane']",dog
15181,3,"['frog', 'ship', 'automobile', 'airplane']",ship
15182,2,"['ship', 'cat', 'automobile', 'airplane']",cat
15183,1,"['bird', 'dog', 'frog', 'cat', 'airplane']",airplane
15184,2,"['ship', 'cat', 'automobile', 'airplane']",cat
15185,6,"['automobile', 'horse', 'ship', 'airplane']",horse
15186,5,"['frog', 'ship', 'airplane', 'automobile']",ship
15187,9,"['dog', 'frog', 'cat', 'airplane']",airplane
15188,9,"['dog', 'frog', 'cat', 'airplane']",dog
15189,2,"['ship', 'cat', 'automobile', 'airplane']",cat
15190,9,"['dog', 'frog', 'cat', 'airplane']",airplane
15191,0,"['horse', 'deer', 'frog', 'cat']",horse
15192,6,"['automobile', 'horse', 'ship', 'airplane']",airplane
15193,6,"['automobile', 'horse', 'ship', 'airplane']",airplane
15194,7,"['automobile', 'cat', 'airplane', 'frog']",airplane
15195,1,"['bird', 'dog', 'frog', 'cat', 'airplane']",airplane
15196,4,"['cat', 'automobile', 'frog', 'airplane']",automobile
15197,9,"['dog', 'frog', 'cat', 'airplane']",airplane
15198,8,"['horse', 'airplane', 'cat', 'frog']",horse
15199,4,"['cat', 'automobile', 'frog', 'airplane']",automobile
15200,2,"['ship', 'cat', 'automobile', 'airplane']",cat
15201,4,"['cat', 'automobile', 'frog', 'airplane']",automobile
15202,3,"['frog', 'ship', 'automobile', 'airplane']",ship
15203,4,"['cat', 'automobile', 'frog', 'airplane']",automobile
15204,9,"['dog', 'frog', 'cat', 'airplane']",airplane
15205,1,"['bird', 'dog', 'frog', 'cat', 'airplane']",airplane
15206,8,"['horse', 'airplane', 'cat', 'frog']",horse
15207,5,"['frog', 'ship', 'airplane', 'automobile']",ship
15208,7,"['automobile', 'cat', 'airplane', 'frog']",airplane
15209,9,"['dog', 'frog', 'cat', 'airplane']",dog
15210,3,"['frog', 'ship', 'automobile', 'airplane']",ship
15211,6,"['automobile', 'horse', 'ship', 'airplane']",airplane
15212,2,"['ship', 'cat', 'automobile', 'airplane']",cat
15213,5,"['frog', 'ship', 'airplane', 'automobile']",ship
15214,2,"['ship', 'cat', 'automobile', 'airplane']",cat
15215,9,"['dog', 'frog', 'cat', 'airplane']",dog
15216,7,"['automobile', 'cat', 'airplane', 'frog']",cat
15217,3,"['frog', 'ship', 'automobile', 'airplane']",ship
15218,6,"['automobile', 'horse', 'ship', 'airplane']",automobile
15219,5,"['frog', 'ship', 'airplane', 'automobile']",ship
15220,6,"['automobile', 'horse', 'ship', 'airplane']",airplane
15221,9,"['dog', 'frog', 'cat', 'airplane']",dog
15222,7,"['automobile', 'cat', 'airplane', 'frog']",airplane
15223,8,"['horse', 'airplane', 'cat', 'frog']",horse
15224,3,"['frog', 'ship', 'automobile', 'airplane']",ship
15225,0,"['horse', 'deer', 'frog', 'cat']",horse
15226,3,"['frog', 'ship', 'automobile', 'airplane']",ship
15227,6,"['automobile', 'horse', 'ship', 'airplane']",airplane
15228,3,"['frog', 'ship', 'automobile', 'airplane']",ship
15229,5,"['frog', 'ship', 'airplane', 'automobile']",ship
15230,2,"['ship', 'cat', 'automobile', 'airplane']",cat
15231,6,"['automobile', 'horse', 'ship', 'airplane']",airplane
15232,6,"['automobile', 'horse', 'ship', 'airplane']",airplane
15233,5,"['frog', 'ship', 'airplane', 'automobile']",ship
15234,3,"['frog', 'ship', 'automobile', 'airplane']",ship
15235,7,"['automobile', 'cat', 'airplane', 'frog']",cat
15236,0,"['horse', 'deer', 'frog', 'cat']",horse
15237,8,"['horse', 'airplane', 'cat', 'frog']",horse
15238,4,"['cat', 'automobile', 'frog', 'airplane']",automobile
15239,8,"['horse', 'airplane', 'cat', 'frog']",horse
15240,0,"['horse', 'deer', 'frog', 'cat']",horse
15241,8,"['horse', 'airplane', 'cat', 'frog']",horse
15242,5,"['frog', 'ship', 'airplane', 'automobile']",ship
15243,4,"['cat', 'automobile', 'frog', 'airplane']",automobile
15244,9,"['dog', 'frog', 'cat', 'airplane']",dog
15245,7,"['automobile', 'cat', 'airplane', 'frog']",cat
15246,3,"['frog', 'ship', 'automobile', 'airplane']",ship
15247,3,"['frog', 'ship', 'automobile', 'airplane']",ship
15248,1,"['bird', 'dog', 'frog', 'cat', 'airplane']",airplane
15249,9,"['dog', 'frog', 'cat', 'airplane']",airplane
15250,8,"['horse', 'airplane', 'cat', 'frog']",horse
15251,3,"['frog', 'ship', 'automobile', 'airplane']",ship
15252,9,"['dog', 'frog', 'cat', 'airplane']",airplane
15253,4,"['cat', 'automobile', 'frog', 'airplane']",automobile
15254,4,"['cat', 'automobile', 'frog', 'airplane']",automobile
15255,0,"['horse', 'deer', 'frog', 'cat']",horse
15256,4,"['cat', 'automobile', 'frog', 'airplane']",automobile
15257,5,"['frog', 'ship', 'airplane', 'automobile']",ship
15258,0,"['horse', 'deer', 'frog', 'cat']",horse
15259,4,"['cat', 'automobile', 'frog', 'airplane']",automobile
15260,8,"['horse', 'airplane', 'cat', 'frog']",horse
15261,1,"['bird', 'dog', 'frog', 'cat', 'airplane']",airplane
15262,2,"['ship', 'cat', 'automobile', 'airplane']",cat
15263,9,"['dog', 'frog', 'cat', 'airplane']",airplane
15264,9,"['dog', 'frog', 'cat', 'airplane']",airplane
15265,3,"['frog', 'ship', 'automobile', 'airplane']",ship
15266,3,"['frog', 'ship', 'automobile', 'airplane']",ship
15267,4,"['cat', 'automobile', 'frog', 'airplane']",automobile
15268,8,"['horse', 'airplane', 'cat', 'frog']",horse
15269,3,"['frog', 'ship', 'automobile', 'airplane']",ship
15270,7,"['automobile', 'cat', 'airplane', 'frog']",cat
15271,7,"['automobile', 'cat', 'airplane', 'frog']",cat
15272,6,"['automobile', 'horse', 'ship', 'airplane']",airplane
15273,1,"['bird', 'dog', 'frog', 'cat', 'airplane']",airplane
15274,9,"['dog', 'frog', 'cat', 'airplane']",airplane
15275,1,"['bird', 'dog', 'frog', 'cat', 'airplane']",airplane
15276,8,"['horse', 'airplane', 'cat', 'frog']",horse
15277,2,"['ship', 'cat', 'automobile', 'airplane']",ship
15278,3,"['frog', 'ship', 'automobile', 'airplane']",ship
15279,3,"['frog', 'ship', 'automobile', 'airplane']",ship
15280,9,"['dog', 'frog', 'cat', 'airplane']",airplane
15281,1,"['bird', 'dog', 'frog', 'cat', 'airplane']",airplane
15282,7,"['automobile', 'cat', 'airplane', 'frog']",cat
15283,7,"['automobile', 'cat', 'airplane', 'frog']",airplane
15284,3,"['frog', 'ship', 'automobile', 'airplane']",ship
15285,2,"['ship', 'cat', 'automobile', 'airplane']",automobile
15286,1,"['bird', 'dog', 'frog', 'cat', 'airplane']",airplane
15287,9,"['dog', 'frog', 'cat', 'airplane']",airplane
15288,0,"['horse', 'deer', 'frog', 'cat']",horse
15289,2,"['ship', 'cat', 'automobile', 'airplane']",cat
15290,7,"['automobile', 'cat', 'airplane', 'frog']",cat
15291,6,"['automobile', 'horse', 'ship', 'airplane']",airplane
15292,7,"['automobile', 'cat', 'airplane', 'frog']",airplane
15293,5,"['frog', 'ship', 'airplane', 'automobile']",ship
15294,6,"['automobile', 'horse', 'ship', 'airplane']",airplane
15295,1,"['bird', 'dog', 'frog', 'cat', 'airplane']",airplane
15296,7,"['automobile', 'cat', 'airplane', 'frog']",airplane
15297,2,"['ship', 'cat', 'automobile', 'airplane']",cat
15298,3,"['frog', 'ship', 'automobile', 'airplane']",frog
15299,1,"['bird', 'dog', 'frog', 'cat', 'airplane']",airplane
15300,3,"['frog', 'ship', 'automobile', 'airplane']",ship
15301,5,"['frog', 'ship', 'airplane', 'automobile']",ship
15302,9,"['dog', 'frog', 'cat', 'airplane']",airplane
15303,2,"['ship', 'cat', 'automobile', 'airplane']",cat
15304,0,"['horse', 'deer', 'frog', 'cat']",horse
15305,3,"['frog', 'ship', 'automobile', 'airplane']",ship
15306,1,"['bird', 'dog', 'frog', 'cat', 'airplane']",airplane
15307,4,"['cat', 'automobile', 'frog', 'airplane']",automobile
15308,1,"['bird', 'dog', 'frog', 'cat', 'airplane']",airplane
15309,0,"['horse', 'deer', 'frog', 'cat']",horse
15310,2,"['ship', 'cat', 'automobile', 'airplane']",cat
15311,3,"['frog', 'ship', 'automobile', 'airplane']",ship
15312,5,"['frog', 'ship', 'airplane', 'automobile']",ship
15313,3,"['frog', 'ship', 'automobile', 'airplane']",ship
15314,2,"['ship', 'cat', 'automobile', 'airplane']",cat
15315,1,"['bird', 'dog', 'frog', 'cat', 'airplane']",airplane
15316,6,"['automobile', 'horse', 'ship', 'airplane']",airplane
15317,7,"['automobile', 'cat', 'airplane', 'frog']",cat
15318,0,"['horse', 'deer', 'frog', 'cat']",horse
15319,5,"['frog', 'ship', 'airplane', 'automobile']",ship
15320,5,"['frog', 'ship', 'airplane', 'automobile']",ship
15321,3,"['frog', 'ship', 'automobile', 'airplane']",ship
15322,8,"['horse', 'airplane', 'cat', 'frog']",horse
15323,8,"['horse', 'airplane', 'cat', 'frog']",horse
15324,7,"['automobile', 'cat', 'airplane', 'frog']",airplane
15325,7,"['automobile', 'cat', 'airplane', 'frog']",airplane
15326,2,"['ship', 'cat', 'automobile', 'airplane']",cat
15327,7,"['automobile', 'cat', 'airplane', 'frog']",cat
15328,8,"['horse', 'airplane', 'cat', 'frog']",horse
15329,8,"['horse', 'airplane', 'cat', 'frog']",horse
15330,9,"['dog', 'frog', 'cat', 'airplane']",airplane
15331,9,"['dog', 'frog', 'cat', 'airplane']",airplane
15332,7,"['automobile', 'cat', 'airplane', 'frog']",cat
15333,0,"['horse', 'deer', 'frog', 'cat']",horse
15334,8,"['horse', 'airplane', 'cat', 'frog']",horse
15335,3,"['frog', 'ship', 'automobile', 'airplane']",ship
15336,5,"['frog', 'ship', 'airplane', 'automobile']",ship
15337,9,"['dog', 'frog', 'cat', 'airplane']",dog
15338,6,"['automobile', 'horse', 'ship', 'airplane']",ship
15339,4,"['cat', 'automobile', 'frog', 'airplane']",automobile
15340,5,"['frog', 'ship', 'airplane', 'automobile']",ship
15341,3,"['frog', 'ship', 'automobile', 'airplane']",ship
15342,4,"['cat', 'automobile', 'frog', 'airplane']",automobile
15343,6,"['automobile', 'horse', 'ship', 'airplane']",airplane
15344,7,"['automobile', 'cat', 'airplane', 'frog']",airplane
15345,3,"['frog', 'ship', 'automobile', 'airplane']",ship
15346,8,"['horse', 'airplane', 'cat', 'frog']",horse
15347,5,"['frog', 'ship', 'airplane', 'automobile']",ship
15348,4,"['cat', 'automobile', 'frog', 'airplane']",automobile
15349,6,"['automobile', 'horse', 'ship', 'airplane']",airplane
15350,9,"['dog', 'frog', 'cat', 'airplane']",dog
15351,6,"['automobile', 'horse', 'ship', 'airplane']",automobile
15352,0,"['horse', 'deer', 'frog', 'cat']",horse
15353,0,"['horse', 'deer', 'frog', 'cat']",horse
15354,5,"['frog', 'ship', 'airplane', 'automobile']",ship
15355,7,"['automobile', 'cat', 'airplane', 'frog']",cat
15356,2,"['ship', 'cat', 'automobile', 'airplane']",cat
15357,1,"['bird', 'dog', 'frog', 'cat', 'airplane']",airplane
15358,7,"['automobile', 'cat', 'airplane', 'frog']",airplane
15359,7,"['automobile', 'cat', 'airplane', 'frog']",airplane
15360,6,"['automobile', 'horse', 'ship', 'airplane']",airplane
15361,3,"['frog', 'ship', 'automobile', 'airplane']",ship
15362,5,"['frog', 'ship', 'airplane', 'automobile']",ship
15363,1,"['bird', 'dog', 'frog', 'cat', 'airplane']",airplane
15364,7,"['automobile', 'cat', 'airplane', 'frog']",cat
15365,5,"['frog', 'ship', 'airplane', 'automobile']",ship
15366,7,"['automobile', 'cat', 'airplane', 'frog']",frog
15367,8,"['horse', 'airplane', 'cat', 'frog']",airplane
15368,9,"['dog', 'frog', 'cat', 'airplane']",dog
15369,2,"['ship', 'cat', 'automobile', 'airplane']",automobile
15370,5,"['frog', 'ship', 'airplane', 'automobile']",ship
15371,5,"['frog', 'ship', 'airplane', 'automobile']",ship
15372,3,"['frog', 'ship', 'automobile', 'airplane']",ship
15373,9,"['dog', 'frog', 'cat', 'airplane']",airplane
15374,8,"['horse', 'airplane', 'cat', 'frog']",horse
15375,9,"['dog', 'frog', 'cat', 'airplane']",airplane
15376,2,"['ship', 'cat', 'automobile', 'airplane']",cat
15377,4,"['cat', 'automobile', 'frog', 'airplane']",automobile
15378,5,"['frog', 'ship', 'airplane', 'automobile']",ship
15379,0,"['horse', 'deer', 'frog', 'cat']",horse
15380,2,"['ship', 'cat', 'automobile', 'airplane']",cat
15381,1,"['bird', 'dog', 'frog', 'cat', 'airplane']",airplane
15382,9,"['dog', 'frog', 'cat', 'airplane']",dog
15383,3,"['frog', 'ship', 'automobile', 'airplane']",ship
15384,9,"['dog', 'frog', 'cat', 'airplane']",dog
15385,6,"['automobile', 'horse', 'ship', 'airplane']",airplane
15386,1,"['bird', 'dog', 'frog', 'cat', 'airplane']",airplane
15387,6,"['automobile', 'horse', 'ship', 'airplane']",ship
15388,3,"['frog', 'ship', 'automobile', 'airplane']",ship
15389,1,"['bird', 'dog', 'frog', 'cat', 'airplane']",airplane
15390,6,"['automobile', 'horse', 'ship', 'airplane']",airplane
15391,7,"['automobile', 'cat', 'airplane', 'frog']",cat
15392,3,"['frog', 'ship', 'automobile', 'airplane']",ship
15393,5,"['frog', 'ship', 'airplane', 'automobile']",ship
15394,1,"['bird', 'dog', 'frog', 'cat', 'airplane']",airplane
15395,4,"['cat', 'automobile', 'frog', 'airplane']",automobile
15396,0,"['horse', 'deer', 'frog', 'cat']",horse
15397,3,"['frog', 'ship', 'automobile', 'airplane']",ship
15398,2,"['ship', 'cat', 'automobile', 'airplane']",cat
15399,4,"['cat', 'automobile', 'frog', 'airplane']",automobile
15400,7,"['automobile', 'cat', 'airplane', 'frog']",airplane
15401,9,"['dog', 'frog', 'cat', 'airplane']",airplane
15402,6,"['automobile', 'horse', 'ship', 'airplane']",airplane
15403,5,"['frog', 'ship', 'airplane', 'automobile']",ship
15404,2,"['ship', 'cat', 'automobile', 'airplane']",cat
15405,8,"['horse', 'airplane', 'cat', 'frog']",horse
15406,4,"['cat', 'automobile', 'frog', 'airplane']",automobile
15407,8,"['horse', 'airplane', 'cat', 'frog']",horse
15408,5,"['frog', 'ship', 'airplane', 'automobile']",ship
15409,4,"['cat', 'automobile', 'frog', 'airplane']",automobile
15410,6,"['automobile', 'horse', 'ship', 'airplane']",airplane
15411,3,"['frog', 'ship', 'automobile', 'airplane']",ship
15412,3,"['frog', 'ship', 'automobile', 'airplane']",ship
15413,7,"['automobile', 'cat', 'airplane', 'frog']",cat
15414,0,"['horse', 'deer', 'frog', 'cat']",horse
15415,4,"['cat', 'automobile', 'frog', 'airplane']",automobile
15416,8,"['horse', 'airplane', 'cat', 'frog']",horse
15417,3,"['frog', 'ship', 'automobile', 'airplane']",ship
15418,8,"['horse', 'airplane', 'cat', 'frog']",horse
15419,2,"['ship', 'cat', 'automobile', 'airplane']",ship
15420,9,"['dog', 'frog', 'cat', 'airplane']",airplane
15421,3,"['frog', 'ship', 'automobile', 'airplane']",ship
15422,8,"['horse', 'airplane', 'cat', 'frog']",horse
15423,1,"['bird', 'dog', 'frog', 'cat', 'airplane']",airplane
15424,6,"['automobile', 'horse', 'ship', 'airplane']",airplane
15425,1,"['bird', 'dog', 'frog', 'cat', 'airplane']",airplane
15426,4,"['cat', 'automobile', 'frog', 'airplane']",automobile
15427,7,"['automobile', 'cat', 'airplane', 'frog']",frog
15428,4,"['cat', 'automobile', 'frog', 'airplane']",airplane
15429,8,"['horse', 'airplane', 'cat', 'frog']",horse
15430,2,"['ship', 'cat', 'automobile', 'airplane']",cat
15431,5,"['frog', 'ship', 'airplane', 'automobile']",ship
15432,5,"['frog', 'ship', 'airplane', 'automobile']",ship
15433,7,"['automobile', 'cat', 'airplane', 'frog']",cat
15434,4,"['cat', 'automobile', 'frog', 'airplane']",automobile
15435,0,"['horse', 'deer', 'frog', 'cat']",horse
15436,0,"['horse', 'deer', 'frog', 'cat']",horse
15437,1,"['bird', 'dog', 'frog', 'cat', 'airplane']",airplane
15438,8,"['horse', 'airplane', 'cat', 'frog']",horse
15439,0,"['horse', 'deer', 'frog', 'cat']",horse
15440,6,"['automobile', 'horse', 'ship', 'airplane']",airplane
15441,4,"['cat', 'automobile', 'frog', 'airplane']",automobile
15442,6,"['automobile', 'horse', 'ship', 'airplane']",airplane
15443,2,"['ship', 'cat', 'automobile', 'airplane']",cat
15444,3,"['frog', 'ship', 'automobile', 'airplane']",ship
15445,6,"['automobile', 'horse', 'ship', 'airplane']",automobile
15446,4,"['cat', 'automobile', 'frog', 'airplane']",automobile
15447,1,"['bird', 'dog', 'frog', 'cat', 'airplane']",airplane
15448,3,"['frog', 'ship', 'automobile', 'airplane']",ship
15449,5,"['frog', 'ship', 'airplane', 'automobile']",ship
15450,5,"['frog', 'ship', 'airplane', 'automobile']",ship
15451,1,"['bird', 'dog', 'frog', 'cat', 'airplane']",airplane
15452,0,"['horse', 'deer', 'frog', 'cat']",horse
15453,3,"['frog', 'ship', 'automobile', 'airplane']",ship
15454,4,"['cat', 'automobile', 'frog', 'airplane']",automobile
15455,8,"['horse', 'airplane', 'cat', 'frog']",horse
15456,1,"['bird', 'dog', 'frog', 'cat', 'airplane']",airplane
15457,6,"['automobile', 'horse', 'ship', 'airplane']",airplane
15458,6,"['automobile', 'horse', 'ship', 'airplane']",airplane
15459,7,"['automobile', 'cat', 'airplane', 'frog']",cat
15460,1,"['bird', 'dog', 'frog', 'cat', 'airplane']",airplane
15461,1,"['bird', 'dog', 'frog', 'cat', 'airplane']",airplane
15462,1,"['bird', 'dog', 'frog', 'cat', 'airplane']",airplane
15463,9,"['dog', 'frog', 'cat', 'airplane']",dog
15464,2,"['ship', 'cat', 'automobile', 'airplane']",cat
15465,0,"['horse', 'deer', 'frog', 'cat']",horse
15466,0,"['horse', 'deer', 'frog', 'cat']",horse
15467,3,"['frog', 'ship', 'automobile', 'airplane']",ship
15468,2,"['ship', 'cat', 'automobile', 'airplane']",cat
15469,1,"['bird', 'dog', 'frog', 'cat', 'airplane']",airplane
15470,3,"['frog', 'ship', 'automobile', 'airplane']",ship
15471,3,"['frog', 'ship', 'automobile', 'airplane']",frog
15472,7,"['automobile', 'cat', 'airplane', 'frog']",airplane
15473,0,"['horse', 'deer', 'frog', 'cat']",horse
15474,6,"['automobile', 'horse', 'ship', 'airplane']",airplane
15475,5,"['frog', 'ship', 'airplane', 'automobile']",ship
15476,5,"['frog', 'ship', 'airplane', 'automobile']",ship
15477,2,"['ship', 'cat', 'automobile', 'airplane']",cat
15478,6,"['automobile', 'horse', 'ship', 'airplane']",airplane
15479,6,"['automobile', 'horse', 'ship', 'airplane']",airplane
15480,9,"['dog', 'frog', 'cat', 'airplane']",dog
15481,7,"['automobile', 'cat', 'airplane', 'frog']",airplane
15482,4,"['cat', 'automobile', 'frog', 'airplane']",automobile
15483,0,"['horse', 'deer', 'frog', 'cat']",horse
15484,6,"['automobile', 'horse', 'ship', 'airplane']",airplane
15485,5,"['frog', 'ship', 'airplane', 'automobile']",ship
15486,1,"['bird', 'dog', 'frog', 'cat', 'airplane']",airplane
15487,4,"['cat', 'automobile', 'frog', 'airplane']",automobile
15488,5,"['frog', 'ship', 'airplane', 'automobile']",ship
15489,6,"['automobile', 'horse', 'ship', 'airplane']",airplane
15490,8,"['horse', 'airplane', 'cat', 'frog']",horse
15491,8,"['horse', 'airplane', 'cat', 'frog']",horse
15492,6,"['automobile', 'horse', 'ship', 'airplane']",ship
15493,3,"['frog', 'ship', 'automobile', 'airplane']",ship
15494,0,"['horse', 'deer', 'frog', 'cat']",horse
15495,9,"['dog', 'frog', 'cat', 'airplane']",airplane
15496,1,"['bird', 'dog', 'frog', 'cat', 'airplane']",airplane
15497,6,"['automobile', 'horse', 'ship', 'airplane']",airplane
15498,6,"['automobile', 'horse', 'ship', 'airplane']",airplane
15499,5,"['frog', 'ship', 'airplane', 'automobile']",ship
15500,0,"['horse', 'deer', 'frog', 'cat']",deer
15501,9,"['dog', 'frog', 'cat', 'airplane']",dog
15502,0,"['horse', 'deer', 'frog', 'cat']",horse
15503,4,"['cat', 'automobile', 'frog', 'airplane']",automobile
15504,8,"['horse', 'airplane', 'cat', 'frog']",horse
15505,2,"['ship', 'cat', 'automobile', 'airplane']",automobile
15506,1,"['bird', 'dog', 'frog', 'cat', 'airplane']",airplane
15507,9,"['dog', 'frog', 'cat', 'airplane']",airplane
15508,4,"['cat', 'automobile', 'frog', 'airplane']",automobile
15509,0,"['horse', 'deer', 'frog', 'cat']",horse
15510,5,"['frog', 'ship', 'airplane', 'automobile']",ship
15511,7,"['automobile', 'cat', 'airplane', 'frog']",cat
15512,1,"['bird', 'dog', 'frog', 'cat', 'airplane']",airplane
15513,6,"['automobile', 'horse', 'ship', 'airplane']",ship
15514,7,"['automobile', 'cat', 'airplane', 'frog']",cat
15515,4,"['cat', 'automobile', 'frog', 'airplane']",automobile
15516,0,"['horse', 'deer', 'frog', 'cat']",horse
15517,6,"['automobile', 'horse', 'ship', 'airplane']",airplane
15518,1,"['bird', 'dog', 'frog', 'cat', 'airplane']",airplane
15519,4,"['cat', 'automobile', 'frog', 'airplane']",automobile
15520,8,"['horse', 'airplane', 'cat', 'frog']",horse
15521,7,"['automobile', 'cat', 'airplane', 'frog']",cat
15522,2,"['ship', 'cat', 'automobile', 'airplane']",cat
15523,3,"['frog', 'ship', 'automobile', 'airplane']",ship
15524,1,"['bird', 'dog', 'frog', 'cat', 'airplane']",airplane
15525,4,"['cat', 'automobile', 'frog', 'airplane']",automobile
15526,4,"['cat', 'automobile', 'frog', 'airplane']",automobile
15527,5,"['frog', 'ship', 'airplane', 'automobile']",ship
15528,1,"['bird', 'dog', 'frog', 'cat', 'airplane']",airplane
15529,2,"['ship', 'cat', 'automobile', 'airplane']",cat
15530,4,"['cat', 'automobile', 'frog', 'airplane']",automobile
15531,6,"['automobile', 'horse', 'ship', 'airplane']",ship
15532,4,"['cat', 'automobile', 'frog', 'airplane']",automobile
15533,4,"['cat', 'automobile', 'frog', 'airplane']",automobile
15534,6,"['automobile', 'horse', 'ship', 'airplane']",airplane
15535,1,"['bird', 'dog', 'frog', 'cat', 'airplane']",airplane
15536,6,"['automobile', 'horse', 'ship', 'airplane']",airplane
15537,4,"['cat', 'automobile', 'frog', 'airplane']",automobile
15538,4,"['cat', 'automobile', 'frog', 'airplane']",automobile
15539,7,"['automobile', 'cat', 'airplane', 'frog']",airplane
15540,9,"['dog', 'frog', 'cat', 'airplane']",airplane
15541,0,"['horse', 'deer', 'frog', 'cat']",horse
15542,0,"['horse', 'deer', 'frog', 'cat']",horse
15543,7,"['automobile', 'cat', 'airplane', 'frog']",cat
15544,5,"['frog', 'ship', 'airplane', 'automobile']",ship
15545,3,"['frog', 'ship', 'automobile', 'airplane']",ship
15546,0,"['horse', 'deer', 'frog', 'cat']",horse
15547,7,"['automobile', 'cat', 'airplane', 'frog']",cat
15548,0,"['horse', 'deer', 'frog', 'cat']",horse
15549,5,"['frog', 'ship', 'airplane', 'automobile']",ship
15550,7,"['automobile', 'cat', 'airplane', 'frog']",cat
15551,7,"['automobile', 'cat', 'airplane', 'frog']",frog
15552,6,"['automobile', 'horse', 'ship', 'airplane']",airplane
15553,8,"['horse', 'airplane', 'cat', 'frog']",horse
15554,0,"['horse', 'deer', 'frog', 'cat']",horse
15555,3,"['frog', 'ship', 'automobile', 'airplane']",ship
15556,5,"['frog', 'ship', 'airplane', 'automobile']",ship
15557,1,"['bird', 'dog', 'frog', 'cat', 'airplane']",airplane
15558,1,"['bird', 'dog', 'frog', 'cat', 'airplane']",airplane
15559,1,"['bird', 'dog', 'frog', 'cat', 'airplane']",airplane
15560,2,"['ship', 'cat', 'automobile', 'airplane']",cat
15561,9,"['dog', 'frog', 'cat', 'airplane']",dog
15562,3,"['frog', 'ship', 'automobile', 'airplane']",ship
15563,2,"['ship', 'cat', 'automobile', 'airplane']",cat
15564,7,"['automobile', 'cat', 'airplane', 'frog']",airplane
15565,2,"['ship', 'cat', 'automobile', 'airplane']",cat
15566,9,"['dog', 'frog', 'cat', 'airplane']",airplane
15567,7,"['automobile', 'cat', 'airplane', 'frog']",airplane
15568,2,"['ship', 'cat', 'automobile', 'airplane']",cat
15569,6,"['automobile', 'horse', 'ship', 'airplane']",ship
15570,9,"['dog', 'frog', 'cat', 'airplane']",airplane
15571,0,"['horse', 'deer', 'frog', 'cat']",horse
15572,0,"['horse', 'deer', 'frog', 'cat']",horse
15573,8,"['horse', 'airplane', 'cat', 'frog']",horse
15574,1,"['bird', 'dog', 'frog', 'cat', 'airplane']",airplane
15575,5,"['frog', 'ship', 'airplane', 'automobile']",ship
15576,2,"['ship', 'cat', 'automobile', 'airplane']",ship
15577,1,"['bird', 'dog', 'frog', 'cat', 'airplane']",airplane
15578,4,"['cat', 'automobile', 'frog', 'airplane']",automobile
15579,7,"['automobile', 'cat', 'airplane', 'frog']",cat
15580,0,"['horse', 'deer', 'frog', 'cat']",horse
15581,0,"['horse', 'deer', 'frog', 'cat']",horse
15582,4,"['cat', 'automobile', 'frog', 'airplane']",automobile
15583,1,"['bird', 'dog', 'frog', 'cat', 'airplane']",airplane
15584,2,"['ship', 'cat', 'automobile', 'airplane']",automobile
15585,2,"['ship', 'cat', 'automobile', 'airplane']",cat
15586,9,"['dog', 'frog', 'cat', 'airplane']",dog
15587,4,"['cat', 'automobile', 'frog', 'airplane']",automobile
15588,9,"['dog', 'frog', 'cat', 'airplane']",airplane
15589,2,"['ship', 'cat', 'automobile', 'airplane']",cat
15590,0,"['horse', 'deer', 'frog', 'cat']",horse
15591,5,"['frog', 'ship', 'airplane', 'automobile']",ship
15592,6,"['automobile', 'horse', 'ship', 'airplane']",airplane
15593,2,"['ship', 'cat', 'automobile', 'airplane']",cat
15594,0,"['horse', 'deer', 'frog', 'cat']",horse
15595,3,"['frog', 'ship', 'automobile', 'airplane']",ship
15596,4,"['cat', 'automobile', 'frog', 'airplane']",automobile
15597,9,"['dog', 'frog', 'cat', 'airplane']",airplane
15598,2,"['ship', 'cat', 'automobile', 'airplane']",cat
15599,7,"['automobile', 'cat', 'airplane', 'frog']",cat
15600,6,"['automobile', 'horse', 'ship', 'airplane']",airplane
15601,1,"['bird', 'dog', 'frog', 'cat', 'airplane']",bird
15602,5,"['frog', 'ship', 'airplane', 'automobile']",ship
15603,3,"['frog', 'ship', 'automobile', 'airplane']",ship
15604,7,"['automobile', 'cat', 'airplane', 'frog']",airplane
15605,8,"['horse', 'airplane', 'cat', 'frog']",frog
15606,5,"['frog', 'ship', 'airplane', 'automobile']",ship
15607,8,"['horse', 'airplane', 'cat', 'frog']",horse
15608,6,"['automobile', 'horse', 'ship', 'airplane']",airplane
15609,1,"['bird', 'dog', 'frog', 'cat', 'airplane']",airplane
15610,1,"['bird', 'dog', 'frog', 'cat', 'airplane']",airplane
15611,2,"['ship', 'cat', 'automobile', 'airplane']",airplane
15612,6,"['automobile', 'horse', 'ship', 'airplane']",ship
15613,7,"['automobile', 'cat', 'airplane', 'frog']",cat
15614,3,"['frog', 'ship', 'automobile', 'airplane']",ship
15615,8,"['horse', 'airplane', 'cat', 'frog']",horse
15616,9,"['dog', 'frog', 'cat', 'airplane']",airplane
15617,8,"['horse', 'airplane', 'cat', 'frog']",horse
15618,8,"['horse', 'airplane', 'cat', 'frog']",horse
15619,8,"['horse', 'airplane', 'cat', 'frog']",horse
15620,0,"['horse', 'deer', 'frog', 'cat']",horse
15621,2,"['ship', 'cat', 'automobile', 'airplane']",cat
15622,0,"['horse', 'deer', 'frog', 'cat']",horse
15623,0,"['horse', 'deer', 'frog', 'cat']",frog
15624,4,"['cat', 'automobile', 'frog', 'airplane']",automobile
15625,4,"['cat', 'automobile', 'frog', 'airplane']",automobile
15626,7,"['automobile', 'cat', 'airplane', 'frog']",airplane
15627,4,"['cat', 'automobile', 'frog', 'airplane']",automobile
15628,0,"['horse', 'deer', 'frog', 'cat']",horse
15629,8,"['horse', 'airplane', 'cat', 'frog']",horse
15630,8,"['horse', 'airplane', 'cat', 'frog']",horse
15631,6,"['automobile', 'horse', 'ship', 'airplane']",airplane
15632,1,"['bird', 'dog', 'frog', 'cat', 'airplane']",airplane
15633,1,"['bird', 'dog', 'frog', 'cat', 'airplane']",airplane
15634,6,"['automobile', 'horse', 'ship', 'airplane']",airplane
15635,8,"['horse', 'airplane', 'cat', 'frog']",horse
15636,0,"['horse', 'deer', 'frog', 'cat']",horse
15637,9,"['dog', 'frog', 'cat', 'airplane']",dog
15638,2,"['ship', 'cat', 'automobile', 'airplane']",cat
15639,2,"['ship', 'cat', 'automobile', 'airplane']",cat
15640,3,"['frog', 'ship', 'automobile', 'airplane']",ship
15641,3,"['frog', 'ship', 'automobile', 'airplane']",ship
15642,3,"['frog', 'ship', 'automobile', 'airplane']",ship
15643,4,"['cat', 'automobile', 'frog', 'airplane']",automobile
15644,7,"['automobile', 'cat', 'airplane', 'frog']",cat
15645,4,"['cat', 'automobile', 'frog', 'airplane']",automobile
15646,1,"['bird', 'dog', 'frog', 'cat', 'airplane']",airplane
15647,7,"['automobile', 'cat', 'airplane', 'frog']",cat
15648,8,"['horse', 'airplane', 'cat', 'frog']",horse
15649,2,"['ship', 'cat', 'automobile', 'airplane']",ship
15650,6,"['automobile', 'horse', 'ship', 'airplane']",ship
15651,6,"['automobile', 'horse', 'ship', 'airplane']",airplane
15652,9,"['dog', 'frog', 'cat', 'airplane']",airplane
15653,5,"['frog', 'ship', 'airplane', 'automobile']",ship
15654,2,"['ship', 'cat', 'automobile', 'airplane']",cat
15655,1,"['bird', 'dog', 'frog', 'cat', 'airplane']",airplane
15656,4,"['cat', 'automobile', 'frog', 'airplane']",automobile
15657,6,"['automobile', 'horse', 'ship', 'airplane']",ship
15658,2,"['ship', 'cat', 'automobile', 'airplane']",cat
15659,3,"['frog', 'ship', 'automobile', 'airplane']",ship
15660,4,"['cat', 'automobile', 'frog', 'airplane']",automobile
15661,0,"['horse', 'deer', 'frog', 'cat']",horse
15662,1,"['bird', 'dog', 'frog', 'cat', 'airplane']",airplane
15663,4,"['cat', 'automobile', 'frog', 'airplane']",automobile
15664,6,"['automobile', 'horse', 'ship', 'airplane']",airplane
15665,1,"['bird', 'dog', 'frog', 'cat', 'airplane']",airplane
15666,4,"['cat', 'automobile', 'frog', 'airplane']",automobile
15667,4,"['cat', 'automobile', 'frog', 'airplane']",automobile
15668,4,"['cat', 'automobile', 'frog', 'airplane']",automobile
15669,1,"['bird', 'dog', 'frog', 'cat', 'airplane']",airplane
15670,1,"['bird', 'dog', 'frog', 'cat', 'airplane']",airplane
15671,8,"['horse', 'airplane', 'cat', 'frog']",horse
15672,5,"['frog', 'ship', 'airplane', 'automobile']",ship
15673,2,"['ship', 'cat', 'automobile', 'airplane']",cat
15674,4,"['cat', 'automobile', 'frog', 'airplane']",automobile
15675,6,"['automobile', 'horse', 'ship', 'airplane']",airplane
15676,8,"['horse', 'airplane', 'cat', 'frog']",horse
15677,0,"['horse', 'deer', 'frog', 'cat']",horse
15678,0,"['horse', 'deer', 'frog', 'cat']",horse
15679,7,"['automobile', 'cat', 'airplane', 'frog']",cat
15680,9,"['dog', 'frog', 'cat', 'airplane']",airplane
15681,8,"['horse', 'airplane', 'cat', 'frog']",horse
15682,3,"['frog', 'ship', 'automobile', 'airplane']",ship
15683,4,"['cat', 'automobile', 'frog', 'airplane']",automobile
15684,4,"['cat', 'automobile', 'frog', 'airplane']",automobile
15685,5,"['frog', 'ship', 'airplane', 'automobile']",ship
15686,5,"['frog', 'ship', 'airplane', 'automobile']",ship
15687,9,"['dog', 'frog', 'cat', 'airplane']",airplane
15688,8,"['horse', 'airplane', 'cat', 'frog']",horse
15689,0,"['horse', 'deer', 'frog', 'cat']",horse
15690,9,"['dog', 'frog', 'cat', 'airplane']",airplane
15691,7,"['automobile', 'cat', 'airplane', 'frog']",cat
15692,1,"['bird', 'dog', 'frog', 'cat', 'airplane']",airplane
15693,9,"['dog', 'frog', 'cat', 'airplane']",airplane
15694,9,"['dog', 'frog', 'cat', 'airplane']",dog
15695,2,"['ship', 'cat', 'automobile', 'airplane']",cat
15696,2,"['ship', 'cat', 'automobile', 'airplane']",cat
15697,2,"['ship', 'cat', 'automobile', 'airplane']",cat
15698,8,"['horse', 'airplane', 'cat', 'frog']",horse
15699,8,"['horse', 'airplane', 'cat', 'frog']",horse
15700,2,"['ship', 'cat', 'automobile', 'airplane']",automobile
15701,5,"['frog', 'ship', 'airplane', 'automobile']",ship
15702,1,"['bird', 'dog', 'frog', 'cat', 'airplane']",airplane
15703,4,"['cat', 'automobile', 'frog', 'airplane']",automobile
15704,1,"['bird', 'dog', 'frog', 'cat', 'airplane']",airplane
15705,2,"['ship', 'cat', 'automobile', 'airplane']",automobile
15706,3,"['frog', 'ship', 'automobile', 'airplane']",ship
15707,0,"['horse', 'deer', 'frog', 'cat']",horse
15708,5,"['frog', 'ship', 'airplane', 'automobile']",ship
15709,5,"['frog', 'ship', 'airplane', 'automobile']",ship
15710,1,"['bird', 'dog', 'frog', 'cat', 'airplane']",airplane
15711,1,"['bird', 'dog', 'frog', 'cat', 'airplane']",airplane
15712,7,"['automobile', 'cat', 'airplane', 'frog']",cat
15713,5,"['frog', 'ship', 'airplane', 'automobile']",ship
15714,3,"['frog', 'ship', 'automobile', 'airplane']",ship
15715,4,"['cat', 'automobile', 'frog', 'airplane']",automobile
15716,8,"['horse', 'airplane', 'cat', 'frog']",horse
15717,2,"['ship', 'cat', 'automobile', 'airplane']",cat
15718,4,"['cat', 'automobile', 'frog', 'airplane']",automobile
15719,6,"['automobile', 'horse', 'ship', 'airplane']",automobile
15720,7,"['automobile', 'cat', 'airplane', 'frog']",airplane
15721,8,"['horse', 'airplane', 'cat', 'frog']",horse
15722,6,"['automobile', 'horse', 'ship', 'airplane']",automobile
15723,4,"['cat', 'automobile', 'frog', 'airplane']",automobile
15724,5,"['frog', 'ship', 'airplane', 'automobile']",ship
15725,9,"['dog', 'frog', 'cat', 'airplane']",dog
15726,6,"['automobile', 'horse', 'ship', 'airplane']",airplane
15727,8,"['horse', 'airplane', 'cat', 'frog']",horse
15728,5,"['frog', 'ship', 'airplane', 'automobile']",ship
15729,9,"['dog', 'frog', 'cat', 'airplane']",airplane
15730,4,"['cat', 'automobile', 'frog', 'airplane']",automobile
15731,2,"['ship', 'cat', 'automobile', 'airplane']",cat
15732,7,"['automobile', 'cat', 'airplane', 'frog']",airplane
15733,5,"['frog', 'ship', 'airplane', 'automobile']",ship
15734,4,"['cat', 'automobile', 'frog', 'airplane']",automobile
15735,0,"['horse', 'deer', 'frog', 'cat']",horse
15736,5,"['frog', 'ship', 'airplane', 'automobile']",ship
15737,4,"['cat', 'automobile', 'frog', 'airplane']",automobile
15738,1,"['bird', 'dog', 'frog', 'cat', 'airplane']",airplane
15739,3,"['frog', 'ship', 'automobile', 'airplane']",ship
15740,1,"['bird', 'dog', 'frog', 'cat', 'airplane']",airplane
15741,3,"['frog', 'ship', 'automobile', 'airplane']",ship
15742,1,"['bird', 'dog', 'frog', 'cat', 'airplane']",airplane
15743,8,"['horse', 'airplane', 'cat', 'frog']",horse
15744,4,"['cat', 'automobile', 'frog', 'airplane']",automobile
15745,8,"['horse', 'airplane', 'cat', 'frog']",horse
15746,8,"['horse', 'airplane', 'cat', 'frog']",horse
15747,5,"['frog', 'ship', 'airplane', 'automobile']",ship
15748,1,"['bird', 'dog', 'frog', 'cat', 'airplane']",airplane
15749,1,"['bird', 'dog', 'frog', 'cat', 'airplane']",airplane
15750,9,"['dog', 'frog', 'cat', 'airplane']",dog
15751,2,"['ship', 'cat', 'automobile', 'airplane']",automobile
15752,9,"['dog', 'frog', 'cat', 'airplane']",airplane
15753,3,"['frog', 'ship', 'automobile', 'airplane']",ship
15754,2,"['ship', 'cat', 'automobile', 'airplane']",cat
15755,0,"['horse', 'deer', 'frog', 'cat']",horse
15756,1,"['bird', 'dog', 'frog', 'cat', 'airplane']",airplane
15757,8,"['horse', 'airplane', 'cat', 'frog']",horse
15758,9,"['dog', 'frog', 'cat', 'airplane']",airplane
15759,8,"['horse', 'airplane', 'cat', 'frog']",horse
15760,4,"['cat', 'automobile', 'frog', 'airplane']",automobile
15761,5,"['frog', 'ship', 'airplane', 'automobile']",ship
15762,6,"['automobile', 'horse', 'ship', 'airplane']",airplane
15763,9,"['dog', 'frog', 'cat', 'airplane']",dog
15764,5,"['frog', 'ship', 'airplane', 'automobile']",ship
15765,2,"['ship', 'cat', 'automobile', 'airplane']",cat
15766,3,"['frog', 'ship', 'automobile', 'airplane']",ship
15767,0,"['horse', 'deer', 'frog', 'cat']",horse
15768,8,"['horse', 'airplane', 'cat', 'frog']",horse
15769,7,"['automobile', 'cat', 'airplane', 'frog']",airplane
15770,1,"['bird', 'dog', 'frog', 'cat', 'airplane']",airplane
15771,6,"['automobile', 'horse', 'ship', 'airplane']",airplane
15772,7,"['automobile', 'cat', 'airplane', 'frog']",cat
15773,4,"['cat', 'automobile', 'frog', 'airplane']",automobile
15774,5,"['frog', 'ship', 'airplane', 'automobile']",ship
15775,5,"['frog', 'ship', 'airplane', 'automobile']",ship
15776,1,"['bird', 'dog', 'frog', 'cat', 'airplane']",airplane
15777,4,"['cat', 'automobile', 'frog', 'airplane']",automobile
15778,3,"['frog', 'ship', 'automobile', 'airplane']",ship
15779,1,"['bird', 'dog', 'frog', 'cat', 'airplane']",airplane
15780,8,"['horse', 'airplane', 'cat', 'frog']",horse
15781,4,"['cat', 'automobile', 'frog', 'airplane']",automobile
15782,9,"['dog', 'frog', 'cat', 'airplane']",airplane
15783,1,"['bird', 'dog', 'frog', 'cat', 'airplane']",airplane
15784,9,"['dog', 'frog', 'cat', 'airplane']",airplane
15785,9,"['dog', 'frog', 'cat', 'airplane']",airplane
15786,5,"['frog', 'ship', 'airplane', 'automobile']",ship
15787,6,"['automobile', 'horse', 'ship', 'airplane']",airplane
15788,2,"['ship', 'cat', 'automobile', 'airplane']",cat
15789,2,"['ship', 'cat', 'automobile', 'airplane']",automobile
15790,4,"['cat', 'automobile', 'frog', 'airplane']",automobile
15791,7,"['automobile', 'cat', 'airplane', 'frog']",cat
15792,1,"['bird', 'dog', 'frog', 'cat', 'airplane']",airplane
15793,3,"['frog', 'ship', 'automobile', 'airplane']",ship
15794,3,"['frog', 'ship', 'automobile', 'airplane']",ship
15795,8,"['horse', 'airplane', 'cat', 'frog']",horse
15796,7,"['automobile', 'cat', 'airplane', 'frog']",cat
15797,1,"['bird', 'dog', 'frog', 'cat', 'airplane']",airplane
15798,5,"['frog', 'ship', 'airplane', 'automobile']",ship
15799,3,"['frog', 'ship', 'automobile', 'airplane']",ship
15800,6,"['automobile', 'horse', 'ship', 'airplane']",airplane
15801,1,"['bird', 'dog', 'frog', 'cat', 'airplane']",airplane
15802,4,"['cat', 'automobile', 'frog', 'airplane']",automobile
15803,8,"['horse', 'airplane', 'cat', 'frog']",horse
15804,6,"['automobile', 'horse', 'ship', 'airplane']",automobile
15805,6,"['automobile', 'horse', 'ship', 'airplane']",airplane
15806,7,"['automobile', 'cat', 'airplane', 'frog']",airplane
15807,3,"['frog', 'ship', 'automobile', 'airplane']",ship
15808,5,"['frog', 'ship', 'airplane', 'automobile']",ship
15809,1,"['bird', 'dog', 'frog', 'cat', 'airplane']",airplane
15810,6,"['automobile', 'horse', 'ship', 'airplane']",airplane
15811,8,"['horse', 'airplane', 'cat', 'frog']",horse
15812,6,"['automobile', 'horse', 'ship', 'airplane']",airplane
15813,2,"['ship', 'cat', 'automobile', 'airplane']",cat
15814,1,"['bird', 'dog', 'frog', 'cat', 'airplane']",airplane
15815,5,"['frog', 'ship', 'airplane', 'automobile']",ship
15816,6,"['automobile', 'horse', 'ship', 'airplane']",airplane
15817,9,"['dog', 'frog', 'cat', 'airplane']",airplane
15818,3,"['frog', 'ship', 'automobile', 'airplane']",ship
15819,3,"['frog', 'ship', 'automobile', 'airplane']",ship
15820,2,"['ship', 'cat', 'automobile', 'airplane']",cat
15821,9,"['dog', 'frog', 'cat', 'airplane']",airplane
15822,7,"['automobile', 'cat', 'airplane', 'frog']",cat
15823,6,"['automobile', 'horse', 'ship', 'airplane']",airplane
15824,7,"['automobile', 'cat', 'airplane', 'frog']",airplane
15825,9,"['dog', 'frog', 'cat', 'airplane']",airplane
15826,3,"['frog', 'ship', 'automobile', 'airplane']",ship
15827,0,"['horse', 'deer', 'frog', 'cat']",horse
15828,2,"['ship', 'cat', 'automobile', 'airplane']",cat
15829,3,"['frog', 'ship', 'automobile', 'airplane']",ship
15830,6,"['automobile', 'horse', 'ship', 'airplane']",airplane
15831,0,"['horse', 'deer', 'frog', 'cat']",horse
15832,1,"['bird', 'dog', 'frog', 'cat', 'airplane']",airplane
15833,6,"['automobile', 'horse', 'ship', 'airplane']",airplane
15834,3,"['frog', 'ship', 'automobile', 'airplane']",ship
15835,8,"['horse', 'airplane', 'cat', 'frog']",horse
15836,3,"['frog', 'ship', 'automobile', 'airplane']",ship
15837,2,"['ship', 'cat', 'automobile', 'airplane']",cat
15838,9,"['dog', 'frog', 'cat', 'airplane']",dog
15839,0,"['horse', 'deer', 'frog', 'cat']",horse
15840,6,"['automobile', 'horse', 'ship', 'airplane']",airplane
15841,9,"['dog', 'frog', 'cat', 'airplane']",airplane
15842,7,"['automobile', 'cat', 'airplane', 'frog']",cat
15843,8,"['horse', 'airplane', 'cat', 'frog']",horse
15844,3,"['frog', 'ship', 'automobile', 'airplane']",ship
15845,5,"['frog', 'ship', 'airplane', 'automobile']",ship
15846,6,"['automobile', 'horse', 'ship', 'airplane']",airplane
15847,2,"['ship', 'cat', 'automobile', 'airplane']",cat
15848,0,"['horse', 'deer', 'frog', 'cat']",horse
15849,5,"['frog', 'ship', 'airplane', 'automobile']",ship
15850,7,"['automobile', 'cat', 'airplane', 'frog']",airplane
15851,0,"['horse', 'deer', 'frog', 'cat']",frog
15852,2,"['ship', 'cat', 'automobile', 'airplane']",automobile
15853,7,"['automobile', 'cat', 'airplane', 'frog']",cat
15854,3,"['frog', 'ship', 'automobile', 'airplane']",ship
15855,1,"['bird', 'dog', 'frog', 'cat', 'airplane']",airplane
15856,3,"['frog', 'ship', 'automobile', 'airplane']",ship
15857,9,"['dog', 'frog', 'cat', 'airplane']",dog
15858,3,"['frog', 'ship', 'automobile', 'airplane']",frog
15859,7,"['automobile', 'cat', 'airplane', 'frog']",cat
15860,3,"['frog', 'ship', 'automobile', 'airplane']",ship
15861,5,"['frog', 'ship', 'airplane', 'automobile']",ship
15862,5,"['frog', 'ship', 'airplane', 'automobile']",ship
15863,0,"['horse', 'deer', 'frog', 'cat']",horse
15864,4,"['cat', 'automobile', 'frog', 'airplane']",airplane
15865,8,"['horse', 'airplane', 'cat', 'frog']",horse
15866,0,"['horse', 'deer', 'frog', 'cat']",horse
15867,1,"['bird', 'dog', 'frog', 'cat', 'airplane']",airplane
15868,1,"['bird', 'dog', 'frog', 'cat', 'airplane']",airplane
15869,2,"['ship', 'cat', 'automobile', 'airplane']",cat
15870,0,"['horse', 'deer', 'frog', 'cat']",horse
15871,0,"['horse', 'deer', 'frog', 'cat']",horse
15872,3,"['frog', 'ship', 'automobile', 'airplane']",ship
15873,3,"['frog', 'ship', 'automobile', 'airplane']",ship
15874,9,"['dog', 'frog', 'cat', 'airplane']",dog
15875,6,"['automobile', 'horse', 'ship', 'airplane']",airplane
15876,3,"['frog', 'ship', 'automobile', 'airplane']",ship
15877,3,"['frog', 'ship', 'automobile', 'airplane']",ship
15878,7,"['automobile', 'cat', 'airplane', 'frog']",cat
15879,6,"['automobile', 'horse', 'ship', 'airplane']",automobile
15880,8,"['horse', 'airplane', 'cat', 'frog']",horse
15881,7,"['automobile', 'cat', 'airplane', 'frog']",cat
15882,3,"['frog', 'ship', 'automobile', 'airplane']",ship
15883,1,"['bird', 'dog', 'frog', 'cat', 'airplane']",airplane
15884,0,"['horse', 'deer', 'frog', 'cat']",horse
15885,1,"['bird', 'dog', 'frog', 'cat', 'airplane']",airplane
15886,0,"['horse', 'deer', 'frog', 'cat']",horse
15887,0,"['horse', 'deer', 'frog', 'cat']",horse
15888,2,"['ship', 'cat', 'automobile', 'airplane']",automobile
15889,7,"['automobile', 'cat', 'airplane', 'frog']",airplane
15890,2,"['ship', 'cat', 'automobile', 'airplane']",ship
15891,1,"['bird', 'dog', 'frog', 'cat', 'airplane']",airplane
15892,8,"['horse', 'airplane', 'cat', 'frog']",horse
15893,0,"['horse', 'deer', 'frog', 'cat']",horse
15894,5,"['frog', 'ship', 'airplane', 'automobile']",ship
15895,2,"['ship', 'cat', 'automobile', 'airplane']",automobile
15896,2,"['ship', 'cat', 'automobile', 'airplane']",cat
15897,1,"['bird', 'dog', 'frog', 'cat', 'airplane']",airplane
15898,5,"['frog', 'ship', 'airplane', 'automobile']",ship
15899,2,"['ship', 'cat', 'automobile', 'airplane']",cat
15900,0,"['horse', 'deer', 'frog', 'cat']",horse
15901,9,"['dog', 'frog', 'cat', 'airplane']",airplane
15902,6,"['automobile', 'horse', 'ship', 'airplane']",airplane
15903,1,"['bird', 'dog', 'frog', 'cat', 'airplane']",airplane
15904,6,"['automobile', 'horse', 'ship', 'airplane']",ship
15905,1,"['bird', 'dog', 'frog', 'cat', 'airplane']",airplane
15906,1,"['bird', 'dog', 'frog', 'cat', 'airplane']",airplane
15907,2,"['ship', 'cat', 'automobile', 'airplane']",cat
15908,5,"['frog', 'ship', 'airplane', 'automobile']",ship
15909,4,"['cat', 'automobile', 'frog', 'airplane']",automobile
15910,2,"['ship', 'cat', 'automobile', 'airplane']",ship
15911,8,"['horse', 'airplane', 'cat', 'frog']",horse
15912,3,"['frog', 'ship', 'automobile', 'airplane']",ship
15913,2,"['ship', 'cat', 'automobile', 'airplane']",cat
15914,8,"['horse', 'airplane', 'cat', 'frog']",horse
15915,5,"['frog', 'ship', 'airplane', 'automobile']",ship
15916,7,"['automobile', 'cat', 'airplane', 'frog']",cat
15917,4,"['cat', 'automobile', 'frog', 'airplane']",automobile
15918,4,"['cat', 'automobile', 'frog', 'airplane']",frog
15919,4,"['cat', 'automobile', 'frog', 'airplane']",automobile
15920,8,"['horse', 'airplane', 'cat', 'frog']",horse
15921,9,"['dog', 'frog', 'cat', 'airplane']",airplane
15922,2,"['ship', 'cat', 'automobile', 'airplane']",automobile
15923,0,"['horse', 'deer', 'frog', 'cat']",horse
15924,9,"['dog', 'frog', 'cat', 'airplane']",airplane
15925,4,"['cat', 'automobile', 'frog', 'airplane']",automobile
15926,2,"['ship', 'cat', 'automobile', 'airplane']",cat
15927,8,"['horse', 'airplane', 'cat', 'frog']",airplane
15928,8,"['horse', 'airplane', 'cat', 'frog']",horse
15929,2,"['ship', 'cat', 'automobile', 'airplane']",automobile
15930,9,"['dog', 'frog', 'cat', 'airplane']",airplane
15931,0,"['horse', 'deer', 'frog', 'cat']",horse
15932,7,"['automobile', 'cat', 'airplane', 'frog']",cat
15933,7,"['automobile', 'cat', 'airplane', 'frog']",cat
15934,1,"['bird', 'dog', 'frog', 'cat', 'airplane']",airplane
15935,8,"['horse', 'airplane', 'cat', 'frog']",horse
15936,9,"['dog', 'frog', 'cat', 'airplane']",airplane
15937,3,"['frog', 'ship', 'automobile', 'airplane']",ship
15938,4,"['cat', 'automobile', 'frog', 'airplane']",automobile
15939,5,"['frog', 'ship', 'airplane', 'automobile']",ship
15940,2,"['ship', 'cat', 'automobile', 'airplane']",cat
15941,3,"['frog', 'ship', 'automobile', 'airplane']",ship
15942,7,"['automobile', 'cat', 'airplane', 'frog']",cat
15943,5,"['frog', 'ship', 'airplane', 'automobile']",ship
15944,2,"['ship', 'cat', 'automobile', 'airplane']",automobile
15945,6,"['automobile', 'horse', 'ship', 'airplane']",horse
15946,0,"['horse', 'deer', 'frog', 'cat']",horse
15947,4,"['cat', 'automobile', 'frog', 'airplane']",automobile
15948,8,"['horse', 'airplane', 'cat', 'frog']",horse
15949,0,"['horse', 'deer', 'frog', 'cat']",horse
15950,1,"['bird', 'dog', 'frog', 'cat', 'airplane']",airplane
15951,8,"['horse', 'airplane', 'cat', 'frog']",horse
15952,5,"['frog', 'ship', 'airplane', 'automobile']",ship
15953,3,"['frog', 'ship', 'automobile', 'airplane']",ship
15954,3,"['frog', 'ship', 'automobile', 'airplane']",ship
15955,8,"['horse', 'airplane', 'cat', 'frog']",horse
15956,7,"['automobile', 'cat', 'airplane', 'frog']",cat
15957,3,"['frog', 'ship', 'automobile', 'airplane']",frog
15958,4,"['cat', 'automobile', 'frog', 'airplane']",automobile
15959,0,"['horse', 'deer', 'frog', 'cat']",horse
15960,6,"['automobile', 'horse', 'ship', 'airplane']",airplane
15961,1,"['bird', 'dog', 'frog', 'cat', 'airplane']",airplane
15962,6,"['automobile', 'horse', 'ship', 'airplane']",airplane
15963,4,"['cat', 'automobile', 'frog', 'airplane']",automobile
15964,8,"['horse', 'airplane', 'cat', 'frog']",horse
15965,9,"['dog', 'frog', 'cat', 'airplane']",dog
15966,1,"['bird', 'dog', 'frog', 'cat', 'airplane']",airplane
15967,3,"['frog', 'ship', 'automobile', 'airplane']",ship
15968,5,"['frog', 'ship', 'airplane', 'automobile']",ship
15969,7,"['automobile', 'cat', 'airplane', 'frog']",cat
15970,7,"['automobile', 'cat', 'airplane', 'frog']",airplane
15971,6,"['automobile', 'horse', 'ship', 'airplane']",airplane
15972,2,"['ship', 'cat', 'automobile', 'airplane']",cat
15973,5,"['frog', 'ship', 'airplane', 'automobile']",ship
15974,3,"['frog', 'ship', 'automobile', 'airplane']",ship
15975,2,"['ship', 'cat', 'automobile', 'airplane']",cat
15976,9,"['dog', 'frog', 'cat', 'airplane']",airplane
15977,2,"['ship', 'cat', 'automobile', 'airplane']",cat
15978,9,"['dog', 'frog', 'cat', 'airplane']",airplane
15979,7,"['automobile', 'cat', 'airplane', 'frog']",cat
15980,5,"['frog', 'ship', 'airplane', 'automobile']",ship
15981,2,"['ship', 'cat', 'automobile', 'airplane']",ship
15982,2,"['ship', 'cat', 'automobile', 'airplane']",cat
15983,6,"['automobile', 'horse', 'ship', 'airplane']",airplane
15984,1,"['bird', 'dog', 'frog', 'cat', 'airplane']",airplane
15985,5,"['frog', 'ship', 'airplane', 'automobile']",ship
15986,6,"['automobile', 'horse', 'ship', 'airplane']",airplane
15987,5,"['frog', 'ship', 'airplane', 'automobile']",ship
15988,1,"['bird', 'dog', 'frog', 'cat', 'airplane']",airplane
15989,5,"['frog', 'ship', 'airplane', 'automobile']",ship
15990,4,"['cat', 'automobile', 'frog', 'airplane']",automobile
15991,6,"['automobile', 'horse', 'ship', 'airplane']",ship
15992,0,"['horse', 'deer', 'frog', 'cat']",horse
15993,9,"['dog', 'frog', 'cat', 'airplane']",dog
15994,6,"['automobile', 'horse', 'ship', 'airplane']",ship
15995,2,"['ship', 'cat', 'automobile', 'airplane']",ship
15996,3,"['frog', 'ship', 'automobile', 'airplane']",ship
15997,7,"['automobile', 'cat', 'airplane', 'frog']",cat
15998,7,"['automobile', 'cat', 'airplane', 'frog']",airplane
15999,7,"['automobile', 'cat', 'airplane', 'frog']",cat
16000,7,"['automobile', 'cat', 'airplane', 'frog']",airplane
16001,9,"['dog', 'frog', 'cat', 'airplane']",dog
16002,0,"['horse', 'deer', 'frog', 'cat']",horse
16003,6,"['automobile', 'horse', 'ship', 'airplane']",airplane
16004,0,"['horse', 'deer', 'frog', 'cat']",horse
16005,7,"['automobile', 'cat', 'airplane', 'frog']",cat
16006,1,"['bird', 'dog', 'frog', 'cat', 'airplane']",airplane
16007,4,"['cat', 'automobile', 'frog', 'airplane']",automobile
16008,6,"['automobile', 'horse', 'ship', 'airplane']",airplane
16009,5,"['frog', 'ship', 'airplane', 'automobile']",ship
16010,0,"['horse', 'deer', 'frog', 'cat']",horse
16011,0,"['horse', 'deer', 'frog', 'cat']",horse
16012,1,"['bird', 'dog', 'frog', 'cat', 'airplane']",airplane
16013,3,"['frog', 'ship', 'automobile', 'airplane']",ship
16014,3,"['frog', 'ship', 'automobile', 'airplane']",ship
16015,0,"['horse', 'deer', 'frog', 'cat']",horse
16016,9,"['dog', 'frog', 'cat', 'airplane']",airplane
16017,1,"['bird', 'dog', 'frog', 'cat', 'airplane']",airplane
16018,3,"['frog', 'ship', 'automobile', 'airplane']",ship
16019,1,"['bird', 'dog', 'frog', 'cat', 'airplane']",airplane
16020,4,"['cat', 'automobile', 'frog', 'airplane']",automobile
16021,7,"['automobile', 'cat', 'airplane', 'frog']",cat
16022,7,"['automobile', 'cat', 'airplane', 'frog']",frog
16023,1,"['bird', 'dog', 'frog', 'cat', 'airplane']",airplane
16024,4,"['cat', 'automobile', 'frog', 'airplane']",airplane
16025,7,"['automobile', 'cat', 'airplane', 'frog']",cat
16026,7,"['automobile', 'cat', 'airplane', 'frog']",airplane
16027,8,"['horse', 'airplane', 'cat', 'frog']",horse
16028,2,"['ship', 'cat', 'automobile', 'airplane']",ship
16029,1,"['bird', 'dog', 'frog', 'cat', 'airplane']",airplane
16030,2,"['ship', 'cat', 'automobile', 'airplane']",automobile
16031,7,"['automobile', 'cat', 'airplane', 'frog']",airplane
16032,7,"['automobile', 'cat', 'airplane', 'frog']",cat
16033,4,"['cat', 'automobile', 'frog', 'airplane']",automobile
16034,2,"['ship', 'cat', 'automobile', 'airplane']",cat
16035,3,"['frog', 'ship', 'automobile', 'airplane']",ship
16036,1,"['bird', 'dog', 'frog', 'cat', 'airplane']",airplane
16037,1,"['bird', 'dog', 'frog', 'cat', 'airplane']",airplane
16038,4,"['cat', 'automobile', 'frog', 'airplane']",automobile
16039,7,"['automobile', 'cat', 'airplane', 'frog']",airplane
16040,7,"['automobile', 'cat', 'airplane', 'frog']",airplane
16041,2,"['ship', 'cat', 'automobile', 'airplane']",automobile
16042,8,"['horse', 'airplane', 'cat', 'frog']",horse
16043,5,"['frog', 'ship', 'airplane', 'automobile']",ship
16044,8,"['horse', 'airplane', 'cat', 'frog']",horse
16045,2,"['ship', 'cat', 'automobile', 'airplane']",automobile
16046,9,"['dog', 'frog', 'cat', 'airplane']",dog
16047,5,"['frog', 'ship', 'airplane', 'automobile']",ship
16048,0,"['horse', 'deer', 'frog', 'cat']",horse
16049,8,"['horse', 'airplane', 'cat', 'frog']",horse
16050,2,"['ship', 'cat', 'automobile', 'airplane']",cat
16051,9,"['dog', 'frog', 'cat', 'airplane']",airplane
16052,7,"['automobile', 'cat', 'airplane', 'frog']",cat
16053,2,"['ship', 'cat', 'automobile', 'airplane']",automobile
16054,9,"['dog', 'frog', 'cat', 'airplane']",airplane
16055,9,"['dog', 'frog', 'cat', 'airplane']",dog
16056,0,"['horse', 'deer', 'frog', 'cat']",horse
16057,2,"['ship', 'cat', 'automobile', 'airplane']",cat
16058,4,"['cat', 'automobile', 'frog', 'airplane']",automobile
16059,6,"['automobile', 'horse', 'ship', 'airplane']",airplane
16060,0,"['horse', 'deer', 'frog', 'cat']",horse
16061,9,"['dog', 'frog', 'cat', 'airplane']",airplane
16062,6,"['automobile', 'horse', 'ship', 'airplane']",airplane
16063,1,"['bird', 'dog', 'frog', 'cat', 'airplane']",airplane
16064,6,"['automobile', 'horse', 'ship', 'airplane']",airplane
16065,0,"['horse', 'deer', 'frog', 'cat']",horse
16066,1,"['bird', 'dog', 'frog', 'cat', 'airplane']",airplane
16067,6,"['automobile', 'horse', 'ship', 'airplane']",airplane
16068,4,"['cat', 'automobile', 'frog', 'airplane']",automobile
16069,6,"['automobile', 'horse', 'ship', 'airplane']",automobile
16070,3,"['frog', 'ship', 'automobile', 'airplane']",ship
16071,8,"['horse', 'airplane', 'cat', 'frog']",horse
16072,8,"['horse', 'airplane', 'cat', 'frog']",horse
16073,4,"['cat', 'automobile', 'frog', 'airplane']",automobile
16074,7,"['automobile', 'cat', 'airplane', 'frog']",cat
16075,0,"['horse', 'deer', 'frog', 'cat']",horse
16076,8,"['horse', 'airplane', 'cat', 'frog']",horse
16077,1,"['bird', 'dog', 'frog', 'cat', 'airplane']",airplane
16078,9,"['dog', 'frog', 'cat', 'airplane']",airplane
16079,5,"['frog', 'ship', 'airplane', 'automobile']",ship
16080,2,"['ship', 'cat', 'automobile', 'airplane']",cat
16081,5,"['frog', 'ship', 'airplane', 'automobile']",ship
16082,1,"['bird', 'dog', 'frog', 'cat', 'airplane']",airplane
16083,1,"['bird', 'dog', 'frog', 'cat', 'airplane']",airplane
16084,8,"['horse', 'airplane', 'cat', 'frog']",horse
16085,4,"['cat', 'automobile', 'frog', 'airplane']",automobile
16086,8,"['horse', 'airplane', 'cat', 'frog']",horse
16087,1,"['bird', 'dog', 'frog', 'cat', 'airplane']",airplane
16088,7,"['automobile', 'cat', 'airplane', 'frog']",airplane
16089,1,"['bird', 'dog', 'frog', 'cat', 'airplane']",airplane
16090,8,"['horse', 'airplane', 'cat', 'frog']",horse
16091,7,"['automobile', 'cat', 'airplane', 'frog']",cat
16092,9,"['dog', 'frog', 'cat', 'airplane']",airplane
16093,2,"['ship', 'cat', 'automobile', 'airplane']",cat
16094,9,"['dog', 'frog', 'cat', 'airplane']",dog
16095,7,"['automobile', 'cat', 'airplane', 'frog']",airplane
16096,7,"['automobile', 'cat', 'airplane', 'frog']",cat
16097,6,"['automobile', 'horse', 'ship', 'airplane']",airplane
16098,5,"['frog', 'ship', 'airplane', 'automobile']",ship
16099,2,"['ship', 'cat', 'automobile', 'airplane']",cat
16100,0,"['horse', 'deer', 'frog', 'cat']",horse
16101,4,"['cat', 'automobile', 'frog', 'airplane']",automobile
16102,2,"['ship', 'cat', 'automobile', 'airplane']",cat
16103,0,"['horse', 'deer', 'frog', 'cat']",horse
16104,7,"['automobile', 'cat', 'airplane', 'frog']",airplane
16105,4,"['cat', 'automobile', 'frog', 'airplane']",automobile
16106,6,"['automobile', 'horse', 'ship', 'airplane']",airplane
16107,9,"['dog', 'frog', 'cat', 'airplane']",airplane
16108,8,"['horse', 'airplane', 'cat', 'frog']",horse
16109,7,"['automobile', 'cat', 'airplane', 'frog']",airplane
16110,5,"['frog', 'ship', 'airplane', 'automobile']",ship
16111,2,"['ship', 'cat', 'automobile', 'airplane']",ship
16112,4,"['cat', 'automobile', 'frog', 'airplane']",automobile
16113,0,"['horse', 'deer', 'frog', 'cat']",horse
16114,7,"['automobile', 'cat', 'airplane', 'frog']",airplane
16115,0,"['horse', 'deer', 'frog', 'cat']",horse
16116,0,"['horse', 'deer', 'frog', 'cat']",horse
16117,9,"['dog', 'frog', 'cat', 'airplane']",airplane
16118,8,"['horse', 'airplane', 'cat', 'frog']",horse
16119,3,"['frog', 'ship', 'automobile', 'airplane']",ship
16120,3,"['frog', 'ship', 'automobile', 'airplane']",ship
16121,8,"['horse', 'airplane', 'cat', 'frog']",horse
16122,7,"['automobile', 'cat', 'airplane', 'frog']",airplane
16123,2,"['ship', 'cat', 'automobile', 'airplane']",cat
16124,6,"['automobile', 'horse', 'ship', 'airplane']",ship
16125,8,"['horse', 'airplane', 'cat', 'frog']",horse
16126,4,"['cat', 'automobile', 'frog', 'airplane']",automobile
16127,8,"['horse', 'airplane', 'cat', 'frog']",horse
16128,1,"['bird', 'dog', 'frog', 'cat', 'airplane']",airplane
16129,6,"['automobile', 'horse', 'ship', 'airplane']",airplane
16130,3,"['frog', 'ship', 'automobile', 'airplane']",ship
16131,3,"['frog', 'ship', 'automobile', 'airplane']",ship
16132,8,"['horse', 'airplane', 'cat', 'frog']",horse
16133,1,"['bird', 'dog', 'frog', 'cat', 'airplane']",airplane
16134,5,"['frog', 'ship', 'airplane', 'automobile']",ship
16135,4,"['cat', 'automobile', 'frog', 'airplane']",automobile
16136,4,"['cat', 'automobile', 'frog', 'airplane']",automobile
16137,0,"['horse', 'deer', 'frog', 'cat']",horse
16138,7,"['automobile', 'cat', 'airplane', 'frog']",cat
16139,4,"['cat', 'automobile', 'frog', 'airplane']",automobile
16140,8,"['horse', 'airplane', 'cat', 'frog']",horse
16141,8,"['horse', 'airplane', 'cat', 'frog']",horse
16142,9,"['dog', 'frog', 'cat', 'airplane']",airplane
16143,9,"['dog', 'frog', 'cat', 'airplane']",dog
16144,7,"['automobile', 'cat', 'airplane', 'frog']",airplane
16145,7,"['automobile', 'cat', 'airplane', 'frog']",airplane
16146,0,"['horse', 'deer', 'frog', 'cat']",horse
16147,8,"['horse', 'airplane', 'cat', 'frog']",horse
16148,0,"['horse', 'deer', 'frog', 'cat']",horse
16149,7,"['automobile', 'cat', 'airplane', 'frog']",cat
16150,5,"['frog', 'ship', 'airplane', 'automobile']",ship
16151,4,"['cat', 'automobile', 'frog', 'airplane']",automobile
16152,9,"['dog', 'frog', 'cat', 'airplane']",airplane
16153,6,"['automobile', 'horse', 'ship', 'airplane']",airplane
16154,3,"['frog', 'ship', 'automobile', 'airplane']",ship
16155,4,"['cat', 'automobile', 'frog', 'airplane']",automobile
16156,8,"['horse', 'airplane', 'cat', 'frog']",horse
16157,3,"['frog', 'ship', 'automobile', 'airplane']",ship
16158,1,"['bird', 'dog', 'frog', 'cat', 'airplane']",airplane
16159,8,"['horse', 'airplane', 'cat', 'frog']",horse
16160,0,"['horse', 'deer', 'frog', 'cat']",horse
16161,8,"['horse', 'airplane', 'cat', 'frog']",horse
16162,7,"['automobile', 'cat', 'airplane', 'frog']",cat
16163,9,"['dog', 'frog', 'cat', 'airplane']",dog
16164,3,"['frog', 'ship', 'automobile', 'airplane']",ship
16165,2,"['ship', 'cat', 'automobile', 'airplane']",ship
16166,5,"['frog', 'ship', 'airplane', 'automobile']",ship
16167,8,"['horse', 'airplane', 'cat', 'frog']",horse
16168,5,"['frog', 'ship', 'airplane', 'automobile']",ship
16169,0,"['horse', 'deer', 'frog', 'cat']",horse
16170,9,"['dog', 'frog', 'cat', 'airplane']",dog
16171,7,"['automobile', 'cat', 'airplane', 'frog']",cat
16172,1,"['bird', 'dog', 'frog', 'cat', 'airplane']",airplane
16173,4,"['cat', 'automobile', 'frog', 'airplane']",automobile
16174,9,"['dog', 'frog', 'cat', 'airplane']",airplane
16175,7,"['automobile', 'cat', 'airplane', 'frog']",airplane
16176,2,"['ship', 'cat', 'automobile', 'airplane']",automobile
16177,6,"['automobile', 'horse', 'ship', 'airplane']",airplane
16178,8,"['horse', 'airplane', 'cat', 'frog']",horse
16179,4,"['cat', 'automobile', 'frog', 'airplane']",automobile
16180,1,"['bird', 'dog', 'frog', 'cat', 'airplane']",airplane
16181,4,"['cat', 'automobile', 'frog', 'airplane']",automobile
16182,0,"['horse', 'deer', 'frog', 'cat']",horse
16183,7,"['automobile', 'cat', 'airplane', 'frog']",airplane
16184,7,"['automobile', 'cat', 'airplane', 'frog']",airplane
16185,5,"['frog', 'ship', 'airplane', 'automobile']",ship
16186,0,"['horse', 'deer', 'frog', 'cat']",horse
16187,7,"['automobile', 'cat', 'airplane', 'frog']",airplane
16188,5,"['frog', 'ship', 'airplane', 'automobile']",ship
16189,1,"['bird', 'dog', 'frog', 'cat', 'airplane']",airplane
16190,3,"['frog', 'ship', 'automobile', 'airplane']",ship
16191,0,"['horse', 'deer', 'frog', 'cat']",horse
16192,7,"['automobile', 'cat', 'airplane', 'frog']",cat
16193,8,"['horse', 'airplane', 'cat', 'frog']",horse
16194,4,"['cat', 'automobile', 'frog', 'airplane']",automobile
16195,4,"['cat', 'automobile', 'frog', 'airplane']",automobile
16196,0,"['horse', 'deer', 'frog', 'cat']",horse
16197,1,"['bird', 'dog', 'frog', 'cat', 'airplane']",airplane
16198,7,"['automobile', 'cat', 'airplane', 'frog']",cat
16199,5,"['frog', 'ship', 'airplane', 'automobile']",ship
16200,4,"['cat', 'automobile', 'frog', 'airplane']",automobile
16201,6,"['automobile', 'horse', 'ship', 'airplane']",automobile
16202,2,"['ship', 'cat', 'automobile', 'airplane']",cat
16203,9,"['dog', 'frog', 'cat', 'airplane']",airplane
16204,5,"['frog', 'ship', 'airplane', 'automobile']",ship
16205,9,"['dog', 'frog', 'cat', 'airplane']",airplane
16206,8,"['horse', 'airplane', 'cat', 'frog']",horse
16207,2,"['ship', 'cat', 'automobile', 'airplane']",automobile
16208,2,"['ship', 'cat', 'automobile', 'airplane']",cat
16209,3,"['frog', 'ship', 'automobile', 'airplane']",ship
16210,5,"['frog', 'ship', 'airplane', 'automobile']",ship
16211,1,"['bird', 'dog', 'frog', 'cat', 'airplane']",airplane
16212,5,"['frog', 'ship', 'airplane', 'automobile']",ship
16213,0,"['horse', 'deer', 'frog', 'cat']",horse
16214,0,"['horse', 'deer', 'frog', 'cat']",horse
16215,2,"['ship', 'cat', 'automobile', 'airplane']",cat
16216,4,"['cat', 'automobile', 'frog', 'airplane']",automobile
16217,8,"['horse', 'airplane', 'cat', 'frog']",horse
16218,6,"['automobile', 'horse', 'ship', 'airplane']",horse
16219,0,"['horse', 'deer', 'frog', 'cat']",horse
16220,4,"['cat', 'automobile', 'frog', 'airplane']",automobile
16221,2,"['ship', 'cat', 'automobile', 'airplane']",cat
16222,4,"['cat', 'automobile', 'frog', 'airplane']",airplane
16223,1,"['bird', 'dog', 'frog', 'cat', 'airplane']",airplane
16224,7,"['automobile', 'cat', 'airplane', 'frog']",cat
16225,0,"['horse', 'deer', 'frog', 'cat']",horse
16226,9,"['dog', 'frog', 'cat', 'airplane']",airplane
16227,7,"['automobile', 'cat', 'airplane', 'frog']",cat
16228,3,"['frog', 'ship', 'automobile', 'airplane']",frog
16229,7,"['automobile', 'cat', 'airplane', 'frog']",cat
16230,0,"['horse', 'deer', 'frog', 'cat']",horse
16231,3,"['frog', 'ship', 'automobile', 'airplane']",ship
16232,2,"['ship', 'cat', 'automobile', 'airplane']",cat
16233,1,"['bird', 'dog', 'frog', 'cat', 'airplane']",airplane
16234,9,"['dog', 'frog', 'cat', 'airplane']",dog
16235,0,"['horse', 'deer', 'frog', 'cat']",horse
16236,5,"['frog', 'ship', 'airplane', 'automobile']",ship
16237,9,"['dog', 'frog', 'cat', 'airplane']",airplane
16238,0,"['horse', 'deer', 'frog', 'cat']",horse
16239,8,"['horse', 'airplane', 'cat', 'frog']",horse
16240,4,"['cat', 'automobile', 'frog', 'airplane']",automobile
16241,4,"['cat', 'automobile', 'frog', 'airplane']",automobile
16242,6,"['automobile', 'horse', 'ship', 'airplane']",airplane
16243,3,"['frog', 'ship', 'automobile', 'airplane']",frog
16244,4,"['cat', 'automobile', 'frog', 'airplane']",automobile
16245,0,"['horse', 'deer', 'frog', 'cat']",horse
16246,8,"['horse', 'airplane', 'cat', 'frog']",horse
16247,5,"['frog', 'ship', 'airplane', 'automobile']",ship
16248,1,"['bird', 'dog', 'frog', 'cat', 'airplane']",airplane
16249,2,"['ship', 'cat', 'automobile', 'airplane']",ship
16250,1,"['bird', 'dog', 'frog', 'cat', 'airplane']",airplane
16251,7,"['automobile', 'cat', 'airplane', 'frog']",airplane
16252,1,"['bird', 'dog', 'frog', 'cat', 'airplane']",airplane
16253,0,"['horse', 'deer', 'frog', 'cat']",horse
16254,4,"['cat', 'automobile', 'frog', 'airplane']",automobile
16255,9,"['dog', 'frog', 'cat', 'airplane']",airplane
16256,1,"['bird', 'dog', 'frog', 'cat', 'airplane']",airplane
16257,8,"['horse', 'airplane', 'cat', 'frog']",horse
16258,1,"['bird', 'dog', 'frog', 'cat', 'airplane']",airplane
16259,8,"['horse', 'airplane', 'cat', 'frog']",horse
16260,7,"['automobile', 'cat', 'airplane', 'frog']",frog
16261,1,"['bird', 'dog', 'frog', 'cat', 'airplane']",airplane
16262,9,"['dog', 'frog', 'cat', 'airplane']",airplane
16263,4,"['cat', 'automobile', 'frog', 'airplane']",automobile
16264,4,"['cat', 'automobile', 'frog', 'airplane']",automobile
16265,7,"['automobile', 'cat', 'airplane', 'frog']",airplane
16266,2,"['ship', 'cat', 'automobile', 'airplane']",cat
16267,9,"['dog', 'frog', 'cat', 'airplane']",airplane
16268,1,"['bird', 'dog', 'frog', 'cat', 'airplane']",airplane
16269,5,"['frog', 'ship', 'airplane', 'automobile']",ship
16270,5,"['frog', 'ship', 'airplane', 'automobile']",ship
16271,3,"['frog', 'ship', 'automobile', 'airplane']",ship
16272,1,"['bird', 'dog', 'frog', 'cat', 'airplane']",airplane
16273,3,"['frog', 'ship', 'automobile', 'airplane']",frog
16274,2,"['ship', 'cat', 'automobile', 'airplane']",cat
16275,1,"['bird', 'dog', 'frog', 'cat', 'airplane']",airplane
16276,1,"['bird', 'dog', 'frog', 'cat', 'airplane']",airplane
16277,5,"['frog', 'ship', 'airplane', 'automobile']",ship
16278,1,"['bird', 'dog', 'frog', 'cat', 'airplane']",airplane
16279,2,"['ship', 'cat', 'automobile', 'airplane']",cat
16280,5,"['frog', 'ship', 'airplane', 'automobile']",ship
16281,8,"['horse', 'airplane', 'cat', 'frog']",horse
16282,5,"['frog', 'ship', 'airplane', 'automobile']",ship
16283,6,"['automobile', 'horse', 'ship', 'airplane']",ship
16284,3,"['frog', 'ship', 'automobile', 'airplane']",ship
16285,6,"['automobile', 'horse', 'ship', 'airplane']",automobile
16286,1,"['bird', 'dog', 'frog', 'cat', 'airplane']",airplane
16287,6,"['automobile', 'horse', 'ship', 'airplane']",airplane
16288,2,"['ship', 'cat', 'automobile', 'airplane']",cat
16289,3,"['frog', 'ship', 'automobile', 'airplane']",ship
16290,2,"['ship', 'cat', 'automobile', 'airplane']",cat
16291,5,"['frog', 'ship', 'airplane', 'automobile']",ship
16292,0,"['horse', 'deer', 'frog', 'cat']",horse
16293,9,"['dog', 'frog', 'cat', 'airplane']",airplane
16294,4,"['cat', 'automobile', 'frog', 'airplane']",automobile
16295,3,"['frog', 'ship', 'automobile', 'airplane']",ship
16296,3,"['frog', 'ship', 'automobile', 'airplane']",ship
16297,0,"['horse', 'deer', 'frog', 'cat']",horse
16298,7,"['automobile', 'cat', 'airplane', 'frog']",cat
16299,1,"['bird', 'dog', 'frog', 'cat', 'airplane']",airplane
16300,7,"['automobile', 'cat', 'airplane', 'frog']",airplane
16301,3,"['frog', 'ship', 'automobile', 'airplane']",ship
16302,9,"['dog', 'frog', 'cat', 'airplane']",airplane
16303,2,"['ship', 'cat', 'automobile', 'airplane']",cat
16304,8,"['horse', 'airplane', 'cat', 'frog']",horse
16305,0,"['horse', 'deer', 'frog', 'cat']",frog
16306,2,"['ship', 'cat', 'automobile', 'airplane']",cat
16307,9,"['dog', 'frog', 'cat', 'airplane']",dog
16308,3,"['frog', 'ship', 'automobile', 'airplane']",ship
16309,1,"['bird', 'dog', 'frog', 'cat', 'airplane']",airplane
16310,1,"['bird', 'dog', 'frog', 'cat', 'airplane']",airplane
16311,5,"['frog', 'ship', 'airplane', 'automobile']",ship
16312,2,"['ship', 'cat', 'automobile', 'airplane']",ship
16313,0,"['horse', 'deer', 'frog', 'cat']",horse
16314,2,"['ship', 'cat', 'automobile', 'airplane']",cat
16315,8,"['horse', 'airplane', 'cat', 'frog']",horse
16316,0,"['horse', 'deer', 'frog', 'cat']",horse
16317,9,"['dog', 'frog', 'cat', 'airplane']",dog
16318,2,"['ship', 'cat', 'automobile', 'airplane']",cat
16319,2,"['ship', 'cat', 'automobile', 'airplane']",cat
16320,1,"['bird', 'dog', 'frog', 'cat', 'airplane']",airplane
16321,5,"['frog', 'ship', 'airplane', 'automobile']",ship
16322,3,"['frog', 'ship', 'automobile', 'airplane']",ship
16323,4,"['cat', 'automobile', 'frog', 'airplane']",automobile
16324,7,"['automobile', 'cat', 'airplane', 'frog']",cat
16325,1,"['bird', 'dog', 'frog', 'cat', 'airplane']",airplane
16326,2,"['ship', 'cat', 'automobile', 'airplane']",cat
16327,2,"['ship', 'cat', 'automobile', 'airplane']",cat
16328,4,"['cat', 'automobile', 'frog', 'airplane']",automobile
16329,9,"['dog', 'frog', 'cat', 'airplane']",dog
16330,8,"['horse', 'airplane', 'cat', 'frog']",horse
16331,1,"['bird', 'dog', 'frog', 'cat', 'airplane']",airplane
16332,1,"['bird', 'dog', 'frog', 'cat', 'airplane']",airplane
16333,6,"['automobile', 'horse', 'ship', 'airplane']",airplane
16334,7,"['automobile', 'cat', 'airplane', 'frog']",cat
16335,3,"['frog', 'ship', 'automobile', 'airplane']",ship
16336,8,"['horse', 'airplane', 'cat', 'frog']",horse
16337,6,"['automobile', 'horse', 'ship', 'airplane']",automobile
16338,1,"['bird', 'dog', 'frog', 'cat', 'airplane']",airplane
16339,3,"['frog', 'ship', 'automobile', 'airplane']",frog
16340,8,"['horse', 'airplane', 'cat', 'frog']",horse
16341,3,"['frog', 'ship', 'automobile', 'airplane']",ship
16342,8,"['horse', 'airplane', 'cat', 'frog']",horse
16343,9,"['dog', 'frog', 'cat', 'airplane']",dog
16344,7,"['automobile', 'cat', 'airplane', 'frog']",cat
16345,3,"['frog', 'ship', 'automobile', 'airplane']",ship
16346,0,"['horse', 'deer', 'frog', 'cat']",horse
16347,9,"['dog', 'frog', 'cat', 'airplane']",airplane
16348,7,"['automobile', 'cat', 'airplane', 'frog']",cat
16349,2,"['ship', 'cat', 'automobile', 'airplane']",cat
16350,7,"['automobile', 'cat', 'airplane', 'frog']",cat
16351,5,"['frog', 'ship', 'airplane', 'automobile']",ship
16352,2,"['ship', 'cat', 'automobile', 'airplane']",cat
16353,6,"['automobile', 'horse', 'ship', 'airplane']",airplane
16354,9,"['dog', 'frog', 'cat', 'airplane']",airplane
16355,7,"['automobile', 'cat', 'airplane', 'frog']",cat
16356,4,"['cat', 'automobile', 'frog', 'airplane']",automobile
16357,2,"['ship', 'cat', 'automobile', 'airplane']",automobile
16358,5,"['frog', 'ship', 'airplane', 'automobile']",ship
16359,9,"['dog', 'frog', 'cat', 'airplane']",airplane
16360,3,"['frog', 'ship', 'automobile', 'airplane']",ship
16361,5,"['frog', 'ship', 'airplane', 'automobile']",ship
16362,9,"['dog', 'frog', 'cat', 'airplane']",airplane
16363,3,"['frog', 'ship', 'automobile', 'airplane']",ship
16364,3,"['frog', 'ship', 'automobile', 'airplane']",ship
16365,1,"['bird', 'dog', 'frog', 'cat', 'airplane']",airplane
16366,3,"['frog', 'ship', 'automobile', 'airplane']",ship
16367,6,"['automobile', 'horse', 'ship', 'airplane']",airplane
16368,1,"['bird', 'dog', 'frog', 'cat', 'airplane']",airplane
16369,9,"['dog', 'frog', 'cat', 'airplane']",dog
16370,0,"['horse', 'deer', 'frog', 'cat']",horse
16371,0,"['horse', 'deer', 'frog', 'cat']",horse
16372,2,"['ship', 'cat', 'automobile', 'airplane']",cat
16373,9,"['dog', 'frog', 'cat', 'airplane']",dog
16374,5,"['frog', 'ship', 'airplane', 'automobile']",ship
16375,0,"['horse', 'deer', 'frog', 'cat']",horse
16376,7,"['automobile', 'cat', 'airplane', 'frog']",cat
16377,5,"['frog', 'ship', 'airplane', 'automobile']",ship
16378,9,"['dog', 'frog', 'cat', 'airplane']",airplane
16379,2,"['ship', 'cat', 'automobile', 'airplane']",ship
16380,0,"['horse', 'deer', 'frog', 'cat']",horse
16381,8,"['horse', 'airplane', 'cat', 'frog']",horse
16382,9,"['dog', 'frog', 'cat', 'airplane']",airplane
16383,4,"['cat', 'automobile', 'frog', 'airplane']",automobile
16384,4,"['cat', 'automobile', 'frog', 'airplane']",automobile
16385,1,"['bird', 'dog', 'frog', 'cat', 'airplane']",airplane
16386,6,"['automobile', 'horse', 'ship', 'airplane']",airplane
16387,6,"['automobile', 'horse', 'ship', 'airplane']",airplane
16388,8,"['horse', 'airplane', 'cat', 'frog']",horse
16389,6,"['automobile', 'horse', 'ship', 'airplane']",automobile
16390,6,"['automobile', 'horse', 'ship', 'airplane']",ship
16391,0,"['horse', 'deer', 'frog', 'cat']",horse
16392,0,"['horse', 'deer', 'frog', 'cat']",horse
16393,6,"['automobile', 'horse', 'ship', 'airplane']",airplane
16394,9,"['dog', 'frog', 'cat', 'airplane']",dog
16395,8,"['horse', 'airplane', 'cat', 'frog']",horse
16396,9,"['dog', 'frog', 'cat', 'airplane']",airplane
16397,0,"['horse', 'deer', 'frog', 'cat']",horse
16398,6,"['automobile', 'horse', 'ship', 'airplane']",ship
16399,7,"['automobile', 'cat', 'airplane', 'frog']",frog
16400,1,"['bird', 'dog', 'frog', 'cat', 'airplane']",airplane
16401,3,"['frog', 'ship', 'automobile', 'airplane']",ship
16402,2,"['ship', 'cat', 'automobile', 'airplane']",automobile
16403,5,"['frog', 'ship', 'airplane', 'automobile']",ship
16404,6,"['automobile', 'horse', 'ship', 'airplane']",airplane
16405,3,"['frog', 'ship', 'automobile', 'airplane']",ship
16406,2,"['ship', 'cat', 'automobile', 'airplane']",cat
16407,9,"['dog', 'frog', 'cat', 'airplane']",dog
16408,5,"['frog', 'ship', 'airplane', 'automobile']",ship
16409,6,"['automobile', 'horse', 'ship', 'airplane']",horse
16410,1,"['bird', 'dog', 'frog', 'cat', 'airplane']",airplane
16411,3,"['frog', 'ship', 'automobile', 'airplane']",ship
16412,1,"['bird', 'dog', 'frog', 'cat', 'airplane']",airplane
16413,9,"['dog', 'frog', 'cat', 'airplane']",dog
16414,8,"['horse', 'airplane', 'cat', 'frog']",horse
16415,2,"['ship', 'cat', 'automobile', 'airplane']",automobile
16416,2,"['ship', 'cat', 'automobile', 'airplane']",automobile
16417,7,"['automobile', 'cat', 'airplane', 'frog']",cat
16418,3,"['frog', 'ship', 'automobile', 'airplane']",ship
16419,5,"['frog', 'ship', 'airplane', 'automobile']",ship
16420,0,"['horse', 'deer', 'frog', 'cat']",horse
16421,3,"['frog', 'ship', 'automobile', 'airplane']",ship
16422,8,"['horse', 'airplane', 'cat', 'frog']",horse
16423,0,"['horse', 'deer', 'frog', 'cat']",frog
16424,6,"['automobile', 'horse', 'ship', 'airplane']",airplane
16425,8,"['horse', 'airplane', 'cat', 'frog']",horse
16426,4,"['cat', 'automobile', 'frog', 'airplane']",automobile
16427,3,"['frog', 'ship', 'automobile', 'airplane']",ship
16428,1,"['bird', 'dog', 'frog', 'cat', 'airplane']",airplane
16429,6,"['automobile', 'horse', 'ship', 'airplane']",airplane
16430,8,"['horse', 'airplane', 'cat', 'frog']",horse
16431,5,"['frog', 'ship', 'airplane', 'automobile']",ship
16432,3,"['frog', 'ship', 'automobile', 'airplane']",ship
16433,4,"['cat', 'automobile', 'frog', 'airplane']",automobile
16434,4,"['cat', 'automobile', 'frog', 'airplane']",airplane
16435,8,"['horse', 'airplane', 'cat', 'frog']",horse
16436,5,"['frog', 'ship', 'airplane', 'automobile']",ship
16437,1,"['bird', 'dog', 'frog', 'cat', 'airplane']",airplane
16438,3,"['frog', 'ship', 'automobile', 'airplane']",ship
16439,2,"['ship', 'cat', 'automobile', 'airplane']",cat
16440,6,"['automobile', 'horse', 'ship', 'airplane']",automobile
16441,2,"['ship', 'cat', 'automobile', 'airplane']",cat
16442,6,"['automobile', 'horse', 'ship', 'airplane']",airplane
16443,8,"['horse', 'airplane', 'cat', 'frog']",horse
16444,5,"['frog', 'ship', 'airplane', 'automobile']",ship
16445,4,"['cat', 'automobile', 'frog', 'airplane']",automobile
16446,2,"['ship', 'cat', 'automobile', 'airplane']",ship
16447,9,"['dog', 'frog', 'cat', 'airplane']",dog
16448,0,"['horse', 'deer', 'frog', 'cat']",horse
16449,3,"['frog', 'ship', 'automobile', 'airplane']",ship
16450,0,"['horse', 'deer', 'frog', 'cat']",horse
16451,6,"['automobile', 'horse', 'ship', 'airplane']",airplane
16452,3,"['frog', 'ship', 'automobile', 'airplane']",ship
16453,5,"['frog', 'ship', 'airplane', 'automobile']",ship
16454,9,"['dog', 'frog', 'cat', 'airplane']",airplane
16455,6,"['automobile', 'horse', 'ship', 'airplane']",automobile
16456,0,"['horse', 'deer', 'frog', 'cat']",horse
16457,8,"['horse', 'airplane', 'cat', 'frog']",horse
16458,9,"['dog', 'frog', 'cat', 'airplane']",dog
16459,5,"['frog', 'ship', 'airplane', 'automobile']",ship
16460,0,"['horse', 'deer', 'frog', 'cat']",horse
16461,4,"['cat', 'automobile', 'frog', 'airplane']",automobile
16462,2,"['ship', 'cat', 'automobile', 'airplane']",ship
16463,4,"['cat', 'automobile', 'frog', 'airplane']",automobile
16464,7,"['automobile', 'cat', 'airplane', 'frog']",cat
16465,4,"['cat', 'automobile', 'frog', 'airplane']",automobile
16466,8,"['horse', 'airplane', 'cat', 'frog']",horse
16467,7,"['automobile', 'cat', 'airplane', 'frog']",cat
16468,7,"['automobile', 'cat', 'airplane', 'frog']",cat
16469,5,"['frog', 'ship', 'airplane', 'automobile']",ship
16470,5,"['frog', 'ship', 'airplane', 'automobile']",ship
16471,1,"['bird', 'dog', 'frog', 'cat', 'airplane']",airplane
16472,2,"['ship', 'cat', 'automobile', 'airplane']",cat
16473,8,"['horse', 'airplane', 'cat', 'frog']",horse
16474,1,"['bird', 'dog', 'frog', 'cat', 'airplane']",airplane
16475,6,"['automobile', 'horse', 'ship', 'airplane']",airplane
16476,8,"['horse', 'airplane', 'cat', 'frog']",horse
16477,7,"['automobile', 'cat', 'airplane', 'frog']",airplane
16478,6,"['automobile', 'horse', 'ship', 'airplane']",ship
16479,8,"['horse', 'airplane', 'cat', 'frog']",horse
16480,9,"['dog', 'frog', 'cat', 'airplane']",dog
16481,4,"['cat', 'automobile', 'frog', 'airplane']",automobile
16482,9,"['dog', 'frog', 'cat', 'airplane']",dog
16483,8,"['horse', 'airplane', 'cat', 'frog']",horse
16484,7,"['automobile', 'cat', 'airplane', 'frog']",cat
16485,4,"['cat', 'automobile', 'frog', 'airplane']",automobile
16486,4,"['cat', 'automobile', 'frog', 'airplane']",automobile
16487,0,"['horse', 'deer', 'frog', 'cat']",horse
16488,9,"['dog', 'frog', 'cat', 'airplane']",airplane
16489,6,"['automobile', 'horse', 'ship', 'airplane']",horse
16490,1,"['bird', 'dog', 'frog', 'cat', 'airplane']",airplane
16491,9,"['dog', 'frog', 'cat', 'airplane']",airplane
16492,4,"['cat', 'automobile', 'frog', 'airplane']",automobile
16493,6,"['automobile', 'horse', 'ship', 'airplane']",ship
16494,5,"['frog', 'ship', 'airplane', 'automobile']",ship
16495,3,"['frog', 'ship', 'automobile', 'airplane']",ship
16496,5,"['frog', 'ship', 'airplane', 'automobile']",ship
16497,0,"['horse', 'deer', 'frog', 'cat']",horse
16498,2,"['ship', 'cat', 'automobile', 'airplane']",ship
16499,6,"['automobile', 'horse', 'ship', 'airplane']",airplane
16500,6,"['automobile', 'horse', 'ship', 'airplane']",airplane
16501,0,"['horse', 'deer', 'frog', 'cat']",horse
16502,3,"['frog', 'ship', 'automobile', 'airplane']",ship
16503,4,"['cat', 'automobile', 'frog', 'airplane']",automobile
16504,7,"['automobile', 'cat', 'airplane', 'frog']",cat
16505,4,"['cat', 'automobile', 'frog', 'airplane']",airplane
16506,7,"['automobile', 'cat', 'airplane', 'frog']",frog
16507,6,"['automobile', 'horse', 'ship', 'airplane']",automobile
16508,6,"['automobile', 'horse', 'ship', 'airplane']",airplane
16509,8,"['horse', 'airplane', 'cat', 'frog']",horse
16510,5,"['frog', 'ship', 'airplane', 'automobile']",ship
16511,0,"['horse', 'deer', 'frog', 'cat']",horse
16512,8,"['horse', 'airplane', 'cat', 'frog']",horse
16513,0,"['horse', 'deer', 'frog', 'cat']",horse
16514,4,"['cat', 'automobile', 'frog', 'airplane']",automobile
16515,4,"['cat', 'automobile', 'frog', 'airplane']",automobile
16516,7,"['automobile', 'cat', 'airplane', 'frog']",cat
16517,9,"['dog', 'frog', 'cat', 'airplane']",airplane
16518,4,"['cat', 'automobile', 'frog', 'airplane']",automobile
16519,9,"['dog', 'frog', 'cat', 'airplane']",dog
16520,8,"['horse', 'airplane', 'cat', 'frog']",horse
16521,0,"['horse', 'deer', 'frog', 'cat']",horse
16522,3,"['frog', 'ship', 'automobile', 'airplane']",ship
16523,9,"['dog', 'frog', 'cat', 'airplane']",dog
16524,5,"['frog', 'ship', 'airplane', 'automobile']",ship
16525,4,"['cat', 'automobile', 'frog', 'airplane']",automobile
16526,3,"['frog', 'ship', 'automobile', 'airplane']",ship
16527,4,"['cat', 'automobile', 'frog', 'airplane']",automobile
16528,3,"['frog', 'ship', 'automobile', 'airplane']",ship
16529,0,"['horse', 'deer', 'frog', 'cat']",horse
16530,2,"['ship', 'cat', 'automobile', 'airplane']",cat
16531,0,"['horse', 'deer', 'frog', 'cat']",horse
16532,8,"['horse', 'airplane', 'cat', 'frog']",horse
16533,9,"['dog', 'frog', 'cat', 'airplane']",dog
16534,5,"['frog', 'ship', 'airplane', 'automobile']",ship
16535,9,"['dog', 'frog', 'cat', 'airplane']",airplane
16536,3,"['frog', 'ship', 'automobile', 'airplane']",ship
16537,7,"['automobile', 'cat', 'airplane', 'frog']",cat
16538,3,"['frog', 'ship', 'automobile', 'airplane']",ship
16539,6,"['automobile', 'horse', 'ship', 'airplane']",horse
16540,5,"['frog', 'ship', 'airplane', 'automobile']",ship
16541,0,"['horse', 'deer', 'frog', 'cat']",horse
16542,4,"['cat', 'automobile', 'frog', 'airplane']",airplane
16543,1,"['bird', 'dog', 'frog', 'cat', 'airplane']",airplane
16544,5,"['frog', 'ship', 'airplane', 'automobile']",ship
16545,6,"['automobile', 'horse', 'ship', 'airplane']",airplane
16546,6,"['automobile', 'horse', 'ship', 'airplane']",airplane
16547,3,"['frog', 'ship', 'automobile', 'airplane']",ship
16548,0,"['horse', 'deer', 'frog', 'cat']",horse
16549,1,"['bird', 'dog', 'frog', 'cat', 'airplane']",airplane
16550,7,"['automobile', 'cat', 'airplane', 'frog']",cat
16551,9,"['dog', 'frog', 'cat', 'airplane']",airplane
16552,0,"['horse', 'deer', 'frog', 'cat']",horse
16553,0,"['horse', 'deer', 'frog', 'cat']",horse
16554,0,"['horse', 'deer', 'frog', 'cat']",horse
16555,1,"['bird', 'dog', 'frog', 'cat', 'airplane']",airplane
16556,5,"['frog', 'ship', 'airplane', 'automobile']",ship
16557,7,"['automobile', 'cat', 'airplane', 'frog']",cat
16558,8,"['horse', 'airplane', 'cat', 'frog']",horse
16559,0,"['horse', 'deer', 'frog', 'cat']",horse
16560,5,"['frog', 'ship', 'airplane', 'automobile']",ship
16561,3,"['frog', 'ship', 'automobile', 'airplane']",ship
16562,6,"['automobile', 'horse', 'ship', 'airplane']",airplane
16563,1,"['bird', 'dog', 'frog', 'cat', 'airplane']",airplane
16564,0,"['horse', 'deer', 'frog', 'cat']",horse
16565,7,"['automobile', 'cat', 'airplane', 'frog']",airplane
16566,5,"['frog', 'ship', 'airplane', 'automobile']",ship
16567,0,"['horse', 'deer', 'frog', 'cat']",horse
16568,9,"['dog', 'frog', 'cat', 'airplane']",airplane
16569,2,"['ship', 'cat', 'automobile', 'airplane']",automobile
16570,2,"['ship', 'cat', 'automobile', 'airplane']",cat
16571,2,"['ship', 'cat', 'automobile', 'airplane']",cat
16572,8,"['horse', 'airplane', 'cat', 'frog']",horse
16573,3,"['frog', 'ship', 'automobile', 'airplane']",ship
16574,6,"['automobile', 'horse', 'ship', 'airplane']",airplane
16575,1,"['bird', 'dog', 'frog', 'cat', 'airplane']",airplane
16576,1,"['bird', 'dog', 'frog', 'cat', 'airplane']",airplane
16577,1,"['bird', 'dog', 'frog', 'cat', 'airplane']",airplane
16578,5,"['frog', 'ship', 'airplane', 'automobile']",ship
16579,0,"['horse', 'deer', 'frog', 'cat']",horse
16580,5,"['frog', 'ship', 'airplane', 'automobile']",ship
16581,2,"['ship', 'cat', 'automobile', 'airplane']",automobile
16582,7,"['automobile', 'cat', 'airplane', 'frog']",cat
16583,3,"['frog', 'ship', 'automobile', 'airplane']",ship
16584,6,"['automobile', 'horse', 'ship', 'airplane']",airplane
16585,6,"['automobile', 'horse', 'ship', 'airplane']",ship
16586,3,"['frog', 'ship', 'automobile', 'airplane']",ship
16587,4,"['cat', 'automobile', 'frog', 'airplane']",automobile
16588,1,"['bird', 'dog', 'frog', 'cat', 'airplane']",airplane
16589,7,"['automobile', 'cat', 'airplane', 'frog']",cat
16590,6,"['automobile', 'horse', 'ship', 'airplane']",airplane
16591,9,"['dog', 'frog', 'cat', 'airplane']",airplane
16592,9,"['dog', 'frog', 'cat', 'airplane']",dog
16593,2,"['ship', 'cat', 'automobile', 'airplane']",cat
16594,1,"['bird', 'dog', 'frog', 'cat', 'airplane']",airplane
16595,9,"['dog', 'frog', 'cat', 'airplane']",dog
16596,0,"['horse', 'deer', 'frog', 'cat']",horse
16597,8,"['horse', 'airplane', 'cat', 'frog']",horse
16598,1,"['bird', 'dog', 'frog', 'cat', 'airplane']",airplane
16599,9,"['dog', 'frog', 'cat', 'airplane']",airplane
16600,7,"['automobile', 'cat', 'airplane', 'frog']",airplane
16601,9,"['dog', 'frog', 'cat', 'airplane']",airplane
16602,9,"['dog', 'frog', 'cat', 'airplane']",airplane
16603,6,"['automobile', 'horse', 'ship', 'airplane']",airplane
16604,3,"['frog', 'ship', 'automobile', 'airplane']",ship
16605,4,"['cat', 'automobile', 'frog', 'airplane']",automobile
16606,6,"['automobile', 'horse', 'ship', 'airplane']",ship
16607,8,"['horse', 'airplane', 'cat', 'frog']",horse
16608,8,"['horse', 'airplane', 'cat', 'frog']",horse
16609,2,"['ship', 'cat', 'automobile', 'airplane']",automobile
16610,5,"['frog', 'ship', 'airplane', 'automobile']",ship
16611,6,"['automobile', 'horse', 'ship', 'airplane']",airplane
16612,9,"['dog', 'frog', 'cat', 'airplane']",dog
16613,1,"['bird', 'dog', 'frog', 'cat', 'airplane']",airplane
16614,9,"['dog', 'frog', 'cat', 'airplane']",airplane
16615,4,"['cat', 'automobile', 'frog', 'airplane']",automobile
16616,2,"['ship', 'cat', 'automobile', 'airplane']",cat
16617,9,"['dog', 'frog', 'cat', 'airplane']",dog
16618,7,"['automobile', 'cat', 'airplane', 'frog']",cat
16619,3,"['frog', 'ship', 'automobile', 'airplane']",ship
16620,8,"['horse', 'airplane', 'cat', 'frog']",horse
16621,6,"['automobile', 'horse', 'ship', 'airplane']",ship
16622,2,"['ship', 'cat', 'automobile', 'airplane']",cat
16623,5,"['frog', 'ship', 'airplane', 'automobile']",ship
16624,0,"['horse', 'deer', 'frog', 'cat']",horse
16625,0,"['horse', 'deer', 'frog', 'cat']",horse
16626,5,"['frog', 'ship', 'airplane', 'automobile']",ship
16627,3,"['frog', 'ship', 'automobile', 'airplane']",ship
16628,3,"['frog', 'ship', 'automobile', 'airplane']",ship
16629,1,"['bird', 'dog', 'frog', 'cat', 'airplane']",airplane
16630,8,"['horse', 'airplane', 'cat', 'frog']",horse
16631,9,"['dog', 'frog', 'cat', 'airplane']",airplane
16632,0,"['horse', 'deer', 'frog', 'cat']",horse
16633,7,"['automobile', 'cat', 'airplane', 'frog']",airplane
16634,0,"['horse', 'deer', 'frog', 'cat']",horse
16635,3,"['frog', 'ship', 'automobile', 'airplane']",ship
16636,4,"['cat', 'automobile', 'frog', 'airplane']",automobile
16637,0,"['horse', 'deer', 'frog', 'cat']",horse
16638,1,"['bird', 'dog', 'frog', 'cat', 'airplane']",airplane
16639,6,"['automobile', 'horse', 'ship', 'airplane']",airplane
16640,4,"['cat', 'automobile', 'frog', 'airplane']",automobile
16641,9,"['dog', 'frog', 'cat', 'airplane']",airplane
16642,9,"['dog', 'frog', 'cat', 'airplane']",airplane
16643,5,"['frog', 'ship', 'airplane', 'automobile']",ship
16644,2,"['ship', 'cat', 'automobile', 'airplane']",cat
16645,7,"['automobile', 'cat', 'airplane', 'frog']",airplane
16646,3,"['frog', 'ship', 'automobile', 'airplane']",ship
16647,0,"['horse', 'deer', 'frog', 'cat']",horse
16648,4,"['cat', 'automobile', 'frog', 'airplane']",airplane
16649,8,"['horse', 'airplane', 'cat', 'frog']",horse
16650,8,"['horse', 'airplane', 'cat', 'frog']",horse
16651,8,"['horse', 'airplane', 'cat', 'frog']",horse
16652,7,"['automobile', 'cat', 'airplane', 'frog']",cat
16653,5,"['frog', 'ship', 'airplane', 'automobile']",ship
16654,7,"['automobile', 'cat', 'airplane', 'frog']",cat
16655,9,"['dog', 'frog', 'cat', 'airplane']",airplane
16656,3,"['frog', 'ship', 'automobile', 'airplane']",ship
16657,8,"['horse', 'airplane', 'cat', 'frog']",horse
16658,5,"['frog', 'ship', 'airplane', 'automobile']",ship
16659,4,"['cat', 'automobile', 'frog', 'airplane']",automobile
16660,2,"['ship', 'cat', 'automobile', 'airplane']",cat
16661,3,"['frog', 'ship', 'automobile', 'airplane']",ship
16662,2,"['ship', 'cat', 'automobile', 'airplane']",automobile
16663,6,"['automobile', 'horse', 'ship', 'airplane']",airplane
16664,9,"['dog', 'frog', 'cat', 'airplane']",airplane
16665,7,"['automobile', 'cat', 'airplane', 'frog']",cat
16666,7,"['automobile', 'cat', 'airplane', 'frog']",cat
16667,7,"['automobile', 'cat', 'airplane', 'frog']",airplane
16668,6,"['automobile', 'horse', 'ship', 'airplane']",airplane
16669,4,"['cat', 'automobile', 'frog', 'airplane']",automobile
16670,6,"['automobile', 'horse', 'ship', 'airplane']",airplane
16671,2,"['ship', 'cat', 'automobile', 'airplane']",cat
16672,4,"['cat', 'automobile', 'frog', 'airplane']",automobile
16673,1,"['bird', 'dog', 'frog', 'cat', 'airplane']",airplane
16674,4,"['cat', 'automobile', 'frog', 'airplane']",automobile
16675,6,"['automobile', 'horse', 'ship', 'airplane']",airplane
16676,8,"['horse', 'airplane', 'cat', 'frog']",horse
16677,0,"['horse', 'deer', 'frog', 'cat']",horse
16678,2,"['ship', 'cat', 'automobile', 'airplane']",cat
16679,1,"['bird', 'dog', 'frog', 'cat', 'airplane']",airplane
16680,3,"['frog', 'ship', 'automobile', 'airplane']",ship
16681,9,"['dog', 'frog', 'cat', 'airplane']",airplane
16682,1,"['bird', 'dog', 'frog', 'cat', 'airplane']",airplane
16683,2,"['ship', 'cat', 'automobile', 'airplane']",automobile
16684,9,"['dog', 'frog', 'cat', 'airplane']",dog
16685,6,"['automobile', 'horse', 'ship', 'airplane']",airplane
16686,0,"['horse', 'deer', 'frog', 'cat']",horse
16687,6,"['automobile', 'horse', 'ship', 'airplane']",airplane
16688,9,"['dog', 'frog', 'cat', 'airplane']",dog
16689,4,"['cat', 'automobile', 'frog', 'airplane']",automobile
16690,2,"['ship', 'cat', 'automobile', 'airplane']",ship
16691,2,"['ship', 'cat', 'automobile', 'airplane']",automobile
16692,8,"['horse', 'airplane', 'cat', 'frog']",horse
16693,2,"['ship', 'cat', 'automobile', 'airplane']",cat
16694,2,"['ship', 'cat', 'automobile', 'airplane']",cat
16695,2,"['ship', 'cat', 'automobile', 'airplane']",cat
16696,6,"['automobile', 'horse', 'ship', 'airplane']",airplane
16697,8,"['horse', 'airplane', 'cat', 'frog']",horse
16698,5,"['frog', 'ship', 'airplane', 'automobile']",ship
16699,9,"['dog', 'frog', 'cat', 'airplane']",airplane
16700,8,"['horse', 'airplane', 'cat', 'frog']",horse
16701,5,"['frog', 'ship', 'airplane', 'automobile']",ship
16702,4,"['cat', 'automobile', 'frog', 'airplane']",automobile
16703,3,"['frog', 'ship', 'automobile', 'airplane']",ship
16704,0,"['horse', 'deer', 'frog', 'cat']",horse
16705,3,"['frog', 'ship', 'automobile', 'airplane']",ship
16706,7,"['automobile', 'cat', 'airplane', 'frog']",cat
16707,9,"['dog', 'frog', 'cat', 'airplane']",dog
16708,9,"['dog', 'frog', 'cat', 'airplane']",airplane
16709,4,"['cat', 'automobile', 'frog', 'airplane']",automobile
16710,1,"['bird', 'dog', 'frog', 'cat', 'airplane']",airplane
16711,1,"['bird', 'dog', 'frog', 'cat', 'airplane']",airplane
16712,2,"['ship', 'cat', 'automobile', 'airplane']",automobile
16713,6,"['automobile', 'horse', 'ship', 'airplane']",automobile
16714,3,"['frog', 'ship', 'automobile', 'airplane']",ship
16715,2,"['ship', 'cat', 'automobile', 'airplane']",cat
16716,8,"['horse', 'airplane', 'cat', 'frog']",airplane
16717,9,"['dog', 'frog', 'cat', 'airplane']",airplane
16718,9,"['dog', 'frog', 'cat', 'airplane']",dog
16719,7,"['automobile', 'cat', 'airplane', 'frog']",cat
16720,9,"['dog', 'frog', 'cat', 'airplane']",dog
16721,0,"['horse', 'deer', 'frog', 'cat']",horse
16722,3,"['frog', 'ship', 'automobile', 'airplane']",ship
16723,1,"['bird', 'dog', 'frog', 'cat', 'airplane']",airplane
16724,8,"['horse', 'airplane', 'cat', 'frog']",horse
16725,9,"['dog', 'frog', 'cat', 'airplane']",airplane
16726,1,"['bird', 'dog', 'frog', 'cat', 'airplane']",airplane
16727,8,"['horse', 'airplane', 'cat', 'frog']",horse
16728,9,"['dog', 'frog', 'cat', 'airplane']",airplane
16729,8,"['horse', 'airplane', 'cat', 'frog']",horse
16730,8,"['horse', 'airplane', 'cat', 'frog']",horse
16731,3,"['frog', 'ship', 'automobile', 'airplane']",ship
16732,2,"['ship', 'cat', 'automobile', 'airplane']",cat
16733,0,"['horse', 'deer', 'frog', 'cat']",horse
16734,0,"['horse', 'deer', 'frog', 'cat']",horse
16735,9,"['dog', 'frog', 'cat', 'airplane']",airplane
16736,1,"['bird', 'dog', 'frog', 'cat', 'airplane']",airplane
16737,9,"['dog', 'frog', 'cat', 'airplane']",airplane
16738,8,"['horse', 'airplane', 'cat', 'frog']",horse
16739,2,"['ship', 'cat', 'automobile', 'airplane']",automobile
16740,3,"['frog', 'ship', 'automobile', 'airplane']",ship
16741,5,"['frog', 'ship', 'airplane', 'automobile']",ship
16742,2,"['ship', 'cat', 'automobile', 'airplane']",cat
16743,2,"['ship', 'cat', 'automobile', 'airplane']",cat
16744,9,"['dog', 'frog', 'cat', 'airplane']",dog
16745,1,"['bird', 'dog', 'frog', 'cat', 'airplane']",airplane
16746,3,"['frog', 'ship', 'automobile', 'airplane']",ship
16747,2,"['ship', 'cat', 'automobile', 'airplane']",cat
16748,5,"['frog', 'ship', 'airplane', 'automobile']",ship
16749,4,"['cat', 'automobile', 'frog', 'airplane']",automobile
16750,7,"['automobile', 'cat', 'airplane', 'frog']",airplane
16751,3,"['frog', 'ship', 'automobile', 'airplane']",ship
16752,0,"['horse', 'deer', 'frog', 'cat']",horse
16753,1,"['bird', 'dog', 'frog', 'cat', 'airplane']",airplane
16754,3,"['frog', 'ship', 'automobile', 'airplane']",ship
16755,1,"['bird', 'dog', 'frog', 'cat', 'airplane']",airplane
16756,6,"['automobile', 'horse', 'ship', 'airplane']",airplane
16757,2,"['ship', 'cat', 'automobile', 'airplane']",ship
16758,3,"['frog', 'ship', 'automobile', 'airplane']",ship
16759,3,"['frog', 'ship', 'automobile', 'airplane']",ship
16760,6,"['automobile', 'horse', 'ship', 'airplane']",automobile
16761,2,"['ship', 'cat', 'automobile', 'airplane']",cat
16762,6,"['automobile', 'horse', 'ship', 'airplane']",airplane
16763,0,"['horse', 'deer', 'frog', 'cat']",horse
16764,7,"['automobile', 'cat', 'airplane', 'frog']",cat
16765,1,"['bird', 'dog', 'frog', 'cat', 'airplane']",airplane
16766,1,"['bird', 'dog', 'frog', 'cat', 'airplane']",airplane
16767,5,"['frog', 'ship', 'airplane', 'automobile']",ship
16768,6,"['automobile', 'horse', 'ship', 'airplane']",automobile
16769,9,"['dog', 'frog', 'cat', 'airplane']",airplane
16770,1,"['bird', 'dog', 'frog', 'cat', 'airplane']",airplane
16771,5,"['frog', 'ship', 'airplane', 'automobile']",ship
16772,4,"['cat', 'automobile', 'frog', 'airplane']",automobile
16773,9,"['dog', 'frog', 'cat', 'airplane']",airplane
16774,1,"['bird', 'dog', 'frog', 'cat', 'airplane']",airplane
16775,8,"['horse', 'airplane', 'cat', 'frog']",horse
16776,0,"['horse', 'deer', 'frog', 'cat']",horse
16777,1,"['bird', 'dog', 'frog', 'cat', 'airplane']",airplane
16778,6,"['automobile', 'horse', 'ship', 'airplane']",airplane
16779,8,"['horse', 'airplane', 'cat', 'frog']",horse
16780,3,"['frog', 'ship', 'automobile', 'airplane']",ship
16781,5,"['frog', 'ship', 'airplane', 'automobile']",ship
16782,6,"['automobile', 'horse', 'ship', 'airplane']",automobile
16783,2,"['ship', 'cat', 'automobile', 'airplane']",cat
16784,6,"['automobile', 'horse', 'ship', 'airplane']",automobile
16785,0,"['horse', 'deer', 'frog', 'cat']",horse
16786,2,"['ship', 'cat', 'automobile', 'airplane']",ship
16787,3,"['frog', 'ship', 'automobile', 'airplane']",frog
16788,7,"['automobile', 'cat', 'airplane', 'frog']",frog
16789,6,"['automobile', 'horse', 'ship', 'airplane']",airplane
16790,2,"['ship', 'cat', 'automobile', 'airplane']",cat
16791,3,"['frog', 'ship', 'automobile', 'airplane']",ship
16792,8,"['horse', 'airplane', 'cat', 'frog']",horse
16793,0,"['horse', 'deer', 'frog', 'cat']",horse
16794,6,"['automobile', 'horse', 'ship', 'airplane']",airplane
16795,5,"['frog', 'ship', 'airplane', 'automobile']",ship
16796,3,"['frog', 'ship', 'automobile', 'airplane']",ship
16797,5,"['frog', 'ship', 'airplane', 'automobile']",ship
16798,5,"['frog', 'ship', 'airplane', 'automobile']",ship
16799,5,"['frog', 'ship', 'airplane', 'automobile']",ship
16800,1,"['bird', 'dog', 'frog', 'cat', 'airplane']",airplane
16801,0,"['horse', 'deer', 'frog', 'cat']",horse
16802,4,"['cat', 'automobile', 'frog', 'airplane']",automobile
16803,9,"['dog', 'frog', 'cat', 'airplane']",airplane
16804,2,"['ship', 'cat', 'automobile', 'airplane']",cat
16805,3,"['frog', 'ship', 'automobile', 'airplane']",ship
16806,4,"['cat', 'automobile', 'frog', 'airplane']",automobile
16807,2,"['ship', 'cat', 'automobile', 'airplane']",cat
16808,3,"['frog', 'ship', 'automobile', 'airplane']",ship
16809,9,"['dog', 'frog', 'cat', 'airplane']",dog
16810,1,"['bird', 'dog', 'frog', 'cat', 'airplane']",airplane
16811,7,"['automobile', 'cat', 'airplane', 'frog']",airplane
16812,5,"['frog', 'ship', 'airplane', 'automobile']",ship
16813,1,"['bird', 'dog', 'frog', 'cat', 'airplane']",airplane
16814,3,"['frog', 'ship', 'automobile', 'airplane']",ship
16815,7,"['automobile', 'cat', 'airplane', 'frog']",airplane
16816,8,"['horse', 'airplane', 'cat', 'frog']",horse
16817,3,"['frog', 'ship', 'automobile', 'airplane']",ship
16818,9,"['dog', 'frog', 'cat', 'airplane']",airplane
16819,2,"['ship', 'cat', 'automobile', 'airplane']",cat
16820,8,"['horse', 'airplane', 'cat', 'frog']",horse
16821,9,"['dog', 'frog', 'cat', 'airplane']",airplane
16822,6,"['automobile', 'horse', 'ship', 'airplane']",airplane
16823,5,"['frog', 'ship', 'airplane', 'automobile']",ship
16824,7,"['automobile', 'cat', 'airplane', 'frog']",cat
16825,0,"['horse', 'deer', 'frog', 'cat']",horse
16826,7,"['automobile', 'cat', 'airplane', 'frog']",frog
16827,3,"['frog', 'ship', 'automobile', 'airplane']",ship
16828,7,"['automobile', 'cat', 'airplane', 'frog']",cat
16829,1,"['bird', 'dog', 'frog', 'cat', 'airplane']",airplane
16830,8,"['horse', 'airplane', 'cat', 'frog']",horse
16831,0,"['horse', 'deer', 'frog', 'cat']",horse
16832,8,"['horse', 'airplane', 'cat', 'frog']",horse
16833,2,"['ship', 'cat', 'automobile', 'airplane']",automobile
16834,1,"['bird', 'dog', 'frog', 'cat', 'airplane']",airplane
16835,5,"['frog', 'ship', 'airplane', 'automobile']",ship
16836,0,"['horse', 'deer', 'frog', 'cat']",horse
16837,3,"['frog', 'ship', 'automobile', 'airplane']",ship
16838,0,"['horse', 'deer', 'frog', 'cat']",horse
16839,7,"['automobile', 'cat', 'airplane', 'frog']",airplane
16840,0,"['horse', 'deer', 'frog', 'cat']",horse
16841,6,"['automobile', 'horse', 'ship', 'airplane']",airplane
16842,4,"['cat', 'automobile', 'frog', 'airplane']",automobile
16843,7,"['automobile', 'cat', 'airplane', 'frog']",cat
16844,6,"['automobile', 'horse', 'ship', 'airplane']",airplane
16845,4,"['cat', 'automobile', 'frog', 'airplane']",automobile
16846,8,"['horse', 'airplane', 'cat', 'frog']",horse
16847,8,"['horse', 'airplane', 'cat', 'frog']",horse
16848,1,"['bird', 'dog', 'frog', 'cat', 'airplane']",airplane
16849,9,"['dog', 'frog', 'cat', 'airplane']",dog
16850,1,"['bird', 'dog', 'frog', 'cat', 'airplane']",airplane
16851,3,"['frog', 'ship', 'automobile', 'airplane']",ship
16852,5,"['frog', 'ship', 'airplane', 'automobile']",ship
16853,1,"['bird', 'dog', 'frog', 'cat', 'airplane']",airplane
16854,7,"['automobile', 'cat', 'airplane', 'frog']",cat
16855,1,"['bird', 'dog', 'frog', 'cat', 'airplane']",airplane
16856,8,"['horse', 'airplane', 'cat', 'frog']",horse
16857,4,"['cat', 'automobile', 'frog', 'airplane']",automobile
16858,4,"['cat', 'automobile', 'frog', 'airplane']",automobile
16859,5,"['frog', 'ship', 'airplane', 'automobile']",ship
16860,8,"['horse', 'airplane', 'cat', 'frog']",horse
16861,8,"['horse', 'airplane', 'cat', 'frog']",horse
16862,6,"['automobile', 'horse', 'ship', 'airplane']",airplane
16863,6,"['automobile', 'horse', 'ship', 'airplane']",airplane
16864,3,"['frog', 'ship', 'automobile', 'airplane']",ship
16865,4,"['cat', 'automobile', 'frog', 'airplane']",automobile
16866,0,"['horse', 'deer', 'frog', 'cat']",horse
16867,2,"['ship', 'cat', 'automobile', 'airplane']",cat
16868,7,"['automobile', 'cat', 'airplane', 'frog']",cat
16869,3,"['frog', 'ship', 'automobile', 'airplane']",ship
16870,7,"['automobile', 'cat', 'airplane', 'frog']",cat
16871,3,"['frog', 'ship', 'automobile', 'airplane']",ship
16872,3,"['frog', 'ship', 'automobile', 'airplane']",ship
16873,5,"['frog', 'ship', 'airplane', 'automobile']",ship
16874,6,"['automobile', 'horse', 'ship', 'airplane']",ship
16875,2,"['ship', 'cat', 'automobile', 'airplane']",cat
16876,7,"['automobile', 'cat', 'airplane', 'frog']",frog
16877,7,"['automobile', 'cat', 'airplane', 'frog']",airplane
16878,4,"['cat', 'automobile', 'frog', 'airplane']",automobile
16879,7,"['automobile', 'cat', 'airplane', 'frog']",airplane
16880,4,"['cat', 'automobile', 'frog', 'airplane']",automobile
16881,7,"['automobile', 'cat', 'airplane', 'frog']",cat
16882,1,"['bird', 'dog', 'frog', 'cat', 'airplane']",airplane
16883,6,"['automobile', 'horse', 'ship', 'airplane']",airplane
16884,9,"['dog', 'frog', 'cat', 'airplane']",dog
16885,9,"['dog', 'frog', 'cat', 'airplane']",airplane
16886,5,"['frog', 'ship', 'airplane', 'automobile']",ship
16887,6,"['automobile', 'horse', 'ship', 'airplane']",automobile
16888,4,"['cat', 'automobile', 'frog', 'airplane']",automobile
16889,4,"['cat', 'automobile', 'frog', 'airplane']",automobile
16890,4,"['cat', 'automobile', 'frog', 'airplane']",automobile
16891,4,"['cat', 'automobile', 'frog', 'airplane']",frog
16892,0,"['horse', 'deer', 'frog', 'cat']",horse
16893,4,"['cat', 'automobile', 'frog', 'airplane']",automobile
16894,0,"['horse', 'deer', 'frog', 'cat']",horse
16895,2,"['ship', 'cat', 'automobile', 'airplane']",cat
16896,5,"['frog', 'ship', 'airplane', 'automobile']",ship
16897,4,"['cat', 'automobile', 'frog', 'airplane']",automobile
16898,8,"['horse', 'airplane', 'cat', 'frog']",horse
16899,5,"['frog', 'ship', 'airplane', 'automobile']",ship
16900,2,"['ship', 'cat', 'automobile', 'airplane']",automobile
16901,9,"['dog', 'frog', 'cat', 'airplane']",dog
16902,8,"['horse', 'airplane', 'cat', 'frog']",horse
16903,0,"['horse', 'deer', 'frog', 'cat']",horse
16904,3,"['frog', 'ship', 'automobile', 'airplane']",ship
16905,4,"['cat', 'automobile', 'frog', 'airplane']",automobile
16906,2,"['ship', 'cat', 'automobile', 'airplane']",cat
16907,3,"['frog', 'ship', 'automobile', 'airplane']",ship
16908,4,"['cat', 'automobile', 'frog', 'airplane']",automobile
16909,9,"['dog', 'frog', 'cat', 'airplane']",airplane
16910,9,"['dog', 'frog', 'cat', 'airplane']",airplane
16911,9,"['dog', 'frog', 'cat', 'airplane']",airplane
16912,0,"['horse', 'deer', 'frog', 'cat']",horse
16913,6,"['automobile', 'horse', 'ship', 'airplane']",airplane
16914,7,"['automobile', 'cat', 'airplane', 'frog']",cat
16915,6,"['automobile', 'horse', 'ship', 'airplane']",horse
16916,6,"['automobile', 'horse', 'ship', 'airplane']",automobile
16917,9,"['dog', 'frog', 'cat', 'airplane']",airplane
16918,0,"['horse', 'deer', 'frog', 'cat']",horse
16919,2,"['ship', 'cat', 'automobile', 'airplane']",ship
16920,0,"['horse', 'deer', 'frog', 'cat']",horse
16921,7,"['automobile', 'cat', 'airplane', 'frog']",cat
16922,4,"['cat', 'automobile', 'frog', 'airplane']",automobile
16923,9,"['dog', 'frog', 'cat', 'airplane']",airplane
16924,4,"['cat', 'automobile', 'frog', 'airplane']",airplane
16925,1,"['bird', 'dog', 'frog', 'cat', 'airplane']",airplane
16926,4,"['cat', 'automobile', 'frog', 'airplane']",automobile
16927,6,"['automobile', 'horse', 'ship', 'airplane']",airplane
16928,3,"['frog', 'ship', 'automobile', 'airplane']",ship
16929,1,"['bird', 'dog', 'frog', 'cat', 'airplane']",airplane
16930,8,"['horse', 'airplane', 'cat', 'frog']",horse
16931,5,"['frog', 'ship', 'airplane', 'automobile']",ship
16932,3,"['frog', 'ship', 'automobile', 'airplane']",ship
16933,5,"['frog', 'ship', 'airplane', 'automobile']",ship
16934,5,"['frog', 'ship', 'airplane', 'automobile']",ship
16935,5,"['frog', 'ship', 'airplane', 'automobile']",ship
16936,4,"['cat', 'automobile', 'frog', 'airplane']",automobile
16937,1,"['bird', 'dog', 'frog', 'cat', 'airplane']",airplane
16938,1,"['bird', 'dog', 'frog', 'cat', 'airplane']",airplane
16939,0,"['horse', 'deer', 'frog', 'cat']",horse
16940,6,"['automobile', 'horse', 'ship', 'airplane']",airplane
16941,7,"['automobile', 'cat', 'airplane', 'frog']",cat
16942,8,"['horse', 'airplane', 'cat', 'frog']",horse
16943,9,"['dog', 'frog', 'cat', 'airplane']",dog
16944,7,"['automobile', 'cat', 'airplane', 'frog']",cat
16945,6,"['automobile', 'horse', 'ship', 'airplane']",ship
16946,3,"['frog', 'ship', 'automobile', 'airplane']",ship
16947,1,"['bird', 'dog', 'frog', 'cat', 'airplane']",airplane
16948,4,"['cat', 'automobile', 'frog', 'airplane']",automobile
16949,5,"['frog', 'ship', 'airplane', 'automobile']",ship
16950,3,"['frog', 'ship', 'automobile', 'airplane']",ship
16951,4,"['cat', 'automobile', 'frog', 'airplane']",automobile
16952,0,"['horse', 'deer', 'frog', 'cat']",horse
16953,1,"['bird', 'dog', 'frog', 'cat', 'airplane']",airplane
16954,0,"['horse', 'deer', 'frog', 'cat']",horse
16955,5,"['frog', 'ship', 'airplane', 'automobile']",ship
16956,1,"['bird', 'dog', 'frog', 'cat', 'airplane']",airplane
16957,5,"['frog', 'ship', 'airplane', 'automobile']",ship
16958,1,"['bird', 'dog', 'frog', 'cat', 'airplane']",airplane
16959,4,"['cat', 'automobile', 'frog', 'airplane']",automobile
16960,6,"['automobile', 'horse', 'ship', 'airplane']",airplane
16961,4,"['cat', 'automobile', 'frog', 'airplane']",automobile
16962,1,"['bird', 'dog', 'frog', 'cat', 'airplane']",airplane
16963,0,"['horse', 'deer', 'frog', 'cat']",horse
16964,1,"['bird', 'dog', 'frog', 'cat', 'airplane']",airplane
16965,0,"['horse', 'deer', 'frog', 'cat']",horse
16966,9,"['dog', 'frog', 'cat', 'airplane']",airplane
16967,4,"['cat', 'automobile', 'frog', 'airplane']",automobile
16968,4,"['cat', 'automobile', 'frog', 'airplane']",airplane
16969,5,"['frog', 'ship', 'airplane', 'automobile']",ship
16970,6,"['automobile', 'horse', 'ship', 'airplane']",horse
16971,3,"['frog', 'ship', 'automobile', 'airplane']",ship
16972,7,"['automobile', 'cat', 'airplane', 'frog']",cat
16973,9,"['dog', 'frog', 'cat', 'airplane']",airplane
16974,2,"['ship', 'cat', 'automobile', 'airplane']",automobile
16975,9,"['dog', 'frog', 'cat', 'airplane']",airplane
16976,5,"['frog', 'ship', 'airplane', 'automobile']",ship
16977,9,"['dog', 'frog', 'cat', 'airplane']",dog
16978,8,"['horse', 'airplane', 'cat', 'frog']",horse
16979,5,"['frog', 'ship', 'airplane', 'automobile']",ship
16980,2,"['ship', 'cat', 'automobile', 'airplane']",automobile
16981,1,"['bird', 'dog', 'frog', 'cat', 'airplane']",airplane
16982,6,"['automobile', 'horse', 'ship', 'airplane']",airplane
16983,3,"['frog', 'ship', 'automobile', 'airplane']",ship
16984,9,"['dog', 'frog', 'cat', 'airplane']",airplane
16985,1,"['bird', 'dog', 'frog', 'cat', 'airplane']",airplane
16986,1,"['bird', 'dog', 'frog', 'cat', 'airplane']",airplane
16987,3,"['frog', 'ship', 'automobile', 'airplane']",ship
16988,8,"['horse', 'airplane', 'cat', 'frog']",horse
16989,1,"['bird', 'dog', 'frog', 'cat', 'airplane']",airplane
16990,1,"['bird', 'dog', 'frog', 'cat', 'airplane']",airplane
16991,8,"['horse', 'airplane', 'cat', 'frog']",horse
16992,1,"['bird', 'dog', 'frog', 'cat', 'airplane']",airplane
16993,9,"['dog', 'frog', 'cat', 'airplane']",airplane
16994,4,"['cat', 'automobile', 'frog', 'airplane']",automobile
16995,7,"['automobile', 'cat', 'airplane', 'frog']",cat
16996,7,"['automobile', 'cat', 'airplane', 'frog']",airplane
16997,1,"['bird', 'dog', 'frog', 'cat', 'airplane']",airplane
16998,6,"['automobile', 'horse', 'ship', 'airplane']",automobile
16999,9,"['dog', 'frog', 'cat', 'airplane']",dog
17000,6,"['automobile', 'horse', 'ship', 'airplane']",airplane
17001,7,"['automobile', 'cat', 'airplane', 'frog']",cat
17002,1,"['bird', 'dog', 'frog', 'cat', 'airplane']",airplane
17003,3,"['frog', 'ship', 'automobile', 'airplane']",ship
17004,8,"['horse', 'airplane', 'cat', 'frog']",horse
17005,7,"['automobile', 'cat', 'airplane', 'frog']",cat
17006,5,"['frog', 'ship', 'airplane', 'automobile']",ship
17007,8,"['horse', 'airplane', 'cat', 'frog']",horse
17008,1,"['bird', 'dog', 'frog', 'cat', 'airplane']",airplane
17009,5,"['frog', 'ship', 'airplane', 'automobile']",ship
17010,8,"['horse', 'airplane', 'cat', 'frog']",horse
17011,0,"['horse', 'deer', 'frog', 'cat']",horse
17012,8,"['horse', 'airplane', 'cat', 'frog']",horse
17013,8,"['horse', 'airplane', 'cat', 'frog']",horse
17014,1,"['bird', 'dog', 'frog', 'cat', 'airplane']",airplane
17015,0,"['horse', 'deer', 'frog', 'cat']",horse
17016,2,"['ship', 'cat', 'automobile', 'airplane']",automobile
17017,1,"['bird', 'dog', 'frog', 'cat', 'airplane']",airplane
17018,3,"['frog', 'ship', 'automobile', 'airplane']",frog
17019,6,"['automobile', 'horse', 'ship', 'airplane']",automobile
17020,8,"['horse', 'airplane', 'cat', 'frog']",horse
17021,9,"['dog', 'frog', 'cat', 'airplane']",airplane
17022,8,"['horse', 'airplane', 'cat', 'frog']",horse
17023,7,"['automobile', 'cat', 'airplane', 'frog']",cat
17024,3,"['frog', 'ship', 'automobile', 'airplane']",ship
17025,6,"['automobile', 'horse', 'ship', 'airplane']",ship
17026,0,"['horse', 'deer', 'frog', 'cat']",horse
17027,5,"['frog', 'ship', 'airplane', 'automobile']",ship
17028,8,"['horse', 'airplane', 'cat', 'frog']",horse
17029,6,"['automobile', 'horse', 'ship', 'airplane']",airplane
17030,1,"['bird', 'dog', 'frog', 'cat', 'airplane']",airplane
17031,1,"['bird', 'dog', 'frog', 'cat', 'airplane']",airplane
17032,1,"['bird', 'dog', 'frog', 'cat', 'airplane']",airplane
17033,4,"['cat', 'automobile', 'frog', 'airplane']",automobile
17034,8,"['horse', 'airplane', 'cat', 'frog']",horse
17035,6,"['automobile', 'horse', 'ship', 'airplane']",airplane
17036,3,"['frog', 'ship', 'automobile', 'airplane']",ship
17037,7,"['automobile', 'cat', 'airplane', 'frog']",cat
17038,4,"['cat', 'automobile', 'frog', 'airplane']",automobile
17039,4,"['cat', 'automobile', 'frog', 'airplane']",automobile
17040,7,"['automobile', 'cat', 'airplane', 'frog']",cat
17041,3,"['frog', 'ship', 'automobile', 'airplane']",ship
17042,9,"['dog', 'frog', 'cat', 'airplane']",airplane
17043,2,"['ship', 'cat', 'automobile', 'airplane']",cat
17044,4,"['cat', 'automobile', 'frog', 'airplane']",automobile
17045,4,"['cat', 'automobile', 'frog', 'airplane']",airplane
17046,3,"['frog', 'ship', 'automobile', 'airplane']",frog
17047,3,"['frog', 'ship', 'automobile', 'airplane']",ship
17048,8,"['horse', 'airplane', 'cat', 'frog']",horse
17049,4,"['cat', 'automobile', 'frog', 'airplane']",automobile
17050,7,"['automobile', 'cat', 'airplane', 'frog']",airplane
17051,3,"['frog', 'ship', 'automobile', 'airplane']",ship
17052,9,"['dog', 'frog', 'cat', 'airplane']",airplane
17053,3,"['frog', 'ship', 'automobile', 'airplane']",ship
17054,0,"['horse', 'deer', 'frog', 'cat']",horse
17055,5,"['frog', 'ship', 'airplane', 'automobile']",ship
17056,0,"['horse', 'deer', 'frog', 'cat']",horse
17057,2,"['ship', 'cat', 'automobile', 'airplane']",cat
17058,3,"['frog', 'ship', 'automobile', 'airplane']",ship
17059,7,"['automobile', 'cat', 'airplane', 'frog']",airplane
17060,6,"['automobile', 'horse', 'ship', 'airplane']",airplane
17061,9,"['dog', 'frog', 'cat', 'airplane']",airplane
17062,3,"['frog', 'ship', 'automobile', 'airplane']",ship
17063,8,"['horse', 'airplane', 'cat', 'frog']",horse
17064,2,"['ship', 'cat', 'automobile', 'airplane']",automobile
17065,5,"['frog', 'ship', 'airplane', 'automobile']",ship
17066,8,"['horse', 'airplane', 'cat', 'frog']",horse
17067,3,"['frog', 'ship', 'automobile', 'airplane']",ship
17068,9,"['dog', 'frog', 'cat', 'airplane']",airplane
17069,7,"['automobile', 'cat', 'airplane', 'frog']",airplane
17070,2,"['ship', 'cat', 'automobile', 'airplane']",cat
17071,0,"['horse', 'deer', 'frog', 'cat']",horse
17072,6,"['automobile', 'horse', 'ship', 'airplane']",ship
17073,8,"['horse', 'airplane', 'cat', 'frog']",horse
17074,3,"['frog', 'ship', 'automobile', 'airplane']",ship
17075,6,"['automobile', 'horse', 'ship', 'airplane']",airplane
17076,0,"['horse', 'deer', 'frog', 'cat']",horse
17077,4,"['cat', 'automobile', 'frog', 'airplane']",automobile
17078,4,"['cat', 'automobile', 'frog', 'airplane']",automobile
17079,5,"['frog', 'ship', 'airplane', 'automobile']",ship
17080,0,"['horse', 'deer', 'frog', 'cat']",horse
17081,7,"['automobile', 'cat', 'airplane', 'frog']",cat
17082,0,"['horse', 'deer', 'frog', 'cat']",horse
17083,4,"['cat', 'automobile', 'frog', 'airplane']",automobile
17084,0,"['horse', 'deer', 'frog', 'cat']",horse
17085,2,"['ship', 'cat', 'automobile', 'airplane']",automobile
17086,2,"['ship', 'cat', 'automobile', 'airplane']",automobile
17087,6,"['automobile', 'horse', 'ship', 'airplane']",airplane
17088,0,"['horse', 'deer', 'frog', 'cat']",horse
17089,2,"['ship', 'cat', 'automobile', 'airplane']",cat
17090,9,"['dog', 'frog', 'cat', 'airplane']",airplane
17091,1,"['bird', 'dog', 'frog', 'cat', 'airplane']",airplane
17092,2,"['ship', 'cat', 'automobile', 'airplane']",cat
17093,0,"['horse', 'deer', 'frog', 'cat']",horse
17094,5,"['frog', 'ship', 'airplane', 'automobile']",ship
17095,7,"['automobile', 'cat', 'airplane', 'frog']",frog
17096,3,"['frog', 'ship', 'automobile', 'airplane']",ship
17097,9,"['dog', 'frog', 'cat', 'airplane']",airplane
17098,3,"['frog', 'ship', 'automobile', 'airplane']",ship
17099,9,"['dog', 'frog', 'cat', 'airplane']",dog
17100,0,"['horse', 'deer', 'frog', 'cat']",horse
17101,0,"['horse', 'deer', 'frog', 'cat']",horse
17102,5,"['frog', 'ship', 'airplane', 'automobile']",ship
17103,0,"['horse', 'deer', 'frog', 'cat']",horse
17104,3,"['frog', 'ship', 'automobile', 'airplane']",ship
17105,6,"['automobile', 'horse', 'ship', 'airplane']",airplane
17106,1,"['bird', 'dog', 'frog', 'cat', 'airplane']",airplane
17107,0,"['horse', 'deer', 'frog', 'cat']",horse
17108,9,"['dog', 'frog', 'cat', 'airplane']",dog
17109,9,"['dog', 'frog', 'cat', 'airplane']",airplane
17110,7,"['automobile', 'cat', 'airplane', 'frog']",airplane
17111,1,"['bird', 'dog', 'frog', 'cat', 'airplane']",airplane
17112,1,"['bird', 'dog', 'frog', 'cat', 'airplane']",airplane
17113,7,"['automobile', 'cat', 'airplane', 'frog']",cat
17114,2,"['ship', 'cat', 'automobile', 'airplane']",cat
17115,0,"['horse', 'deer', 'frog', 'cat']",horse
17116,8,"['horse', 'airplane', 'cat', 'frog']",horse
17117,2,"['ship', 'cat', 'automobile', 'airplane']",cat
17118,6,"['automobile', 'horse', 'ship', 'airplane']",airplane
17119,7,"['automobile', 'cat', 'airplane', 'frog']",cat
17120,8,"['horse', 'airplane', 'cat', 'frog']",horse
17121,5,"['frog', 'ship', 'airplane', 'automobile']",ship
17122,2,"['ship', 'cat', 'automobile', 'airplane']",automobile
17123,4,"['cat', 'automobile', 'frog', 'airplane']",automobile
17124,3,"['frog', 'ship', 'automobile', 'airplane']",frog
17125,8,"['horse', 'airplane', 'cat', 'frog']",horse
17126,1,"['bird', 'dog', 'frog', 'cat', 'airplane']",airplane
17127,2,"['ship', 'cat', 'automobile', 'airplane']",automobile
17128,1,"['bird', 'dog', 'frog', 'cat', 'airplane']",airplane
17129,7,"['automobile', 'cat', 'airplane', 'frog']",cat
17130,8,"['horse', 'airplane', 'cat', 'frog']",horse
17131,4,"['cat', 'automobile', 'frog', 'airplane']",automobile
17132,6,"['automobile', 'horse', 'ship', 'airplane']",airplane
17133,0,"['horse', 'deer', 'frog', 'cat']",horse
17134,2,"['ship', 'cat', 'automobile', 'airplane']",cat
17135,1,"['bird', 'dog', 'frog', 'cat', 'airplane']",airplane
17136,1,"['bird', 'dog', 'frog', 'cat', 'airplane']",airplane
17137,3,"['frog', 'ship', 'automobile', 'airplane']",ship
17138,2,"['ship', 'cat', 'automobile', 'airplane']",cat
17139,9,"['dog', 'frog', 'cat', 'airplane']",airplane
17140,0,"['horse', 'deer', 'frog', 'cat']",horse
17141,5,"['frog', 'ship', 'airplane', 'automobile']",ship
17142,9,"['dog', 'frog', 'cat', 'airplane']",dog
17143,6,"['automobile', 'horse', 'ship', 'airplane']",horse
17144,3,"['frog', 'ship', 'automobile', 'airplane']",ship
17145,4,"['cat', 'automobile', 'frog', 'airplane']",automobile
17146,4,"['cat', 'automobile', 'frog', 'airplane']",automobile
17147,4,"['cat', 'automobile', 'frog', 'airplane']",automobile
17148,5,"['frog', 'ship', 'airplane', 'automobile']",ship
17149,8,"['horse', 'airplane', 'cat', 'frog']",horse
17150,4,"['cat', 'automobile', 'frog', 'airplane']",automobile
17151,6,"['automobile', 'horse', 'ship', 'airplane']",airplane
17152,5,"['frog', 'ship', 'airplane', 'automobile']",ship
17153,6,"['automobile', 'horse', 'ship', 'airplane']",ship
17154,0,"['horse', 'deer', 'frog', 'cat']",horse
17155,3,"['frog', 'ship', 'automobile', 'airplane']",ship
17156,0,"['horse', 'deer', 'frog', 'cat']",horse
17157,7,"['automobile', 'cat', 'airplane', 'frog']",cat
17158,9,"['dog', 'frog', 'cat', 'airplane']",dog
17159,7,"['automobile', 'cat', 'airplane', 'frog']",cat
17160,7,"['automobile', 'cat', 'airplane', 'frog']",frog
17161,4,"['cat', 'automobile', 'frog', 'airplane']",automobile
17162,8,"['horse', 'airplane', 'cat', 'frog']",horse
17163,9,"['dog', 'frog', 'cat', 'airplane']",airplane
17164,3,"['frog', 'ship', 'automobile', 'airplane']",ship
17165,5,"['frog', 'ship', 'airplane', 'automobile']",ship
17166,0,"['horse', 'deer', 'frog', 'cat']",horse
17167,8,"['horse', 'airplane', 'cat', 'frog']",horse
17168,8,"['horse', 'airplane', 'cat', 'frog']",horse
17169,1,"['bird', 'dog', 'frog', 'cat', 'airplane']",airplane
17170,8,"['horse', 'airplane', 'cat', 'frog']",horse
17171,9,"['dog', 'frog', 'cat', 'airplane']",dog
17172,6,"['automobile', 'horse', 'ship', 'airplane']",airplane
17173,6,"['automobile', 'horse', 'ship', 'airplane']",airplane
17174,0,"['horse', 'deer', 'frog', 'cat']",horse
17175,5,"['frog', 'ship', 'airplane', 'automobile']",ship
17176,9,"['dog', 'frog', 'cat', 'airplane']",dog
17177,7,"['automobile', 'cat', 'airplane', 'frog']",cat
17178,0,"['horse', 'deer', 'frog', 'cat']",horse
17179,4,"['cat', 'automobile', 'frog', 'airplane']",automobile
17180,8,"['horse', 'airplane', 'cat', 'frog']",horse
17181,7,"['automobile', 'cat', 'airplane', 'frog']",airplane
17182,7,"['automobile', 'cat', 'airplane', 'frog']",cat
17183,0,"['horse', 'deer', 'frog', 'cat']",horse
17184,3,"['frog', 'ship', 'automobile', 'airplane']",ship
17185,2,"['ship', 'cat', 'automobile', 'airplane']",ship
17186,5,"['frog', 'ship', 'airplane', 'automobile']",ship
17187,9,"['dog', 'frog', 'cat', 'airplane']",airplane
17188,2,"['ship', 'cat', 'automobile', 'airplane']",automobile
17189,5,"['frog', 'ship', 'airplane', 'automobile']",ship
17190,5,"['frog', 'ship', 'airplane', 'automobile']",ship
17191,6,"['automobile', 'horse', 'ship', 'airplane']",airplane
17192,9,"['dog', 'frog', 'cat', 'airplane']",airplane
17193,4,"['cat', 'automobile', 'frog', 'airplane']",frog
17194,2,"['ship', 'cat', 'automobile', 'airplane']",cat
17195,3,"['frog', 'ship', 'automobile', 'airplane']",ship
17196,0,"['horse', 'deer', 'frog', 'cat']",horse
17197,4,"['cat', 'automobile', 'frog', 'airplane']",airplane
17198,7,"['automobile', 'cat', 'airplane', 'frog']",cat
17199,4,"['cat', 'automobile', 'frog', 'airplane']",automobile
17200,0,"['horse', 'deer', 'frog', 'cat']",horse
17201,9,"['dog', 'frog', 'cat', 'airplane']",dog
17202,7,"['automobile', 'cat', 'airplane', 'frog']",cat
17203,0,"['horse', 'deer', 'frog', 'cat']",horse
17204,6,"['automobile', 'horse', 'ship', 'airplane']",ship
17205,1,"['bird', 'dog', 'frog', 'cat', 'airplane']",airplane
17206,2,"['ship', 'cat', 'automobile', 'airplane']",cat
17207,2,"['ship', 'cat', 'automobile', 'airplane']",cat
17208,6,"['automobile', 'horse', 'ship', 'airplane']",airplane
17209,1,"['bird', 'dog', 'frog', 'cat', 'airplane']",airplane
17210,8,"['horse', 'airplane', 'cat', 'frog']",horse
17211,4,"['cat', 'automobile', 'frog', 'airplane']",automobile
17212,2,"['ship', 'cat', 'automobile', 'airplane']",cat
17213,9,"['dog', 'frog', 'cat', 'airplane']",dog
17214,3,"['frog', 'ship', 'automobile', 'airplane']",ship
17215,9,"['dog', 'frog', 'cat', 'airplane']",airplane
17216,9,"['dog', 'frog', 'cat', 'airplane']",airplane
17217,2,"['ship', 'cat', 'automobile', 'airplane']",automobile
17218,9,"['dog', 'frog', 'cat', 'airplane']",airplane
17219,1,"['bird', 'dog', 'frog', 'cat', 'airplane']",airplane
17220,8,"['horse', 'airplane', 'cat', 'frog']",horse
17221,0,"['horse', 'deer', 'frog', 'cat']",horse
17222,0,"['horse', 'deer', 'frog', 'cat']",horse
17223,1,"['bird', 'dog', 'frog', 'cat', 'airplane']",airplane
17224,0,"['horse', 'deer', 'frog', 'cat']",frog
17225,8,"['horse', 'airplane', 'cat', 'frog']",horse
17226,0,"['horse', 'deer', 'frog', 'cat']",horse
17227,2,"['ship', 'cat', 'automobile', 'airplane']",cat
17228,9,"['dog', 'frog', 'cat', 'airplane']",airplane
17229,9,"['dog', 'frog', 'cat', 'airplane']",airplane
17230,7,"['automobile', 'cat', 'airplane', 'frog']",cat
17231,6,"['automobile', 'horse', 'ship', 'airplane']",airplane
17232,0,"['horse', 'deer', 'frog', 'cat']",horse
17233,0,"['horse', 'deer', 'frog', 'cat']",horse
17234,6,"['automobile', 'horse', 'ship', 'airplane']",airplane
17235,6,"['automobile', 'horse', 'ship', 'airplane']",ship
17236,5,"['frog', 'ship', 'airplane', 'automobile']",ship
17237,0,"['horse', 'deer', 'frog', 'cat']",horse
17238,6,"['automobile', 'horse', 'ship', 'airplane']",airplane
17239,2,"['ship', 'cat', 'automobile', 'airplane']",ship
17240,9,"['dog', 'frog', 'cat', 'airplane']",airplane
17241,9,"['dog', 'frog', 'cat', 'airplane']",airplane
17242,7,"['automobile', 'cat', 'airplane', 'frog']",cat
17243,3,"['frog', 'ship', 'automobile', 'airplane']",ship
17244,1,"['bird', 'dog', 'frog', 'cat', 'airplane']",airplane
17245,6,"['automobile', 'horse', 'ship', 'airplane']",airplane
17246,8,"['horse', 'airplane', 'cat', 'frog']",horse
17247,0,"['horse', 'deer', 'frog', 'cat']",horse
17248,6,"['automobile', 'horse', 'ship', 'airplane']",airplane
17249,2,"['ship', 'cat', 'automobile', 'airplane']",cat
17250,8,"['horse', 'airplane', 'cat', 'frog']",horse
17251,3,"['frog', 'ship', 'automobile', 'airplane']",ship
17252,8,"['horse', 'airplane', 'cat', 'frog']",horse
17253,0,"['horse', 'deer', 'frog', 'cat']",horse
17254,7,"['automobile', 'cat', 'airplane', 'frog']",cat
17255,1,"['bird', 'dog', 'frog', 'cat', 'airplane']",airplane
17256,7,"['automobile', 'cat', 'airplane', 'frog']",cat
17257,0,"['horse', 'deer', 'frog', 'cat']",horse
17258,9,"['dog', 'frog', 'cat', 'airplane']",airplane
17259,5,"['frog', 'ship', 'airplane', 'automobile']",ship
17260,4,"['cat', 'automobile', 'frog', 'airplane']",automobile
17261,9,"['dog', 'frog', 'cat', 'airplane']",airplane
17262,2,"['ship', 'cat', 'automobile', 'airplane']",cat
17263,9,"['dog', 'frog', 'cat', 'airplane']",airplane
17264,9,"['dog', 'frog', 'cat', 'airplane']",airplane
17265,5,"['frog', 'ship', 'airplane', 'automobile']",ship
17266,4,"['cat', 'automobile', 'frog', 'airplane']",automobile
17267,2,"['ship', 'cat', 'automobile', 'airplane']",cat
17268,1,"['bird', 'dog', 'frog', 'cat', 'airplane']",airplane
17269,1,"['bird', 'dog', 'frog', 'cat', 'airplane']",airplane
17270,9,"['dog', 'frog', 'cat', 'airplane']",dog
17271,8,"['horse', 'airplane', 'cat', 'frog']",horse
17272,6,"['automobile', 'horse', 'ship', 'airplane']",airplane
17273,2,"['ship', 'cat', 'automobile', 'airplane']",cat
17274,1,"['bird', 'dog', 'frog', 'cat', 'airplane']",airplane
17275,1,"['bird', 'dog', 'frog', 'cat', 'airplane']",airplane
17276,9,"['dog', 'frog', 'cat', 'airplane']",airplane
17277,8,"['horse', 'airplane', 'cat', 'frog']",horse
17278,5,"['frog', 'ship', 'airplane', 'automobile']",ship
17279,1,"['bird', 'dog', 'frog', 'cat', 'airplane']",airplane
17280,9,"['dog', 'frog', 'cat', 'airplane']",airplane
17281,8,"['horse', 'airplane', 'cat', 'frog']",horse
17282,6,"['automobile', 'horse', 'ship', 'airplane']",airplane
17283,6,"['automobile', 'horse', 'ship', 'airplane']",airplane
17284,1,"['bird', 'dog', 'frog', 'cat', 'airplane']",airplane
17285,6,"['automobile', 'horse', 'ship', 'airplane']",airplane
17286,4,"['cat', 'automobile', 'frog', 'airplane']",automobile
17287,6,"['automobile', 'horse', 'ship', 'airplane']",airplane
17288,4,"['cat', 'automobile', 'frog', 'airplane']",automobile
17289,9,"['dog', 'frog', 'cat', 'airplane']",airplane
17290,8,"['horse', 'airplane', 'cat', 'frog']",horse
17291,2,"['ship', 'cat', 'automobile', 'airplane']",cat
17292,3,"['frog', 'ship', 'automobile', 'airplane']",ship
17293,5,"['frog', 'ship', 'airplane', 'automobile']",ship
17294,1,"['bird', 'dog', 'frog', 'cat', 'airplane']",airplane
17295,6,"['automobile', 'horse', 'ship', 'airplane']",horse
17296,9,"['dog', 'frog', 'cat', 'airplane']",dog
17297,5,"['frog', 'ship', 'airplane', 'automobile']",ship
17298,7,"['automobile', 'cat', 'airplane', 'frog']",cat
17299,4,"['cat', 'automobile', 'frog', 'airplane']",automobile
17300,3,"['frog', 'ship', 'automobile', 'airplane']",ship
17301,6,"['automobile', 'horse', 'ship', 'airplane']",airplane
17302,2,"['ship', 'cat', 'automobile', 'airplane']",automobile
17303,0,"['horse', 'deer', 'frog', 'cat']",horse
17304,2,"['ship', 'cat', 'automobile', 'airplane']",cat
17305,5,"['frog', 'ship', 'airplane', 'automobile']",ship
17306,5,"['frog', 'ship', 'airplane', 'automobile']",ship
17307,4,"['cat', 'automobile', 'frog', 'airplane']",automobile
17308,2,"['ship', 'cat', 'automobile', 'airplane']",cat
17309,1,"['bird', 'dog', 'frog', 'cat', 'airplane']",airplane
17310,6,"['automobile', 'horse', 'ship', 'airplane']",ship
17311,0,"['horse', 'deer', 'frog', 'cat']",horse
17312,1,"['bird', 'dog', 'frog', 'cat', 'airplane']",airplane
17313,9,"['dog', 'frog', 'cat', 'airplane']",airplane
17314,7,"['automobile', 'cat', 'airplane', 'frog']",cat
17315,5,"['frog', 'ship', 'airplane', 'automobile']",ship
17316,0,"['horse', 'deer', 'frog', 'cat']",horse
17317,6,"['automobile', 'horse', 'ship', 'airplane']",ship
17318,8,"['horse', 'airplane', 'cat', 'frog']",horse
17319,1,"['bird', 'dog', 'frog', 'cat', 'airplane']",airplane
17320,2,"['ship', 'cat', 'automobile', 'airplane']",cat
17321,3,"['frog', 'ship', 'automobile', 'airplane']",ship
17322,3,"['frog', 'ship', 'automobile', 'airplane']",ship
17323,4,"['cat', 'automobile', 'frog', 'airplane']",automobile
17324,7,"['automobile', 'cat', 'airplane', 'frog']",airplane
17325,2,"['ship', 'cat', 'automobile', 'airplane']",cat
17326,6,"['automobile', 'horse', 'ship', 'airplane']",ship
17327,8,"['horse', 'airplane', 'cat', 'frog']",horse
17328,0,"['horse', 'deer', 'frog', 'cat']",horse
17329,2,"['ship', 'cat', 'automobile', 'airplane']",cat
17330,8,"['horse', 'airplane', 'cat', 'frog']",horse
17331,1,"['bird', 'dog', 'frog', 'cat', 'airplane']",airplane
17332,5,"['frog', 'ship', 'airplane', 'automobile']",ship
17333,3,"['frog', 'ship', 'automobile', 'airplane']",ship
17334,1,"['bird', 'dog', 'frog', 'cat', 'airplane']",airplane
17335,8,"['horse', 'airplane', 'cat', 'frog']",horse
17336,9,"['dog', 'frog', 'cat', 'airplane']",airplane
17337,3,"['frog', 'ship', 'automobile', 'airplane']",ship
17338,4,"['cat', 'automobile', 'frog', 'airplane']",automobile
17339,2,"['ship', 'cat', 'automobile', 'airplane']",automobile
17340,3,"['frog', 'ship', 'automobile', 'airplane']",ship
17341,9,"['dog', 'frog', 'cat', 'airplane']",airplane
17342,6,"['automobile', 'horse', 'ship', 'airplane']",horse
17343,5,"['frog', 'ship', 'airplane', 'automobile']",ship
17344,2,"['ship', 'cat', 'automobile', 'airplane']",cat
17345,8,"['horse', 'airplane', 'cat', 'frog']",horse
17346,5,"['frog', 'ship', 'airplane', 'automobile']",ship
17347,2,"['ship', 'cat', 'automobile', 'airplane']",cat
17348,8,"['horse', 'airplane', 'cat', 'frog']",horse
17349,0,"['horse', 'deer', 'frog', 'cat']",horse
17350,4,"['cat', 'automobile', 'frog', 'airplane']",automobile
17351,6,"['automobile', 'horse', 'ship', 'airplane']",airplane
17352,0,"['horse', 'deer', 'frog', 'cat']",horse
17353,0,"['horse', 'deer', 'frog', 'cat']",horse
17354,5,"['frog', 'ship', 'airplane', 'automobile']",ship
17355,0,"['horse', 'deer', 'frog', 'cat']",horse
17356,9,"['dog', 'frog', 'cat', 'airplane']",dog
17357,0,"['horse', 'deer', 'frog', 'cat']",horse
17358,5,"['frog', 'ship', 'airplane', 'automobile']",ship
17359,9,"['dog', 'frog', 'cat', 'airplane']",airplane
17360,8,"['horse', 'airplane', 'cat', 'frog']",horse
17361,1,"['bird', 'dog', 'frog', 'cat', 'airplane']",airplane
17362,2,"['ship', 'cat', 'automobile', 'airplane']",cat
17363,2,"['ship', 'cat', 'automobile', 'airplane']",automobile
17364,7,"['automobile', 'cat', 'airplane', 'frog']",cat
17365,3,"['frog', 'ship', 'automobile', 'airplane']",ship
17366,1,"['bird', 'dog', 'frog', 'cat', 'airplane']",airplane
17367,9,"['dog', 'frog', 'cat', 'airplane']",airplane
17368,5,"['frog', 'ship', 'airplane', 'automobile']",ship
17369,3,"['frog', 'ship', 'automobile', 'airplane']",ship
17370,6,"['automobile', 'horse', 'ship', 'airplane']",airplane
17371,9,"['dog', 'frog', 'cat', 'airplane']",dog
17372,6,"['automobile', 'horse', 'ship', 'airplane']",ship
17373,2,"['ship', 'cat', 'automobile', 'airplane']",cat
17374,7,"['automobile', 'cat', 'airplane', 'frog']",airplane
17375,5,"['frog', 'ship', 'airplane', 'automobile']",ship
17376,5,"['frog', 'ship', 'airplane', 'automobile']",ship
17377,7,"['automobile', 'cat', 'airplane', 'frog']",frog
17378,7,"['automobile', 'cat', 'airplane', 'frog']",cat
17379,2,"['ship', 'cat', 'automobile', 'airplane']",automobile
17380,2,"['ship', 'cat', 'automobile', 'airplane']",automobile
17381,3,"['frog', 'ship', 'automobile', 'airplane']",ship
17382,2,"['ship', 'cat', 'automobile', 'airplane']",automobile
17383,0,"['horse', 'deer', 'frog', 'cat']",horse
17384,1,"['bird', 'dog', 'frog', 'cat', 'airplane']",airplane
17385,3,"['frog', 'ship', 'automobile', 'airplane']",ship
17386,8,"['horse', 'airplane', 'cat', 'frog']",horse
17387,0,"['horse', 'deer', 'frog', 'cat']",horse
17388,5,"['frog', 'ship', 'airplane', 'automobile']",ship
17389,6,"['automobile', 'horse', 'ship', 'airplane']",airplane
17390,8,"['horse', 'airplane', 'cat', 'frog']",horse
17391,3,"['frog', 'ship', 'automobile', 'airplane']",ship
17392,5,"['frog', 'ship', 'airplane', 'automobile']",ship
17393,9,"['dog', 'frog', 'cat', 'airplane']",airplane
17394,8,"['horse', 'airplane', 'cat', 'frog']",horse
17395,0,"['horse', 'deer', 'frog', 'cat']",horse
17396,0,"['horse', 'deer', 'frog', 'cat']",horse
17397,1,"['bird', 'dog', 'frog', 'cat', 'airplane']",airplane
17398,7,"['automobile', 'cat', 'airplane', 'frog']",cat
17399,5,"['frog', 'ship', 'airplane', 'automobile']",ship
17400,5,"['frog', 'ship', 'airplane', 'automobile']",ship
17401,3,"['frog', 'ship', 'automobile', 'airplane']",ship
17402,4,"['cat', 'automobile', 'frog', 'airplane']",automobile
17403,2,"['ship', 'cat', 'automobile', 'airplane']",automobile
17404,9,"['dog', 'frog', 'cat', 'airplane']",dog
17405,8,"['horse', 'airplane', 'cat', 'frog']",horse
17406,9,"['dog', 'frog', 'cat', 'airplane']",airplane
17407,2,"['ship', 'cat', 'automobile', 'airplane']",cat
17408,7,"['automobile', 'cat', 'airplane', 'frog']",cat
17409,1,"['bird', 'dog', 'frog', 'cat', 'airplane']",airplane
17410,3,"['frog', 'ship', 'automobile', 'airplane']",ship
17411,7,"['automobile', 'cat', 'airplane', 'frog']",cat
17412,4,"['cat', 'automobile', 'frog', 'airplane']",automobile
17413,3,"['frog', 'ship', 'automobile', 'airplane']",ship
17414,3,"['frog', 'ship', 'automobile', 'airplane']",ship
17415,2,"['ship', 'cat', 'automobile', 'airplane']",cat
17416,8,"['horse', 'airplane', 'cat', 'frog']",horse
17417,6,"['automobile', 'horse', 'ship', 'airplane']",ship
17418,8,"['horse', 'airplane', 'cat', 'frog']",horse
17419,2,"['ship', 'cat', 'automobile', 'airplane']",automobile
17420,4,"['cat', 'automobile', 'frog', 'airplane']",automobile
17421,2,"['ship', 'cat', 'automobile', 'airplane']",automobile
17422,0,"['horse', 'deer', 'frog', 'cat']",horse
17423,8,"['horse', 'airplane', 'cat', 'frog']",horse
17424,6,"['automobile', 'horse', 'ship', 'airplane']",automobile
17425,5,"['frog', 'ship', 'airplane', 'automobile']",ship
17426,6,"['automobile', 'horse', 'ship', 'airplane']",automobile
17427,6,"['automobile', 'horse', 'ship', 'airplane']",airplane
17428,9,"['dog', 'frog', 'cat', 'airplane']",dog
17429,9,"['dog', 'frog', 'cat', 'airplane']",airplane
17430,3,"['frog', 'ship', 'automobile', 'airplane']",ship
17431,5,"['frog', 'ship', 'airplane', 'automobile']",ship
17432,0,"['horse', 'deer', 'frog', 'cat']",horse
17433,9,"['dog', 'frog', 'cat', 'airplane']",airplane
17434,9,"['dog', 'frog', 'cat', 'airplane']",airplane
17435,9,"['dog', 'frog', 'cat', 'airplane']",airplane
17436,7,"['automobile', 'cat', 'airplane', 'frog']",airplane
17437,4,"['cat', 'automobile', 'frog', 'airplane']",automobile
17438,0,"['horse', 'deer', 'frog', 'cat']",horse
17439,7,"['automobile', 'cat', 'airplane', 'frog']",cat
17440,3,"['frog', 'ship', 'automobile', 'airplane']",ship
17441,3,"['frog', 'ship', 'automobile', 'airplane']",ship
17442,8,"['horse', 'airplane', 'cat', 'frog']",horse
17443,7,"['automobile', 'cat', 'airplane', 'frog']",cat
17444,8,"['horse', 'airplane', 'cat', 'frog']",horse
17445,5,"['frog', 'ship', 'airplane', 'automobile']",ship
17446,3,"['frog', 'ship', 'automobile', 'airplane']",ship
17447,9,"['dog', 'frog', 'cat', 'airplane']",airplane
17448,6,"['automobile', 'horse', 'ship', 'airplane']",airplane
17449,3,"['frog', 'ship', 'automobile', 'airplane']",ship
17450,4,"['cat', 'automobile', 'frog', 'airplane']",automobile
17451,3,"['frog', 'ship', 'automobile', 'airplane']",ship
17452,9,"['dog', 'frog', 'cat', 'airplane']",airplane
17453,0,"['horse', 'deer', 'frog', 'cat']",horse
17454,1,"['bird', 'dog', 'frog', 'cat', 'airplane']",airplane
17455,3,"['frog', 'ship', 'automobile', 'airplane']",ship
17456,0,"['horse', 'deer', 'frog', 'cat']",horse
17457,1,"['bird', 'dog', 'frog', 'cat', 'airplane']",airplane
17458,0,"['horse', 'deer', 'frog', 'cat']",horse
17459,8,"['horse', 'airplane', 'cat', 'frog']",horse
17460,1,"['bird', 'dog', 'frog', 'cat', 'airplane']",airplane
17461,1,"['bird', 'dog', 'frog', 'cat', 'airplane']",airplane
17462,7,"['automobile', 'cat', 'airplane', 'frog']",frog
17463,7,"['automobile', 'cat', 'airplane', 'frog']",frog
17464,7,"['automobile', 'cat', 'airplane', 'frog']",cat
17465,0,"['horse', 'deer', 'frog', 'cat']",horse
17466,9,"['dog', 'frog', 'cat', 'airplane']",dog
17467,7,"['automobile', 'cat', 'airplane', 'frog']",airplane
17468,9,"['dog', 'frog', 'cat', 'airplane']",airplane
17469,7,"['automobile', 'cat', 'airplane', 'frog']",cat
17470,9,"['dog', 'frog', 'cat', 'airplane']",dog
17471,1,"['bird', 'dog', 'frog', 'cat', 'airplane']",airplane
17472,7,"['automobile', 'cat', 'airplane', 'frog']",airplane
17473,7,"['automobile', 'cat', 'airplane', 'frog']",cat
17474,1,"['bird', 'dog', 'frog', 'cat', 'airplane']",airplane
17475,1,"['bird', 'dog', 'frog', 'cat', 'airplane']",airplane
17476,6,"['automobile', 'horse', 'ship', 'airplane']",airplane
17477,7,"['automobile', 'cat', 'airplane', 'frog']",cat
17478,3,"['frog', 'ship', 'automobile', 'airplane']",ship
17479,1,"['bird', 'dog', 'frog', 'cat', 'airplane']",airplane
17480,6,"['automobile', 'horse', 'ship', 'airplane']",airplane
17481,2,"['ship', 'cat', 'automobile', 'airplane']",cat
17482,8,"['horse', 'airplane', 'cat', 'frog']",horse
17483,4,"['cat', 'automobile', 'frog', 'airplane']",automobile
17484,6,"['automobile', 'horse', 'ship', 'airplane']",ship
17485,0,"['horse', 'deer', 'frog', 'cat']",horse
17486,0,"['horse', 'deer', 'frog', 'cat']",horse
17487,2,"['ship', 'cat', 'automobile', 'airplane']",cat
17488,0,"['horse', 'deer', 'frog', 'cat']",horse
17489,7,"['automobile', 'cat', 'airplane', 'frog']",cat
17490,0,"['horse', 'deer', 'frog', 'cat']",horse
17491,6,"['automobile', 'horse', 'ship', 'airplane']",airplane
17492,1,"['bird', 'dog', 'frog', 'cat', 'airplane']",airplane
17493,5,"['frog', 'ship', 'airplane', 'automobile']",ship
17494,7,"['automobile', 'cat', 'airplane', 'frog']",cat
17495,5,"['frog', 'ship', 'airplane', 'automobile']",ship
17496,3,"['frog', 'ship', 'automobile', 'airplane']",ship
17497,3,"['frog', 'ship', 'automobile', 'airplane']",ship
17498,4,"['cat', 'automobile', 'frog', 'airplane']",automobile
17499,7,"['automobile', 'cat', 'airplane', 'frog']",cat
17500,4,"['cat', 'automobile', 'frog', 'airplane']",automobile
17501,5,"['frog', 'ship', 'airplane', 'automobile']",ship
17502,7,"['automobile', 'cat', 'airplane', 'frog']",cat
17503,7,"['automobile', 'cat', 'airplane', 'frog']",airplane
17504,2,"['ship', 'cat', 'automobile', 'airplane']",cat
17505,3,"['frog', 'ship', 'automobile', 'airplane']",frog
17506,2,"['ship', 'cat', 'automobile', 'airplane']",cat
17507,4,"['cat', 'automobile', 'frog', 'airplane']",automobile
17508,5,"['frog', 'ship', 'airplane', 'automobile']",ship
17509,0,"['horse', 'deer', 'frog', 'cat']",horse
17510,4,"['cat', 'automobile', 'frog', 'airplane']",automobile
17511,0,"['horse', 'deer', 'frog', 'cat']",horse
17512,2,"['ship', 'cat', 'automobile', 'airplane']",automobile
17513,4,"['cat', 'automobile', 'frog', 'airplane']",automobile
17514,0,"['horse', 'deer', 'frog', 'cat']",horse
17515,1,"['bird', 'dog', 'frog', 'cat', 'airplane']",airplane
17516,8,"['horse', 'airplane', 'cat', 'frog']",horse
17517,0,"['horse', 'deer', 'frog', 'cat']",horse
17518,5,"['frog', 'ship', 'airplane', 'automobile']",frog
17519,8,"['horse', 'airplane', 'cat', 'frog']",horse
17520,0,"['horse', 'deer', 'frog', 'cat']",horse
17521,7,"['automobile', 'cat', 'airplane', 'frog']",cat
17522,2,"['ship', 'cat', 'automobile', 'airplane']",ship
17523,6,"['automobile', 'horse', 'ship', 'airplane']",airplane
17524,7,"['automobile', 'cat', 'airplane', 'frog']",airplane
17525,0,"['horse', 'deer', 'frog', 'cat']",horse
17526,9,"['dog', 'frog', 'cat', 'airplane']",dog
17527,5,"['frog', 'ship', 'airplane', 'automobile']",ship
17528,5,"['frog', 'ship', 'airplane', 'automobile']",ship
17529,3,"['frog', 'ship', 'automobile', 'airplane']",ship
17530,3,"['frog', 'ship', 'automobile', 'airplane']",ship
17531,8,"['horse', 'airplane', 'cat', 'frog']",horse
17532,7,"['automobile', 'cat', 'airplane', 'frog']",airplane
17533,8,"['horse', 'airplane', 'cat', 'frog']",horse
17534,1,"['bird', 'dog', 'frog', 'cat', 'airplane']",airplane
17535,9,"['dog', 'frog', 'cat', 'airplane']",airplane
17536,6,"['automobile', 'horse', 'ship', 'airplane']",airplane
17537,7,"['automobile', 'cat', 'airplane', 'frog']",cat
17538,2,"['ship', 'cat', 'automobile', 'airplane']",cat
17539,1,"['bird', 'dog', 'frog', 'cat', 'airplane']",airplane
17540,3,"['frog', 'ship', 'automobile', 'airplane']",ship
17541,3,"['frog', 'ship', 'automobile', 'airplane']",ship
17542,7,"['automobile', 'cat', 'airplane', 'frog']",cat
17543,3,"['frog', 'ship', 'automobile', 'airplane']",ship
17544,9,"['dog', 'frog', 'cat', 'airplane']",airplane
17545,3,"['frog', 'ship', 'automobile', 'airplane']",ship
17546,4,"['cat', 'automobile', 'frog', 'airplane']",automobile
17547,5,"['frog', 'ship', 'airplane', 'automobile']",ship
17548,1,"['bird', 'dog', 'frog', 'cat', 'airplane']",airplane
17549,7,"['automobile', 'cat', 'airplane', 'frog']",cat
17550,4,"['cat', 'automobile', 'frog', 'airplane']",automobile
17551,9,"['dog', 'frog', 'cat', 'airplane']",dog
17552,4,"['cat', 'automobile', 'frog', 'airplane']",automobile
17553,1,"['bird', 'dog', 'frog', 'cat', 'airplane']",airplane
17554,6,"['automobile', 'horse', 'ship', 'airplane']",airplane
17555,6,"['automobile', 'horse', 'ship', 'airplane']",ship
17556,4,"['cat', 'automobile', 'frog', 'airplane']",automobile
17557,3,"['frog', 'ship', 'automobile', 'airplane']",ship
17558,1,"['bird', 'dog', 'frog', 'cat', 'airplane']",airplane
17559,2,"['ship', 'cat', 'automobile', 'airplane']",automobile
17560,8,"['horse', 'airplane', 'cat', 'frog']",horse
17561,2,"['ship', 'cat', 'automobile', 'airplane']",automobile
17562,6,"['automobile', 'horse', 'ship', 'airplane']",airplane
17563,7,"['automobile', 'cat', 'airplane', 'frog']",cat
17564,7,"['automobile', 'cat', 'airplane', 'frog']",airplane
17565,3,"['frog', 'ship', 'automobile', 'airplane']",ship
17566,6,"['automobile', 'horse', 'ship', 'airplane']",airplane
17567,3,"['frog', 'ship', 'automobile', 'airplane']",ship
17568,0,"['horse', 'deer', 'frog', 'cat']",horse
17569,7,"['automobile', 'cat', 'airplane', 'frog']",cat
17570,4,"['cat', 'automobile', 'frog', 'airplane']",automobile
17571,2,"['ship', 'cat', 'automobile', 'airplane']",cat
17572,3,"['frog', 'ship', 'automobile', 'airplane']",ship
17573,0,"['horse', 'deer', 'frog', 'cat']",horse
17574,6,"['automobile', 'horse', 'ship', 'airplane']",airplane
17575,7,"['automobile', 'cat', 'airplane', 'frog']",frog
17576,4,"['cat', 'automobile', 'frog', 'airplane']",automobile
17577,6,"['automobile', 'horse', 'ship', 'airplane']",airplane
17578,3,"['frog', 'ship', 'automobile', 'airplane']",ship
17579,9,"['dog', 'frog', 'cat', 'airplane']",airplane
17580,1,"['bird', 'dog', 'frog', 'cat', 'airplane']",airplane
17581,7,"['automobile', 'cat', 'airplane', 'frog']",cat
17582,2,"['ship', 'cat', 'automobile', 'airplane']",cat
17583,6,"['automobile', 'horse', 'ship', 'airplane']",airplane
17584,4,"['cat', 'automobile', 'frog', 'airplane']",automobile
17585,4,"['cat', 'automobile', 'frog', 'airplane']",automobile
17586,1,"['bird', 'dog', 'frog', 'cat', 'airplane']",airplane
17587,7,"['automobile', 'cat', 'airplane', 'frog']",cat
17588,8,"['horse', 'airplane', 'cat', 'frog']",horse
17589,7,"['automobile', 'cat', 'airplane', 'frog']",airplane
17590,9,"['dog', 'frog', 'cat', 'airplane']",dog
17591,5,"['frog', 'ship', 'airplane', 'automobile']",ship
17592,8,"['horse', 'airplane', 'cat', 'frog']",horse
17593,1,"['bird', 'dog', 'frog', 'cat', 'airplane']",airplane
17594,4,"['cat', 'automobile', 'frog', 'airplane']",automobile
17595,5,"['frog', 'ship', 'airplane', 'automobile']",ship
17596,6,"['automobile', 'horse', 'ship', 'airplane']",airplane
17597,6,"['automobile', 'horse', 'ship', 'airplane']",airplane
17598,2,"['ship', 'cat', 'automobile', 'airplane']",cat
17599,5,"['frog', 'ship', 'airplane', 'automobile']",ship
17600,9,"['dog', 'frog', 'cat', 'airplane']",dog
17601,8,"['horse', 'airplane', 'cat', 'frog']",horse
17602,6,"['automobile', 'horse', 'ship', 'airplane']",airplane
17603,6,"['automobile', 'horse', 'ship', 'airplane']",airplane
17604,6,"['automobile', 'horse', 'ship', 'airplane']",automobile
17605,7,"['automobile', 'cat', 'airplane', 'frog']",airplane
17606,1,"['bird', 'dog', 'frog', 'cat', 'airplane']",airplane
17607,9,"['dog', 'frog', 'cat', 'airplane']",airplane
17608,4,"['cat', 'automobile', 'frog', 'airplane']",automobile
17609,1,"['bird', 'dog', 'frog', 'cat', 'airplane']",airplane
17610,8,"['horse', 'airplane', 'cat', 'frog']",horse
17611,5,"['frog', 'ship', 'airplane', 'automobile']",ship
17612,5,"['frog', 'ship', 'airplane', 'automobile']",ship
17613,4,"['cat', 'automobile', 'frog', 'airplane']",automobile
17614,3,"['frog', 'ship', 'automobile', 'airplane']",ship
17615,3,"['frog', 'ship', 'automobile', 'airplane']",ship
17616,7,"['automobile', 'cat', 'airplane', 'frog']",cat
17617,8,"['horse', 'airplane', 'cat', 'frog']",horse
17618,7,"['automobile', 'cat', 'airplane', 'frog']",cat
17619,5,"['frog', 'ship', 'airplane', 'automobile']",ship
17620,0,"['horse', 'deer', 'frog', 'cat']",horse
17621,1,"['bird', 'dog', 'frog', 'cat', 'airplane']",airplane
17622,7,"['automobile', 'cat', 'airplane', 'frog']",airplane
17623,4,"['cat', 'automobile', 'frog', 'airplane']",automobile
17624,8,"['horse', 'airplane', 'cat', 'frog']",horse
17625,8,"['horse', 'airplane', 'cat', 'frog']",horse
17626,1,"['bird', 'dog', 'frog', 'cat', 'airplane']",airplane
17627,7,"['automobile', 'cat', 'airplane', 'frog']",airplane
17628,8,"['horse', 'airplane', 'cat', 'frog']",horse
17629,9,"['dog', 'frog', 'cat', 'airplane']",dog
17630,8,"['horse', 'airplane', 'cat', 'frog']",horse
17631,3,"['frog', 'ship', 'automobile', 'airplane']",ship
17632,4,"['cat', 'automobile', 'frog', 'airplane']",automobile
17633,0,"['horse', 'deer', 'frog', 'cat']",horse
17634,4,"['cat', 'automobile', 'frog', 'airplane']",automobile
17635,4,"['cat', 'automobile', 'frog', 'airplane']",automobile
17636,7,"['automobile', 'cat', 'airplane', 'frog']",cat
17637,8,"['horse', 'airplane', 'cat', 'frog']",horse
17638,5,"['frog', 'ship', 'airplane', 'automobile']",ship
17639,9,"['dog', 'frog', 'cat', 'airplane']",airplane
17640,7,"['automobile', 'cat', 'airplane', 'frog']",frog
17641,3,"['frog', 'ship', 'automobile', 'airplane']",ship
17642,5,"['frog', 'ship', 'airplane', 'automobile']",ship
17643,7,"['automobile', 'cat', 'airplane', 'frog']",airplane
17644,3,"['frog', 'ship', 'automobile', 'airplane']",ship
17645,5,"['frog', 'ship', 'airplane', 'automobile']",ship
17646,3,"['frog', 'ship', 'automobile', 'airplane']",ship
17647,1,"['bird', 'dog', 'frog', 'cat', 'airplane']",airplane
17648,7,"['automobile', 'cat', 'airplane', 'frog']",cat
17649,7,"['automobile', 'cat', 'airplane', 'frog']",cat
17650,3,"['frog', 'ship', 'automobile', 'airplane']",ship
17651,2,"['ship', 'cat', 'automobile', 'airplane']",cat
17652,7,"['automobile', 'cat', 'airplane', 'frog']",cat
17653,8,"['horse', 'airplane', 'cat', 'frog']",horse
17654,8,"['horse', 'airplane', 'cat', 'frog']",horse
17655,3,"['frog', 'ship', 'automobile', 'airplane']",ship
17656,5,"['frog', 'ship', 'airplane', 'automobile']",ship
17657,2,"['ship', 'cat', 'automobile', 'airplane']",cat
17658,3,"['frog', 'ship', 'automobile', 'airplane']",ship
17659,5,"['frog', 'ship', 'airplane', 'automobile']",ship
17660,3,"['frog', 'ship', 'automobile', 'airplane']",ship
17661,3,"['frog', 'ship', 'automobile', 'airplane']",ship
17662,1,"['bird', 'dog', 'frog', 'cat', 'airplane']",airplane
17663,6,"['automobile', 'horse', 'ship', 'airplane']",ship
17664,3,"['frog', 'ship', 'automobile', 'airplane']",ship
17665,5,"['frog', 'ship', 'airplane', 'automobile']",ship
17666,1,"['bird', 'dog', 'frog', 'cat', 'airplane']",airplane
17667,4,"['cat', 'automobile', 'frog', 'airplane']",automobile
17668,7,"['automobile', 'cat', 'airplane', 'frog']",airplane
17669,2,"['ship', 'cat', 'automobile', 'airplane']",automobile
17670,5,"['frog', 'ship', 'airplane', 'automobile']",ship
17671,4,"['cat', 'automobile', 'frog', 'airplane']",airplane
17672,3,"['frog', 'ship', 'automobile', 'airplane']",ship
17673,1,"['bird', 'dog', 'frog', 'cat', 'airplane']",airplane
17674,4,"['cat', 'automobile', 'frog', 'airplane']",automobile
17675,6,"['automobile', 'horse', 'ship', 'airplane']",automobile
17676,6,"['automobile', 'horse', 'ship', 'airplane']",airplane
17677,0,"['horse', 'deer', 'frog', 'cat']",horse
17678,7,"['automobile', 'cat', 'airplane', 'frog']",airplane
17679,9,"['dog', 'frog', 'cat', 'airplane']",airplane
17680,6,"['automobile', 'horse', 'ship', 'airplane']",airplane
17681,4,"['cat', 'automobile', 'frog', 'airplane']",automobile
17682,2,"['ship', 'cat', 'automobile', 'airplane']",automobile
17683,8,"['horse', 'airplane', 'cat', 'frog']",horse
17684,6,"['automobile', 'horse', 'ship', 'airplane']",airplane
17685,8,"['horse', 'airplane', 'cat', 'frog']",horse
17686,4,"['cat', 'automobile', 'frog', 'airplane']",automobile
17687,9,"['dog', 'frog', 'cat', 'airplane']",airplane
17688,6,"['automobile', 'horse', 'ship', 'airplane']",automobile
17689,2,"['ship', 'cat', 'automobile', 'airplane']",ship
17690,2,"['ship', 'cat', 'automobile', 'airplane']",cat
17691,6,"['automobile', 'horse', 'ship', 'airplane']",airplane
17692,0,"['horse', 'deer', 'frog', 'cat']",horse
17693,2,"['ship', 'cat', 'automobile', 'airplane']",cat
17694,1,"['bird', 'dog', 'frog', 'cat', 'airplane']",airplane
17695,2,"['ship', 'cat', 'automobile', 'airplane']",automobile
17696,8,"['horse', 'airplane', 'cat', 'frog']",horse
17697,6,"['automobile', 'horse', 'ship', 'airplane']",ship
17698,3,"['frog', 'ship', 'automobile', 'airplane']",ship
17699,3,"['frog', 'ship', 'automobile', 'airplane']",frog
17700,1,"['bird', 'dog', 'frog', 'cat', 'airplane']",airplane
17701,1,"['bird', 'dog', 'frog', 'cat', 'airplane']",airplane
17702,2,"['ship', 'cat', 'automobile', 'airplane']",ship
17703,9,"['dog', 'frog', 'cat', 'airplane']",airplane
17704,9,"['dog', 'frog', 'cat', 'airplane']",airplane
17705,8,"['horse', 'airplane', 'cat', 'frog']",horse
17706,9,"['dog', 'frog', 'cat', 'airplane']",airplane
17707,4,"['cat', 'automobile', 'frog', 'airplane']",automobile
17708,5,"['frog', 'ship', 'airplane', 'automobile']",ship
17709,9,"['dog', 'frog', 'cat', 'airplane']",airplane
17710,5,"['frog', 'ship', 'airplane', 'automobile']",ship
17711,5,"['frog', 'ship', 'airplane', 'automobile']",ship
17712,2,"['ship', 'cat', 'automobile', 'airplane']",cat
17713,4,"['cat', 'automobile', 'frog', 'airplane']",automobile
17714,7,"['automobile', 'cat', 'airplane', 'frog']",airplane
17715,6,"['automobile', 'horse', 'ship', 'airplane']",horse
17716,9,"['dog', 'frog', 'cat', 'airplane']",airplane
17717,0,"['horse', 'deer', 'frog', 'cat']",horse
17718,1,"['bird', 'dog', 'frog', 'cat', 'airplane']",airplane
17719,4,"['cat', 'automobile', 'frog', 'airplane']",automobile
17720,7,"['automobile', 'cat', 'airplane', 'frog']",cat
17721,5,"['frog', 'ship', 'airplane', 'automobile']",ship
17722,1,"['bird', 'dog', 'frog', 'cat', 'airplane']",airplane
17723,6,"['automobile', 'horse', 'ship', 'airplane']",ship
17724,6,"['automobile', 'horse', 'ship', 'airplane']",airplane
17725,4,"['cat', 'automobile', 'frog', 'airplane']",automobile
17726,1,"['bird', 'dog', 'frog', 'cat', 'airplane']",airplane
17727,4,"['cat', 'automobile', 'frog', 'airplane']",automobile
17728,4,"['cat', 'automobile', 'frog', 'airplane']",automobile
17729,8,"['horse', 'airplane', 'cat', 'frog']",horse
17730,8,"['horse', 'airplane', 'cat', 'frog']",horse
17731,9,"['dog', 'frog', 'cat', 'airplane']",dog
17732,1,"['bird', 'dog', 'frog', 'cat', 'airplane']",airplane
17733,5,"['frog', 'ship', 'airplane', 'automobile']",ship
17734,1,"['bird', 'dog', 'frog', 'cat', 'airplane']",airplane
17735,2,"['ship', 'cat', 'automobile', 'airplane']",automobile
17736,8,"['horse', 'airplane', 'cat', 'frog']",horse
17737,7,"['automobile', 'cat', 'airplane', 'frog']",cat
17738,6,"['automobile', 'horse', 'ship', 'airplane']",airplane
17739,2,"['ship', 'cat', 'automobile', 'airplane']",automobile
17740,5,"['frog', 'ship', 'airplane', 'automobile']",ship
17741,2,"['ship', 'cat', 'automobile', 'airplane']",automobile
17742,6,"['automobile', 'horse', 'ship', 'airplane']",airplane
17743,0,"['horse', 'deer', 'frog', 'cat']",horse
17744,6,"['automobile', 'horse', 'ship', 'airplane']",airplane
17745,2,"['ship', 'cat', 'automobile', 'airplane']",cat
17746,1,"['bird', 'dog', 'frog', 'cat', 'airplane']",airplane
17747,9,"['dog', 'frog', 'cat', 'airplane']",airplane
17748,6,"['automobile', 'horse', 'ship', 'airplane']",airplane
17749,2,"['ship', 'cat', 'automobile', 'airplane']",automobile
17750,1,"['bird', 'dog', 'frog', 'cat', 'airplane']",airplane
17751,6,"['automobile', 'horse', 'ship', 'airplane']",airplane
17752,1,"['bird', 'dog', 'frog', 'cat', 'airplane']",airplane
17753,8,"['horse', 'airplane', 'cat', 'frog']",horse
17754,7,"['automobile', 'cat', 'airplane', 'frog']",airplane
17755,1,"['bird', 'dog', 'frog', 'cat', 'airplane']",airplane
17756,5,"['frog', 'ship', 'airplane', 'automobile']",ship
17757,2,"['ship', 'cat', 'automobile', 'airplane']",cat
17758,8,"['horse', 'airplane', 'cat', 'frog']",horse
17759,6,"['automobile', 'horse', 'ship', 'airplane']",airplane
17760,1,"['bird', 'dog', 'frog', 'cat', 'airplane']",airplane
17761,2,"['ship', 'cat', 'automobile', 'airplane']",cat
17762,0,"['horse', 'deer', 'frog', 'cat']",horse
17763,0,"['horse', 'deer', 'frog', 'cat']",horse
17764,0,"['horse', 'deer', 'frog', 'cat']",horse
17765,9,"['dog', 'frog', 'cat', 'airplane']",airplane
17766,6,"['automobile', 'horse', 'ship', 'airplane']",airplane
17767,2,"['ship', 'cat', 'automobile', 'airplane']",cat
17768,3,"['frog', 'ship', 'automobile', 'airplane']",ship
17769,2,"['ship', 'cat', 'automobile', 'airplane']",cat
17770,4,"['cat', 'automobile', 'frog', 'airplane']",automobile
17771,1,"['bird', 'dog', 'frog', 'cat', 'airplane']",airplane
17772,1,"['bird', 'dog', 'frog', 'cat', 'airplane']",airplane
17773,5,"['frog', 'ship', 'airplane', 'automobile']",ship
17774,2,"['ship', 'cat', 'automobile', 'airplane']",cat
17775,7,"['automobile', 'cat', 'airplane', 'frog']",airplane
17776,6,"['automobile', 'horse', 'ship', 'airplane']",ship
17777,4,"['cat', 'automobile', 'frog', 'airplane']",automobile
17778,5,"['frog', 'ship', 'airplane', 'automobile']",ship
17779,2,"['ship', 'cat', 'automobile', 'airplane']",automobile
17780,5,"['frog', 'ship', 'airplane', 'automobile']",ship
17781,1,"['bird', 'dog', 'frog', 'cat', 'airplane']",airplane
17782,7,"['automobile', 'cat', 'airplane', 'frog']",cat
17783,8,"['horse', 'airplane', 'cat', 'frog']",horse
17784,9,"['dog', 'frog', 'cat', 'airplane']",airplane
17785,3,"['frog', 'ship', 'automobile', 'airplane']",ship
17786,2,"['ship', 'cat', 'automobile', 'airplane']",automobile
17787,4,"['cat', 'automobile', 'frog', 'airplane']",automobile
17788,6,"['automobile', 'horse', 'ship', 'airplane']",ship
17789,8,"['horse', 'airplane', 'cat', 'frog']",horse
17790,6,"['automobile', 'horse', 'ship', 'airplane']",airplane
17791,4,"['cat', 'automobile', 'frog', 'airplane']",automobile
17792,0,"['horse', 'deer', 'frog', 'cat']",horse
17793,6,"['automobile', 'horse', 'ship', 'airplane']",ship
17794,5,"['frog', 'ship', 'airplane', 'automobile']",ship
17795,5,"['frog', 'ship', 'airplane', 'automobile']",ship
17796,6,"['automobile', 'horse', 'ship', 'airplane']",ship
17797,5,"['frog', 'ship', 'airplane', 'automobile']",ship
17798,9,"['dog', 'frog', 'cat', 'airplane']",dog
17799,8,"['horse', 'airplane', 'cat', 'frog']",horse
17800,4,"['cat', 'automobile', 'frog', 'airplane']",automobile
17801,4,"['cat', 'automobile', 'frog', 'airplane']",automobile
17802,1,"['bird', 'dog', 'frog', 'cat', 'airplane']",airplane
17803,3,"['frog', 'ship', 'automobile', 'airplane']",ship
17804,7,"['automobile', 'cat', 'airplane', 'frog']",cat
17805,7,"['automobile', 'cat', 'airplane', 'frog']",cat
17806,8,"['horse', 'airplane', 'cat', 'frog']",horse
17807,7,"['automobile', 'cat', 'airplane', 'frog']",cat
17808,2,"['ship', 'cat', 'automobile', 'airplane']",cat
17809,5,"['frog', 'ship', 'airplane', 'automobile']",ship
17810,6,"['automobile', 'horse', 'ship', 'airplane']",horse
17811,5,"['frog', 'ship', 'airplane', 'automobile']",ship
17812,7,"['automobile', 'cat', 'airplane', 'frog']",cat
17813,8,"['horse', 'airplane', 'cat', 'frog']",horse
17814,3,"['frog', 'ship', 'automobile', 'airplane']",ship
17815,1,"['bird', 'dog', 'frog', 'cat', 'airplane']",airplane
17816,9,"['dog', 'frog', 'cat', 'airplane']",airplane
17817,2,"['ship', 'cat', 'automobile', 'airplane']",cat
17818,2,"['ship', 'cat', 'automobile', 'airplane']",cat
17819,4,"['cat', 'automobile', 'frog', 'airplane']",automobile
17820,8,"['horse', 'airplane', 'cat', 'frog']",horse
17821,3,"['frog', 'ship', 'automobile', 'airplane']",ship
17822,7,"['automobile', 'cat', 'airplane', 'frog']",cat
17823,4,"['cat', 'automobile', 'frog', 'airplane']",automobile
17824,8,"['horse', 'airplane', 'cat', 'frog']",horse
17825,5,"['frog', 'ship', 'airplane', 'automobile']",ship
17826,2,"['ship', 'cat', 'automobile', 'airplane']",cat
17827,9,"['dog', 'frog', 'cat', 'airplane']",dog
17828,3,"['frog', 'ship', 'automobile', 'airplane']",ship
17829,0,"['horse', 'deer', 'frog', 'cat']",horse
17830,5,"['frog', 'ship', 'airplane', 'automobile']",ship
17831,3,"['frog', 'ship', 'automobile', 'airplane']",ship
17832,2,"['ship', 'cat', 'automobile', 'airplane']",cat
17833,5,"['frog', 'ship', 'airplane', 'automobile']",ship
17834,2,"['ship', 'cat', 'automobile', 'airplane']",cat
17835,3,"['frog', 'ship', 'automobile', 'airplane']",ship
17836,3,"['frog', 'ship', 'automobile', 'airplane']",ship
17837,7,"['automobile', 'cat', 'airplane', 'frog']",cat
17838,0,"['horse', 'deer', 'frog', 'cat']",horse
17839,4,"['cat', 'automobile', 'frog', 'airplane']",automobile
17840,7,"['automobile', 'cat', 'airplane', 'frog']",cat
17841,3,"['frog', 'ship', 'automobile', 'airplane']",ship
17842,0,"['horse', 'deer', 'frog', 'cat']",horse
17843,1,"['bird', 'dog', 'frog', 'cat', 'airplane']",airplane
17844,2,"['ship', 'cat', 'automobile', 'airplane']",cat
17845,4,"['cat', 'automobile', 'frog', 'airplane']",automobile
17846,9,"['dog', 'frog', 'cat', 'airplane']",airplane
17847,6,"['automobile', 'horse', 'ship', 'airplane']",airplane
17848,7,"['automobile', 'cat', 'airplane', 'frog']",cat
17849,9,"['dog', 'frog', 'cat', 'airplane']",dog
17850,2,"['ship', 'cat', 'automobile', 'airplane']",cat
17851,2,"['ship', 'cat', 'automobile', 'airplane']",cat
17852,4,"['cat', 'automobile', 'frog', 'airplane']",automobile
17853,8,"['horse', 'airplane', 'cat', 'frog']",horse
17854,8,"['horse', 'airplane', 'cat', 'frog']",horse
17855,5,"['frog', 'ship', 'airplane', 'automobile']",ship
17856,1,"['bird', 'dog', 'frog', 'cat', 'airplane']",airplane
17857,6,"['automobile', 'horse', 'ship', 'airplane']",ship
17858,6,"['automobile', 'horse', 'ship', 'airplane']",airplane
17859,2,"['ship', 'cat', 'automobile', 'airplane']",cat
17860,1,"['bird', 'dog', 'frog', 'cat', 'airplane']",airplane
17861,1,"['bird', 'dog', 'frog', 'cat', 'airplane']",airplane
17862,0,"['horse', 'deer', 'frog', 'cat']",horse
17863,3,"['frog', 'ship', 'automobile', 'airplane']",ship
17864,3,"['frog', 'ship', 'automobile', 'airplane']",ship
17865,0,"['horse', 'deer', 'frog', 'cat']",horse
17866,0,"['horse', 'deer', 'frog', 'cat']",horse
17867,1,"['bird', 'dog', 'frog', 'cat', 'airplane']",airplane
17868,5,"['frog', 'ship', 'airplane', 'automobile']",ship
17869,9,"['dog', 'frog', 'cat', 'airplane']",dog
17870,4,"['cat', 'automobile', 'frog', 'airplane']",automobile
17871,5,"['frog', 'ship', 'airplane', 'automobile']",ship
17872,7,"['automobile', 'cat', 'airplane', 'frog']",cat
17873,6,"['automobile', 'horse', 'ship', 'airplane']",airplane
17874,8,"['horse', 'airplane', 'cat', 'frog']",horse
17875,9,"['dog', 'frog', 'cat', 'airplane']",airplane
17876,7,"['automobile', 'cat', 'airplane', 'frog']",cat
17877,4,"['cat', 'automobile', 'frog', 'airplane']",automobile
17878,4,"['cat', 'automobile', 'frog', 'airplane']",automobile
17879,3,"['frog', 'ship', 'automobile', 'airplane']",ship
17880,5,"['frog', 'ship', 'airplane', 'automobile']",ship
17881,8,"['horse', 'airplane', 'cat', 'frog']",horse
17882,5,"['frog', 'ship', 'airplane', 'automobile']",ship
17883,2,"['ship', 'cat', 'automobile', 'airplane']",ship
17884,0,"['horse', 'deer', 'frog', 'cat']",horse
17885,9,"['dog', 'frog', 'cat', 'airplane']",airplane
17886,7,"['automobile', 'cat', 'airplane', 'frog']",airplane
17887,2,"['ship', 'cat', 'automobile', 'airplane']",automobile
17888,9,"['dog', 'frog', 'cat', 'airplane']",airplane
17889,5,"['frog', 'ship', 'airplane', 'automobile']",ship
17890,8,"['horse', 'airplane', 'cat', 'frog']",horse
17891,8,"['horse', 'airplane', 'cat', 'frog']",horse
17892,2,"['ship', 'cat', 'automobile', 'airplane']",cat
17893,1,"['bird', 'dog', 'frog', 'cat', 'airplane']",airplane
17894,8,"['horse', 'airplane', 'cat', 'frog']",horse
17895,9,"['dog', 'frog', 'cat', 'airplane']",dog
17896,9,"['dog', 'frog', 'cat', 'airplane']",airplane
17897,3,"['frog', 'ship', 'automobile', 'airplane']",ship
17898,5,"['frog', 'ship', 'airplane', 'automobile']",ship
17899,8,"['horse', 'airplane', 'cat', 'frog']",horse
17900,2,"['ship', 'cat', 'automobile', 'airplane']",cat
17901,1,"['bird', 'dog', 'frog', 'cat', 'airplane']",airplane
17902,2,"['ship', 'cat', 'automobile', 'airplane']",cat
17903,9,"['dog', 'frog', 'cat', 'airplane']",dog
17904,3,"['frog', 'ship', 'automobile', 'airplane']",ship
17905,9,"['dog', 'frog', 'cat', 'airplane']",airplane
17906,9,"['dog', 'frog', 'cat', 'airplane']",airplane
17907,9,"['dog', 'frog', 'cat', 'airplane']",dog
17908,6,"['automobile', 'horse', 'ship', 'airplane']",airplane
17909,3,"['frog', 'ship', 'automobile', 'airplane']",ship
17910,7,"['automobile', 'cat', 'airplane', 'frog']",cat
17911,7,"['automobile', 'cat', 'airplane', 'frog']",cat
17912,3,"['frog', 'ship', 'automobile', 'airplane']",ship
17913,7,"['automobile', 'cat', 'airplane', 'frog']",cat
17914,4,"['cat', 'automobile', 'frog', 'airplane']",automobile
17915,2,"['ship', 'cat', 'automobile', 'airplane']",cat
17916,5,"['frog', 'ship', 'airplane', 'automobile']",ship
17917,0,"['horse', 'deer', 'frog', 'cat']",horse
17918,9,"['dog', 'frog', 'cat', 'airplane']",airplane
17919,3,"['frog', 'ship', 'automobile', 'airplane']",ship
17920,3,"['frog', 'ship', 'automobile', 'airplane']",ship
17921,5,"['frog', 'ship', 'airplane', 'automobile']",ship
17922,8,"['horse', 'airplane', 'cat', 'frog']",horse
17923,8,"['horse', 'airplane', 'cat', 'frog']",horse
17924,1,"['bird', 'dog', 'frog', 'cat', 'airplane']",airplane
17925,6,"['automobile', 'horse', 'ship', 'airplane']",airplane
17926,3,"['frog', 'ship', 'automobile', 'airplane']",ship
17927,9,"['dog', 'frog', 'cat', 'airplane']",airplane
17928,9,"['dog', 'frog', 'cat', 'airplane']",airplane
17929,7,"['automobile', 'cat', 'airplane', 'frog']",cat
17930,3,"['frog', 'ship', 'automobile', 'airplane']",ship
17931,5,"['frog', 'ship', 'airplane', 'automobile']",ship
17932,0,"['horse', 'deer', 'frog', 'cat']",horse
17933,8,"['horse', 'airplane', 'cat', 'frog']",horse
17934,5,"['frog', 'ship', 'airplane', 'automobile']",ship
17935,8,"['horse', 'airplane', 'cat', 'frog']",horse
17936,6,"['automobile', 'horse', 'ship', 'airplane']",airplane
17937,4,"['cat', 'automobile', 'frog', 'airplane']",automobile
17938,6,"['automobile', 'horse', 'ship', 'airplane']",airplane
17939,3,"['frog', 'ship', 'automobile', 'airplane']",ship
17940,6,"['automobile', 'horse', 'ship', 'airplane']",airplane
17941,9,"['dog', 'frog', 'cat', 'airplane']",dog
17942,7,"['automobile', 'cat', 'airplane', 'frog']",cat
17943,7,"['automobile', 'cat', 'airplane', 'frog']",frog
17944,7,"['automobile', 'cat', 'airplane', 'frog']",cat
17945,9,"['dog', 'frog', 'cat', 'airplane']",airplane
17946,7,"['automobile', 'cat', 'airplane', 'frog']",cat
17947,0,"['horse', 'deer', 'frog', 'cat']",horse
17948,0,"['horse', 'deer', 'frog', 'cat']",frog
17949,2,"['ship', 'cat', 'automobile', 'airplane']",automobile
17950,1,"['bird', 'dog', 'frog', 'cat', 'airplane']",airplane
17951,7,"['automobile', 'cat', 'airplane', 'frog']",cat
17952,6,"['automobile', 'horse', 'ship', 'airplane']",airplane
17953,4,"['cat', 'automobile', 'frog', 'airplane']",automobile
17954,2,"['ship', 'cat', 'automobile', 'airplane']",cat
17955,2,"['ship', 'cat', 'automobile', 'airplane']",cat
17956,7,"['automobile', 'cat', 'airplane', 'frog']",cat
17957,6,"['automobile', 'horse', 'ship', 'airplane']",horse
17958,4,"['cat', 'automobile', 'frog', 'airplane']",automobile
17959,0,"['horse', 'deer', 'frog', 'cat']",horse
17960,6,"['automobile', 'horse', 'ship', 'airplane']",airplane
17961,9,"['dog', 'frog', 'cat', 'airplane']",airplane
17962,8,"['horse', 'airplane', 'cat', 'frog']",horse
17963,0,"['horse', 'deer', 'frog', 'cat']",horse
17964,1,"['bird', 'dog', 'frog', 'cat', 'airplane']",airplane
17965,0,"['horse', 'deer', 'frog', 'cat']",horse
17966,6,"['automobile', 'horse', 'ship', 'airplane']",airplane
17967,4,"['cat', 'automobile', 'frog', 'airplane']",automobile
17968,9,"['dog', 'frog', 'cat', 'airplane']",dog
17969,0,"['horse', 'deer', 'frog', 'cat']",deer
17970,1,"['bird', 'dog', 'frog', 'cat', 'airplane']",airplane
17971,5,"['frog', 'ship', 'airplane', 'automobile']",ship
17972,2,"['ship', 'cat', 'automobile', 'airplane']",automobile
17973,9,"['dog', 'frog', 'cat', 'airplane']",airplane
17974,9,"['dog', 'frog', 'cat', 'airplane']",dog
17975,9,"['dog', 'frog', 'cat', 'airplane']",dog
17976,0,"['horse', 'deer', 'frog', 'cat']",horse
17977,9,"['dog', 'frog', 'cat', 'airplane']",dog
17978,3,"['frog', 'ship', 'automobile', 'airplane']",ship
17979,7,"['automobile', 'cat', 'airplane', 'frog']",cat
17980,2,"['ship', 'cat', 'automobile', 'airplane']",cat
17981,2,"['ship', 'cat', 'automobile', 'airplane']",ship
17982,9,"['dog', 'frog', 'cat', 'airplane']",dog
17983,0,"['horse', 'deer', 'frog', 'cat']",horse
17984,1,"['bird', 'dog', 'frog', 'cat', 'airplane']",airplane
17985,7,"['automobile', 'cat', 'airplane', 'frog']",cat
17986,1,"['bird', 'dog', 'frog', 'cat', 'airplane']",airplane
17987,9,"['dog', 'frog', 'cat', 'airplane']",dog
17988,6,"['automobile', 'horse', 'ship', 'airplane']",airplane
17989,7,"['automobile', 'cat', 'airplane', 'frog']",cat
17990,9,"['dog', 'frog', 'cat', 'airplane']",airplane
17991,9,"['dog', 'frog', 'cat', 'airplane']",airplane
17992,4,"['cat', 'automobile', 'frog', 'airplane']",automobile
17993,7,"['automobile', 'cat', 'airplane', 'frog']",cat
17994,0,"['horse', 'deer', 'frog', 'cat']",horse
17995,1,"['bird', 'dog', 'frog', 'cat', 'airplane']",airplane
17996,6,"['automobile', 'horse', 'ship', 'airplane']",airplane
17997,7,"['automobile', 'cat', 'airplane', 'frog']",frog
17998,0,"['horse', 'deer', 'frog', 'cat']",horse
17999,6,"['automobile', 'horse', 'ship', 'airplane']",ship
18000,9,"['dog', 'frog', 'cat', 'airplane']",dog
18001,5,"['frog', 'ship', 'airplane', 'automobile']",ship
18002,6,"['automobile', 'horse', 'ship', 'airplane']",airplane
18003,5,"['frog', 'ship', 'airplane', 'automobile']",ship
18004,5,"['frog', 'ship', 'airplane', 'automobile']",ship
18005,6,"['automobile', 'horse', 'ship', 'airplane']",airplane
18006,3,"['frog', 'ship', 'automobile', 'airplane']",ship
18007,1,"['bird', 'dog', 'frog', 'cat', 'airplane']",airplane
18008,4,"['cat', 'automobile', 'frog', 'airplane']",airplane
18009,0,"['horse', 'deer', 'frog', 'cat']",horse
18010,7,"['automobile', 'cat', 'airplane', 'frog']",airplane
18011,4,"['cat', 'automobile', 'frog', 'airplane']",automobile
18012,0,"['horse', 'deer', 'frog', 'cat']",horse
18013,0,"['horse', 'deer', 'frog', 'cat']",horse
18014,4,"['cat', 'automobile', 'frog', 'airplane']",automobile
18015,3,"['frog', 'ship', 'automobile', 'airplane']",ship
18016,5,"['frog', 'ship', 'airplane', 'automobile']",ship
18017,7,"['automobile', 'cat', 'airplane', 'frog']",cat
18018,0,"['horse', 'deer', 'frog', 'cat']",horse
18019,9,"['dog', 'frog', 'cat', 'airplane']",airplane
18020,9,"['dog', 'frog', 'cat', 'airplane']",airplane
18021,6,"['automobile', 'horse', 'ship', 'airplane']",airplane
18022,7,"['automobile', 'cat', 'airplane', 'frog']",cat
18023,7,"['automobile', 'cat', 'airplane', 'frog']",cat
18024,6,"['automobile', 'horse', 'ship', 'airplane']",airplane
18025,6,"['automobile', 'horse', 'ship', 'airplane']",airplane
18026,2,"['ship', 'cat', 'automobile', 'airplane']",cat
18027,2,"['ship', 'cat', 'automobile', 'airplane']",cat
18028,4,"['cat', 'automobile', 'frog', 'airplane']",automobile
18029,6,"['automobile', 'horse', 'ship', 'airplane']",airplane
18030,9,"['dog', 'frog', 'cat', 'airplane']",dog
18031,7,"['automobile', 'cat', 'airplane', 'frog']",cat
18032,4,"['cat', 'automobile', 'frog', 'airplane']",automobile
18033,6,"['automobile', 'horse', 'ship', 'airplane']",airplane
18034,4,"['cat', 'automobile', 'frog', 'airplane']",automobile
18035,1,"['bird', 'dog', 'frog', 'cat', 'airplane']",airplane
18036,8,"['horse', 'airplane', 'cat', 'frog']",horse
18037,7,"['automobile', 'cat', 'airplane', 'frog']",airplane
18038,5,"['frog', 'ship', 'airplane', 'automobile']",ship
18039,6,"['automobile', 'horse', 'ship', 'airplane']",airplane
18040,2,"['ship', 'cat', 'automobile', 'airplane']",cat
18041,7,"['automobile', 'cat', 'airplane', 'frog']",cat
18042,4,"['cat', 'automobile', 'frog', 'airplane']",automobile
18043,4,"['cat', 'automobile', 'frog', 'airplane']",automobile
18044,4,"['cat', 'automobile', 'frog', 'airplane']",automobile
18045,8,"['horse', 'airplane', 'cat', 'frog']",horse
18046,6,"['automobile', 'horse', 'ship', 'airplane']",ship
18047,0,"['horse', 'deer', 'frog', 'cat']",horse
18048,1,"['bird', 'dog', 'frog', 'cat', 'airplane']",airplane
18049,2,"['ship', 'cat', 'automobile', 'airplane']",automobile
18050,6,"['automobile', 'horse', 'ship', 'airplane']",airplane
18051,7,"['automobile', 'cat', 'airplane', 'frog']",cat
18052,4,"['cat', 'automobile', 'frog', 'airplane']",automobile
18053,2,"['ship', 'cat', 'automobile', 'airplane']",automobile
18054,4,"['cat', 'automobile', 'frog', 'airplane']",automobile
18055,8,"['horse', 'airplane', 'cat', 'frog']",horse
18056,4,"['cat', 'automobile', 'frog', 'airplane']",automobile
18057,1,"['bird', 'dog', 'frog', 'cat', 'airplane']",airplane
18058,7,"['automobile', 'cat', 'airplane', 'frog']",cat
18059,5,"['frog', 'ship', 'airplane', 'automobile']",ship
18060,4,"['cat', 'automobile', 'frog', 'airplane']",automobile
18061,5,"['frog', 'ship', 'airplane', 'automobile']",ship
18062,1,"['bird', 'dog', 'frog', 'cat', 'airplane']",airplane
18063,1,"['bird', 'dog', 'frog', 'cat', 'airplane']",airplane
18064,5,"['frog', 'ship', 'airplane', 'automobile']",ship
18065,4,"['cat', 'automobile', 'frog', 'airplane']",automobile
18066,1,"['bird', 'dog', 'frog', 'cat', 'airplane']",airplane
18067,8,"['horse', 'airplane', 'cat', 'frog']",horse
18068,9,"['dog', 'frog', 'cat', 'airplane']",dog
18069,1,"['bird', 'dog', 'frog', 'cat', 'airplane']",airplane
18070,6,"['automobile', 'horse', 'ship', 'airplane']",airplane
18071,9,"['dog', 'frog', 'cat', 'airplane']",airplane
18072,3,"['frog', 'ship', 'automobile', 'airplane']",ship
18073,0,"['horse', 'deer', 'frog', 'cat']",horse
18074,5,"['frog', 'ship', 'airplane', 'automobile']",ship
18075,2,"['ship', 'cat', 'automobile', 'airplane']",cat
18076,8,"['horse', 'airplane', 'cat', 'frog']",horse
18077,5,"['frog', 'ship', 'airplane', 'automobile']",ship
18078,1,"['bird', 'dog', 'frog', 'cat', 'airplane']",airplane
18079,7,"['automobile', 'cat', 'airplane', 'frog']",cat
18080,0,"['horse', 'deer', 'frog', 'cat']",horse
18081,8,"['horse', 'airplane', 'cat', 'frog']",horse
18082,5,"['frog', 'ship', 'airplane', 'automobile']",ship
18083,5,"['frog', 'ship', 'airplane', 'automobile']",ship
18084,2,"['ship', 'cat', 'automobile', 'airplane']",automobile
18085,6,"['automobile', 'horse', 'ship', 'airplane']",airplane
18086,2,"['ship', 'cat', 'automobile', 'airplane']",cat
18087,5,"['frog', 'ship', 'airplane', 'automobile']",ship
18088,2,"['ship', 'cat', 'automobile', 'airplane']",cat
18089,3,"['frog', 'ship', 'automobile', 'airplane']",ship
18090,6,"['automobile', 'horse', 'ship', 'airplane']",automobile
18091,7,"['automobile', 'cat', 'airplane', 'frog']",cat
18092,2,"['ship', 'cat', 'automobile', 'airplane']",cat
18093,1,"['bird', 'dog', 'frog', 'cat', 'airplane']",airplane
18094,9,"['dog', 'frog', 'cat', 'airplane']",airplane
18095,7,"['automobile', 'cat', 'airplane', 'frog']",cat
18096,5,"['frog', 'ship', 'airplane', 'automobile']",ship
18097,1,"['bird', 'dog', 'frog', 'cat', 'airplane']",airplane
18098,6,"['automobile', 'horse', 'ship', 'airplane']",ship
18099,4,"['cat', 'automobile', 'frog', 'airplane']",automobile
18100,0,"['horse', 'deer', 'frog', 'cat']",horse
18101,2,"['ship', 'cat', 'automobile', 'airplane']",cat
18102,0,"['horse', 'deer', 'frog', 'cat']",horse
18103,6,"['automobile', 'horse', 'ship', 'airplane']",ship
18104,8,"['horse', 'airplane', 'cat', 'frog']",horse
18105,0,"['horse', 'deer', 'frog', 'cat']",horse
18106,0,"['horse', 'deer', 'frog', 'cat']",horse
18107,8,"['horse', 'airplane', 'cat', 'frog']",horse
18108,7,"['automobile', 'cat', 'airplane', 'frog']",cat
18109,3,"['frog', 'ship', 'automobile', 'airplane']",ship
18110,4,"['cat', 'automobile', 'frog', 'airplane']",automobile
18111,3,"['frog', 'ship', 'automobile', 'airplane']",ship
18112,8,"['horse', 'airplane', 'cat', 'frog']",horse
18113,9,"['dog', 'frog', 'cat', 'airplane']",airplane
18114,4,"['cat', 'automobile', 'frog', 'airplane']",automobile
18115,4,"['cat', 'automobile', 'frog', 'airplane']",automobile
18116,9,"['dog', 'frog', 'cat', 'airplane']",airplane
18117,1,"['bird', 'dog', 'frog', 'cat', 'airplane']",airplane
18118,8,"['horse', 'airplane', 'cat', 'frog']",horse
18119,3,"['frog', 'ship', 'automobile', 'airplane']",ship
18120,9,"['dog', 'frog', 'cat', 'airplane']",dog
18121,5,"['frog', 'ship', 'airplane', 'automobile']",ship
18122,8,"['horse', 'airplane', 'cat', 'frog']",horse
18123,1,"['bird', 'dog', 'frog', 'cat', 'airplane']",airplane
18124,7,"['automobile', 'cat', 'airplane', 'frog']",cat
18125,8,"['horse', 'airplane', 'cat', 'frog']",horse
18126,6,"['automobile', 'horse', 'ship', 'airplane']",automobile
18127,3,"['frog', 'ship', 'automobile', 'airplane']",ship
18128,5,"['frog', 'ship', 'airplane', 'automobile']",ship
18129,6,"['automobile', 'horse', 'ship', 'airplane']",airplane
18130,4,"['cat', 'automobile', 'frog', 'airplane']",automobile
18131,5,"['frog', 'ship', 'airplane', 'automobile']",ship
18132,8,"['horse', 'airplane', 'cat', 'frog']",horse
18133,0,"['horse', 'deer', 'frog', 'cat']",horse
18134,1,"['bird', 'dog', 'frog', 'cat', 'airplane']",airplane
18135,4,"['cat', 'automobile', 'frog', 'airplane']",automobile
18136,4,"['cat', 'automobile', 'frog', 'airplane']",automobile
18137,5,"['frog', 'ship', 'airplane', 'automobile']",ship
18138,2,"['ship', 'cat', 'automobile', 'airplane']",cat
18139,7,"['automobile', 'cat', 'airplane', 'frog']",cat
18140,8,"['horse', 'airplane', 'cat', 'frog']",horse
18141,8,"['horse', 'airplane', 'cat', 'frog']",horse
18142,4,"['cat', 'automobile', 'frog', 'airplane']",automobile
18143,2,"['ship', 'cat', 'automobile', 'airplane']",cat
18144,7,"['automobile', 'cat', 'airplane', 'frog']",cat
18145,8,"['horse', 'airplane', 'cat', 'frog']",horse
18146,2,"['ship', 'cat', 'automobile', 'airplane']",cat
18147,3,"['frog', 'ship', 'automobile', 'airplane']",ship
18148,3,"['frog', 'ship', 'automobile', 'airplane']",ship
18149,2,"['ship', 'cat', 'automobile', 'airplane']",automobile
18150,5,"['frog', 'ship', 'airplane', 'automobile']",ship
18151,5,"['frog', 'ship', 'airplane', 'automobile']",ship
18152,7,"['automobile', 'cat', 'airplane', 'frog']",airplane
18153,8,"['horse', 'airplane', 'cat', 'frog']",horse
18154,8,"['horse', 'airplane', 'cat', 'frog']",horse
18155,4,"['cat', 'automobile', 'frog', 'airplane']",airplane
18156,5,"['frog', 'ship', 'airplane', 'automobile']",ship
18157,3,"['frog', 'ship', 'automobile', 'airplane']",ship
18158,6,"['automobile', 'horse', 'ship', 'airplane']",airplane
18159,8,"['horse', 'airplane', 'cat', 'frog']",horse
18160,1,"['bird', 'dog', 'frog', 'cat', 'airplane']",airplane
18161,4,"['cat', 'automobile', 'frog', 'airplane']",automobile
18162,2,"['ship', 'cat', 'automobile', 'airplane']",cat
18163,2,"['ship', 'cat', 'automobile', 'airplane']",cat
18164,2,"['ship', 'cat', 'automobile', 'airplane']",cat
18165,7,"['automobile', 'cat', 'airplane', 'frog']",cat
18166,9,"['dog', 'frog', 'cat', 'airplane']",dog
18167,5,"['frog', 'ship', 'airplane', 'automobile']",ship
18168,8,"['horse', 'airplane', 'cat', 'frog']",horse
18169,3,"['frog', 'ship', 'automobile', 'airplane']",ship
18170,5,"['frog', 'ship', 'airplane', 'automobile']",ship
18171,8,"['horse', 'airplane', 'cat', 'frog']",horse
18172,6,"['automobile', 'horse', 'ship', 'airplane']",airplane
18173,6,"['automobile', 'horse', 'ship', 'airplane']",ship
18174,5,"['frog', 'ship', 'airplane', 'automobile']",ship
18175,9,"['dog', 'frog', 'cat', 'airplane']",airplane
18176,5,"['frog', 'ship', 'airplane', 'automobile']",ship
18177,8,"['horse', 'airplane', 'cat', 'frog']",horse
18178,1,"['bird', 'dog', 'frog', 'cat', 'airplane']",airplane
18179,6,"['automobile', 'horse', 'ship', 'airplane']",airplane
18180,3,"['frog', 'ship', 'automobile', 'airplane']",ship
18181,1,"['bird', 'dog', 'frog', 'cat', 'airplane']",airplane
18182,8,"['horse', 'airplane', 'cat', 'frog']",horse
18183,9,"['dog', 'frog', 'cat', 'airplane']",dog
18184,2,"['ship', 'cat', 'automobile', 'airplane']",cat
18185,4,"['cat', 'automobile', 'frog', 'airplane']",automobile
18186,3,"['frog', 'ship', 'automobile', 'airplane']",ship
18187,3,"['frog', 'ship', 'automobile', 'airplane']",ship
18188,3,"['frog', 'ship', 'automobile', 'airplane']",ship
18189,5,"['frog', 'ship', 'airplane', 'automobile']",ship
18190,8,"['horse', 'airplane', 'cat', 'frog']",horse
18191,2,"['ship', 'cat', 'automobile', 'airplane']",cat
18192,0,"['horse', 'deer', 'frog', 'cat']",horse
18193,8,"['horse', 'airplane', 'cat', 'frog']",horse
18194,5,"['frog', 'ship', 'airplane', 'automobile']",ship
18195,7,"['automobile', 'cat', 'airplane', 'frog']",cat
18196,4,"['cat', 'automobile', 'frog', 'airplane']",automobile
18197,4,"['cat', 'automobile', 'frog', 'airplane']",automobile
18198,2,"['ship', 'cat', 'automobile', 'airplane']",cat
18199,5,"['frog', 'ship', 'airplane', 'automobile']",ship
18200,0,"['horse', 'deer', 'frog', 'cat']",horse
18201,8,"['horse', 'airplane', 'cat', 'frog']",horse
18202,5,"['frog', 'ship', 'airplane', 'automobile']",ship
18203,0,"['horse', 'deer', 'frog', 'cat']",horse
18204,2,"['ship', 'cat', 'automobile', 'airplane']",cat
18205,9,"['dog', 'frog', 'cat', 'airplane']",dog
18206,1,"['bird', 'dog', 'frog', 'cat', 'airplane']",airplane
18207,4,"['cat', 'automobile', 'frog', 'airplane']",automobile
18208,6,"['automobile', 'horse', 'ship', 'airplane']",airplane
18209,9,"['dog', 'frog', 'cat', 'airplane']",dog
18210,2,"['ship', 'cat', 'automobile', 'airplane']",ship
18211,0,"['horse', 'deer', 'frog', 'cat']",horse
18212,5,"['frog', 'ship', 'airplane', 'automobile']",ship
18213,9,"['dog', 'frog', 'cat', 'airplane']",dog
18214,0,"['horse', 'deer', 'frog', 'cat']",horse
18215,0,"['horse', 'deer', 'frog', 'cat']",horse
18216,3,"['frog', 'ship', 'automobile', 'airplane']",ship
18217,6,"['automobile', 'horse', 'ship', 'airplane']",airplane
18218,0,"['horse', 'deer', 'frog', 'cat']",horse
18219,7,"['automobile', 'cat', 'airplane', 'frog']",cat
18220,8,"['horse', 'airplane', 'cat', 'frog']",horse
18221,8,"['horse', 'airplane', 'cat', 'frog']",horse
18222,3,"['frog', 'ship', 'automobile', 'airplane']",ship
18223,1,"['bird', 'dog', 'frog', 'cat', 'airplane']",airplane
18224,6,"['automobile', 'horse', 'ship', 'airplane']",automobile
18225,2,"['ship', 'cat', 'automobile', 'airplane']",automobile
18226,9,"['dog', 'frog', 'cat', 'airplane']",airplane
18227,7,"['automobile', 'cat', 'airplane', 'frog']",airplane
18228,1,"['bird', 'dog', 'frog', 'cat', 'airplane']",airplane
18229,5,"['frog', 'ship', 'airplane', 'automobile']",ship
18230,5,"['frog', 'ship', 'airplane', 'automobile']",ship
18231,0,"['horse', 'deer', 'frog', 'cat']",horse
18232,8,"['horse', 'airplane', 'cat', 'frog']",horse
18233,3,"['frog', 'ship', 'automobile', 'airplane']",ship
18234,2,"['ship', 'cat', 'automobile', 'airplane']",cat
18235,9,"['dog', 'frog', 'cat', 'airplane']",dog
18236,8,"['horse', 'airplane', 'cat', 'frog']",horse
18237,5,"['frog', 'ship', 'airplane', 'automobile']",ship
18238,1,"['bird', 'dog', 'frog', 'cat', 'airplane']",airplane
18239,2,"['ship', 'cat', 'automobile', 'airplane']",cat
18240,3,"['frog', 'ship', 'automobile', 'airplane']",ship
18241,2,"['ship', 'cat', 'automobile', 'airplane']",cat
18242,2,"['ship', 'cat', 'automobile', 'airplane']",automobile
18243,5,"['frog', 'ship', 'airplane', 'automobile']",ship
18244,9,"['dog', 'frog', 'cat', 'airplane']",dog
18245,5,"['frog', 'ship', 'airplane', 'automobile']",ship
18246,1,"['bird', 'dog', 'frog', 'cat', 'airplane']",airplane
18247,1,"['bird', 'dog', 'frog', 'cat', 'airplane']",airplane
18248,2,"['ship', 'cat', 'automobile', 'airplane']",ship
18249,0,"['horse', 'deer', 'frog', 'cat']",horse
18250,6,"['automobile', 'horse', 'ship', 'airplane']",airplane
18251,4,"['cat', 'automobile', 'frog', 'airplane']",automobile
18252,9,"['dog', 'frog', 'cat', 'airplane']",airplane
18253,8,"['horse', 'airplane', 'cat', 'frog']",horse
18254,6,"['automobile', 'horse', 'ship', 'airplane']",automobile
18255,7,"['automobile', 'cat', 'airplane', 'frog']",airplane
18256,6,"['automobile', 'horse', 'ship', 'airplane']",airplane
18257,6,"['automobile', 'horse', 'ship', 'airplane']",airplane
18258,7,"['automobile', 'cat', 'airplane', 'frog']",airplane
18259,3,"['frog', 'ship', 'automobile', 'airplane']",ship
18260,9,"['dog', 'frog', 'cat', 'airplane']",dog
18261,6,"['automobile', 'horse', 'ship', 'airplane']",airplane
18262,5,"['frog', 'ship', 'airplane', 'automobile']",ship
18263,1,"['bird', 'dog', 'frog', 'cat', 'airplane']",airplane
18264,4,"['cat', 'automobile', 'frog', 'airplane']",automobile
18265,6,"['automobile', 'horse', 'ship', 'airplane']",ship
18266,8,"['horse', 'airplane', 'cat', 'frog']",horse
18267,5,"['frog', 'ship', 'airplane', 'automobile']",ship
18268,7,"['automobile', 'cat', 'airplane', 'frog']",cat
18269,2,"['ship', 'cat', 'automobile', 'airplane']",cat
18270,6,"['automobile', 'horse', 'ship', 'airplane']",airplane
18271,0,"['horse', 'deer', 'frog', 'cat']",horse
18272,4,"['cat', 'automobile', 'frog', 'airplane']",automobile
18273,0,"['horse', 'deer', 'frog', 'cat']",horse
18274,8,"['horse', 'airplane', 'cat', 'frog']",horse
18275,2,"['ship', 'cat', 'automobile', 'airplane']",cat
18276,1,"['bird', 'dog', 'frog', 'cat', 'airplane']",airplane
18277,5,"['frog', 'ship', 'airplane', 'automobile']",ship
18278,5,"['frog', 'ship', 'airplane', 'automobile']",ship
18279,4,"['cat', 'automobile', 'frog', 'airplane']",automobile
18280,5,"['frog', 'ship', 'airplane', 'automobile']",ship
18281,5,"['frog', 'ship', 'airplane', 'automobile']",ship
18282,6,"['automobile', 'horse', 'ship', 'airplane']",airplane
18283,3,"['frog', 'ship', 'automobile', 'airplane']",ship
18284,6,"['automobile', 'horse', 'ship', 'airplane']",ship
18285,2,"['ship', 'cat', 'automobile', 'airplane']",cat
18286,3,"['frog', 'ship', 'automobile', 'airplane']",ship
18287,2,"['ship', 'cat', 'automobile', 'airplane']",automobile
18288,5,"['frog', 'ship', 'airplane', 'automobile']",ship
18289,4,"['cat', 'automobile', 'frog', 'airplane']",automobile
18290,4,"['cat', 'automobile', 'frog', 'airplane']",automobile
18291,0,"['horse', 'deer', 'frog', 'cat']",horse
18292,7,"['automobile', 'cat', 'airplane', 'frog']",cat
18293,4,"['cat', 'automobile', 'frog', 'airplane']",automobile
18294,5,"['frog', 'ship', 'airplane', 'automobile']",ship
18295,8,"['horse', 'airplane', 'cat', 'frog']",horse
18296,2,"['ship', 'cat', 'automobile', 'airplane']",cat
18297,9,"['dog', 'frog', 'cat', 'airplane']",airplane
18298,0,"['horse', 'deer', 'frog', 'cat']",horse
18299,0,"['horse', 'deer', 'frog', 'cat']",horse
18300,4,"['cat', 'automobile', 'frog', 'airplane']",automobile
18301,9,"['dog', 'frog', 'cat', 'airplane']",airplane
18302,0,"['horse', 'deer', 'frog', 'cat']",horse
18303,1,"['bird', 'dog', 'frog', 'cat', 'airplane']",airplane
18304,4,"['cat', 'automobile', 'frog', 'airplane']",automobile
18305,8,"['horse', 'airplane', 'cat', 'frog']",horse
18306,0,"['horse', 'deer', 'frog', 'cat']",horse
18307,8,"['horse', 'airplane', 'cat', 'frog']",horse
18308,6,"['automobile', 'horse', 'ship', 'airplane']",airplane
18309,6,"['automobile', 'horse', 'ship', 'airplane']",ship
18310,9,"['dog', 'frog', 'cat', 'airplane']",dog
18311,1,"['bird', 'dog', 'frog', 'cat', 'airplane']",airplane
18312,8,"['horse', 'airplane', 'cat', 'frog']",horse
18313,7,"['automobile', 'cat', 'airplane', 'frog']",cat
18314,4,"['cat', 'automobile', 'frog', 'airplane']",automobile
18315,0,"['horse', 'deer', 'frog', 'cat']",horse
18316,1,"['bird', 'dog', 'frog', 'cat', 'airplane']",airplane
18317,5,"['frog', 'ship', 'airplane', 'automobile']",ship
18318,5,"['frog', 'ship', 'airplane', 'automobile']",ship
18319,5,"['frog', 'ship', 'airplane', 'automobile']",ship
18320,4,"['cat', 'automobile', 'frog', 'airplane']",automobile
18321,1,"['bird', 'dog', 'frog', 'cat', 'airplane']",airplane
18322,2,"['ship', 'cat', 'automobile', 'airplane']",cat
18323,7,"['automobile', 'cat', 'airplane', 'frog']",cat
18324,3,"['frog', 'ship', 'automobile', 'airplane']",ship
18325,6,"['automobile', 'horse', 'ship', 'airplane']",ship
18326,7,"['automobile', 'cat', 'airplane', 'frog']",cat
18327,8,"['horse', 'airplane', 'cat', 'frog']",horse
18328,2,"['ship', 'cat', 'automobile', 'airplane']",cat
18329,3,"['frog', 'ship', 'automobile', 'airplane']",ship
18330,6,"['automobile', 'horse', 'ship', 'airplane']",airplane
18331,1,"['bird', 'dog', 'frog', 'cat', 'airplane']",airplane
18332,1,"['bird', 'dog', 'frog', 'cat', 'airplane']",airplane
18333,1,"['bird', 'dog', 'frog', 'cat', 'airplane']",airplane
18334,6,"['automobile', 'horse', 'ship', 'airplane']",airplane
18335,3,"['frog', 'ship', 'automobile', 'airplane']",ship
18336,6,"['automobile', 'horse', 'ship', 'airplane']",ship
18337,9,"['dog', 'frog', 'cat', 'airplane']",airplane
18338,6,"['automobile', 'horse', 'ship', 'airplane']",horse
18339,7,"['automobile', 'cat', 'airplane', 'frog']",cat
18340,4,"['cat', 'automobile', 'frog', 'airplane']",automobile
18341,4,"['cat', 'automobile', 'frog', 'airplane']",airplane
18342,6,"['automobile', 'horse', 'ship', 'airplane']",airplane
18343,9,"['dog', 'frog', 'cat', 'airplane']",airplane
18344,9,"['dog', 'frog', 'cat', 'airplane']",airplane
18345,1,"['bird', 'dog', 'frog', 'cat', 'airplane']",airplane
18346,5,"['frog', 'ship', 'airplane', 'automobile']",ship
18347,5,"['frog', 'ship', 'airplane', 'automobile']",ship
18348,3,"['frog', 'ship', 'automobile', 'airplane']",ship
18349,8,"['horse', 'airplane', 'cat', 'frog']",horse
18350,7,"['automobile', 'cat', 'airplane', 'frog']",cat
18351,6,"['automobile', 'horse', 'ship', 'airplane']",automobile
18352,7,"['automobile', 'cat', 'airplane', 'frog']",cat
18353,6,"['automobile', 'horse', 'ship', 'airplane']",airplane
18354,1,"['bird', 'dog', 'frog', 'cat', 'airplane']",airplane
18355,9,"['dog', 'frog', 'cat', 'airplane']",dog
18356,3,"['frog', 'ship', 'automobile', 'airplane']",ship
18357,9,"['dog', 'frog', 'cat', 'airplane']",airplane
18358,0,"['horse', 'deer', 'frog', 'cat']",horse
18359,6,"['automobile', 'horse', 'ship', 'airplane']",automobile
18360,2,"['ship', 'cat', 'automobile', 'airplane']",cat
18361,9,"['dog', 'frog', 'cat', 'airplane']",airplane
18362,3,"['frog', 'ship', 'automobile', 'airplane']",ship
18363,4,"['cat', 'automobile', 'frog', 'airplane']",automobile
18364,2,"['ship', 'cat', 'automobile', 'airplane']",cat
18365,4,"['cat', 'automobile', 'frog', 'airplane']",automobile
18366,3,"['frog', 'ship', 'automobile', 'airplane']",ship
18367,8,"['horse', 'airplane', 'cat', 'frog']",horse
18368,0,"['horse', 'deer', 'frog', 'cat']",horse
18369,9,"['dog', 'frog', 'cat', 'airplane']",airplane
18370,6,"['automobile', 'horse', 'ship', 'airplane']",ship
18371,3,"['frog', 'ship', 'automobile', 'airplane']",ship
18372,2,"['ship', 'cat', 'automobile', 'airplane']",automobile
18373,3,"['frog', 'ship', 'automobile', 'airplane']",ship
18374,4,"['cat', 'automobile', 'frog', 'airplane']",automobile
18375,2,"['ship', 'cat', 'automobile', 'airplane']",automobile
18376,2,"['ship', 'cat', 'automobile', 'airplane']",ship
18377,1,"['bird', 'dog', 'frog', 'cat', 'airplane']",airplane
18378,8,"['horse', 'airplane', 'cat', 'frog']",horse
18379,8,"['horse', 'airplane', 'cat', 'frog']",horse
18380,6,"['automobile', 'horse', 'ship', 'airplane']",airplane
18381,0,"['horse', 'deer', 'frog', 'cat']",horse
18382,8,"['horse', 'airplane', 'cat', 'frog']",horse
18383,0,"['horse', 'deer', 'frog', 'cat']",horse
18384,4,"['cat', 'automobile', 'frog', 'airplane']",automobile
18385,2,"['ship', 'cat', 'automobile', 'airplane']",cat
18386,0,"['horse', 'deer', 'frog', 'cat']",horse
18387,3,"['frog', 'ship', 'automobile', 'airplane']",ship
18388,1,"['bird', 'dog', 'frog', 'cat', 'airplane']",airplane
18389,3,"['frog', 'ship', 'automobile', 'airplane']",ship
18390,0,"['horse', 'deer', 'frog', 'cat']",horse
18391,0,"['horse', 'deer', 'frog', 'cat']",horse
18392,9,"['dog', 'frog', 'cat', 'airplane']",dog
18393,3,"['frog', 'ship', 'automobile', 'airplane']",ship
18394,9,"['dog', 'frog', 'cat', 'airplane']",dog
18395,8,"['horse', 'airplane', 'cat', 'frog']",horse
18396,6,"['automobile', 'horse', 'ship', 'airplane']",airplane
18397,8,"['horse', 'airplane', 'cat', 'frog']",horse
18398,4,"['cat', 'automobile', 'frog', 'airplane']",automobile
18399,5,"['frog', 'ship', 'airplane', 'automobile']",ship
18400,3,"['frog', 'ship', 'automobile', 'airplane']",ship
18401,7,"['automobile', 'cat', 'airplane', 'frog']",cat
18402,0,"['horse', 'deer', 'frog', 'cat']",horse
18403,4,"['cat', 'automobile', 'frog', 'airplane']",automobile
18404,4,"['cat', 'automobile', 'frog', 'airplane']",automobile
18405,7,"['automobile', 'cat', 'airplane', 'frog']",frog
18406,0,"['horse', 'deer', 'frog', 'cat']",horse
18407,6,"['automobile', 'horse', 'ship', 'airplane']",airplane
18408,3,"['frog', 'ship', 'automobile', 'airplane']",ship
18409,4,"['cat', 'automobile', 'frog', 'airplane']",automobile
18410,3,"['frog', 'ship', 'automobile', 'airplane']",ship
18411,7,"['automobile', 'cat', 'airplane', 'frog']",airplane
18412,3,"['frog', 'ship', 'automobile', 'airplane']",frog
18413,1,"['bird', 'dog', 'frog', 'cat', 'airplane']",airplane
18414,3,"['frog', 'ship', 'automobile', 'airplane']",ship
18415,1,"['bird', 'dog', 'frog', 'cat', 'airplane']",airplane
18416,5,"['frog', 'ship', 'airplane', 'automobile']",ship
18417,7,"['automobile', 'cat', 'airplane', 'frog']",cat
18418,4,"['cat', 'automobile', 'frog', 'airplane']",automobile
18419,2,"['ship', 'cat', 'automobile', 'airplane']",automobile
18420,6,"['automobile', 'horse', 'ship', 'airplane']",ship
18421,8,"['horse', 'airplane', 'cat', 'frog']",horse
18422,3,"['frog', 'ship', 'automobile', 'airplane']",ship
18423,9,"['dog', 'frog', 'cat', 'airplane']",airplane
18424,0,"['horse', 'deer', 'frog', 'cat']",horse
18425,1,"['bird', 'dog', 'frog', 'cat', 'airplane']",airplane
18426,6,"['automobile', 'horse', 'ship', 'airplane']",airplane
18427,5,"['frog', 'ship', 'airplane', 'automobile']",ship
18428,7,"['automobile', 'cat', 'airplane', 'frog']",cat
18429,9,"['dog', 'frog', 'cat', 'airplane']",airplane
18430,9,"['dog', 'frog', 'cat', 'airplane']",dog
18431,7,"['automobile', 'cat', 'airplane', 'frog']",cat
18432,8,"['horse', 'airplane', 'cat', 'frog']",horse
18433,6,"['automobile', 'horse', 'ship', 'airplane']",automobile
18434,4,"['cat', 'automobile', 'frog', 'airplane']",airplane
18435,7,"['automobile', 'cat', 'airplane', 'frog']",cat
18436,0,"['horse', 'deer', 'frog', 'cat']",horse
18437,4,"['cat', 'automobile', 'frog', 'airplane']",automobile
18438,1,"['bird', 'dog', 'frog', 'cat', 'airplane']",airplane
18439,9,"['dog', 'frog', 'cat', 'airplane']",dog
18440,5,"['frog', 'ship', 'airplane', 'automobile']",ship
18441,5,"['frog', 'ship', 'airplane', 'automobile']",ship
18442,3,"['frog', 'ship', 'automobile', 'airplane']",ship
18443,7,"['automobile', 'cat', 'airplane', 'frog']",cat
18444,8,"['horse', 'airplane', 'cat', 'frog']",horse
18445,0,"['horse', 'deer', 'frog', 'cat']",horse
18446,3,"['frog', 'ship', 'automobile', 'airplane']",frog
18447,7,"['automobile', 'cat', 'airplane', 'frog']",cat
18448,7,"['automobile', 'cat', 'airplane', 'frog']",cat
18449,3,"['frog', 'ship', 'automobile', 'airplane']",ship
18450,4,"['cat', 'automobile', 'frog', 'airplane']",automobile
18451,0,"['horse', 'deer', 'frog', 'cat']",horse
18452,3,"['frog', 'ship', 'automobile', 'airplane']",ship
18453,9,"['dog', 'frog', 'cat', 'airplane']",airplane
18454,6,"['automobile', 'horse', 'ship', 'airplane']",automobile
18455,4,"['cat', 'automobile', 'frog', 'airplane']",automobile
18456,1,"['bird', 'dog', 'frog', 'cat', 'airplane']",airplane
18457,2,"['ship', 'cat', 'automobile', 'airplane']",cat
18458,1,"['bird', 'dog', 'frog', 'cat', 'airplane']",airplane
18459,5,"['frog', 'ship', 'airplane', 'automobile']",ship
18460,2,"['ship', 'cat', 'automobile', 'airplane']",cat
18461,8,"['horse', 'airplane', 'cat', 'frog']",horse
18462,3,"['frog', 'ship', 'automobile', 'airplane']",ship
18463,5,"['frog', 'ship', 'airplane', 'automobile']",ship
18464,2,"['ship', 'cat', 'automobile', 'airplane']",ship
18465,4,"['cat', 'automobile', 'frog', 'airplane']",automobile
18466,2,"['ship', 'cat', 'automobile', 'airplane']",cat
18467,9,"['dog', 'frog', 'cat', 'airplane']",dog
18468,7,"['automobile', 'cat', 'airplane', 'frog']",airplane
18469,3,"['frog', 'ship', 'automobile', 'airplane']",frog
18470,5,"['frog', 'ship', 'airplane', 'automobile']",ship
18471,1,"['bird', 'dog', 'frog', 'cat', 'airplane']",airplane
18472,5,"['frog', 'ship', 'airplane', 'automobile']",ship
18473,4,"['cat', 'automobile', 'frog', 'airplane']",automobile
18474,3,"['frog', 'ship', 'automobile', 'airplane']",ship
18475,5,"['frog', 'ship', 'airplane', 'automobile']",ship
18476,4,"['cat', 'automobile', 'frog', 'airplane']",automobile
18477,2,"['ship', 'cat', 'automobile', 'airplane']",cat
18478,5,"['frog', 'ship', 'airplane', 'automobile']",ship
18479,3,"['frog', 'ship', 'automobile', 'airplane']",ship
18480,1,"['bird', 'dog', 'frog', 'cat', 'airplane']",airplane
18481,7,"['automobile', 'cat', 'airplane', 'frog']",cat
18482,3,"['frog', 'ship', 'automobile', 'airplane']",ship
18483,1,"['bird', 'dog', 'frog', 'cat', 'airplane']",airplane
18484,7,"['automobile', 'cat', 'airplane', 'frog']",airplane
18485,2,"['ship', 'cat', 'automobile', 'airplane']",cat
18486,3,"['frog', 'ship', 'automobile', 'airplane']",ship
18487,3,"['frog', 'ship', 'automobile', 'airplane']",ship
18488,9,"['dog', 'frog', 'cat', 'airplane']",airplane
18489,2,"['ship', 'cat', 'automobile', 'airplane']",automobile
18490,4,"['cat', 'automobile', 'frog', 'airplane']",automobile
18491,7,"['automobile', 'cat', 'airplane', 'frog']",cat
18492,8,"['horse', 'airplane', 'cat', 'frog']",horse
18493,4,"['cat', 'automobile', 'frog', 'airplane']",automobile
18494,6,"['automobile', 'horse', 'ship', 'airplane']",airplane
18495,1,"['bird', 'dog', 'frog', 'cat', 'airplane']",airplane
18496,2,"['ship', 'cat', 'automobile', 'airplane']",cat
18497,3,"['frog', 'ship', 'automobile', 'airplane']",ship
18498,9,"['dog', 'frog', 'cat', 'airplane']",airplane
18499,3,"['frog', 'ship', 'automobile', 'airplane']",ship
18500,7,"['automobile', 'cat', 'airplane', 'frog']",cat
18501,8,"['horse', 'airplane', 'cat', 'frog']",horse
18502,4,"['cat', 'automobile', 'frog', 'airplane']",automobile
18503,2,"['ship', 'cat', 'automobile', 'airplane']",cat
18504,7,"['automobile', 'cat', 'airplane', 'frog']",cat
18505,0,"['horse', 'deer', 'frog', 'cat']",horse
18506,3,"['frog', 'ship', 'automobile', 'airplane']",ship
18507,4,"['cat', 'automobile', 'frog', 'airplane']",automobile
18508,0,"['horse', 'deer', 'frog', 'cat']",horse
18509,6,"['automobile', 'horse', 'ship', 'airplane']",airplane
18510,2,"['ship', 'cat', 'automobile', 'airplane']",cat
18511,5,"['frog', 'ship', 'airplane', 'automobile']",ship
18512,4,"['cat', 'automobile', 'frog', 'airplane']",automobile
18513,9,"['dog', 'frog', 'cat', 'airplane']",airplane
18514,8,"['horse', 'airplane', 'cat', 'frog']",horse
18515,8,"['horse', 'airplane', 'cat', 'frog']",horse
18516,5,"['frog', 'ship', 'airplane', 'automobile']",ship
18517,7,"['automobile', 'cat', 'airplane', 'frog']",cat
18518,1,"['bird', 'dog', 'frog', 'cat', 'airplane']",airplane
18519,7,"['automobile', 'cat', 'airplane', 'frog']",airplane
18520,3,"['frog', 'ship', 'automobile', 'airplane']",ship
18521,5,"['frog', 'ship', 'airplane', 'automobile']",ship
18522,8,"['horse', 'airplane', 'cat', 'frog']",horse
18523,4,"['cat', 'automobile', 'frog', 'airplane']",automobile
18524,7,"['automobile', 'cat', 'airplane', 'frog']",cat
18525,0,"['horse', 'deer', 'frog', 'cat']",horse
18526,1,"['bird', 'dog', 'frog', 'cat', 'airplane']",airplane
18527,1,"['bird', 'dog', 'frog', 'cat', 'airplane']",airplane
18528,7,"['automobile', 'cat', 'airplane', 'frog']",cat
18529,2,"['ship', 'cat', 'automobile', 'airplane']",cat
18530,8,"['horse', 'airplane', 'cat', 'frog']",horse
18531,3,"['frog', 'ship', 'automobile', 'airplane']",ship
18532,6,"['automobile', 'horse', 'ship', 'airplane']",airplane
18533,6,"['automobile', 'horse', 'ship', 'airplane']",airplane
18534,7,"['automobile', 'cat', 'airplane', 'frog']",airplane
18535,8,"['horse', 'airplane', 'cat', 'frog']",horse
18536,4,"['cat', 'automobile', 'frog', 'airplane']",automobile
18537,7,"['automobile', 'cat', 'airplane', 'frog']",cat
18538,0,"['horse', 'deer', 'frog', 'cat']",horse
18539,9,"['dog', 'frog', 'cat', 'airplane']",dog
18540,6,"['automobile', 'horse', 'ship', 'airplane']",airplane
18541,5,"['frog', 'ship', 'airplane', 'automobile']",ship
18542,6,"['automobile', 'horse', 'ship', 'airplane']",airplane
18543,6,"['automobile', 'horse', 'ship', 'airplane']",ship
18544,4,"['cat', 'automobile', 'frog', 'airplane']",automobile
18545,0,"['horse', 'deer', 'frog', 'cat']",horse
18546,8,"['horse', 'airplane', 'cat', 'frog']",horse
18547,9,"['dog', 'frog', 'cat', 'airplane']",airplane
18548,8,"['horse', 'airplane', 'cat', 'frog']",horse
18549,7,"['automobile', 'cat', 'airplane', 'frog']",cat
18550,4,"['cat', 'automobile', 'frog', 'airplane']",automobile
18551,1,"['bird', 'dog', 'frog', 'cat', 'airplane']",airplane
18552,5,"['frog', 'ship', 'airplane', 'automobile']",ship
18553,4,"['cat', 'automobile', 'frog', 'airplane']",automobile
18554,6,"['automobile', 'horse', 'ship', 'airplane']",airplane
18555,1,"['bird', 'dog', 'frog', 'cat', 'airplane']",airplane
18556,7,"['automobile', 'cat', 'airplane', 'frog']",airplane
18557,9,"['dog', 'frog', 'cat', 'airplane']",dog
18558,8,"['horse', 'airplane', 'cat', 'frog']",horse
18559,4,"['cat', 'automobile', 'frog', 'airplane']",automobile
18560,4,"['cat', 'automobile', 'frog', 'airplane']",automobile
18561,8,"['horse', 'airplane', 'cat', 'frog']",horse
18562,1,"['bird', 'dog', 'frog', 'cat', 'airplane']",airplane
18563,5,"['frog', 'ship', 'airplane', 'automobile']",ship
18564,2,"['ship', 'cat', 'automobile', 'airplane']",cat
18565,8,"['horse', 'airplane', 'cat', 'frog']",horse
18566,4,"['cat', 'automobile', 'frog', 'airplane']",frog
18567,9,"['dog', 'frog', 'cat', 'airplane']",dog
18568,5,"['frog', 'ship', 'airplane', 'automobile']",ship
18569,5,"['frog', 'ship', 'airplane', 'automobile']",ship
18570,3,"['frog', 'ship', 'automobile', 'airplane']",ship
18571,6,"['automobile', 'horse', 'ship', 'airplane']",airplane
18572,0,"['horse', 'deer', 'frog', 'cat']",horse
18573,2,"['ship', 'cat', 'automobile', 'airplane']",cat
18574,5,"['frog', 'ship', 'airplane', 'automobile']",ship
18575,5,"['frog', 'ship', 'airplane', 'automobile']",ship
18576,5,"['frog', 'ship', 'airplane', 'automobile']",ship
18577,7,"['automobile', 'cat', 'airplane', 'frog']",cat
18578,0,"['horse', 'deer', 'frog', 'cat']",horse
18579,7,"['automobile', 'cat', 'airplane', 'frog']",cat
18580,9,"['dog', 'frog', 'cat', 'airplane']",dog
18581,5,"['frog', 'ship', 'airplane', 'automobile']",ship
18582,3,"['frog', 'ship', 'automobile', 'airplane']",ship
18583,1,"['bird', 'dog', 'frog', 'cat', 'airplane']",airplane
18584,3,"['frog', 'ship', 'automobile', 'airplane']",ship
18585,6,"['automobile', 'horse', 'ship', 'airplane']",airplane
18586,2,"['ship', 'cat', 'automobile', 'airplane']",cat
18587,5,"['frog', 'ship', 'airplane', 'automobile']",ship
18588,2,"['ship', 'cat', 'automobile', 'airplane']",automobile
18589,7,"['automobile', 'cat', 'airplane', 'frog']",cat
18590,7,"['automobile', 'cat', 'airplane', 'frog']",cat
18591,0,"['horse', 'deer', 'frog', 'cat']",horse
18592,4,"['cat', 'automobile', 'frog', 'airplane']",airplane
18593,8,"['horse', 'airplane', 'cat', 'frog']",horse
18594,1,"['bird', 'dog', 'frog', 'cat', 'airplane']",airplane
18595,6,"['automobile', 'horse', 'ship', 'airplane']",airplane
18596,6,"['automobile', 'horse', 'ship', 'airplane']",ship
18597,6,"['automobile', 'horse', 'ship', 'airplane']",airplane
18598,5,"['frog', 'ship', 'airplane', 'automobile']",ship
18599,0,"['horse', 'deer', 'frog', 'cat']",horse
18600,5,"['frog', 'ship', 'airplane', 'automobile']",ship
18601,7,"['automobile', 'cat', 'airplane', 'frog']",cat
18602,4,"['cat', 'automobile', 'frog', 'airplane']",automobile
18603,0,"['horse', 'deer', 'frog', 'cat']",horse
18604,6,"['automobile', 'horse', 'ship', 'airplane']",ship
18605,0,"['horse', 'deer', 'frog', 'cat']",horse
18606,4,"['cat', 'automobile', 'frog', 'airplane']",automobile
18607,8,"['horse', 'airplane', 'cat', 'frog']",horse
18608,5,"['frog', 'ship', 'airplane', 'automobile']",ship
18609,8,"['horse', 'airplane', 'cat', 'frog']",horse
18610,6,"['automobile', 'horse', 'ship', 'airplane']",horse
18611,6,"['automobile', 'horse', 'ship', 'airplane']",airplane
18612,2,"['ship', 'cat', 'automobile', 'airplane']",cat
18613,5,"['frog', 'ship', 'airplane', 'automobile']",ship
18614,0,"['horse', 'deer', 'frog', 'cat']",horse
18615,6,"['automobile', 'horse', 'ship', 'airplane']",ship
18616,8,"['horse', 'airplane', 'cat', 'frog']",horse
18617,8,"['horse', 'airplane', 'cat', 'frog']",horse
18618,6,"['automobile', 'horse', 'ship', 'airplane']",airplane
18619,3,"['frog', 'ship', 'automobile', 'airplane']",ship
18620,7,"['automobile', 'cat', 'airplane', 'frog']",cat
18621,6,"['automobile', 'horse', 'ship', 'airplane']",ship
18622,4,"['cat', 'automobile', 'frog', 'airplane']",automobile
18623,8,"['horse', 'airplane', 'cat', 'frog']",horse
18624,0,"['horse', 'deer', 'frog', 'cat']",horse
18625,1,"['bird', 'dog', 'frog', 'cat', 'airplane']",airplane
18626,5,"['frog', 'ship', 'airplane', 'automobile']",ship
18627,4,"['cat', 'automobile', 'frog', 'airplane']",automobile
18628,4,"['cat', 'automobile', 'frog', 'airplane']",automobile
18629,5,"['frog', 'ship', 'airplane', 'automobile']",ship
18630,0,"['horse', 'deer', 'frog', 'cat']",horse
18631,8,"['horse', 'airplane', 'cat', 'frog']",horse
18632,5,"['frog', 'ship', 'airplane', 'automobile']",ship
18633,4,"['cat', 'automobile', 'frog', 'airplane']",airplane
18634,5,"['frog', 'ship', 'airplane', 'automobile']",ship
18635,2,"['ship', 'cat', 'automobile', 'airplane']",automobile
18636,7,"['automobile', 'cat', 'airplane', 'frog']",frog
18637,4,"['cat', 'automobile', 'frog', 'airplane']",automobile
18638,3,"['frog', 'ship', 'automobile', 'airplane']",ship
18639,1,"['bird', 'dog', 'frog', 'cat', 'airplane']",airplane
18640,9,"['dog', 'frog', 'cat', 'airplane']",dog
18641,7,"['automobile', 'cat', 'airplane', 'frog']",cat
18642,9,"['dog', 'frog', 'cat', 'airplane']",airplane
18643,5,"['frog', 'ship', 'airplane', 'automobile']",ship
18644,8,"['horse', 'airplane', 'cat', 'frog']",horse
18645,8,"['horse', 'airplane', 'cat', 'frog']",horse
18646,2,"['ship', 'cat', 'automobile', 'airplane']",cat
18647,3,"['frog', 'ship', 'automobile', 'airplane']",ship
18648,9,"['dog', 'frog', 'cat', 'airplane']",airplane
18649,1,"['bird', 'dog', 'frog', 'cat', 'airplane']",airplane
18650,2,"['ship', 'cat', 'automobile', 'airplane']",automobile
18651,3,"['frog', 'ship', 'automobile', 'airplane']",ship
18652,2,"['ship', 'cat', 'automobile', 'airplane']",automobile
18653,6,"['automobile', 'horse', 'ship', 'airplane']",ship
18654,1,"['bird', 'dog', 'frog', 'cat', 'airplane']",airplane
18655,6,"['automobile', 'horse', 'ship', 'airplane']",airplane
18656,6,"['automobile', 'horse', 'ship', 'airplane']",airplane
18657,0,"['horse', 'deer', 'frog', 'cat']",horse
18658,4,"['cat', 'automobile', 'frog', 'airplane']",automobile
18659,0,"['horse', 'deer', 'frog', 'cat']",horse
18660,8,"['horse', 'airplane', 'cat', 'frog']",horse
18661,2,"['ship', 'cat', 'automobile', 'airplane']",cat
18662,3,"['frog', 'ship', 'automobile', 'airplane']",ship
18663,3,"['frog', 'ship', 'automobile', 'airplane']",ship
18664,4,"['cat', 'automobile', 'frog', 'airplane']",automobile
18665,6,"['automobile', 'horse', 'ship', 'airplane']",airplane
18666,9,"['dog', 'frog', 'cat', 'airplane']",airplane
18667,7,"['automobile', 'cat', 'airplane', 'frog']",cat
18668,9,"['dog', 'frog', 'cat', 'airplane']",airplane
18669,4,"['cat', 'automobile', 'frog', 'airplane']",airplane
18670,1,"['bird', 'dog', 'frog', 'cat', 'airplane']",airplane
18671,1,"['bird', 'dog', 'frog', 'cat', 'airplane']",airplane
18672,8,"['horse', 'airplane', 'cat', 'frog']",horse
18673,3,"['frog', 'ship', 'automobile', 'airplane']",ship
18674,2,"['ship', 'cat', 'automobile', 'airplane']",cat
18675,8,"['horse', 'airplane', 'cat', 'frog']",horse
18676,6,"['automobile', 'horse', 'ship', 'airplane']",airplane
18677,0,"['horse', 'deer', 'frog', 'cat']",horse
18678,2,"['ship', 'cat', 'automobile', 'airplane']",cat
18679,3,"['frog', 'ship', 'automobile', 'airplane']",frog
18680,0,"['horse', 'deer', 'frog', 'cat']",frog
18681,9,"['dog', 'frog', 'cat', 'airplane']",airplane
18682,6,"['automobile', 'horse', 'ship', 'airplane']",airplane
18683,1,"['bird', 'dog', 'frog', 'cat', 'airplane']",airplane
18684,3,"['frog', 'ship', 'automobile', 'airplane']",ship
18685,5,"['frog', 'ship', 'airplane', 'automobile']",ship
18686,7,"['automobile', 'cat', 'airplane', 'frog']",airplane
18687,5,"['frog', 'ship', 'airplane', 'automobile']",ship
18688,7,"['automobile', 'cat', 'airplane', 'frog']",cat
18689,9,"['dog', 'frog', 'cat', 'airplane']",airplane
18690,4,"['cat', 'automobile', 'frog', 'airplane']",automobile
18691,8,"['horse', 'airplane', 'cat', 'frog']",horse
18692,9,"['dog', 'frog', 'cat', 'airplane']",airplane
18693,8,"['horse', 'airplane', 'cat', 'frog']",horse
18694,0,"['horse', 'deer', 'frog', 'cat']",horse
18695,7,"['automobile', 'cat', 'airplane', 'frog']",cat
18696,1,"['bird', 'dog', 'frog', 'cat', 'airplane']",airplane
18697,0,"['horse', 'deer', 'frog', 'cat']",horse
18698,1,"['bird', 'dog', 'frog', 'cat', 'airplane']",airplane
18699,4,"['cat', 'automobile', 'frog', 'airplane']",automobile
18700,8,"['horse', 'airplane', 'cat', 'frog']",horse
18701,7,"['automobile', 'cat', 'airplane', 'frog']",airplane
18702,1,"['bird', 'dog', 'frog', 'cat', 'airplane']",airplane
18703,9,"['dog', 'frog', 'cat', 'airplane']",airplane
18704,0,"['horse', 'deer', 'frog', 'cat']",horse
18705,4,"['cat', 'automobile', 'frog', 'airplane']",automobile
18706,0,"['horse', 'deer', 'frog', 'cat']",horse
18707,8,"['horse', 'airplane', 'cat', 'frog']",horse
18708,5,"['frog', 'ship', 'airplane', 'automobile']",ship
18709,8,"['horse', 'airplane', 'cat', 'frog']",horse
18710,0,"['horse', 'deer', 'frog', 'cat']",frog
18711,7,"['automobile', 'cat', 'airplane', 'frog']",cat
18712,7,"['automobile', 'cat', 'airplane', 'frog']",cat
18713,0,"['horse', 'deer', 'frog', 'cat']",horse
18714,5,"['frog', 'ship', 'airplane', 'automobile']",ship
18715,9,"['dog', 'frog', 'cat', 'airplane']",airplane
18716,1,"['bird', 'dog', 'frog', 'cat', 'airplane']",airplane
18717,2,"['ship', 'cat', 'automobile', 'airplane']",cat
18718,8,"['horse', 'airplane', 'cat', 'frog']",horse
18719,1,"['bird', 'dog', 'frog', 'cat', 'airplane']",airplane
18720,2,"['ship', 'cat', 'automobile', 'airplane']",cat
18721,5,"['frog', 'ship', 'airplane', 'automobile']",ship
18722,6,"['automobile', 'horse', 'ship', 'airplane']",airplane
18723,7,"['automobile', 'cat', 'airplane', 'frog']",cat
18724,6,"['automobile', 'horse', 'ship', 'airplane']",airplane
18725,8,"['horse', 'airplane', 'cat', 'frog']",horse
18726,8,"['horse', 'airplane', 'cat', 'frog']",horse
18727,2,"['ship', 'cat', 'automobile', 'airplane']",cat
18728,8,"['horse', 'airplane', 'cat', 'frog']",horse
18729,5,"['frog', 'ship', 'airplane', 'automobile']",ship
18730,4,"['cat', 'automobile', 'frog', 'airplane']",automobile
18731,5,"['frog', 'ship', 'airplane', 'automobile']",ship
18732,5,"['frog', 'ship', 'airplane', 'automobile']",ship
18733,2,"['ship', 'cat', 'automobile', 'airplane']",cat
18734,4,"['cat', 'automobile', 'frog', 'airplane']",automobile
18735,0,"['horse', 'deer', 'frog', 'cat']",horse
18736,6,"['automobile', 'horse', 'ship', 'airplane']",airplane
18737,0,"['horse', 'deer', 'frog', 'cat']",horse
18738,4,"['cat', 'automobile', 'frog', 'airplane']",automobile
18739,4,"['cat', 'automobile', 'frog', 'airplane']",automobile
18740,9,"['dog', 'frog', 'cat', 'airplane']",airplane
18741,8,"['horse', 'airplane', 'cat', 'frog']",horse
18742,6,"['automobile', 'horse', 'ship', 'airplane']",airplane
18743,5,"['frog', 'ship', 'airplane', 'automobile']",ship
18744,1,"['bird', 'dog', 'frog', 'cat', 'airplane']",airplane
18745,0,"['horse', 'deer', 'frog', 'cat']",horse
18746,2,"['ship', 'cat', 'automobile', 'airplane']",automobile
18747,2,"['ship', 'cat', 'automobile', 'airplane']",cat
18748,5,"['frog', 'ship', 'airplane', 'automobile']",ship
18749,9,"['dog', 'frog', 'cat', 'airplane']",airplane
18750,9,"['dog', 'frog', 'cat', 'airplane']",dog
18751,7,"['automobile', 'cat', 'airplane', 'frog']",cat
18752,1,"['bird', 'dog', 'frog', 'cat', 'airplane']",airplane
18753,2,"['ship', 'cat', 'automobile', 'airplane']",cat
18754,1,"['bird', 'dog', 'frog', 'cat', 'airplane']",airplane
18755,3,"['frog', 'ship', 'automobile', 'airplane']",ship
18756,2,"['ship', 'cat', 'automobile', 'airplane']",cat
18757,2,"['ship', 'cat', 'automobile', 'airplane']",cat
18758,5,"['frog', 'ship', 'airplane', 'automobile']",ship
18759,9,"['dog', 'frog', 'cat', 'airplane']",airplane
18760,9,"['dog', 'frog', 'cat', 'airplane']",dog
18761,9,"['dog', 'frog', 'cat', 'airplane']",dog
18762,5,"['frog', 'ship', 'airplane', 'automobile']",ship
18763,0,"['horse', 'deer', 'frog', 'cat']",horse
18764,5,"['frog', 'ship', 'airplane', 'automobile']",ship
18765,0,"['horse', 'deer', 'frog', 'cat']",horse
18766,4,"['cat', 'automobile', 'frog', 'airplane']",automobile
18767,0,"['horse', 'deer', 'frog', 'cat']",horse
18768,0,"['horse', 'deer', 'frog', 'cat']",horse
18769,3,"['frog', 'ship', 'automobile', 'airplane']",ship
18770,5,"['frog', 'ship', 'airplane', 'automobile']",ship
18771,3,"['frog', 'ship', 'automobile', 'airplane']",ship
18772,5,"['frog', 'ship', 'airplane', 'automobile']",ship
18773,5,"['frog', 'ship', 'airplane', 'automobile']",ship
18774,8,"['horse', 'airplane', 'cat', 'frog']",horse
18775,7,"['automobile', 'cat', 'airplane', 'frog']",cat
18776,1,"['bird', 'dog', 'frog', 'cat', 'airplane']",airplane
18777,8,"['horse', 'airplane', 'cat', 'frog']",horse
18778,9,"['dog', 'frog', 'cat', 'airplane']",airplane
18779,9,"['dog', 'frog', 'cat', 'airplane']",airplane
18780,3,"['frog', 'ship', 'automobile', 'airplane']",ship
18781,7,"['automobile', 'cat', 'airplane', 'frog']",cat
18782,0,"['horse', 'deer', 'frog', 'cat']",horse
18783,8,"['horse', 'airplane', 'cat', 'frog']",horse
18784,1,"['bird', 'dog', 'frog', 'cat', 'airplane']",airplane
18785,9,"['dog', 'frog', 'cat', 'airplane']",dog
18786,9,"['dog', 'frog', 'cat', 'airplane']",airplane
18787,3,"['frog', 'ship', 'automobile', 'airplane']",ship
18788,2,"['ship', 'cat', 'automobile', 'airplane']",automobile
18789,9,"['dog', 'frog', 'cat', 'airplane']",dog
18790,2,"['ship', 'cat', 'automobile', 'airplane']",cat
18791,7,"['automobile', 'cat', 'airplane', 'frog']",airplane
18792,9,"['dog', 'frog', 'cat', 'airplane']",airplane
18793,7,"['automobile', 'cat', 'airplane', 'frog']",cat
18794,6,"['automobile', 'horse', 'ship', 'airplane']",airplane
18795,8,"['horse', 'airplane', 'cat', 'frog']",horse
18796,9,"['dog', 'frog', 'cat', 'airplane']",dog
18797,8,"['horse', 'airplane', 'cat', 'frog']",horse
18798,3,"['frog', 'ship', 'automobile', 'airplane']",ship
18799,5,"['frog', 'ship', 'airplane', 'automobile']",ship
18800,9,"['dog', 'frog', 'cat', 'airplane']",dog
18801,6,"['automobile', 'horse', 'ship', 'airplane']",airplane
18802,7,"['automobile', 'cat', 'airplane', 'frog']",automobile
18803,0,"['horse', 'deer', 'frog', 'cat']",horse
18804,7,"['automobile', 'cat', 'airplane', 'frog']",cat
18805,9,"['dog', 'frog', 'cat', 'airplane']",airplane
18806,8,"['horse', 'airplane', 'cat', 'frog']",horse
18807,4,"['cat', 'automobile', 'frog', 'airplane']",automobile
18808,0,"['horse', 'deer', 'frog', 'cat']",horse
18809,6,"['automobile', 'horse', 'ship', 'airplane']",airplane
18810,1,"['bird', 'dog', 'frog', 'cat', 'airplane']",dog
18811,4,"['cat', 'automobile', 'frog', 'airplane']",automobile
18812,8,"['horse', 'airplane', 'cat', 'frog']",horse
18813,4,"['cat', 'automobile', 'frog', 'airplane']",automobile
18814,3,"['frog', 'ship', 'automobile', 'airplane']",ship
18815,5,"['frog', 'ship', 'airplane', 'automobile']",ship
18816,6,"['automobile', 'horse', 'ship', 'airplane']",airplane
18817,9,"['dog', 'frog', 'cat', 'airplane']",airplane
18818,4,"['cat', 'automobile', 'frog', 'airplane']",automobile
18819,2,"['ship', 'cat', 'automobile', 'airplane']",cat
18820,6,"['automobile', 'horse', 'ship', 'airplane']",airplane
18821,4,"['cat', 'automobile', 'frog', 'airplane']",automobile
18822,8,"['horse', 'airplane', 'cat', 'frog']",horse
18823,7,"['automobile', 'cat', 'airplane', 'frog']",cat
18824,4,"['cat', 'automobile', 'frog', 'airplane']",automobile
18825,1,"['bird', 'dog', 'frog', 'cat', 'airplane']",airplane
18826,6,"['automobile', 'horse', 'ship', 'airplane']",horse
18827,8,"['horse', 'airplane', 'cat', 'frog']",horse
18828,7,"['automobile', 'cat', 'airplane', 'frog']",frog
18829,4,"['cat', 'automobile', 'frog', 'airplane']",automobile
18830,5,"['frog', 'ship', 'airplane', 'automobile']",ship
18831,0,"['horse', 'deer', 'frog', 'cat']",horse
18832,1,"['bird', 'dog', 'frog', 'cat', 'airplane']",airplane
18833,3,"['frog', 'ship', 'automobile', 'airplane']",ship
18834,4,"['cat', 'automobile', 'frog', 'airplane']",automobile
18835,7,"['automobile', 'cat', 'airplane', 'frog']",cat
18836,4,"['cat', 'automobile', 'frog', 'airplane']",automobile
18837,2,"['ship', 'cat', 'automobile', 'airplane']",automobile
18838,3,"['frog', 'ship', 'automobile', 'airplane']",ship
18839,0,"['horse', 'deer', 'frog', 'cat']",horse
18840,8,"['horse', 'airplane', 'cat', 'frog']",horse
18841,4,"['cat', 'automobile', 'frog', 'airplane']",automobile
18842,8,"['horse', 'airplane', 'cat', 'frog']",horse
18843,7,"['automobile', 'cat', 'airplane', 'frog']",cat
18844,1,"['bird', 'dog', 'frog', 'cat', 'airplane']",airplane
18845,5,"['frog', 'ship', 'airplane', 'automobile']",ship
18846,9,"['dog', 'frog', 'cat', 'airplane']",dog
18847,0,"['horse', 'deer', 'frog', 'cat']",horse
18848,8,"['horse', 'airplane', 'cat', 'frog']",horse
18849,0,"['horse', 'deer', 'frog', 'cat']",horse
18850,9,"['dog', 'frog', 'cat', 'airplane']",airplane
18851,6,"['automobile', 'horse', 'ship', 'airplane']",airplane
18852,5,"['frog', 'ship', 'airplane', 'automobile']",ship
18853,8,"['horse', 'airplane', 'cat', 'frog']",horse
18854,0,"['horse', 'deer', 'frog', 'cat']",horse
18855,2,"['ship', 'cat', 'automobile', 'airplane']",automobile
18856,5,"['frog', 'ship', 'airplane', 'automobile']",ship
18857,0,"['horse', 'deer', 'frog', 'cat']",horse
18858,3,"['frog', 'ship', 'automobile', 'airplane']",ship
18859,1,"['bird', 'dog', 'frog', 'cat', 'airplane']",airplane
18860,9,"['dog', 'frog', 'cat', 'airplane']",airplane
18861,0,"['horse', 'deer', 'frog', 'cat']",horse
18862,3,"['frog', 'ship', 'automobile', 'airplane']",ship
18863,2,"['ship', 'cat', 'automobile', 'airplane']",cat
18864,0,"['horse', 'deer', 'frog', 'cat']",horse
18865,3,"['frog', 'ship', 'automobile', 'airplane']",ship
18866,6,"['automobile', 'horse', 'ship', 'airplane']",airplane
18867,3,"['frog', 'ship', 'automobile', 'airplane']",ship
18868,6,"['automobile', 'horse', 'ship', 'airplane']",airplane
18869,7,"['automobile', 'cat', 'airplane', 'frog']",cat
18870,6,"['automobile', 'horse', 'ship', 'airplane']",airplane
18871,6,"['automobile', 'horse', 'ship', 'airplane']",airplane
18872,2,"['ship', 'cat', 'automobile', 'airplane']",cat
18873,5,"['frog', 'ship', 'airplane', 'automobile']",ship
18874,7,"['automobile', 'cat', 'airplane', 'frog']",cat
18875,4,"['cat', 'automobile', 'frog', 'airplane']",automobile
18876,4,"['cat', 'automobile', 'frog', 'airplane']",automobile
18877,9,"['dog', 'frog', 'cat', 'airplane']",dog
18878,9,"['dog', 'frog', 'cat', 'airplane']",dog
18879,1,"['bird', 'dog', 'frog', 'cat', 'airplane']",airplane
18880,2,"['ship', 'cat', 'automobile', 'airplane']",cat
18881,7,"['automobile', 'cat', 'airplane', 'frog']",airplane
18882,2,"['ship', 'cat', 'automobile', 'airplane']",automobile
18883,5,"['frog', 'ship', 'airplane', 'automobile']",ship
18884,6,"['automobile', 'horse', 'ship', 'airplane']",horse
18885,1,"['bird', 'dog', 'frog', 'cat', 'airplane']",airplane
18886,2,"['ship', 'cat', 'automobile', 'airplane']",cat
18887,3,"['frog', 'ship', 'automobile', 'airplane']",ship
18888,2,"['ship', 'cat', 'automobile', 'airplane']",automobile
18889,3,"['frog', 'ship', 'automobile', 'airplane']",frog
18890,1,"['bird', 'dog', 'frog', 'cat', 'airplane']",airplane
18891,4,"['cat', 'automobile', 'frog', 'airplane']",airplane
18892,8,"['horse', 'airplane', 'cat', 'frog']",horse
18893,0,"['horse', 'deer', 'frog', 'cat']",horse
18894,5,"['frog', 'ship', 'airplane', 'automobile']",ship
18895,6,"['automobile', 'horse', 'ship', 'airplane']",ship
18896,3,"['frog', 'ship', 'automobile', 'airplane']",ship
18897,8,"['horse', 'airplane', 'cat', 'frog']",horse
18898,9,"['dog', 'frog', 'cat', 'airplane']",airplane
18899,9,"['dog', 'frog', 'cat', 'airplane']",airplane
18900,0,"['horse', 'deer', 'frog', 'cat']",horse
18901,2,"['ship', 'cat', 'automobile', 'airplane']",automobile
18902,1,"['bird', 'dog', 'frog', 'cat', 'airplane']",airplane
18903,6,"['automobile', 'horse', 'ship', 'airplane']",airplane
18904,6,"['automobile', 'horse', 'ship', 'airplane']",airplane
18905,0,"['horse', 'deer', 'frog', 'cat']",horse
18906,0,"['horse', 'deer', 'frog', 'cat']",horse
18907,1,"['bird', 'dog', 'frog', 'cat', 'airplane']",airplane
18908,1,"['bird', 'dog', 'frog', 'cat', 'airplane']",airplane
18909,6,"['automobile', 'horse', 'ship', 'airplane']",airplane
18910,6,"['automobile', 'horse', 'ship', 'airplane']",airplane
18911,7,"['automobile', 'cat', 'airplane', 'frog']",airplane
18912,4,"['cat', 'automobile', 'frog', 'airplane']",automobile
18913,5,"['frog', 'ship', 'airplane', 'automobile']",ship
18914,7,"['automobile', 'cat', 'airplane', 'frog']",cat
18915,5,"['frog', 'ship', 'airplane', 'automobile']",ship
18916,7,"['automobile', 'cat', 'airplane', 'frog']",airplane
18917,8,"['horse', 'airplane', 'cat', 'frog']",horse
18918,4,"['cat', 'automobile', 'frog', 'airplane']",automobile
18919,5,"['frog', 'ship', 'airplane', 'automobile']",ship
18920,0,"['horse', 'deer', 'frog', 'cat']",horse
18921,5,"['frog', 'ship', 'airplane', 'automobile']",ship
18922,7,"['automobile', 'cat', 'airplane', 'frog']",frog
18923,7,"['automobile', 'cat', 'airplane', 'frog']",cat
18924,6,"['automobile', 'horse', 'ship', 'airplane']",airplane
18925,0,"['horse', 'deer', 'frog', 'cat']",horse
18926,1,"['bird', 'dog', 'frog', 'cat', 'airplane']",airplane
18927,1,"['bird', 'dog', 'frog', 'cat', 'airplane']",airplane
18928,5,"['frog', 'ship', 'airplane', 'automobile']",ship
18929,9,"['dog', 'frog', 'cat', 'airplane']",dog
18930,9,"['dog', 'frog', 'cat', 'airplane']",dog
18931,4,"['cat', 'automobile', 'frog', 'airplane']",automobile
18932,1,"['bird', 'dog', 'frog', 'cat', 'airplane']",airplane
18933,8,"['horse', 'airplane', 'cat', 'frog']",horse
18934,5,"['frog', 'ship', 'airplane', 'automobile']",ship
18935,0,"['horse', 'deer', 'frog', 'cat']",horse
18936,6,"['automobile', 'horse', 'ship', 'airplane']",airplane
18937,9,"['dog', 'frog', 'cat', 'airplane']",dog
18938,7,"['automobile', 'cat', 'airplane', 'frog']",cat
18939,5,"['frog', 'ship', 'airplane', 'automobile']",ship
18940,0,"['horse', 'deer', 'frog', 'cat']",horse
18941,7,"['automobile', 'cat', 'airplane', 'frog']",cat
18942,3,"['frog', 'ship', 'automobile', 'airplane']",ship
18943,9,"['dog', 'frog', 'cat', 'airplane']",airplane
18944,6,"['automobile', 'horse', 'ship', 'airplane']",airplane
18945,5,"['frog', 'ship', 'airplane', 'automobile']",ship
18946,5,"['frog', 'ship', 'airplane', 'automobile']",ship
18947,9,"['dog', 'frog', 'cat', 'airplane']",dog
18948,2,"['ship', 'cat', 'automobile', 'airplane']",automobile
18949,3,"['frog', 'ship', 'automobile', 'airplane']",ship
18950,8,"['horse', 'airplane', 'cat', 'frog']",horse
18951,0,"['horse', 'deer', 'frog', 'cat']",horse
18952,2,"['ship', 'cat', 'automobile', 'airplane']",cat
18953,0,"['horse', 'deer', 'frog', 'cat']",horse
18954,3,"['frog', 'ship', 'automobile', 'airplane']",ship
18955,0,"['horse', 'deer', 'frog', 'cat']",horse
18956,7,"['automobile', 'cat', 'airplane', 'frog']",cat
18957,9,"['dog', 'frog', 'cat', 'airplane']",dog
18958,5,"['frog', 'ship', 'airplane', 'automobile']",ship
18959,8,"['horse', 'airplane', 'cat', 'frog']",horse
18960,3,"['frog', 'ship', 'automobile', 'airplane']",ship
18961,1,"['bird', 'dog', 'frog', 'cat', 'airplane']",airplane
18962,5,"['frog', 'ship', 'airplane', 'automobile']",ship
18963,9,"['dog', 'frog', 'cat', 'airplane']",dog
18964,2,"['ship', 'cat', 'automobile', 'airplane']",cat
18965,6,"['automobile', 'horse', 'ship', 'airplane']",airplane
18966,5,"['frog', 'ship', 'airplane', 'automobile']",ship
18967,9,"['dog', 'frog', 'cat', 'airplane']",dog
18968,9,"['dog', 'frog', 'cat', 'airplane']",airplane
18969,3,"['frog', 'ship', 'automobile', 'airplane']",ship
18970,3,"['frog', 'ship', 'automobile', 'airplane']",ship
18971,5,"['frog', 'ship', 'airplane', 'automobile']",ship
18972,7,"['automobile', 'cat', 'airplane', 'frog']",cat
18973,7,"['automobile', 'cat', 'airplane', 'frog']",cat
18974,6,"['automobile', 'horse', 'ship', 'airplane']",airplane
18975,7,"['automobile', 'cat', 'airplane', 'frog']",airplane
18976,6,"['automobile', 'horse', 'ship', 'airplane']",airplane
18977,4,"['cat', 'automobile', 'frog', 'airplane']",airplane
18978,6,"['automobile', 'horse', 'ship', 'airplane']",airplane
18979,0,"['horse', 'deer', 'frog', 'cat']",horse
18980,8,"['horse', 'airplane', 'cat', 'frog']",horse
18981,5,"['frog', 'ship', 'airplane', 'automobile']",ship
18982,9,"['dog', 'frog', 'cat', 'airplane']",airplane
18983,5,"['frog', 'ship', 'airplane', 'automobile']",ship
18984,4,"['cat', 'automobile', 'frog', 'airplane']",automobile
18985,5,"['frog', 'ship', 'airplane', 'automobile']",ship
18986,5,"['frog', 'ship', 'airplane', 'automobile']",ship
18987,2,"['ship', 'cat', 'automobile', 'airplane']",cat
18988,6,"['automobile', 'horse', 'ship', 'airplane']",airplane
18989,9,"['dog', 'frog', 'cat', 'airplane']",airplane
18990,6,"['automobile', 'horse', 'ship', 'airplane']",airplane
18991,8,"['horse', 'airplane', 'cat', 'frog']",horse
18992,6,"['automobile', 'horse', 'ship', 'airplane']",airplane
18993,3,"['frog', 'ship', 'automobile', 'airplane']",ship
18994,1,"['bird', 'dog', 'frog', 'cat', 'airplane']",airplane
18995,2,"['ship', 'cat', 'automobile', 'airplane']",ship
18996,8,"['horse', 'airplane', 'cat', 'frog']",horse
18997,7,"['automobile', 'cat', 'airplane', 'frog']",cat
18998,3,"['frog', 'ship', 'automobile', 'airplane']",ship
18999,0,"['horse', 'deer', 'frog', 'cat']",horse
19000,6,"['automobile', 'horse', 'ship', 'airplane']",airplane
19001,2,"['ship', 'cat', 'automobile', 'airplane']",cat
19002,1,"['bird', 'dog', 'frog', 'cat', 'airplane']",airplane
19003,5,"['frog', 'ship', 'airplane', 'automobile']",ship
19004,0,"['horse', 'deer', 'frog', 'cat']",horse
19005,3,"['frog', 'ship', 'automobile', 'airplane']",ship
19006,4,"['cat', 'automobile', 'frog', 'airplane']",automobile
19007,5,"['frog', 'ship', 'airplane', 'automobile']",ship
19008,7,"['automobile', 'cat', 'airplane', 'frog']",cat
19009,0,"['horse', 'deer', 'frog', 'cat']",horse
19010,7,"['automobile', 'cat', 'airplane', 'frog']",cat
19011,0,"['horse', 'deer', 'frog', 'cat']",horse
19012,5,"['frog', 'ship', 'airplane', 'automobile']",ship
19013,6,"['automobile', 'horse', 'ship', 'airplane']",airplane
19014,4,"['cat', 'automobile', 'frog', 'airplane']",automobile
19015,0,"['horse', 'deer', 'frog', 'cat']",horse
19016,8,"['horse', 'airplane', 'cat', 'frog']",horse
19017,0,"['horse', 'deer', 'frog', 'cat']",horse
19018,1,"['bird', 'dog', 'frog', 'cat', 'airplane']",airplane
19019,6,"['automobile', 'horse', 'ship', 'airplane']",airplane
19020,8,"['horse', 'airplane', 'cat', 'frog']",horse
19021,5,"['frog', 'ship', 'airplane', 'automobile']",ship
19022,5,"['frog', 'ship', 'airplane', 'automobile']",ship
19023,5,"['frog', 'ship', 'airplane', 'automobile']",ship
19024,5,"['frog', 'ship', 'airplane', 'automobile']",ship
19025,3,"['frog', 'ship', 'automobile', 'airplane']",ship
19026,7,"['automobile', 'cat', 'airplane', 'frog']",cat
19027,0,"['horse', 'deer', 'frog', 'cat']",horse
19028,8,"['horse', 'airplane', 'cat', 'frog']",horse
19029,5,"['frog', 'ship', 'airplane', 'automobile']",ship
19030,0,"['horse', 'deer', 'frog', 'cat']",horse
19031,1,"['bird', 'dog', 'frog', 'cat', 'airplane']",airplane
19032,4,"['cat', 'automobile', 'frog', 'airplane']",automobile
19033,4,"['cat', 'automobile', 'frog', 'airplane']",automobile
19034,9,"['dog', 'frog', 'cat', 'airplane']",airplane
19035,8,"['horse', 'airplane', 'cat', 'frog']",horse
19036,8,"['horse', 'airplane', 'cat', 'frog']",horse
19037,7,"['automobile', 'cat', 'airplane', 'frog']",airplane
19038,6,"['automobile', 'horse', 'ship', 'airplane']",airplane
19039,2,"['ship', 'cat', 'automobile', 'airplane']",cat
19040,6,"['automobile', 'horse', 'ship', 'airplane']",ship
19041,0,"['horse', 'deer', 'frog', 'cat']",horse
19042,5,"['frog', 'ship', 'airplane', 'automobile']",ship
19043,4,"['cat', 'automobile', 'frog', 'airplane']",automobile
19044,2,"['ship', 'cat', 'automobile', 'airplane']",automobile
19045,4,"['cat', 'automobile', 'frog', 'airplane']",automobile
19046,1,"['bird', 'dog', 'frog', 'cat', 'airplane']",airplane
19047,4,"['cat', 'automobile', 'frog', 'airplane']",automobile
19048,9,"['dog', 'frog', 'cat', 'airplane']",airplane
19049,3,"['frog', 'ship', 'automobile', 'airplane']",ship
19050,9,"['dog', 'frog', 'cat', 'airplane']",dog
19051,8,"['horse', 'airplane', 'cat', 'frog']",horse
19052,2,"['ship', 'cat', 'automobile', 'airplane']",cat
19053,9,"['dog', 'frog', 'cat', 'airplane']",airplane
19054,1,"['bird', 'dog', 'frog', 'cat', 'airplane']",airplane
19055,9,"['dog', 'frog', 'cat', 'airplane']",airplane
19056,2,"['ship', 'cat', 'automobile', 'airplane']",cat
19057,2,"['ship', 'cat', 'automobile', 'airplane']",cat
19058,7,"['automobile', 'cat', 'airplane', 'frog']",airplane
19059,4,"['cat', 'automobile', 'frog', 'airplane']",automobile
19060,3,"['frog', 'ship', 'automobile', 'airplane']",ship
19061,3,"['frog', 'ship', 'automobile', 'airplane']",ship
19062,7,"['automobile', 'cat', 'airplane', 'frog']",cat
19063,1,"['bird', 'dog', 'frog', 'cat', 'airplane']",airplane
19064,7,"['automobile', 'cat', 'airplane', 'frog']",cat
19065,0,"['horse', 'deer', 'frog', 'cat']",horse
19066,0,"['horse', 'deer', 'frog', 'cat']",horse
19067,0,"['horse', 'deer', 'frog', 'cat']",horse
19068,3,"['frog', 'ship', 'automobile', 'airplane']",ship
19069,8,"['horse', 'airplane', 'cat', 'frog']",horse
19070,2,"['ship', 'cat', 'automobile', 'airplane']",cat
19071,5,"['frog', 'ship', 'airplane', 'automobile']",ship
19072,9,"['dog', 'frog', 'cat', 'airplane']",dog
19073,9,"['dog', 'frog', 'cat', 'airplane']",airplane
19074,7,"['automobile', 'cat', 'airplane', 'frog']",cat
19075,3,"['frog', 'ship', 'automobile', 'airplane']",ship
19076,9,"['dog', 'frog', 'cat', 'airplane']",dog
19077,6,"['automobile', 'horse', 'ship', 'airplane']",airplane
19078,9,"['dog', 'frog', 'cat', 'airplane']",dog
19079,1,"['bird', 'dog', 'frog', 'cat', 'airplane']",airplane
19080,3,"['frog', 'ship', 'automobile', 'airplane']",ship
19081,8,"['horse', 'airplane', 'cat', 'frog']",horse
19082,0,"['horse', 'deer', 'frog', 'cat']",horse
19083,5,"['frog', 'ship', 'airplane', 'automobile']",ship
19084,0,"['horse', 'deer', 'frog', 'cat']",horse
19085,7,"['automobile', 'cat', 'airplane', 'frog']",airplane
19086,9,"['dog', 'frog', 'cat', 'airplane']",airplane
19087,6,"['automobile', 'horse', 'ship', 'airplane']",airplane
19088,3,"['frog', 'ship', 'automobile', 'airplane']",ship
19089,7,"['automobile', 'cat', 'airplane', 'frog']",airplane
19090,8,"['horse', 'airplane', 'cat', 'frog']",horse
19091,2,"['ship', 'cat', 'automobile', 'airplane']",cat
19092,6,"['automobile', 'horse', 'ship', 'airplane']",airplane
19093,3,"['frog', 'ship', 'automobile', 'airplane']",ship
19094,0,"['horse', 'deer', 'frog', 'cat']",horse
19095,1,"['bird', 'dog', 'frog', 'cat', 'airplane']",airplane
19096,5,"['frog', 'ship', 'airplane', 'automobile']",ship
19097,8,"['horse', 'airplane', 'cat', 'frog']",horse
19098,4,"['cat', 'automobile', 'frog', 'airplane']",automobile
19099,3,"['frog', 'ship', 'automobile', 'airplane']",ship
19100,9,"['dog', 'frog', 'cat', 'airplane']",airplane
19101,3,"['frog', 'ship', 'automobile', 'airplane']",ship
19102,8,"['horse', 'airplane', 'cat', 'frog']",horse
19103,0,"['horse', 'deer', 'frog', 'cat']",horse
19104,0,"['horse', 'deer', 'frog', 'cat']",horse
19105,5,"['frog', 'ship', 'airplane', 'automobile']",ship
19106,0,"['horse', 'deer', 'frog', 'cat']",horse
19107,6,"['automobile', 'horse', 'ship', 'airplane']",automobile
19108,2,"['ship', 'cat', 'automobile', 'airplane']",automobile
19109,6,"['automobile', 'horse', 'ship', 'airplane']",airplane
19110,2,"['ship', 'cat', 'automobile', 'airplane']",cat
19111,9,"['dog', 'frog', 'cat', 'airplane']",dog
19112,4,"['cat', 'automobile', 'frog', 'airplane']",automobile
19113,3,"['frog', 'ship', 'automobile', 'airplane']",ship
19114,9,"['dog', 'frog', 'cat', 'airplane']",dog
19115,0,"['horse', 'deer', 'frog', 'cat']",horse
19116,0,"['horse', 'deer', 'frog', 'cat']",horse
19117,3,"['frog', 'ship', 'automobile', 'airplane']",ship
19118,4,"['cat', 'automobile', 'frog', 'airplane']",automobile
19119,7,"['automobile', 'cat', 'airplane', 'frog']",cat
19120,9,"['dog', 'frog', 'cat', 'airplane']",airplane
19121,7,"['automobile', 'cat', 'airplane', 'frog']",cat
19122,9,"['dog', 'frog', 'cat', 'airplane']",airplane
19123,8,"['horse', 'airplane', 'cat', 'frog']",horse
19124,8,"['horse', 'airplane', 'cat', 'frog']",horse
19125,1,"['bird', 'dog', 'frog', 'cat', 'airplane']",airplane
19126,3,"['frog', 'ship', 'automobile', 'airplane']",ship
19127,0,"['horse', 'deer', 'frog', 'cat']",horse
19128,6,"['automobile', 'horse', 'ship', 'airplane']",airplane
19129,8,"['horse', 'airplane', 'cat', 'frog']",horse
19130,2,"['ship', 'cat', 'automobile', 'airplane']",cat
19131,8,"['horse', 'airplane', 'cat', 'frog']",horse
19132,8,"['horse', 'airplane', 'cat', 'frog']",horse
19133,8,"['horse', 'airplane', 'cat', 'frog']",horse
19134,4,"['cat', 'automobile', 'frog', 'airplane']",automobile
19135,6,"['automobile', 'horse', 'ship', 'airplane']",airplane
19136,4,"['cat', 'automobile', 'frog', 'airplane']",automobile
19137,2,"['ship', 'cat', 'automobile', 'airplane']",automobile
19138,6,"['automobile', 'horse', 'ship', 'airplane']",airplane
19139,6,"['automobile', 'horse', 'ship', 'airplane']",airplane
19140,3,"['frog', 'ship', 'automobile', 'airplane']",ship
19141,8,"['horse', 'airplane', 'cat', 'frog']",horse
19142,4,"['cat', 'automobile', 'frog', 'airplane']",automobile
19143,1,"['bird', 'dog', 'frog', 'cat', 'airplane']",airplane
19144,1,"['bird', 'dog', 'frog', 'cat', 'airplane']",airplane
19145,4,"['cat', 'automobile', 'frog', 'airplane']",automobile
19146,9,"['dog', 'frog', 'cat', 'airplane']",dog
19147,8,"['horse', 'airplane', 'cat', 'frog']",horse
19148,6,"['automobile', 'horse', 'ship', 'airplane']",airplane
19149,8,"['horse', 'airplane', 'cat', 'frog']",horse
19150,5,"['frog', 'ship', 'airplane', 'automobile']",ship
19151,3,"['frog', 'ship', 'automobile', 'airplane']",ship
19152,8,"['horse', 'airplane', 'cat', 'frog']",horse
19153,2,"['ship', 'cat', 'automobile', 'airplane']",cat
19154,5,"['frog', 'ship', 'airplane', 'automobile']",ship
19155,7,"['automobile', 'cat', 'airplane', 'frog']",cat
19156,5,"['frog', 'ship', 'airplane', 'automobile']",ship
19157,2,"['ship', 'cat', 'automobile', 'airplane']",cat
19158,2,"['ship', 'cat', 'automobile', 'airplane']",cat
19159,7,"['automobile', 'cat', 'airplane', 'frog']",airplane
19160,5,"['frog', 'ship', 'airplane', 'automobile']",ship
19161,4,"['cat', 'automobile', 'frog', 'airplane']",automobile
19162,7,"['automobile', 'cat', 'airplane', 'frog']",airplane
19163,2,"['ship', 'cat', 'automobile', 'airplane']",cat
19164,1,"['bird', 'dog', 'frog', 'cat', 'airplane']",airplane
19165,1,"['bird', 'dog', 'frog', 'cat', 'airplane']",airplane
19166,1,"['bird', 'dog', 'frog', 'cat', 'airplane']",airplane
19167,8,"['horse', 'airplane', 'cat', 'frog']",horse
19168,4,"['cat', 'automobile', 'frog', 'airplane']",automobile
19169,5,"['frog', 'ship', 'airplane', 'automobile']",ship
19170,4,"['cat', 'automobile', 'frog', 'airplane']",automobile
19171,8,"['horse', 'airplane', 'cat', 'frog']",horse
19172,8,"['horse', 'airplane', 'cat', 'frog']",horse
19173,0,"['horse', 'deer', 'frog', 'cat']",horse
19174,9,"['dog', 'frog', 'cat', 'airplane']",frog
19175,8,"['horse', 'airplane', 'cat', 'frog']",horse
19176,5,"['frog', 'ship', 'airplane', 'automobile']",ship
19177,5,"['frog', 'ship', 'airplane', 'automobile']",ship
19178,4,"['cat', 'automobile', 'frog', 'airplane']",automobile
19179,7,"['automobile', 'cat', 'airplane', 'frog']",cat
19180,4,"['cat', 'automobile', 'frog', 'airplane']",automobile
19181,1,"['bird', 'dog', 'frog', 'cat', 'airplane']",airplane
19182,5,"['frog', 'ship', 'airplane', 'automobile']",ship
19183,3,"['frog', 'ship', 'automobile', 'airplane']",ship
19184,6,"['automobile', 'horse', 'ship', 'airplane']",airplane
19185,1,"['bird', 'dog', 'frog', 'cat', 'airplane']",airplane
19186,8,"['horse', 'airplane', 'cat', 'frog']",horse
19187,3,"['frog', 'ship', 'automobile', 'airplane']",ship
19188,0,"['horse', 'deer', 'frog', 'cat']",horse
19189,6,"['automobile', 'horse', 'ship', 'airplane']",airplane
19190,9,"['dog', 'frog', 'cat', 'airplane']",airplane
19191,5,"['frog', 'ship', 'airplane', 'automobile']",ship
19192,7,"['automobile', 'cat', 'airplane', 'frog']",airplane
19193,9,"['dog', 'frog', 'cat', 'airplane']",airplane
19194,4,"['cat', 'automobile', 'frog', 'airplane']",automobile
19195,8,"['horse', 'airplane', 'cat', 'frog']",horse
19196,0,"['horse', 'deer', 'frog', 'cat']",horse
19197,4,"['cat', 'automobile', 'frog', 'airplane']",automobile
19198,7,"['automobile', 'cat', 'airplane', 'frog']",cat
19199,9,"['dog', 'frog', 'cat', 'airplane']",airplane
19200,7,"['automobile', 'cat', 'airplane', 'frog']",cat
19201,5,"['frog', 'ship', 'airplane', 'automobile']",ship
19202,1,"['bird', 'dog', 'frog', 'cat', 'airplane']",airplane
19203,9,"['dog', 'frog', 'cat', 'airplane']",dog
19204,2,"['ship', 'cat', 'automobile', 'airplane']",cat
19205,2,"['ship', 'cat', 'automobile', 'airplane']",cat
19206,7,"['automobile', 'cat', 'airplane', 'frog']",cat
19207,2,"['ship', 'cat', 'automobile', 'airplane']",cat
19208,4,"['cat', 'automobile', 'frog', 'airplane']",automobile
19209,5,"['frog', 'ship', 'airplane', 'automobile']",ship
19210,0,"['horse', 'deer', 'frog', 'cat']",horse
19211,5,"['frog', 'ship', 'airplane', 'automobile']",ship
19212,7,"['automobile', 'cat', 'airplane', 'frog']",cat
19213,2,"['ship', 'cat', 'automobile', 'airplane']",automobile
19214,8,"['horse', 'airplane', 'cat', 'frog']",horse
19215,4,"['cat', 'automobile', 'frog', 'airplane']",airplane
19216,0,"['horse', 'deer', 'frog', 'cat']",horse
19217,2,"['ship', 'cat', 'automobile', 'airplane']",automobile
19218,2,"['ship', 'cat', 'automobile', 'airplane']",cat
19219,8,"['horse', 'airplane', 'cat', 'frog']",horse
19220,2,"['ship', 'cat', 'automobile', 'airplane']",cat
19221,3,"['frog', 'ship', 'automobile', 'airplane']",ship
19222,5,"['frog', 'ship', 'airplane', 'automobile']",ship
19223,2,"['ship', 'cat', 'automobile', 'airplane']",cat
19224,2,"['ship', 'cat', 'automobile', 'airplane']",automobile
19225,2,"['ship', 'cat', 'automobile', 'airplane']",cat
19226,1,"['bird', 'dog', 'frog', 'cat', 'airplane']",airplane
19227,8,"['horse', 'airplane', 'cat', 'frog']",horse
19228,6,"['automobile', 'horse', 'ship', 'airplane']",airplane
19229,3,"['frog', 'ship', 'automobile', 'airplane']",frog
19230,6,"['automobile', 'horse', 'ship', 'airplane']",airplane
19231,2,"['ship', 'cat', 'automobile', 'airplane']",ship
19232,0,"['horse', 'deer', 'frog', 'cat']",horse
19233,6,"['automobile', 'horse', 'ship', 'airplane']",airplane
19234,3,"['frog', 'ship', 'automobile', 'airplane']",ship
19235,7,"['automobile', 'cat', 'airplane', 'frog']",cat
19236,2,"['ship', 'cat', 'automobile', 'airplane']",automobile
19237,0,"['horse', 'deer', 'frog', 'cat']",horse
19238,8,"['horse', 'airplane', 'cat', 'frog']",horse
19239,6,"['automobile', 'horse', 'ship', 'airplane']",ship
19240,5,"['frog', 'ship', 'airplane', 'automobile']",ship
19241,2,"['ship', 'cat', 'automobile', 'airplane']",cat
19242,1,"['bird', 'dog', 'frog', 'cat', 'airplane']",airplane
19243,9,"['dog', 'frog', 'cat', 'airplane']",airplane
19244,7,"['automobile', 'cat', 'airplane', 'frog']",airplane
19245,3,"['frog', 'ship', 'automobile', 'airplane']",ship
19246,3,"['frog', 'ship', 'automobile', 'airplane']",ship
19247,7,"['automobile', 'cat', 'airplane', 'frog']",cat
19248,9,"['dog', 'frog', 'cat', 'airplane']",airplane
19249,3,"['frog', 'ship', 'automobile', 'airplane']",ship
19250,7,"['automobile', 'cat', 'airplane', 'frog']",cat
19251,8,"['horse', 'airplane', 'cat', 'frog']",horse
19252,5,"['frog', 'ship', 'airplane', 'automobile']",ship
19253,8,"['horse', 'airplane', 'cat', 'frog']",horse
19254,8,"['horse', 'airplane', 'cat', 'frog']",horse
19255,3,"['frog', 'ship', 'automobile', 'airplane']",ship
19256,4,"['cat', 'automobile', 'frog', 'airplane']",automobile
19257,2,"['ship', 'cat', 'automobile', 'airplane']",cat
19258,2,"['ship', 'cat', 'automobile', 'airplane']",cat
19259,7,"['automobile', 'cat', 'airplane', 'frog']",cat
19260,9,"['dog', 'frog', 'cat', 'airplane']",airplane
19261,4,"['cat', 'automobile', 'frog', 'airplane']",automobile
19262,4,"['cat', 'automobile', 'frog', 'airplane']",automobile
19263,7,"['automobile', 'cat', 'airplane', 'frog']",cat
19264,4,"['cat', 'automobile', 'frog', 'airplane']",automobile
19265,1,"['bird', 'dog', 'frog', 'cat', 'airplane']",airplane
19266,9,"['dog', 'frog', 'cat', 'airplane']",dog
19267,2,"['ship', 'cat', 'automobile', 'airplane']",cat
19268,6,"['automobile', 'horse', 'ship', 'airplane']",airplane
19269,8,"['horse', 'airplane', 'cat', 'frog']",horse
19270,2,"['ship', 'cat', 'automobile', 'airplane']",cat
19271,5,"['frog', 'ship', 'airplane', 'automobile']",ship
19272,6,"['automobile', 'horse', 'ship', 'airplane']",airplane
19273,0,"['horse', 'deer', 'frog', 'cat']",horse
19274,5,"['frog', 'ship', 'airplane', 'automobile']",ship
19275,6,"['automobile', 'horse', 'ship', 'airplane']",airplane
19276,3,"['frog', 'ship', 'automobile', 'airplane']",ship
19277,0,"['horse', 'deer', 'frog', 'cat']",horse
19278,7,"['automobile', 'cat', 'airplane', 'frog']",cat
19279,9,"['dog', 'frog', 'cat', 'airplane']",dog
19280,2,"['ship', 'cat', 'automobile', 'airplane']",cat
19281,6,"['automobile', 'horse', 'ship', 'airplane']",horse
19282,0,"['horse', 'deer', 'frog', 'cat']",horse
19283,8,"['horse', 'airplane', 'cat', 'frog']",horse
19284,4,"['cat', 'automobile', 'frog', 'airplane']",automobile
19285,4,"['cat', 'automobile', 'frog', 'airplane']",automobile
19286,0,"['horse', 'deer', 'frog', 'cat']",horse
19287,2,"['ship', 'cat', 'automobile', 'airplane']",automobile
19288,7,"['automobile', 'cat', 'airplane', 'frog']",cat
19289,9,"['dog', 'frog', 'cat', 'airplane']",airplane
19290,9,"['dog', 'frog', 'cat', 'airplane']",airplane
19291,3,"['frog', 'ship', 'automobile', 'airplane']",ship
19292,1,"['bird', 'dog', 'frog', 'cat', 'airplane']",airplane
19293,5,"['frog', 'ship', 'airplane', 'automobile']",ship
19294,0,"['horse', 'deer', 'frog', 'cat']",horse
19295,2,"['ship', 'cat', 'automobile', 'airplane']",cat
19296,2,"['ship', 'cat', 'automobile', 'airplane']",cat
19297,8,"['horse', 'airplane', 'cat', 'frog']",horse
19298,2,"['ship', 'cat', 'automobile', 'airplane']",cat
19299,9,"['dog', 'frog', 'cat', 'airplane']",airplane
19300,7,"['automobile', 'cat', 'airplane', 'frog']",cat
19301,1,"['bird', 'dog', 'frog', 'cat', 'airplane']",airplane
19302,9,"['dog', 'frog', 'cat', 'airplane']",airplane
19303,6,"['automobile', 'horse', 'ship', 'airplane']",airplane
19304,7,"['automobile', 'cat', 'airplane', 'frog']",cat
19305,0,"['horse', 'deer', 'frog', 'cat']",horse
19306,7,"['automobile', 'cat', 'airplane', 'frog']",cat
19307,4,"['cat', 'automobile', 'frog', 'airplane']",automobile
19308,6,"['automobile', 'horse', 'ship', 'airplane']",airplane
19309,8,"['horse', 'airplane', 'cat', 'frog']",horse
19310,1,"['bird', 'dog', 'frog', 'cat', 'airplane']",airplane
19311,9,"['dog', 'frog', 'cat', 'airplane']",airplane
19312,3,"['frog', 'ship', 'automobile', 'airplane']",ship
19313,1,"['bird', 'dog', 'frog', 'cat', 'airplane']",airplane
19314,8,"['horse', 'airplane', 'cat', 'frog']",horse
19315,4,"['cat', 'automobile', 'frog', 'airplane']",automobile
19316,5,"['frog', 'ship', 'airplane', 'automobile']",ship
19317,0,"['horse', 'deer', 'frog', 'cat']",horse
19318,0,"['horse', 'deer', 'frog', 'cat']",horse
19319,5,"['frog', 'ship', 'airplane', 'automobile']",ship
19320,5,"['frog', 'ship', 'airplane', 'automobile']",ship
19321,7,"['automobile', 'cat', 'airplane', 'frog']",cat
19322,6,"['automobile', 'horse', 'ship', 'airplane']",ship
19323,9,"['dog', 'frog', 'cat', 'airplane']",dog
19324,1,"['bird', 'dog', 'frog', 'cat', 'airplane']",airplane
19325,7,"['automobile', 'cat', 'airplane', 'frog']",cat
19326,7,"['automobile', 'cat', 'airplane', 'frog']",cat
19327,3,"['frog', 'ship', 'automobile', 'airplane']",ship
19328,2,"['ship', 'cat', 'automobile', 'airplane']",cat
19329,0,"['horse', 'deer', 'frog', 'cat']",horse
19330,2,"['ship', 'cat', 'automobile', 'airplane']",ship
19331,4,"['cat', 'automobile', 'frog', 'airplane']",automobile
19332,0,"['horse', 'deer', 'frog', 'cat']",horse
19333,9,"['dog', 'frog', 'cat', 'airplane']",airplane
19334,5,"['frog', 'ship', 'airplane', 'automobile']",ship
19335,5,"['frog', 'ship', 'airplane', 'automobile']",ship
19336,8,"['horse', 'airplane', 'cat', 'frog']",horse
19337,2,"['ship', 'cat', 'automobile', 'airplane']",automobile
19338,5,"['frog', 'ship', 'airplane', 'automobile']",ship
19339,0,"['horse', 'deer', 'frog', 'cat']",horse
19340,4,"['cat', 'automobile', 'frog', 'airplane']",automobile
19341,1,"['bird', 'dog', 'frog', 'cat', 'airplane']",airplane
19342,8,"['horse', 'airplane', 'cat', 'frog']",horse
19343,2,"['ship', 'cat', 'automobile', 'airplane']",automobile
19344,3,"['frog', 'ship', 'automobile', 'airplane']",ship
19345,4,"['cat', 'automobile', 'frog', 'airplane']",automobile
19346,7,"['automobile', 'cat', 'airplane', 'frog']",cat
19347,0,"['horse', 'deer', 'frog', 'cat']",horse
19348,7,"['automobile', 'cat', 'airplane', 'frog']",cat
19349,7,"['automobile', 'cat', 'airplane', 'frog']",cat
19350,5,"['frog', 'ship', 'airplane', 'automobile']",ship
19351,1,"['bird', 'dog', 'frog', 'cat', 'airplane']",airplane
19352,3,"['frog', 'ship', 'automobile', 'airplane']",ship
19353,9,"['dog', 'frog', 'cat', 'airplane']",airplane
19354,1,"['bird', 'dog', 'frog', 'cat', 'airplane']",airplane
19355,9,"['dog', 'frog', 'cat', 'airplane']",airplane
19356,9,"['dog', 'frog', 'cat', 'airplane']",airplane
19357,8,"['horse', 'airplane', 'cat', 'frog']",horse
19358,4,"['cat', 'automobile', 'frog', 'airplane']",automobile
19359,2,"['ship', 'cat', 'automobile', 'airplane']",automobile
19360,4,"['cat', 'automobile', 'frog', 'airplane']",automobile
19361,7,"['automobile', 'cat', 'airplane', 'frog']",cat
19362,5,"['frog', 'ship', 'airplane', 'automobile']",ship
19363,1,"['bird', 'dog', 'frog', 'cat', 'airplane']",airplane
19364,2,"['ship', 'cat', 'automobile', 'airplane']",cat
19365,9,"['dog', 'frog', 'cat', 'airplane']",airplane
19366,6,"['automobile', 'horse', 'ship', 'airplane']",airplane
19367,9,"['dog', 'frog', 'cat', 'airplane']",airplane
19368,5,"['frog', 'ship', 'airplane', 'automobile']",ship
19369,9,"['dog', 'frog', 'cat', 'airplane']",airplane
19370,0,"['horse', 'deer', 'frog', 'cat']",horse
19371,0,"['horse', 'deer', 'frog', 'cat']",horse
19372,7,"['automobile', 'cat', 'airplane', 'frog']",cat
19373,2,"['ship', 'cat', 'automobile', 'airplane']",ship
19374,8,"['horse', 'airplane', 'cat', 'frog']",horse
19375,3,"['frog', 'ship', 'automobile', 'airplane']",ship
19376,2,"['ship', 'cat', 'automobile', 'airplane']",cat
19377,9,"['dog', 'frog', 'cat', 'airplane']",airplane
19378,4,"['cat', 'automobile', 'frog', 'airplane']",automobile
19379,8,"['horse', 'airplane', 'cat', 'frog']",horse
19380,9,"['dog', 'frog', 'cat', 'airplane']",airplane
19381,3,"['frog', 'ship', 'automobile', 'airplane']",ship
19382,1,"['bird', 'dog', 'frog', 'cat', 'airplane']",airplane
19383,7,"['automobile', 'cat', 'airplane', 'frog']",airplane
19384,2,"['ship', 'cat', 'automobile', 'airplane']",cat
19385,4,"['cat', 'automobile', 'frog', 'airplane']",automobile
19386,0,"['horse', 'deer', 'frog', 'cat']",horse
19387,3,"['frog', 'ship', 'automobile', 'airplane']",ship
19388,3,"['frog', 'ship', 'automobile', 'airplane']",ship
19389,7,"['automobile', 'cat', 'airplane', 'frog']",cat
19390,0,"['horse', 'deer', 'frog', 'cat']",horse
19391,7,"['automobile', 'cat', 'airplane', 'frog']",cat
19392,2,"['ship', 'cat', 'automobile', 'airplane']",cat
19393,7,"['automobile', 'cat', 'airplane', 'frog']",cat
19394,7,"['automobile', 'cat', 'airplane', 'frog']",cat
19395,0,"['horse', 'deer', 'frog', 'cat']",horse
19396,7,"['automobile', 'cat', 'airplane', 'frog']",cat
19397,5,"['frog', 'ship', 'airplane', 'automobile']",ship
19398,8,"['horse', 'airplane', 'cat', 'frog']",horse
19399,1,"['bird', 'dog', 'frog', 'cat', 'airplane']",airplane
19400,4,"['cat', 'automobile', 'frog', 'airplane']",automobile
19401,5,"['frog', 'ship', 'airplane', 'automobile']",ship
19402,8,"['horse', 'airplane', 'cat', 'frog']",horse
19403,6,"['automobile', 'horse', 'ship', 'airplane']",airplane
19404,5,"['frog', 'ship', 'airplane', 'automobile']",ship
19405,1,"['bird', 'dog', 'frog', 'cat', 'airplane']",airplane
19406,4,"['cat', 'automobile', 'frog', 'airplane']",automobile
19407,4,"['cat', 'automobile', 'frog', 'airplane']",automobile
19408,7,"['automobile', 'cat', 'airplane', 'frog']",airplane
19409,0,"['horse', 'deer', 'frog', 'cat']",horse
19410,9,"['dog', 'frog', 'cat', 'airplane']",airplane
19411,9,"['dog', 'frog', 'cat', 'airplane']",airplane
19412,3,"['frog', 'ship', 'automobile', 'airplane']",ship
19413,8,"['horse', 'airplane', 'cat', 'frog']",horse
19414,3,"['frog', 'ship', 'automobile', 'airplane']",ship
19415,8,"['horse', 'airplane', 'cat', 'frog']",horse
19416,8,"['horse', 'airplane', 'cat', 'frog']",horse
19417,7,"['automobile', 'cat', 'airplane', 'frog']",cat
19418,7,"['automobile', 'cat', 'airplane', 'frog']",cat
19419,6,"['automobile', 'horse', 'ship', 'airplane']",automobile
19420,6,"['automobile', 'horse', 'ship', 'airplane']",airplane
19421,6,"['automobile', 'horse', 'ship', 'airplane']",airplane
19422,3,"['frog', 'ship', 'automobile', 'airplane']",frog
19423,5,"['frog', 'ship', 'airplane', 'automobile']",ship
19424,9,"['dog', 'frog', 'cat', 'airplane']",airplane
19425,2,"['ship', 'cat', 'automobile', 'airplane']",ship
19426,4,"['cat', 'automobile', 'frog', 'airplane']",automobile
19427,3,"['frog', 'ship', 'automobile', 'airplane']",ship
19428,2,"['ship', 'cat', 'automobile', 'airplane']",automobile
19429,9,"['dog', 'frog', 'cat', 'airplane']",airplane
19430,6,"['automobile', 'horse', 'ship', 'airplane']",ship
19431,7,"['automobile', 'cat', 'airplane', 'frog']",cat
19432,9,"['dog', 'frog', 'cat', 'airplane']",dog
19433,3,"['frog', 'ship', 'automobile', 'airplane']",ship
19434,5,"['frog', 'ship', 'airplane', 'automobile']",ship
19435,2,"['ship', 'cat', 'automobile', 'airplane']",cat
19436,7,"['automobile', 'cat', 'airplane', 'frog']",airplane
19437,5,"['frog', 'ship', 'airplane', 'automobile']",ship
19438,0,"['horse', 'deer', 'frog', 'cat']",horse
19439,2,"['ship', 'cat', 'automobile', 'airplane']",cat
19440,2,"['ship', 'cat', 'automobile', 'airplane']",cat
19441,4,"['cat', 'automobile', 'frog', 'airplane']",automobile
19442,9,"['dog', 'frog', 'cat', 'airplane']",dog
19443,7,"['automobile', 'cat', 'airplane', 'frog']",airplane
19444,0,"['horse', 'deer', 'frog', 'cat']",horse
19445,0,"['horse', 'deer', 'frog', 'cat']",horse
19446,1,"['bird', 'dog', 'frog', 'cat', 'airplane']",airplane
19447,3,"['frog', 'ship', 'automobile', 'airplane']",frog
19448,1,"['bird', 'dog', 'frog', 'cat', 'airplane']",airplane
19449,3,"['frog', 'ship', 'automobile', 'airplane']",ship
19450,1,"['bird', 'dog', 'frog', 'cat', 'airplane']",airplane
19451,6,"['automobile', 'horse', 'ship', 'airplane']",horse
19452,4,"['cat', 'automobile', 'frog', 'airplane']",automobile
19453,2,"['ship', 'cat', 'automobile', 'airplane']",cat
19454,1,"['bird', 'dog', 'frog', 'cat', 'airplane']",airplane
19455,3,"['frog', 'ship', 'automobile', 'airplane']",ship
19456,6,"['automobile', 'horse', 'ship', 'airplane']",ship
19457,1,"['bird', 'dog', 'frog', 'cat', 'airplane']",airplane
19458,4,"['cat', 'automobile', 'frog', 'airplane']",automobile
19459,5,"['frog', 'ship', 'airplane', 'automobile']",ship
19460,4,"['cat', 'automobile', 'frog', 'airplane']",automobile
19461,7,"['automobile', 'cat', 'airplane', 'frog']",airplane
19462,4,"['cat', 'automobile', 'frog', 'airplane']",automobile
19463,2,"['ship', 'cat', 'automobile', 'airplane']",cat
19464,8,"['horse', 'airplane', 'cat', 'frog']",horse
19465,3,"['frog', 'ship', 'automobile', 'airplane']",ship
19466,7,"['automobile', 'cat', 'airplane', 'frog']",frog
19467,7,"['automobile', 'cat', 'airplane', 'frog']",airplane
19468,3,"['frog', 'ship', 'automobile', 'airplane']",ship
19469,9,"['dog', 'frog', 'cat', 'airplane']",airplane
19470,9,"['dog', 'frog', 'cat', 'airplane']",dog
19471,4,"['cat', 'automobile', 'frog', 'airplane']",automobile
19472,8,"['horse', 'airplane', 'cat', 'frog']",horse
19473,2,"['ship', 'cat', 'automobile', 'airplane']",ship
19474,9,"['dog', 'frog', 'cat', 'airplane']",airplane
19475,4,"['cat', 'automobile', 'frog', 'airplane']",automobile
19476,5,"['frog', 'ship', 'airplane', 'automobile']",ship
19477,6,"['automobile', 'horse', 'ship', 'airplane']",airplane
19478,7,"['automobile', 'cat', 'airplane', 'frog']",airplane
19479,8,"['horse', 'airplane', 'cat', 'frog']",horse
19480,0,"['horse', 'deer', 'frog', 'cat']",horse
19481,1,"['bird', 'dog', 'frog', 'cat', 'airplane']",airplane
19482,6,"['automobile', 'horse', 'ship', 'airplane']",airplane
19483,5,"['frog', 'ship', 'airplane', 'automobile']",ship
19484,1,"['bird', 'dog', 'frog', 'cat', 'airplane']",airplane
19485,1,"['bird', 'dog', 'frog', 'cat', 'airplane']",airplane
19486,9,"['dog', 'frog', 'cat', 'airplane']",dog
19487,5,"['frog', 'ship', 'airplane', 'automobile']",ship
19488,9,"['dog', 'frog', 'cat', 'airplane']",airplane
19489,6,"['automobile', 'horse', 'ship', 'airplane']",airplane
19490,1,"['bird', 'dog', 'frog', 'cat', 'airplane']",airplane
19491,5,"['frog', 'ship', 'airplane', 'automobile']",ship
19492,0,"['horse', 'deer', 'frog', 'cat']",horse
19493,0,"['horse', 'deer', 'frog', 'cat']",horse
19494,4,"['cat', 'automobile', 'frog', 'airplane']",automobile
19495,6,"['automobile', 'horse', 'ship', 'airplane']",ship
19496,3,"['frog', 'ship', 'automobile', 'airplane']",ship
19497,3,"['frog', 'ship', 'automobile', 'airplane']",ship
19498,9,"['dog', 'frog', 'cat', 'airplane']",dog
19499,1,"['bird', 'dog', 'frog', 'cat', 'airplane']",airplane
19500,1,"['bird', 'dog', 'frog', 'cat', 'airplane']",airplane
19501,6,"['automobile', 'horse', 'ship', 'airplane']",airplane
19502,8,"['horse', 'airplane', 'cat', 'frog']",horse
19503,0,"['horse', 'deer', 'frog', 'cat']",horse
19504,2,"['ship', 'cat', 'automobile', 'airplane']",automobile
19505,9,"['dog', 'frog', 'cat', 'airplane']",dog
19506,5,"['frog', 'ship', 'airplane', 'automobile']",ship
19507,7,"['automobile', 'cat', 'airplane', 'frog']",airplane
19508,6,"['automobile', 'horse', 'ship', 'airplane']",airplane
19509,8,"['horse', 'airplane', 'cat', 'frog']",horse
19510,4,"['cat', 'automobile', 'frog', 'airplane']",automobile
19511,6,"['automobile', 'horse', 'ship', 'airplane']",airplane
19512,4,"['cat', 'automobile', 'frog', 'airplane']",automobile
19513,8,"['horse', 'airplane', 'cat', 'frog']",horse
19514,3,"['frog', 'ship', 'automobile', 'airplane']",ship
19515,5,"['frog', 'ship', 'airplane', 'automobile']",ship
19516,4,"['cat', 'automobile', 'frog', 'airplane']",automobile
19517,9,"['dog', 'frog', 'cat', 'airplane']",airplane
19518,3,"['frog', 'ship', 'automobile', 'airplane']",ship
19519,7,"['automobile', 'cat', 'airplane', 'frog']",cat
19520,4,"['cat', 'automobile', 'frog', 'airplane']",automobile
19521,4,"['cat', 'automobile', 'frog', 'airplane']",airplane
19522,1,"['bird', 'dog', 'frog', 'cat', 'airplane']",airplane
19523,9,"['dog', 'frog', 'cat', 'airplane']",airplane
19524,5,"['frog', 'ship', 'airplane', 'automobile']",ship
19525,9,"['dog', 'frog', 'cat', 'airplane']",airplane
19526,1,"['bird', 'dog', 'frog', 'cat', 'airplane']",airplane
19527,0,"['horse', 'deer', 'frog', 'cat']",horse
19528,4,"['cat', 'automobile', 'frog', 'airplane']",automobile
19529,0,"['horse', 'deer', 'frog', 'cat']",horse
19530,8,"['horse', 'airplane', 'cat', 'frog']",horse
19531,8,"['horse', 'airplane', 'cat', 'frog']",horse
19532,4,"['cat', 'automobile', 'frog', 'airplane']",automobile
19533,1,"['bird', 'dog', 'frog', 'cat', 'airplane']",airplane
19534,9,"['dog', 'frog', 'cat', 'airplane']",dog
19535,7,"['automobile', 'cat', 'airplane', 'frog']",cat
19536,2,"['ship', 'cat', 'automobile', 'airplane']",automobile
19537,5,"['frog', 'ship', 'airplane', 'automobile']",ship
19538,9,"['dog', 'frog', 'cat', 'airplane']",dog
19539,1,"['bird', 'dog', 'frog', 'cat', 'airplane']",airplane
19540,5,"['frog', 'ship', 'airplane', 'automobile']",ship
19541,0,"['horse', 'deer', 'frog', 'cat']",horse
19542,7,"['automobile', 'cat', 'airplane', 'frog']",cat
19543,4,"['cat', 'automobile', 'frog', 'airplane']",automobile
19544,3,"['frog', 'ship', 'automobile', 'airplane']",ship
19545,6,"['automobile', 'horse', 'ship', 'airplane']",ship
19546,1,"['bird', 'dog', 'frog', 'cat', 'airplane']",airplane
19547,8,"['horse', 'airplane', 'cat', 'frog']",horse
19548,4,"['cat', 'automobile', 'frog', 'airplane']",automobile
19549,9,"['dog', 'frog', 'cat', 'airplane']",airplane
19550,1,"['bird', 'dog', 'frog', 'cat', 'airplane']",airplane
19551,2,"['ship', 'cat', 'automobile', 'airplane']",cat
19552,6,"['automobile', 'horse', 'ship', 'airplane']",airplane
19553,7,"['automobile', 'cat', 'airplane', 'frog']",cat
19554,0,"['horse', 'deer', 'frog', 'cat']",horse
19555,7,"['automobile', 'cat', 'airplane', 'frog']",cat
19556,6,"['automobile', 'horse', 'ship', 'airplane']",ship
19557,8,"['horse', 'airplane', 'cat', 'frog']",horse
19558,2,"['ship', 'cat', 'automobile', 'airplane']",automobile
19559,6,"['automobile', 'horse', 'ship', 'airplane']",airplane
19560,7,"['automobile', 'cat', 'airplane', 'frog']",cat
19561,5,"['frog', 'ship', 'airplane', 'automobile']",ship
19562,6,"['automobile', 'horse', 'ship', 'airplane']",ship
19563,9,"['dog', 'frog', 'cat', 'airplane']",airplane
19564,1,"['bird', 'dog', 'frog', 'cat', 'airplane']",airplane
19565,1,"['bird', 'dog', 'frog', 'cat', 'airplane']",airplane
19566,3,"['frog', 'ship', 'automobile', 'airplane']",ship
19567,8,"['horse', 'airplane', 'cat', 'frog']",horse
19568,4,"['cat', 'automobile', 'frog', 'airplane']",automobile
19569,4,"['cat', 'automobile', 'frog', 'airplane']",automobile
19570,1,"['bird', 'dog', 'frog', 'cat', 'airplane']",airplane
19571,1,"['bird', 'dog', 'frog', 'cat', 'airplane']",airplane
19572,1,"['bird', 'dog', 'frog', 'cat', 'airplane']",airplane
19573,0,"['horse', 'deer', 'frog', 'cat']",horse
19574,1,"['bird', 'dog', 'frog', 'cat', 'airplane']",airplane
19575,1,"['bird', 'dog', 'frog', 'cat', 'airplane']",airplane
19576,2,"['ship', 'cat', 'automobile', 'airplane']",cat
19577,3,"['frog', 'ship', 'automobile', 'airplane']",ship
19578,3,"['frog', 'ship', 'automobile', 'airplane']",ship
19579,2,"['ship', 'cat', 'automobile', 'airplane']",cat
19580,3,"['frog', 'ship', 'automobile', 'airplane']",ship
19581,1,"['bird', 'dog', 'frog', 'cat', 'airplane']",airplane
19582,7,"['automobile', 'cat', 'airplane', 'frog']",cat
19583,5,"['frog', 'ship', 'airplane', 'automobile']",ship
19584,4,"['cat', 'automobile', 'frog', 'airplane']",automobile
19585,4,"['cat', 'automobile', 'frog', 'airplane']",automobile
19586,6,"['automobile', 'horse', 'ship', 'airplane']",airplane
19587,8,"['horse', 'airplane', 'cat', 'frog']",horse
19588,6,"['automobile', 'horse', 'ship', 'airplane']",ship
19589,3,"['frog', 'ship', 'automobile', 'airplane']",ship
19590,9,"['dog', 'frog', 'cat', 'airplane']",airplane
19591,7,"['automobile', 'cat', 'airplane', 'frog']",cat
19592,8,"['horse', 'airplane', 'cat', 'frog']",horse
19593,9,"['dog', 'frog', 'cat', 'airplane']",dog
19594,1,"['bird', 'dog', 'frog', 'cat', 'airplane']",airplane
19595,5,"['frog', 'ship', 'airplane', 'automobile']",ship
19596,5,"['frog', 'ship', 'airplane', 'automobile']",ship
19597,9,"['dog', 'frog', 'cat', 'airplane']",dog
19598,1,"['bird', 'dog', 'frog', 'cat', 'airplane']",airplane
19599,7,"['automobile', 'cat', 'airplane', 'frog']",cat
19600,7,"['automobile', 'cat', 'airplane', 'frog']",cat
19601,9,"['dog', 'frog', 'cat', 'airplane']",dog
19602,5,"['frog', 'ship', 'airplane', 'automobile']",ship
19603,8,"['horse', 'airplane', 'cat', 'frog']",horse
19604,6,"['automobile', 'horse', 'ship', 'airplane']",ship
19605,8,"['horse', 'airplane', 'cat', 'frog']",horse
19606,5,"['frog', 'ship', 'airplane', 'automobile']",ship
19607,3,"['frog', 'ship', 'automobile', 'airplane']",ship
19608,6,"['automobile', 'horse', 'ship', 'airplane']",ship
19609,1,"['bird', 'dog', 'frog', 'cat', 'airplane']",airplane
19610,5,"['frog', 'ship', 'airplane', 'automobile']",ship
19611,2,"['ship', 'cat', 'automobile', 'airplane']",automobile
19612,5,"['frog', 'ship', 'airplane', 'automobile']",ship
19613,3,"['frog', 'ship', 'automobile', 'airplane']",ship
19614,4,"['cat', 'automobile', 'frog', 'airplane']",automobile
19615,2,"['ship', 'cat', 'automobile', 'airplane']",cat
19616,1,"['bird', 'dog', 'frog', 'cat', 'airplane']",airplane
19617,3,"['frog', 'ship', 'automobile', 'airplane']",ship
19618,8,"['horse', 'airplane', 'cat', 'frog']",horse
19619,1,"['bird', 'dog', 'frog', 'cat', 'airplane']",bird
19620,9,"['dog', 'frog', 'cat', 'airplane']",dog
19621,8,"['horse', 'airplane', 'cat', 'frog']",horse
19622,8,"['horse', 'airplane', 'cat', 'frog']",horse
19623,5,"['frog', 'ship', 'airplane', 'automobile']",ship
19624,5,"['frog', 'ship', 'airplane', 'automobile']",ship
19625,9,"['dog', 'frog', 'cat', 'airplane']",airplane
19626,1,"['bird', 'dog', 'frog', 'cat', 'airplane']",airplane
19627,4,"['cat', 'automobile', 'frog', 'airplane']",automobile
19628,1,"['bird', 'dog', 'frog', 'cat', 'airplane']",airplane
19629,7,"['automobile', 'cat', 'airplane', 'frog']",cat
19630,0,"['horse', 'deer', 'frog', 'cat']",horse
19631,3,"['frog', 'ship', 'automobile', 'airplane']",ship
19632,0,"['horse', 'deer', 'frog', 'cat']",horse
19633,0,"['horse', 'deer', 'frog', 'cat']",horse
19634,0,"['horse', 'deer', 'frog', 'cat']",horse
19635,5,"['frog', 'ship', 'airplane', 'automobile']",ship
19636,7,"['automobile', 'cat', 'airplane', 'frog']",cat
19637,2,"['ship', 'cat', 'automobile', 'airplane']",cat
19638,7,"['automobile', 'cat', 'airplane', 'frog']",cat
19639,0,"['horse', 'deer', 'frog', 'cat']",horse
19640,9,"['dog', 'frog', 'cat', 'airplane']",dog
19641,6,"['automobile', 'horse', 'ship', 'airplane']",automobile
19642,7,"['automobile', 'cat', 'airplane', 'frog']",cat
19643,4,"['cat', 'automobile', 'frog', 'airplane']",automobile
19644,0,"['horse', 'deer', 'frog', 'cat']",horse
19645,6,"['automobile', 'horse', 'ship', 'airplane']",ship
19646,6,"['automobile', 'horse', 'ship', 'airplane']",horse
19647,3,"['frog', 'ship', 'automobile', 'airplane']",ship
19648,8,"['horse', 'airplane', 'cat', 'frog']",horse
19649,3,"['frog', 'ship', 'automobile', 'airplane']",ship
19650,4,"['cat', 'automobile', 'frog', 'airplane']",automobile
19651,7,"['automobile', 'cat', 'airplane', 'frog']",frog
19652,5,"['frog', 'ship', 'airplane', 'automobile']",ship
19653,6,"['automobile', 'horse', 'ship', 'airplane']",ship
19654,4,"['cat', 'automobile', 'frog', 'airplane']",automobile
19655,2,"['ship', 'cat', 'automobile', 'airplane']",automobile
19656,8,"['horse', 'airplane', 'cat', 'frog']",horse
19657,4,"['cat', 'automobile', 'frog', 'airplane']",automobile
19658,8,"['horse', 'airplane', 'cat', 'frog']",horse
19659,9,"['dog', 'frog', 'cat', 'airplane']",airplane
19660,9,"['dog', 'frog', 'cat', 'airplane']",airplane
19661,9,"['dog', 'frog', 'cat', 'airplane']",dog
19662,0,"['horse', 'deer', 'frog', 'cat']",horse
19663,5,"['frog', 'ship', 'airplane', 'automobile']",ship
19664,0,"['horse', 'deer', 'frog', 'cat']",horse
19665,6,"['automobile', 'horse', 'ship', 'airplane']",airplane
19666,8,"['horse', 'airplane', 'cat', 'frog']",horse
19667,1,"['bird', 'dog', 'frog', 'cat', 'airplane']",airplane
19668,1,"['bird', 'dog', 'frog', 'cat', 'airplane']",airplane
19669,9,"['dog', 'frog', 'cat', 'airplane']",dog
19670,9,"['dog', 'frog', 'cat', 'airplane']",dog
19671,9,"['dog', 'frog', 'cat', 'airplane']",airplane
19672,2,"['ship', 'cat', 'automobile', 'airplane']",cat
19673,3,"['frog', 'ship', 'automobile', 'airplane']",ship
19674,9,"['dog', 'frog', 'cat', 'airplane']",airplane
19675,6,"['automobile', 'horse', 'ship', 'airplane']",airplane
19676,6,"['automobile', 'horse', 'ship', 'airplane']",airplane
19677,0,"['horse', 'deer', 'frog', 'cat']",horse
19678,1,"['bird', 'dog', 'frog', 'cat', 'airplane']",airplane
19679,9,"['dog', 'frog', 'cat', 'airplane']",airplane
19680,9,"['dog', 'frog', 'cat', 'airplane']",dog
19681,3,"['frog', 'ship', 'automobile', 'airplane']",ship
19682,0,"['horse', 'deer', 'frog', 'cat']",horse
19683,5,"['frog', 'ship', 'airplane', 'automobile']",ship
19684,4,"['cat', 'automobile', 'frog', 'airplane']",automobile
19685,6,"['automobile', 'horse', 'ship', 'airplane']",automobile
19686,2,"['ship', 'cat', 'automobile', 'airplane']",cat
19687,9,"['dog', 'frog', 'cat', 'airplane']",airplane
19688,9,"['dog', 'frog', 'cat', 'airplane']",dog
19689,4,"['cat', 'automobile', 'frog', 'airplane']",automobile
19690,5,"['frog', 'ship', 'airplane', 'automobile']",ship
19691,7,"['automobile', 'cat', 'airplane', 'frog']",cat
19692,6,"['automobile', 'horse', 'ship', 'airplane']",airplane
19693,5,"['frog', 'ship', 'airplane', 'automobile']",ship
19694,2,"['ship', 'cat', 'automobile', 'airplane']",automobile
19695,2,"['ship', 'cat', 'automobile', 'airplane']",cat
19696,8,"['horse', 'airplane', 'cat', 'frog']",horse
19697,0,"['horse', 'deer', 'frog', 'cat']",horse
19698,5,"['frog', 'ship', 'airplane', 'automobile']",ship
19699,1,"['bird', 'dog', 'frog', 'cat', 'airplane']",airplane
19700,2,"['ship', 'cat', 'automobile', 'airplane']",cat
19701,6,"['automobile', 'horse', 'ship', 'airplane']",airplane
19702,4,"['cat', 'automobile', 'frog', 'airplane']",automobile
19703,9,"['dog', 'frog', 'cat', 'airplane']",airplane
19704,4,"['cat', 'automobile', 'frog', 'airplane']",automobile
19705,6,"['automobile', 'horse', 'ship', 'airplane']",airplane
19706,8,"['horse', 'airplane', 'cat', 'frog']",horse
19707,6,"['automobile', 'horse', 'ship', 'airplane']",airplane
19708,5,"['frog', 'ship', 'airplane', 'automobile']",ship
19709,9,"['dog', 'frog', 'cat', 'airplane']",airplane
19710,1,"['bird', 'dog', 'frog', 'cat', 'airplane']",airplane
19711,4,"['cat', 'automobile', 'frog', 'airplane']",automobile
19712,7,"['automobile', 'cat', 'airplane', 'frog']",cat
19713,8,"['horse', 'airplane', 'cat', 'frog']",horse
19714,2,"['ship', 'cat', 'automobile', 'airplane']",automobile
19715,6,"['automobile', 'horse', 'ship', 'airplane']",horse
19716,0,"['horse', 'deer', 'frog', 'cat']",horse
19717,3,"['frog', 'ship', 'automobile', 'airplane']",frog
19718,8,"['horse', 'airplane', 'cat', 'frog']",horse
19719,9,"['dog', 'frog', 'cat', 'airplane']",airplane
19720,8,"['horse', 'airplane', 'cat', 'frog']",horse
19721,4,"['cat', 'automobile', 'frog', 'airplane']",automobile
19722,9,"['dog', 'frog', 'cat', 'airplane']",airplane
19723,5,"['frog', 'ship', 'airplane', 'automobile']",ship
19724,9,"['dog', 'frog', 'cat', 'airplane']",airplane
19725,8,"['horse', 'airplane', 'cat', 'frog']",horse
19726,3,"['frog', 'ship', 'automobile', 'airplane']",ship
19727,3,"['frog', 'ship', 'automobile', 'airplane']",ship
19728,0,"['horse', 'deer', 'frog', 'cat']",horse
19729,2,"['ship', 'cat', 'automobile', 'airplane']",cat
19730,0,"['horse', 'deer', 'frog', 'cat']",horse
19731,6,"['automobile', 'horse', 'ship', 'airplane']",automobile
19732,6,"['automobile', 'horse', 'ship', 'airplane']",airplane
19733,8,"['horse', 'airplane', 'cat', 'frog']",horse
19734,2,"['ship', 'cat', 'automobile', 'airplane']",ship
19735,5,"['frog', 'ship', 'airplane', 'automobile']",ship
19736,1,"['bird', 'dog', 'frog', 'cat', 'airplane']",airplane
19737,2,"['ship', 'cat', 'automobile', 'airplane']",automobile
19738,3,"['frog', 'ship', 'automobile', 'airplane']",ship
19739,7,"['automobile', 'cat', 'airplane', 'frog']",airplane
19740,0,"['horse', 'deer', 'frog', 'cat']",horse
19741,0,"['horse', 'deer', 'frog', 'cat']",horse
19742,4,"['cat', 'automobile', 'frog', 'airplane']",automobile
19743,2,"['ship', 'cat', 'automobile', 'airplane']",cat
19744,7,"['automobile', 'cat', 'airplane', 'frog']",frog
19745,1,"['bird', 'dog', 'frog', 'cat', 'airplane']",airplane
19746,4,"['cat', 'automobile', 'frog', 'airplane']",automobile
19747,7,"['automobile', 'cat', 'airplane', 'frog']",cat
19748,8,"['horse', 'airplane', 'cat', 'frog']",horse
19749,0,"['horse', 'deer', 'frog', 'cat']",horse
19750,3,"['frog', 'ship', 'automobile', 'airplane']",ship
19751,9,"['dog', 'frog', 'cat', 'airplane']",airplane
19752,3,"['frog', 'ship', 'automobile', 'airplane']",ship
19753,0,"['horse', 'deer', 'frog', 'cat']",horse
19754,5,"['frog', 'ship', 'airplane', 'automobile']",ship
19755,7,"['automobile', 'cat', 'airplane', 'frog']",airplane
19756,5,"['frog', 'ship', 'airplane', 'automobile']",ship
19757,5,"['frog', 'ship', 'airplane', 'automobile']",ship
19758,4,"['cat', 'automobile', 'frog', 'airplane']",automobile
19759,7,"['automobile', 'cat', 'airplane', 'frog']",airplane
19760,1,"['bird', 'dog', 'frog', 'cat', 'airplane']",airplane
19761,0,"['horse', 'deer', 'frog', 'cat']",horse
19762,6,"['automobile', 'horse', 'ship', 'airplane']",airplane
19763,6,"['automobile', 'horse', 'ship', 'airplane']",airplane
19764,1,"['bird', 'dog', 'frog', 'cat', 'airplane']",airplane
19765,1,"['bird', 'dog', 'frog', 'cat', 'airplane']",airplane
19766,9,"['dog', 'frog', 'cat', 'airplane']",dog
19767,6,"['automobile', 'horse', 'ship', 'airplane']",airplane
19768,8,"['horse', 'airplane', 'cat', 'frog']",horse
19769,1,"['bird', 'dog', 'frog', 'cat', 'airplane']",airplane
19770,6,"['automobile', 'horse', 'ship', 'airplane']",airplane
19771,3,"['frog', 'ship', 'automobile', 'airplane']",ship
19772,7,"['automobile', 'cat', 'airplane', 'frog']",cat
19773,1,"['bird', 'dog', 'frog', 'cat', 'airplane']",airplane
19774,4,"['cat', 'automobile', 'frog', 'airplane']",automobile
19775,8,"['horse', 'airplane', 'cat', 'frog']",horse
19776,9,"['dog', 'frog', 'cat', 'airplane']",dog
19777,7,"['automobile', 'cat', 'airplane', 'frog']",cat
19778,0,"['horse', 'deer', 'frog', 'cat']",horse
19779,7,"['automobile', 'cat', 'airplane', 'frog']",airplane
19780,3,"['frog', 'ship', 'automobile', 'airplane']",ship
19781,3,"['frog', 'ship', 'automobile', 'airplane']",ship
19782,3,"['frog', 'ship', 'automobile', 'airplane']",ship
19783,1,"['bird', 'dog', 'frog', 'cat', 'airplane']",airplane
19784,4,"['cat', 'automobile', 'frog', 'airplane']",automobile
19785,2,"['ship', 'cat', 'automobile', 'airplane']",cat
19786,5,"['frog', 'ship', 'airplane', 'automobile']",ship
19787,3,"['frog', 'ship', 'automobile', 'airplane']",ship
19788,8,"['horse', 'airplane', 'cat', 'frog']",horse
19789,2,"['ship', 'cat', 'automobile', 'airplane']",automobile
19790,4,"['cat', 'automobile', 'frog', 'airplane']",automobile
19791,7,"['automobile', 'cat', 'airplane', 'frog']",cat
19792,1,"['bird', 'dog', 'frog', 'cat', 'airplane']",airplane
19793,1,"['bird', 'dog', 'frog', 'cat', 'airplane']",airplane
19794,7,"['automobile', 'cat', 'airplane', 'frog']",airplane
19795,3,"['frog', 'ship', 'automobile', 'airplane']",ship
19796,9,"['dog', 'frog', 'cat', 'airplane']",airplane
19797,4,"['cat', 'automobile', 'frog', 'airplane']",automobile
19798,6,"['automobile', 'horse', 'ship', 'airplane']",airplane
19799,3,"['frog', 'ship', 'automobile', 'airplane']",ship
19800,5,"['frog', 'ship', 'airplane', 'automobile']",ship
19801,9,"['dog', 'frog', 'cat', 'airplane']",dog
19802,7,"['automobile', 'cat', 'airplane', 'frog']",cat
19803,4,"['cat', 'automobile', 'frog', 'airplane']",automobile
19804,0,"['horse', 'deer', 'frog', 'cat']",horse
19805,9,"['dog', 'frog', 'cat', 'airplane']",dog
19806,2,"['ship', 'cat', 'automobile', 'airplane']",cat
19807,0,"['horse', 'deer', 'frog', 'cat']",horse
19808,3,"['frog', 'ship', 'automobile', 'airplane']",ship
19809,5,"['frog', 'ship', 'airplane', 'automobile']",ship
19810,1,"['bird', 'dog', 'frog', 'cat', 'airplane']",airplane
19811,2,"['ship', 'cat', 'automobile', 'airplane']",automobile
19812,0,"['horse', 'deer', 'frog', 'cat']",horse
19813,4,"['cat', 'automobile', 'frog', 'airplane']",automobile
19814,0,"['horse', 'deer', 'frog', 'cat']",horse
19815,2,"['ship', 'cat', 'automobile', 'airplane']",cat
19816,7,"['automobile', 'cat', 'airplane', 'frog']",cat
19817,8,"['horse', 'airplane', 'cat', 'frog']",horse
19818,0,"['horse', 'deer', 'frog', 'cat']",horse
19819,5,"['frog', 'ship', 'airplane', 'automobile']",ship
19820,3,"['frog', 'ship', 'automobile', 'airplane']",ship
19821,7,"['automobile', 'cat', 'airplane', 'frog']",cat
19822,4,"['cat', 'automobile', 'frog', 'airplane']",automobile
19823,6,"['automobile', 'horse', 'ship', 'airplane']",airplane
19824,9,"['dog', 'frog', 'cat', 'airplane']",airplane
19825,5,"['frog', 'ship', 'airplane', 'automobile']",ship
19826,9,"['dog', 'frog', 'cat', 'airplane']",airplane
19827,3,"['frog', 'ship', 'automobile', 'airplane']",ship
19828,0,"['horse', 'deer', 'frog', 'cat']",horse
19829,8,"['horse', 'airplane', 'cat', 'frog']",horse
19830,3,"['frog', 'ship', 'automobile', 'airplane']",ship
19831,9,"['dog', 'frog', 'cat', 'airplane']",airplane
19832,7,"['automobile', 'cat', 'airplane', 'frog']",cat
19833,4,"['cat', 'automobile', 'frog', 'airplane']",automobile
19834,6,"['automobile', 'horse', 'ship', 'airplane']",airplane
19835,5,"['frog', 'ship', 'airplane', 'automobile']",ship
19836,8,"['horse', 'airplane', 'cat', 'frog']",horse
19837,3,"['frog', 'ship', 'automobile', 'airplane']",ship
19838,3,"['frog', 'ship', 'automobile', 'airplane']",ship
19839,3,"['frog', 'ship', 'automobile', 'airplane']",ship
19840,9,"['dog', 'frog', 'cat', 'airplane']",airplane
19841,9,"['dog', 'frog', 'cat', 'airplane']",airplane
19842,9,"['dog', 'frog', 'cat', 'airplane']",airplane
19843,8,"['horse', 'airplane', 'cat', 'frog']",horse
19844,7,"['automobile', 'cat', 'airplane', 'frog']",airplane
19845,2,"['ship', 'cat', 'automobile', 'airplane']",cat
19846,4,"['cat', 'automobile', 'frog', 'airplane']",automobile
19847,3,"['frog', 'ship', 'automobile', 'airplane']",ship
19848,4,"['cat', 'automobile', 'frog', 'airplane']",automobile
19849,7,"['automobile', 'cat', 'airplane', 'frog']",cat
19850,7,"['automobile', 'cat', 'airplane', 'frog']",cat
19851,8,"['horse', 'airplane', 'cat', 'frog']",horse
19852,4,"['cat', 'automobile', 'frog', 'airplane']",automobile
19853,3,"['frog', 'ship', 'automobile', 'airplane']",ship
19854,8,"['horse', 'airplane', 'cat', 'frog']",horse
19855,6,"['automobile', 'horse', 'ship', 'airplane']",airplane
19856,5,"['frog', 'ship', 'airplane', 'automobile']",ship
19857,4,"['cat', 'automobile', 'frog', 'airplane']",automobile
19858,0,"['horse', 'deer', 'frog', 'cat']",horse
19859,0,"['horse', 'deer', 'frog', 'cat']",horse
19860,0,"['horse', 'deer', 'frog', 'cat']",horse
19861,5,"['frog', 'ship', 'airplane', 'automobile']",ship
19862,1,"['bird', 'dog', 'frog', 'cat', 'airplane']",airplane
19863,5,"['frog', 'ship', 'airplane', 'automobile']",ship
19864,3,"['frog', 'ship', 'automobile', 'airplane']",ship
19865,1,"['bird', 'dog', 'frog', 'cat', 'airplane']",airplane
19866,1,"['bird', 'dog', 'frog', 'cat', 'airplane']",airplane
19867,1,"['bird', 'dog', 'frog', 'cat', 'airplane']",airplane
19868,2,"['ship', 'cat', 'automobile', 'airplane']",ship
19869,1,"['bird', 'dog', 'frog', 'cat', 'airplane']",airplane
19870,6,"['automobile', 'horse', 'ship', 'airplane']",ship
19871,3,"['frog', 'ship', 'automobile', 'airplane']",ship
19872,3,"['frog', 'ship', 'automobile', 'airplane']",ship
19873,9,"['dog', 'frog', 'cat', 'airplane']",airplane
19874,2,"['ship', 'cat', 'automobile', 'airplane']",automobile
19875,3,"['frog', 'ship', 'automobile', 'airplane']",ship
19876,9,"['dog', 'frog', 'cat', 'airplane']",dog
19877,6,"['automobile', 'horse', 'ship', 'airplane']",airplane
19878,0,"['horse', 'deer', 'frog', 'cat']",horse
19879,7,"['automobile', 'cat', 'airplane', 'frog']",cat
19880,1,"['bird', 'dog', 'frog', 'cat', 'airplane']",airplane
19881,3,"['frog', 'ship', 'automobile', 'airplane']",ship
19882,4,"['cat', 'automobile', 'frog', 'airplane']",airplane
19883,7,"['automobile', 'cat', 'airplane', 'frog']",cat
19884,0,"['horse', 'deer', 'frog', 'cat']",horse
19885,4,"['cat', 'automobile', 'frog', 'airplane']",automobile
19886,1,"['bird', 'dog', 'frog', 'cat', 'airplane']",airplane
19887,8,"['horse', 'airplane', 'cat', 'frog']",horse
19888,2,"['ship', 'cat', 'automobile', 'airplane']",cat
19889,5,"['frog', 'ship', 'airplane', 'automobile']",ship
19890,1,"['bird', 'dog', 'frog', 'cat', 'airplane']",airplane
19891,9,"['dog', 'frog', 'cat', 'airplane']",airplane
19892,5,"['frog', 'ship', 'airplane', 'automobile']",ship
19893,9,"['dog', 'frog', 'cat', 'airplane']",airplane
19894,0,"['horse', 'deer', 'frog', 'cat']",horse
19895,3,"['frog', 'ship', 'automobile', 'airplane']",ship
19896,5,"['frog', 'ship', 'airplane', 'automobile']",ship
19897,4,"['cat', 'automobile', 'frog', 'airplane']",automobile
19898,1,"['bird', 'dog', 'frog', 'cat', 'airplane']",airplane
19899,2,"['ship', 'cat', 'automobile', 'airplane']",automobile
19900,5,"['frog', 'ship', 'airplane', 'automobile']",ship
19901,2,"['ship', 'cat', 'automobile', 'airplane']",cat
19902,3,"['frog', 'ship', 'automobile', 'airplane']",ship
19903,4,"['cat', 'automobile', 'frog', 'airplane']",automobile
19904,0,"['horse', 'deer', 'frog', 'cat']",horse
19905,7,"['automobile', 'cat', 'airplane', 'frog']",airplane
19906,4,"['cat', 'automobile', 'frog', 'airplane']",automobile
19907,6,"['automobile', 'horse', 'ship', 'airplane']",airplane
19908,5,"['frog', 'ship', 'airplane', 'automobile']",ship
19909,7,"['automobile', 'cat', 'airplane', 'frog']",cat
19910,8,"['horse', 'airplane', 'cat', 'frog']",horse
19911,1,"['bird', 'dog', 'frog', 'cat', 'airplane']",airplane
19912,4,"['cat', 'automobile', 'frog', 'airplane']",automobile
19913,3,"['frog', 'ship', 'automobile', 'airplane']",ship
19914,2,"['ship', 'cat', 'automobile', 'airplane']",cat
19915,2,"['ship', 'cat', 'automobile', 'airplane']",automobile
19916,2,"['ship', 'cat', 'automobile', 'airplane']",cat
19917,4,"['cat', 'automobile', 'frog', 'airplane']",automobile
19918,2,"['ship', 'cat', 'automobile', 'airplane']",automobile
19919,9,"['dog', 'frog', 'cat', 'airplane']",airplane
19920,3,"['frog', 'ship', 'automobile', 'airplane']",ship
19921,8,"['horse', 'airplane', 'cat', 'frog']",horse
19922,3,"['frog', 'ship', 'automobile', 'airplane']",ship
19923,9,"['dog', 'frog', 'cat', 'airplane']",dog
19924,6,"['automobile', 'horse', 'ship', 'airplane']",airplane
19925,5,"['frog', 'ship', 'airplane', 'automobile']",ship
19926,6,"['automobile', 'horse', 'ship', 'airplane']",airplane
19927,6,"['automobile', 'horse', 'ship', 'airplane']",horse
19928,0,"['horse', 'deer', 'frog', 'cat']",horse
19929,3,"['frog', 'ship', 'automobile', 'airplane']",ship
19930,1,"['bird', 'dog', 'frog', 'cat', 'airplane']",airplane
19931,7,"['automobile', 'cat', 'airplane', 'frog']",cat
19932,2,"['ship', 'cat', 'automobile', 'airplane']",cat
19933,5,"['frog', 'ship', 'airplane', 'automobile']",ship
19934,9,"['dog', 'frog', 'cat', 'airplane']",airplane
19935,1,"['bird', 'dog', 'frog', 'cat', 'airplane']",airplane
19936,4,"['cat', 'automobile', 'frog', 'airplane']",automobile
19937,8,"['horse', 'airplane', 'cat', 'frog']",horse
19938,5,"['frog', 'ship', 'airplane', 'automobile']",ship
19939,1,"['bird', 'dog', 'frog', 'cat', 'airplane']",airplane
19940,7,"['automobile', 'cat', 'airplane', 'frog']",airplane
19941,6,"['automobile', 'horse', 'ship', 'airplane']",airplane
19942,0,"['horse', 'deer', 'frog', 'cat']",horse
19943,4,"['cat', 'automobile', 'frog', 'airplane']",automobile
19944,2,"['ship', 'cat', 'automobile', 'airplane']",automobile
19945,0,"['horse', 'deer', 'frog', 'cat']",horse
19946,1,"['bird', 'dog', 'frog', 'cat', 'airplane']",airplane
19947,1,"['bird', 'dog', 'frog', 'cat', 'airplane']",airplane
19948,8,"['horse', 'airplane', 'cat', 'frog']",horse
19949,6,"['automobile', 'horse', 'ship', 'airplane']",airplane
19950,2,"['ship', 'cat', 'automobile', 'airplane']",automobile
19951,7,"['automobile', 'cat', 'airplane', 'frog']",airplane
19952,4,"['cat', 'automobile', 'frog', 'airplane']",automobile
19953,9,"['dog', 'frog', 'cat', 'airplane']",airplane
19954,8,"['horse', 'airplane', 'cat', 'frog']",horse
19955,6,"['automobile', 'horse', 'ship', 'airplane']",horse
19956,7,"['automobile', 'cat', 'airplane', 'frog']",frog
19957,4,"['cat', 'automobile', 'frog', 'airplane']",automobile
19958,5,"['frog', 'ship', 'airplane', 'automobile']",ship
19959,6,"['automobile', 'horse', 'ship', 'airplane']",airplane
19960,7,"['automobile', 'cat', 'airplane', 'frog']",cat
19961,0,"['horse', 'deer', 'frog', 'cat']",horse
19962,7,"['automobile', 'cat', 'airplane', 'frog']",cat
19963,2,"['ship', 'cat', 'automobile', 'airplane']",automobile
19964,2,"['ship', 'cat', 'automobile', 'airplane']",automobile
19965,5,"['frog', 'ship', 'airplane', 'automobile']",ship
19966,6,"['automobile', 'horse', 'ship', 'airplane']",airplane
19967,6,"['automobile', 'horse', 'ship', 'airplane']",airplane
19968,7,"['automobile', 'cat', 'airplane', 'frog']",airplane
19969,2,"['ship', 'cat', 'automobile', 'airplane']",cat
19970,6,"['automobile', 'horse', 'ship', 'airplane']",airplane
19971,1,"['bird', 'dog', 'frog', 'cat', 'airplane']",airplane
19972,5,"['frog', 'ship', 'airplane', 'automobile']",ship
19973,7,"['automobile', 'cat', 'airplane', 'frog']",cat
19974,0,"['horse', 'deer', 'frog', 'cat']",horse
19975,8,"['horse', 'airplane', 'cat', 'frog']",horse
19976,9,"['dog', 'frog', 'cat', 'airplane']",dog
19977,2,"['ship', 'cat', 'automobile', 'airplane']",cat
19978,7,"['automobile', 'cat', 'airplane', 'frog']",cat
19979,8,"['horse', 'airplane', 'cat', 'frog']",horse
19980,4,"['cat', 'automobile', 'frog', 'airplane']",automobile
19981,2,"['ship', 'cat', 'automobile', 'airplane']",automobile
19982,0,"['horse', 'deer', 'frog', 'cat']",horse
19983,1,"['bird', 'dog', 'frog', 'cat', 'airplane']",airplane
19984,6,"['automobile', 'horse', 'ship', 'airplane']",airplane
19985,2,"['ship', 'cat', 'automobile', 'airplane']",automobile
19986,7,"['automobile', 'cat', 'airplane', 'frog']",cat
19987,8,"['horse', 'airplane', 'cat', 'frog']",horse
19988,0,"['horse', 'deer', 'frog', 'cat']",horse
19989,1,"['bird', 'dog', 'frog', 'cat', 'airplane']",airplane
19990,4,"['cat', 'automobile', 'frog', 'airplane']",automobile
19991,8,"['horse', 'airplane', 'cat', 'frog']",horse
19992,9,"['dog', 'frog', 'cat', 'airplane']",airplane
19993,5,"['frog', 'ship', 'airplane', 'automobile']",ship
19994,3,"['frog', 'ship', 'automobile', 'airplane']",ship
19995,8,"['horse', 'airplane', 'cat', 'frog']",horse
19996,8,"['horse', 'airplane', 'cat', 'frog']",horse
19997,7,"['automobile', 'cat', 'airplane', 'frog']",airplane
19998,2,"['ship', 'cat', 'automobile', 'airplane']",cat
19999,5,"['frog', 'ship', 'airplane', 'automobile']",ship
20000,8,"['horse', 'airplane', 'cat', 'frog']",horse
20001,5,"['frog', 'ship', 'airplane', 'automobile']",ship
20002,0,"['horse', 'deer', 'frog', 'cat']",horse
20003,6,"['automobile', 'horse', 'ship', 'airplane']",airplane
20004,9,"['dog', 'frog', 'cat', 'airplane']",airplane
20005,2,"['ship', 'cat', 'automobile', 'airplane']",automobile
20006,8,"['horse', 'airplane', 'cat', 'frog']",horse
20007,3,"['frog', 'ship', 'automobile', 'airplane']",ship
20008,6,"['automobile', 'horse', 'ship', 'airplane']",airplane
20009,2,"['ship', 'cat', 'automobile', 'airplane']",cat
20010,7,"['automobile', 'cat', 'airplane', 'frog']",cat
20011,4,"['cat', 'automobile', 'frog', 'airplane']",automobile
20012,6,"['automobile', 'horse', 'ship', 'airplane']",airplane
20013,9,"['dog', 'frog', 'cat', 'airplane']",dog
20014,0,"['horse', 'deer', 'frog', 'cat']",horse
20015,0,"['horse', 'deer', 'frog', 'cat']",horse
20016,7,"['automobile', 'cat', 'airplane', 'frog']",frog
20017,3,"['frog', 'ship', 'automobile', 'airplane']",ship
20018,7,"['automobile', 'cat', 'airplane', 'frog']",cat
20019,2,"['ship', 'cat', 'automobile', 'airplane']",cat
20020,5,"['frog', 'ship', 'airplane', 'automobile']",ship
20021,6,"['automobile', 'horse', 'ship', 'airplane']",horse
20022,6,"['automobile', 'horse', 'ship', 'airplane']",airplane
20023,0,"['horse', 'deer', 'frog', 'cat']",horse
20024,9,"['dog', 'frog', 'cat', 'airplane']",dog
20025,6,"['automobile', 'horse', 'ship', 'airplane']",airplane
20026,8,"['horse', 'airplane', 'cat', 'frog']",horse
20027,6,"['automobile', 'horse', 'ship', 'airplane']",airplane
20028,7,"['automobile', 'cat', 'airplane', 'frog']",cat
20029,2,"['ship', 'cat', 'automobile', 'airplane']",ship
20030,7,"['automobile', 'cat', 'airplane', 'frog']",cat
20031,5,"['frog', 'ship', 'airplane', 'automobile']",ship
20032,3,"['frog', 'ship', 'automobile', 'airplane']",ship
20033,3,"['frog', 'ship', 'automobile', 'airplane']",ship
20034,3,"['frog', 'ship', 'automobile', 'airplane']",ship
20035,0,"['horse', 'deer', 'frog', 'cat']",horse
20036,6,"['automobile', 'horse', 'ship', 'airplane']",airplane
20037,5,"['frog', 'ship', 'airplane', 'automobile']",ship
20038,2,"['ship', 'cat', 'automobile', 'airplane']",automobile
20039,0,"['horse', 'deer', 'frog', 'cat']",horse
20040,8,"['horse', 'airplane', 'cat', 'frog']",horse
20041,8,"['horse', 'airplane', 'cat', 'frog']",horse
20042,1,"['bird', 'dog', 'frog', 'cat', 'airplane']",airplane
20043,5,"['frog', 'ship', 'airplane', 'automobile']",ship
20044,4,"['cat', 'automobile', 'frog', 'airplane']",automobile
20045,0,"['horse', 'deer', 'frog', 'cat']",horse
20046,4,"['cat', 'automobile', 'frog', 'airplane']",automobile
20047,1,"['bird', 'dog', 'frog', 'cat', 'airplane']",airplane
20048,2,"['ship', 'cat', 'automobile', 'airplane']",cat
20049,4,"['cat', 'automobile', 'frog', 'airplane']",automobile
20050,3,"['frog', 'ship', 'automobile', 'airplane']",ship
20051,2,"['ship', 'cat', 'automobile', 'airplane']",automobile
20052,8,"['horse', 'airplane', 'cat', 'frog']",horse
20053,5,"['frog', 'ship', 'airplane', 'automobile']",ship
20054,4,"['cat', 'automobile', 'frog', 'airplane']",automobile
20055,2,"['ship', 'cat', 'automobile', 'airplane']",automobile
20056,1,"['bird', 'dog', 'frog', 'cat', 'airplane']",airplane
20057,1,"['bird', 'dog', 'frog', 'cat', 'airplane']",airplane
20058,3,"['frog', 'ship', 'automobile', 'airplane']",ship
20059,5,"['frog', 'ship', 'airplane', 'automobile']",ship
20060,4,"['cat', 'automobile', 'frog', 'airplane']",automobile
20061,2,"['ship', 'cat', 'automobile', 'airplane']",cat
20062,7,"['automobile', 'cat', 'airplane', 'frog']",cat
20063,7,"['automobile', 'cat', 'airplane', 'frog']",cat
20064,8,"['horse', 'airplane', 'cat', 'frog']",airplane
20065,2,"['ship', 'cat', 'automobile', 'airplane']",ship
20066,5,"['frog', 'ship', 'airplane', 'automobile']",ship
20067,3,"['frog', 'ship', 'automobile', 'airplane']",ship
20068,9,"['dog', 'frog', 'cat', 'airplane']",airplane
20069,9,"['dog', 'frog', 'cat', 'airplane']",airplane
20070,0,"['horse', 'deer', 'frog', 'cat']",horse
20071,6,"['automobile', 'horse', 'ship', 'airplane']",horse
20072,7,"['automobile', 'cat', 'airplane', 'frog']",cat
20073,2,"['ship', 'cat', 'automobile', 'airplane']",automobile
20074,1,"['bird', 'dog', 'frog', 'cat', 'airplane']",airplane
20075,5,"['frog', 'ship', 'airplane', 'automobile']",ship
20076,5,"['frog', 'ship', 'airplane', 'automobile']",ship
20077,2,"['ship', 'cat', 'automobile', 'airplane']",cat
20078,7,"['automobile', 'cat', 'airplane', 'frog']",cat
20079,1,"['bird', 'dog', 'frog', 'cat', 'airplane']",airplane
20080,3,"['frog', 'ship', 'automobile', 'airplane']",ship
20081,8,"['horse', 'airplane', 'cat', 'frog']",horse
20082,8,"['horse', 'airplane', 'cat', 'frog']",horse
20083,5,"['frog', 'ship', 'airplane', 'automobile']",ship
20084,5,"['frog', 'ship', 'airplane', 'automobile']",ship
20085,4,"['cat', 'automobile', 'frog', 'airplane']",automobile
20086,0,"['horse', 'deer', 'frog', 'cat']",horse
20087,5,"['frog', 'ship', 'airplane', 'automobile']",ship
20088,1,"['bird', 'dog', 'frog', 'cat', 'airplane']",airplane
20089,8,"['horse', 'airplane', 'cat', 'frog']",horse
20090,5,"['frog', 'ship', 'airplane', 'automobile']",ship
20091,3,"['frog', 'ship', 'automobile', 'airplane']",ship
20092,5,"['frog', 'ship', 'airplane', 'automobile']",ship
20093,6,"['automobile', 'horse', 'ship', 'airplane']",airplane
20094,7,"['automobile', 'cat', 'airplane', 'frog']",cat
20095,9,"['dog', 'frog', 'cat', 'airplane']",airplane
20096,4,"['cat', 'automobile', 'frog', 'airplane']",automobile
20097,0,"['horse', 'deer', 'frog', 'cat']",horse
20098,6,"['automobile', 'horse', 'ship', 'airplane']",airplane
20099,7,"['automobile', 'cat', 'airplane', 'frog']",airplane
20100,8,"['horse', 'airplane', 'cat', 'frog']",horse
20101,5,"['frog', 'ship', 'airplane', 'automobile']",ship
20102,2,"['ship', 'cat', 'automobile', 'airplane']",cat
20103,4,"['cat', 'automobile', 'frog', 'airplane']",automobile
20104,6,"['automobile', 'horse', 'ship', 'airplane']",automobile
20105,0,"['horse', 'deer', 'frog', 'cat']",horse
20106,6,"['automobile', 'horse', 'ship', 'airplane']",horse
20107,1,"['bird', 'dog', 'frog', 'cat', 'airplane']",airplane
20108,4,"['cat', 'automobile', 'frog', 'airplane']",automobile
20109,7,"['automobile', 'cat', 'airplane', 'frog']",airplane
20110,8,"['horse', 'airplane', 'cat', 'frog']",horse
20111,3,"['frog', 'ship', 'automobile', 'airplane']",ship
20112,2,"['ship', 'cat', 'automobile', 'airplane']",cat
20113,6,"['automobile', 'horse', 'ship', 'airplane']",airplane
20114,1,"['bird', 'dog', 'frog', 'cat', 'airplane']",airplane
20115,6,"['automobile', 'horse', 'ship', 'airplane']",airplane
20116,4,"['cat', 'automobile', 'frog', 'airplane']",automobile
20117,3,"['frog', 'ship', 'automobile', 'airplane']",ship
20118,8,"['horse', 'airplane', 'cat', 'frog']",horse
20119,1,"['bird', 'dog', 'frog', 'cat', 'airplane']",airplane
20120,4,"['cat', 'automobile', 'frog', 'airplane']",automobile
20121,3,"['frog', 'ship', 'automobile', 'airplane']",ship
20122,5,"['frog', 'ship', 'airplane', 'automobile']",ship
20123,4,"['cat', 'automobile', 'frog', 'airplane']",automobile
20124,0,"['horse', 'deer', 'frog', 'cat']",horse
20125,2,"['ship', 'cat', 'automobile', 'airplane']",ship
20126,5,"['frog', 'ship', 'airplane', 'automobile']",ship
20127,0,"['horse', 'deer', 'frog', 'cat']",horse
20128,8,"['horse', 'airplane', 'cat', 'frog']",horse
20129,9,"['dog', 'frog', 'cat', 'airplane']",airplane
20130,2,"['ship', 'cat', 'automobile', 'airplane']",cat
20131,3,"['frog', 'ship', 'automobile', 'airplane']",ship
20132,0,"['horse', 'deer', 'frog', 'cat']",horse
20133,4,"['cat', 'automobile', 'frog', 'airplane']",automobile
20134,9,"['dog', 'frog', 'cat', 'airplane']",dog
20135,6,"['automobile', 'horse', 'ship', 'airplane']",ship
20136,4,"['cat', 'automobile', 'frog', 'airplane']",automobile
20137,4,"['cat', 'automobile', 'frog', 'airplane']",automobile
20138,2,"['ship', 'cat', 'automobile', 'airplane']",cat
20139,3,"['frog', 'ship', 'automobile', 'airplane']",ship
20140,5,"['frog', 'ship', 'airplane', 'automobile']",ship
20141,6,"['automobile', 'horse', 'ship', 'airplane']",airplane
20142,4,"['cat', 'automobile', 'frog', 'airplane']",automobile
20143,3,"['frog', 'ship', 'automobile', 'airplane']",ship
20144,3,"['frog', 'ship', 'automobile', 'airplane']",ship
20145,2,"['ship', 'cat', 'automobile', 'airplane']",cat
20146,6,"['automobile', 'horse', 'ship', 'airplane']",airplane
20147,4,"['cat', 'automobile', 'frog', 'airplane']",automobile
20148,6,"['automobile', 'horse', 'ship', 'airplane']",airplane
20149,2,"['ship', 'cat', 'automobile', 'airplane']",cat
20150,8,"['horse', 'airplane', 'cat', 'frog']",horse
20151,3,"['frog', 'ship', 'automobile', 'airplane']",ship
20152,3,"['frog', 'ship', 'automobile', 'airplane']",ship
20153,3,"['frog', 'ship', 'automobile', 'airplane']",ship
20154,4,"['cat', 'automobile', 'frog', 'airplane']",automobile
20155,1,"['bird', 'dog', 'frog', 'cat', 'airplane']",airplane
20156,5,"['frog', 'ship', 'airplane', 'automobile']",ship
20157,4,"['cat', 'automobile', 'frog', 'airplane']",automobile
20158,7,"['automobile', 'cat', 'airplane', 'frog']",cat
20159,3,"['frog', 'ship', 'automobile', 'airplane']",ship
20160,6,"['automobile', 'horse', 'ship', 'airplane']",airplane
20161,8,"['horse', 'airplane', 'cat', 'frog']",horse
20162,1,"['bird', 'dog', 'frog', 'cat', 'airplane']",airplane
20163,3,"['frog', 'ship', 'automobile', 'airplane']",ship
20164,5,"['frog', 'ship', 'airplane', 'automobile']",ship
20165,9,"['dog', 'frog', 'cat', 'airplane']",dog
20166,7,"['automobile', 'cat', 'airplane', 'frog']",cat
20167,9,"['dog', 'frog', 'cat', 'airplane']",dog
20168,1,"['bird', 'dog', 'frog', 'cat', 'airplane']",airplane
20169,0,"['horse', 'deer', 'frog', 'cat']",horse
20170,7,"['automobile', 'cat', 'airplane', 'frog']",cat
20171,5,"['frog', 'ship', 'airplane', 'automobile']",ship
20172,9,"['dog', 'frog', 'cat', 'airplane']",airplane
20173,4,"['cat', 'automobile', 'frog', 'airplane']",automobile
20174,3,"['frog', 'ship', 'automobile', 'airplane']",ship
20175,7,"['automobile', 'cat', 'airplane', 'frog']",cat
20176,9,"['dog', 'frog', 'cat', 'airplane']",dog
20177,6,"['automobile', 'horse', 'ship', 'airplane']",airplane
20178,5,"['frog', 'ship', 'airplane', 'automobile']",ship
20179,7,"['automobile', 'cat', 'airplane', 'frog']",cat
20180,0,"['horse', 'deer', 'frog', 'cat']",horse
20181,9,"['dog', 'frog', 'cat', 'airplane']",airplane
20182,8,"['horse', 'airplane', 'cat', 'frog']",horse
20183,2,"['ship', 'cat', 'automobile', 'airplane']",cat
20184,3,"['frog', 'ship', 'automobile', 'airplane']",ship
20185,5,"['frog', 'ship', 'airplane', 'automobile']",ship
20186,7,"['automobile', 'cat', 'airplane', 'frog']",airplane
20187,9,"['dog', 'frog', 'cat', 'airplane']",airplane
20188,0,"['horse', 'deer', 'frog', 'cat']",horse
20189,2,"['ship', 'cat', 'automobile', 'airplane']",cat
20190,0,"['horse', 'deer', 'frog', 'cat']",horse
20191,7,"['automobile', 'cat', 'airplane', 'frog']",cat
20192,4,"['cat', 'automobile', 'frog', 'airplane']",automobile
20193,6,"['automobile', 'horse', 'ship', 'airplane']",airplane
20194,3,"['frog', 'ship', 'automobile', 'airplane']",ship
20195,1,"['bird', 'dog', 'frog', 'cat', 'airplane']",airplane
20196,3,"['frog', 'ship', 'automobile', 'airplane']",frog
20197,1,"['bird', 'dog', 'frog', 'cat', 'airplane']",airplane
20198,8,"['horse', 'airplane', 'cat', 'frog']",horse
20199,1,"['bird', 'dog', 'frog', 'cat', 'airplane']",airplane
20200,5,"['frog', 'ship', 'airplane', 'automobile']",ship
20201,5,"['frog', 'ship', 'airplane', 'automobile']",ship
20202,7,"['automobile', 'cat', 'airplane', 'frog']",cat
20203,3,"['frog', 'ship', 'automobile', 'airplane']",ship
20204,3,"['frog', 'ship', 'automobile', 'airplane']",ship
20205,0,"['horse', 'deer', 'frog', 'cat']",horse
20206,4,"['cat', 'automobile', 'frog', 'airplane']",automobile
20207,5,"['frog', 'ship', 'airplane', 'automobile']",ship
20208,3,"['frog', 'ship', 'automobile', 'airplane']",ship
20209,8,"['horse', 'airplane', 'cat', 'frog']",cat
20210,3,"['frog', 'ship', 'automobile', 'airplane']",ship
20211,9,"['dog', 'frog', 'cat', 'airplane']",airplane
20212,2,"['ship', 'cat', 'automobile', 'airplane']",ship
20213,9,"['dog', 'frog', 'cat', 'airplane']",airplane
20214,1,"['bird', 'dog', 'frog', 'cat', 'airplane']",airplane
20215,3,"['frog', 'ship', 'automobile', 'airplane']",ship
20216,2,"['ship', 'cat', 'automobile', 'airplane']",cat
20217,0,"['horse', 'deer', 'frog', 'cat']",horse
20218,7,"['automobile', 'cat', 'airplane', 'frog']",cat
20219,8,"['horse', 'airplane', 'cat', 'frog']",horse
20220,2,"['ship', 'cat', 'automobile', 'airplane']",cat
20221,8,"['horse', 'airplane', 'cat', 'frog']",horse
20222,1,"['bird', 'dog', 'frog', 'cat', 'airplane']",airplane
20223,7,"['automobile', 'cat', 'airplane', 'frog']",cat
20224,9,"['dog', 'frog', 'cat', 'airplane']",airplane
20225,6,"['automobile', 'horse', 'ship', 'airplane']",airplane
20226,2,"['ship', 'cat', 'automobile', 'airplane']",cat
20227,8,"['horse', 'airplane', 'cat', 'frog']",horse
20228,8,"['horse', 'airplane', 'cat', 'frog']",horse
20229,9,"['dog', 'frog', 'cat', 'airplane']",dog
20230,7,"['automobile', 'cat', 'airplane', 'frog']",cat
20231,9,"['dog', 'frog', 'cat', 'airplane']",dog
20232,9,"['dog', 'frog', 'cat', 'airplane']",dog
20233,0,"['horse', 'deer', 'frog', 'cat']",horse
20234,3,"['frog', 'ship', 'automobile', 'airplane']",ship
20235,7,"['automobile', 'cat', 'airplane', 'frog']",cat
20236,0,"['horse', 'deer', 'frog', 'cat']",frog
20237,8,"['horse', 'airplane', 'cat', 'frog']",horse
20238,6,"['automobile', 'horse', 'ship', 'airplane']",airplane
20239,8,"['horse', 'airplane', 'cat', 'frog']",horse
20240,6,"['automobile', 'horse', 'ship', 'airplane']",automobile
20241,9,"['dog', 'frog', 'cat', 'airplane']",dog
20242,0,"['horse', 'deer', 'frog', 'cat']",horse
20243,4,"['cat', 'automobile', 'frog', 'airplane']",automobile
20244,1,"['bird', 'dog', 'frog', 'cat', 'airplane']",airplane
20245,1,"['bird', 'dog', 'frog', 'cat', 'airplane']",airplane
20246,8,"['horse', 'airplane', 'cat', 'frog']",horse
20247,7,"['automobile', 'cat', 'airplane', 'frog']",airplane
20248,9,"['dog', 'frog', 'cat', 'airplane']",airplane
20249,7,"['automobile', 'cat', 'airplane', 'frog']",airplane
20250,9,"['dog', 'frog', 'cat', 'airplane']",dog
20251,7,"['automobile', 'cat', 'airplane', 'frog']",cat
20252,3,"['frog', 'ship', 'automobile', 'airplane']",ship
20253,4,"['cat', 'automobile', 'frog', 'airplane']",automobile
20254,6,"['automobile', 'horse', 'ship', 'airplane']",ship
20255,3,"['frog', 'ship', 'automobile', 'airplane']",ship
20256,0,"['horse', 'deer', 'frog', 'cat']",horse
20257,0,"['horse', 'deer', 'frog', 'cat']",horse
20258,6,"['automobile', 'horse', 'ship', 'airplane']",airplane
20259,8,"['horse', 'airplane', 'cat', 'frog']",horse
20260,2,"['ship', 'cat', 'automobile', 'airplane']",cat
20261,3,"['frog', 'ship', 'automobile', 'airplane']",ship
20262,0,"['horse', 'deer', 'frog', 'cat']",horse
20263,6,"['automobile', 'horse', 'ship', 'airplane']",airplane
20264,9,"['dog', 'frog', 'cat', 'airplane']",airplane
20265,0,"['horse', 'deer', 'frog', 'cat']",horse
20266,2,"['ship', 'cat', 'automobile', 'airplane']",cat
20267,0,"['horse', 'deer', 'frog', 'cat']",deer
20268,6,"['automobile', 'horse', 'ship', 'airplane']",airplane
20269,3,"['frog', 'ship', 'automobile', 'airplane']",ship
20270,4,"['cat', 'automobile', 'frog', 'airplane']",automobile
20271,3,"['frog', 'ship', 'automobile', 'airplane']",ship
20272,2,"['ship', 'cat', 'automobile', 'airplane']",cat
20273,1,"['bird', 'dog', 'frog', 'cat', 'airplane']",airplane
20274,4,"['cat', 'automobile', 'frog', 'airplane']",automobile
20275,0,"['horse', 'deer', 'frog', 'cat']",horse
20276,4,"['cat', 'automobile', 'frog', 'airplane']",automobile
20277,5,"['frog', 'ship', 'airplane', 'automobile']",ship
20278,6,"['automobile', 'horse', 'ship', 'airplane']",airplane
20279,5,"['frog', 'ship', 'airplane', 'automobile']",ship
20280,4,"['cat', 'automobile', 'frog', 'airplane']",automobile
20281,3,"['frog', 'ship', 'automobile', 'airplane']",ship
20282,4,"['cat', 'automobile', 'frog', 'airplane']",automobile
20283,2,"['ship', 'cat', 'automobile', 'airplane']",ship
20284,2,"['ship', 'cat', 'automobile', 'airplane']",automobile
20285,2,"['ship', 'cat', 'automobile', 'airplane']",cat
20286,2,"['ship', 'cat', 'automobile', 'airplane']",cat
20287,0,"['horse', 'deer', 'frog', 'cat']",horse
20288,8,"['horse', 'airplane', 'cat', 'frog']",horse
20289,3,"['frog', 'ship', 'automobile', 'airplane']",ship
20290,8,"['horse', 'airplane', 'cat', 'frog']",horse
20291,7,"['automobile', 'cat', 'airplane', 'frog']",airplane
20292,5,"['frog', 'ship', 'airplane', 'automobile']",ship
20293,6,"['automobile', 'horse', 'ship', 'airplane']",ship
20294,4,"['cat', 'automobile', 'frog', 'airplane']",automobile
20295,0,"['horse', 'deer', 'frog', 'cat']",horse
20296,9,"['dog', 'frog', 'cat', 'airplane']",airplane
20297,6,"['automobile', 'horse', 'ship', 'airplane']",horse
20298,8,"['horse', 'airplane', 'cat', 'frog']",horse
20299,7,"['automobile', 'cat', 'airplane', 'frog']",airplane
20300,8,"['horse', 'airplane', 'cat', 'frog']",horse
20301,3,"['frog', 'ship', 'automobile', 'airplane']",ship
20302,0,"['horse', 'deer', 'frog', 'cat']",horse
20303,4,"['cat', 'automobile', 'frog', 'airplane']",automobile
20304,1,"['bird', 'dog', 'frog', 'cat', 'airplane']",airplane
20305,9,"['dog', 'frog', 'cat', 'airplane']",airplane
20306,4,"['cat', 'automobile', 'frog', 'airplane']",automobile
20307,1,"['bird', 'dog', 'frog', 'cat', 'airplane']",airplane
20308,2,"['ship', 'cat', 'automobile', 'airplane']",cat
20309,7,"['automobile', 'cat', 'airplane', 'frog']",cat
20310,6,"['automobile', 'horse', 'ship', 'airplane']",airplane
20311,1,"['bird', 'dog', 'frog', 'cat', 'airplane']",airplane
20312,1,"['bird', 'dog', 'frog', 'cat', 'airplane']",airplane
20313,1,"['bird', 'dog', 'frog', 'cat', 'airplane']",airplane
20314,7,"['automobile', 'cat', 'airplane', 'frog']",frog
20315,5,"['frog', 'ship', 'airplane', 'automobile']",ship
20316,6,"['automobile', 'horse', 'ship', 'airplane']",airplane
20317,2,"['ship', 'cat', 'automobile', 'airplane']",ship
20318,2,"['ship', 'cat', 'automobile', 'airplane']",automobile
20319,0,"['horse', 'deer', 'frog', 'cat']",horse
20320,5,"['frog', 'ship', 'airplane', 'automobile']",ship
20321,4,"['cat', 'automobile', 'frog', 'airplane']",automobile
20322,5,"['frog', 'ship', 'airplane', 'automobile']",ship
20323,2,"['ship', 'cat', 'automobile', 'airplane']",cat
20324,6,"['automobile', 'horse', 'ship', 'airplane']",airplane
20325,4,"['cat', 'automobile', 'frog', 'airplane']",automobile
20326,3,"['frog', 'ship', 'automobile', 'airplane']",ship
20327,1,"['bird', 'dog', 'frog', 'cat', 'airplane']",airplane
20328,0,"['horse', 'deer', 'frog', 'cat']",horse
20329,3,"['frog', 'ship', 'automobile', 'airplane']",ship
20330,3,"['frog', 'ship', 'automobile', 'airplane']",ship
20331,1,"['bird', 'dog', 'frog', 'cat', 'airplane']",airplane
20332,6,"['automobile', 'horse', 'ship', 'airplane']",airplane
20333,6,"['automobile', 'horse', 'ship', 'airplane']",airplane
20334,0,"['horse', 'deer', 'frog', 'cat']",horse
20335,3,"['frog', 'ship', 'automobile', 'airplane']",ship
20336,1,"['bird', 'dog', 'frog', 'cat', 'airplane']",airplane
20337,3,"['frog', 'ship', 'automobile', 'airplane']",ship
20338,3,"['frog', 'ship', 'automobile', 'airplane']",ship
20339,3,"['frog', 'ship', 'automobile', 'airplane']",ship
20340,4,"['cat', 'automobile', 'frog', 'airplane']",airplane
20341,4,"['cat', 'automobile', 'frog', 'airplane']",automobile
20342,4,"['cat', 'automobile', 'frog', 'airplane']",automobile
20343,4,"['cat', 'automobile', 'frog', 'airplane']",automobile
20344,3,"['frog', 'ship', 'automobile', 'airplane']",ship
20345,3,"['frog', 'ship', 'automobile', 'airplane']",ship
20346,3,"['frog', 'ship', 'automobile', 'airplane']",ship
20347,7,"['automobile', 'cat', 'airplane', 'frog']",airplane
20348,5,"['frog', 'ship', 'airplane', 'automobile']",ship
20349,0,"['horse', 'deer', 'frog', 'cat']",horse
20350,8,"['horse', 'airplane', 'cat', 'frog']",horse
20351,1,"['bird', 'dog', 'frog', 'cat', 'airplane']",airplane
20352,8,"['horse', 'airplane', 'cat', 'frog']",horse
20353,1,"['bird', 'dog', 'frog', 'cat', 'airplane']",airplane
20354,9,"['dog', 'frog', 'cat', 'airplane']",dog
20355,0,"['horse', 'deer', 'frog', 'cat']",horse
20356,7,"['automobile', 'cat', 'airplane', 'frog']",cat
20357,7,"['automobile', 'cat', 'airplane', 'frog']",airplane
20358,8,"['horse', 'airplane', 'cat', 'frog']",horse
20359,8,"['horse', 'airplane', 'cat', 'frog']",horse
20360,8,"['horse', 'airplane', 'cat', 'frog']",airplane
20361,5,"['frog', 'ship', 'airplane', 'automobile']",ship
20362,6,"['automobile', 'horse', 'ship', 'airplane']",airplane
20363,4,"['cat', 'automobile', 'frog', 'airplane']",automobile
20364,7,"['automobile', 'cat', 'airplane', 'frog']",airplane
20365,5,"['frog', 'ship', 'airplane', 'automobile']",ship
20366,1,"['bird', 'dog', 'frog', 'cat', 'airplane']",airplane
20367,3,"['frog', 'ship', 'automobile', 'airplane']",ship
20368,1,"['bird', 'dog', 'frog', 'cat', 'airplane']",airplane
20369,7,"['automobile', 'cat', 'airplane', 'frog']",airplane
20370,8,"['horse', 'airplane', 'cat', 'frog']",horse
20371,3,"['frog', 'ship', 'automobile', 'airplane']",ship
20372,6,"['automobile', 'horse', 'ship', 'airplane']",airplane
20373,4,"['cat', 'automobile', 'frog', 'airplane']",automobile
20374,4,"['cat', 'automobile', 'frog', 'airplane']",airplane
20375,8,"['horse', 'airplane', 'cat', 'frog']",horse
20376,1,"['bird', 'dog', 'frog', 'cat', 'airplane']",airplane
20377,6,"['automobile', 'horse', 'ship', 'airplane']",airplane
20378,3,"['frog', 'ship', 'automobile', 'airplane']",ship
20379,0,"['horse', 'deer', 'frog', 'cat']",horse
20380,9,"['dog', 'frog', 'cat', 'airplane']",dog
20381,1,"['bird', 'dog', 'frog', 'cat', 'airplane']",airplane
20382,5,"['frog', 'ship', 'airplane', 'automobile']",ship
20383,0,"['horse', 'deer', 'frog', 'cat']",horse
20384,6,"['automobile', 'horse', 'ship', 'airplane']",automobile
20385,9,"['dog', 'frog', 'cat', 'airplane']",airplane
20386,6,"['automobile', 'horse', 'ship', 'airplane']",airplane
20387,5,"['frog', 'ship', 'airplane', 'automobile']",ship
20388,9,"['dog', 'frog', 'cat', 'airplane']",airplane
20389,7,"['automobile', 'cat', 'airplane', 'frog']",cat
20390,3,"['frog', 'ship', 'automobile', 'airplane']",ship
20391,1,"['bird', 'dog', 'frog', 'cat', 'airplane']",airplane
20392,7,"['automobile', 'cat', 'airplane', 'frog']",cat
20393,0,"['horse', 'deer', 'frog', 'cat']",horse
20394,5,"['frog', 'ship', 'airplane', 'automobile']",ship
20395,8,"['horse', 'airplane', 'cat', 'frog']",horse
20396,0,"['horse', 'deer', 'frog', 'cat']",horse
20397,3,"['frog', 'ship', 'automobile', 'airplane']",ship
20398,0,"['horse', 'deer', 'frog', 'cat']",horse
20399,7,"['automobile', 'cat', 'airplane', 'frog']",cat
20400,8,"['horse', 'airplane', 'cat', 'frog']",horse
20401,3,"['frog', 'ship', 'automobile', 'airplane']",ship
20402,9,"['dog', 'frog', 'cat', 'airplane']",dog
20403,2,"['ship', 'cat', 'automobile', 'airplane']",cat
20404,0,"['horse', 'deer', 'frog', 'cat']",horse
20405,8,"['horse', 'airplane', 'cat', 'frog']",horse
20406,4,"['cat', 'automobile', 'frog', 'airplane']",automobile
20407,4,"['cat', 'automobile', 'frog', 'airplane']",automobile
20408,6,"['automobile', 'horse', 'ship', 'airplane']",airplane
20409,4,"['cat', 'automobile', 'frog', 'airplane']",airplane
20410,3,"['frog', 'ship', 'automobile', 'airplane']",ship
20411,4,"['cat', 'automobile', 'frog', 'airplane']",automobile
20412,4,"['cat', 'automobile', 'frog', 'airplane']",automobile
20413,3,"['frog', 'ship', 'automobile', 'airplane']",ship
20414,5,"['frog', 'ship', 'airplane', 'automobile']",ship
20415,5,"['frog', 'ship', 'airplane', 'automobile']",ship
20416,5,"['frog', 'ship', 'airplane', 'automobile']",ship
20417,7,"['automobile', 'cat', 'airplane', 'frog']",cat
20418,3,"['frog', 'ship', 'automobile', 'airplane']",ship
20419,8,"['horse', 'airplane', 'cat', 'frog']",horse
20420,9,"['dog', 'frog', 'cat', 'airplane']",airplane
20421,5,"['frog', 'ship', 'airplane', 'automobile']",ship
20422,5,"['frog', 'ship', 'airplane', 'automobile']",ship
20423,7,"['automobile', 'cat', 'airplane', 'frog']",cat
20424,0,"['horse', 'deer', 'frog', 'cat']",horse
20425,3,"['frog', 'ship', 'automobile', 'airplane']",ship
20426,2,"['ship', 'cat', 'automobile', 'airplane']",cat
20427,9,"['dog', 'frog', 'cat', 'airplane']",airplane
20428,9,"['dog', 'frog', 'cat', 'airplane']",airplane
20429,7,"['automobile', 'cat', 'airplane', 'frog']",cat
20430,9,"['dog', 'frog', 'cat', 'airplane']",airplane
20431,3,"['frog', 'ship', 'automobile', 'airplane']",ship
20432,6,"['automobile', 'horse', 'ship', 'airplane']",airplane
20433,7,"['automobile', 'cat', 'airplane', 'frog']",cat
20434,0,"['horse', 'deer', 'frog', 'cat']",horse
20435,4,"['cat', 'automobile', 'frog', 'airplane']",automobile
20436,7,"['automobile', 'cat', 'airplane', 'frog']",airplane
20437,6,"['automobile', 'horse', 'ship', 'airplane']",airplane
20438,1,"['bird', 'dog', 'frog', 'cat', 'airplane']",airplane
20439,4,"['cat', 'automobile', 'frog', 'airplane']",automobile
20440,1,"['bird', 'dog', 'frog', 'cat', 'airplane']",airplane
20441,9,"['dog', 'frog', 'cat', 'airplane']",airplane
20442,1,"['bird', 'dog', 'frog', 'cat', 'airplane']",airplane
20443,7,"['automobile', 'cat', 'airplane', 'frog']",airplane
20444,1,"['bird', 'dog', 'frog', 'cat', 'airplane']",airplane
20445,5,"['frog', 'ship', 'airplane', 'automobile']",ship
20446,4,"['cat', 'automobile', 'frog', 'airplane']",automobile
20447,3,"['frog', 'ship', 'automobile', 'airplane']",ship
20448,3,"['frog', 'ship', 'automobile', 'airplane']",ship
20449,0,"['horse', 'deer', 'frog', 'cat']",horse
20450,4,"['cat', 'automobile', 'frog', 'airplane']",automobile
20451,5,"['frog', 'ship', 'airplane', 'automobile']",ship
20452,0,"['horse', 'deer', 'frog', 'cat']",horse
20453,1,"['bird', 'dog', 'frog', 'cat', 'airplane']",airplane
20454,0,"['horse', 'deer', 'frog', 'cat']",horse
20455,8,"['horse', 'airplane', 'cat', 'frog']",horse
20456,9,"['dog', 'frog', 'cat', 'airplane']",airplane
20457,2,"['ship', 'cat', 'automobile', 'airplane']",cat
20458,0,"['horse', 'deer', 'frog', 'cat']",horse
20459,8,"['horse', 'airplane', 'cat', 'frog']",horse
20460,5,"['frog', 'ship', 'airplane', 'automobile']",ship
20461,8,"['horse', 'airplane', 'cat', 'frog']",horse
20462,9,"['dog', 'frog', 'cat', 'airplane']",dog
20463,1,"['bird', 'dog', 'frog', 'cat', 'airplane']",airplane
20464,7,"['automobile', 'cat', 'airplane', 'frog']",airplane
20465,3,"['frog', 'ship', 'automobile', 'airplane']",ship
20466,8,"['horse', 'airplane', 'cat', 'frog']",horse
20467,8,"['horse', 'airplane', 'cat', 'frog']",horse
20468,2,"['ship', 'cat', 'automobile', 'airplane']",ship
20469,3,"['frog', 'ship', 'automobile', 'airplane']",ship
20470,4,"['cat', 'automobile', 'frog', 'airplane']",automobile
20471,0,"['horse', 'deer', 'frog', 'cat']",horse
20472,9,"['dog', 'frog', 'cat', 'airplane']",airplane
20473,0,"['horse', 'deer', 'frog', 'cat']",horse
20474,0,"['horse', 'deer', 'frog', 'cat']",horse
20475,1,"['bird', 'dog', 'frog', 'cat', 'airplane']",airplane
20476,7,"['automobile', 'cat', 'airplane', 'frog']",frog
20477,5,"['frog', 'ship', 'airplane', 'automobile']",ship
20478,5,"['frog', 'ship', 'airplane', 'automobile']",ship
20479,8,"['horse', 'airplane', 'cat', 'frog']",frog
20480,6,"['automobile', 'horse', 'ship', 'airplane']",airplane
20481,9,"['dog', 'frog', 'cat', 'airplane']",dog
20482,6,"['automobile', 'horse', 'ship', 'airplane']",airplane
20483,5,"['frog', 'ship', 'airplane', 'automobile']",ship
20484,5,"['frog', 'ship', 'airplane', 'automobile']",ship
20485,4,"['cat', 'automobile', 'frog', 'airplane']",airplane
20486,1,"['bird', 'dog', 'frog', 'cat', 'airplane']",airplane
20487,6,"['automobile', 'horse', 'ship', 'airplane']",ship
20488,3,"['frog', 'ship', 'automobile', 'airplane']",ship
20489,7,"['automobile', 'cat', 'airplane', 'frog']",cat
20490,2,"['ship', 'cat', 'automobile', 'airplane']",cat
20491,8,"['horse', 'airplane', 'cat', 'frog']",horse
20492,8,"['horse', 'airplane', 'cat', 'frog']",horse
20493,5,"['frog', 'ship', 'airplane', 'automobile']",ship
20494,1,"['bird', 'dog', 'frog', 'cat', 'airplane']",airplane
20495,5,"['frog', 'ship', 'airplane', 'automobile']",ship
20496,3,"['frog', 'ship', 'automobile', 'airplane']",ship
20497,1,"['bird', 'dog', 'frog', 'cat', 'airplane']",airplane
20498,4,"['cat', 'automobile', 'frog', 'airplane']",automobile
20499,7,"['automobile', 'cat', 'airplane', 'frog']",cat
20500,8,"['horse', 'airplane', 'cat', 'frog']",horse
20501,6,"['automobile', 'horse', 'ship', 'airplane']",airplane
20502,8,"['horse', 'airplane', 'cat', 'frog']",horse
20503,6,"['automobile', 'horse', 'ship', 'airplane']",ship
20504,6,"['automobile', 'horse', 'ship', 'airplane']",airplane
20505,3,"['frog', 'ship', 'automobile', 'airplane']",ship
20506,6,"['automobile', 'horse', 'ship', 'airplane']",ship
20507,3,"['frog', 'ship', 'automobile', 'airplane']",ship
20508,8,"['horse', 'airplane', 'cat', 'frog']",horse
20509,8,"['horse', 'airplane', 'cat', 'frog']",horse
20510,1,"['bird', 'dog', 'frog', 'cat', 'airplane']",airplane
20511,4,"['cat', 'automobile', 'frog', 'airplane']",airplane
20512,5,"['frog', 'ship', 'airplane', 'automobile']",ship
20513,1,"['bird', 'dog', 'frog', 'cat', 'airplane']",airplane
20514,6,"['automobile', 'horse', 'ship', 'airplane']",horse
20515,4,"['cat', 'automobile', 'frog', 'airplane']",automobile
20516,9,"['dog', 'frog', 'cat', 'airplane']",airplane
20517,9,"['dog', 'frog', 'cat', 'airplane']",dog
20518,9,"['dog', 'frog', 'cat', 'airplane']",dog
20519,9,"['dog', 'frog', 'cat', 'airplane']",airplane
20520,3,"['frog', 'ship', 'automobile', 'airplane']",ship
20521,4,"['cat', 'automobile', 'frog', 'airplane']",automobile
20522,3,"['frog', 'ship', 'automobile', 'airplane']",ship
20523,0,"['horse', 'deer', 'frog', 'cat']",horse
20524,3,"['frog', 'ship', 'automobile', 'airplane']",ship
20525,3,"['frog', 'ship', 'automobile', 'airplane']",ship
20526,2,"['ship', 'cat', 'automobile', 'airplane']",cat
20527,6,"['automobile', 'horse', 'ship', 'airplane']",airplane
20528,3,"['frog', 'ship', 'automobile', 'airplane']",ship
20529,3,"['frog', 'ship', 'automobile', 'airplane']",ship
20530,8,"['horse', 'airplane', 'cat', 'frog']",horse
20531,3,"['frog', 'ship', 'automobile', 'airplane']",ship
20532,0,"['horse', 'deer', 'frog', 'cat']",horse
20533,2,"['ship', 'cat', 'automobile', 'airplane']",cat
20534,3,"['frog', 'ship', 'automobile', 'airplane']",ship
20535,6,"['automobile', 'horse', 'ship', 'airplane']",airplane
20536,1,"['bird', 'dog', 'frog', 'cat', 'airplane']",airplane
20537,0,"['horse', 'deer', 'frog', 'cat']",horse
20538,2,"['ship', 'cat', 'automobile', 'airplane']",automobile
20539,0,"['horse', 'deer', 'frog', 'cat']",horse
20540,8,"['horse', 'airplane', 'cat', 'frog']",horse
20541,6,"['automobile', 'horse', 'ship', 'airplane']",airplane
20542,5,"['frog', 'ship', 'airplane', 'automobile']",ship
20543,4,"['cat', 'automobile', 'frog', 'airplane']",automobile
20544,7,"['automobile', 'cat', 'airplane', 'frog']",cat
20545,2,"['ship', 'cat', 'automobile', 'airplane']",automobile
20546,1,"['bird', 'dog', 'frog', 'cat', 'airplane']",airplane
20547,2,"['ship', 'cat', 'automobile', 'airplane']",cat
20548,6,"['automobile', 'horse', 'ship', 'airplane']",ship
20549,1,"['bird', 'dog', 'frog', 'cat', 'airplane']",airplane
20550,7,"['automobile', 'cat', 'airplane', 'frog']",airplane
20551,2,"['ship', 'cat', 'automobile', 'airplane']",cat
20552,9,"['dog', 'frog', 'cat', 'airplane']",airplane
20553,4,"['cat', 'automobile', 'frog', 'airplane']",automobile
20554,1,"['bird', 'dog', 'frog', 'cat', 'airplane']",airplane
20555,0,"['horse', 'deer', 'frog', 'cat']",horse
20556,2,"['ship', 'cat', 'automobile', 'airplane']",cat
20557,1,"['bird', 'dog', 'frog', 'cat', 'airplane']",airplane
20558,2,"['ship', 'cat', 'automobile', 'airplane']",cat
20559,9,"['dog', 'frog', 'cat', 'airplane']",airplane
20560,2,"['ship', 'cat', 'automobile', 'airplane']",cat
20561,6,"['automobile', 'horse', 'ship', 'airplane']",automobile
20562,5,"['frog', 'ship', 'airplane', 'automobile']",ship
20563,2,"['ship', 'cat', 'automobile', 'airplane']",automobile
20564,4,"['cat', 'automobile', 'frog', 'airplane']",automobile
20565,7,"['automobile', 'cat', 'airplane', 'frog']",cat
20566,0,"['horse', 'deer', 'frog', 'cat']",horse
20567,7,"['automobile', 'cat', 'airplane', 'frog']",airplane
20568,0,"['horse', 'deer', 'frog', 'cat']",horse
20569,3,"['frog', 'ship', 'automobile', 'airplane']",ship
20570,2,"['ship', 'cat', 'automobile', 'airplane']",automobile
20571,3,"['frog', 'ship', 'automobile', 'airplane']",ship
20572,2,"['ship', 'cat', 'automobile', 'airplane']",cat
20573,4,"['cat', 'automobile', 'frog', 'airplane']",automobile
20574,0,"['horse', 'deer', 'frog', 'cat']",horse
20575,4,"['cat', 'automobile', 'frog', 'airplane']",automobile
20576,7,"['automobile', 'cat', 'airplane', 'frog']",cat
20577,3,"['frog', 'ship', 'automobile', 'airplane']",ship
20578,9,"['dog', 'frog', 'cat', 'airplane']",airplane
20579,2,"['ship', 'cat', 'automobile', 'airplane']",automobile
20580,2,"['ship', 'cat', 'automobile', 'airplane']",cat
20581,7,"['automobile', 'cat', 'airplane', 'frog']",cat
20582,6,"['automobile', 'horse', 'ship', 'airplane']",airplane
20583,3,"['frog', 'ship', 'automobile', 'airplane']",ship
20584,0,"['horse', 'deer', 'frog', 'cat']",horse
20585,4,"['cat', 'automobile', 'frog', 'airplane']",automobile
20586,6,"['automobile', 'horse', 'ship', 'airplane']",ship
20587,9,"['dog', 'frog', 'cat', 'airplane']",dog
20588,4,"['cat', 'automobile', 'frog', 'airplane']",automobile
20589,2,"['ship', 'cat', 'automobile', 'airplane']",cat
20590,7,"['automobile', 'cat', 'airplane', 'frog']",cat
20591,3,"['frog', 'ship', 'automobile', 'airplane']",ship
20592,1,"['bird', 'dog', 'frog', 'cat', 'airplane']",airplane
20593,3,"['frog', 'ship', 'automobile', 'airplane']",ship
20594,8,"['horse', 'airplane', 'cat', 'frog']",horse
20595,1,"['bird', 'dog', 'frog', 'cat', 'airplane']",airplane
20596,8,"['horse', 'airplane', 'cat', 'frog']",horse
20597,6,"['automobile', 'horse', 'ship', 'airplane']",airplane
20598,8,"['horse', 'airplane', 'cat', 'frog']",horse
20599,9,"['dog', 'frog', 'cat', 'airplane']",dog
20600,9,"['dog', 'frog', 'cat', 'airplane']",airplane
20601,3,"['frog', 'ship', 'automobile', 'airplane']",ship
20602,0,"['horse', 'deer', 'frog', 'cat']",horse
20603,5,"['frog', 'ship', 'airplane', 'automobile']",ship
20604,8,"['horse', 'airplane', 'cat', 'frog']",horse
20605,1,"['bird', 'dog', 'frog', 'cat', 'airplane']",airplane
20606,0,"['horse', 'deer', 'frog', 'cat']",horse
20607,7,"['automobile', 'cat', 'airplane', 'frog']",cat
20608,4,"['cat', 'automobile', 'frog', 'airplane']",automobile
20609,6,"['automobile', 'horse', 'ship', 'airplane']",airplane
20610,4,"['cat', 'automobile', 'frog', 'airplane']",automobile
20611,0,"['horse', 'deer', 'frog', 'cat']",horse
20612,8,"['horse', 'airplane', 'cat', 'frog']",airplane
20613,9,"['dog', 'frog', 'cat', 'airplane']",airplane
20614,7,"['automobile', 'cat', 'airplane', 'frog']",frog
20615,5,"['frog', 'ship', 'airplane', 'automobile']",ship
20616,1,"['bird', 'dog', 'frog', 'cat', 'airplane']",airplane
20617,8,"['horse', 'airplane', 'cat', 'frog']",horse
20618,7,"['automobile', 'cat', 'airplane', 'frog']",cat
20619,1,"['bird', 'dog', 'frog', 'cat', 'airplane']",airplane
20620,8,"['horse', 'airplane', 'cat', 'frog']",horse
20621,2,"['ship', 'cat', 'automobile', 'airplane']",cat
20622,0,"['horse', 'deer', 'frog', 'cat']",horse
20623,6,"['automobile', 'horse', 'ship', 'airplane']",airplane
20624,3,"['frog', 'ship', 'automobile', 'airplane']",ship
20625,3,"['frog', 'ship', 'automobile', 'airplane']",ship
20626,3,"['frog', 'ship', 'automobile', 'airplane']",ship
20627,5,"['frog', 'ship', 'airplane', 'automobile']",ship
20628,6,"['automobile', 'horse', 'ship', 'airplane']",ship
20629,4,"['cat', 'automobile', 'frog', 'airplane']",automobile
20630,3,"['frog', 'ship', 'automobile', 'airplane']",ship
20631,3,"['frog', 'ship', 'automobile', 'airplane']",ship
20632,3,"['frog', 'ship', 'automobile', 'airplane']",ship
20633,2,"['ship', 'cat', 'automobile', 'airplane']",cat
20634,9,"['dog', 'frog', 'cat', 'airplane']",airplane
20635,9,"['dog', 'frog', 'cat', 'airplane']",airplane
20636,9,"['dog', 'frog', 'cat', 'airplane']",airplane
20637,1,"['bird', 'dog', 'frog', 'cat', 'airplane']",airplane
20638,3,"['frog', 'ship', 'automobile', 'airplane']",ship
20639,3,"['frog', 'ship', 'automobile', 'airplane']",ship
20640,4,"['cat', 'automobile', 'frog', 'airplane']",automobile
20641,6,"['automobile', 'horse', 'ship', 'airplane']",airplane
20642,4,"['cat', 'automobile', 'frog', 'airplane']",automobile
20643,1,"['bird', 'dog', 'frog', 'cat', 'airplane']",airplane
20644,5,"['frog', 'ship', 'airplane', 'automobile']",ship
20645,2,"['ship', 'cat', 'automobile', 'airplane']",cat
20646,7,"['automobile', 'cat', 'airplane', 'frog']",cat
20647,5,"['frog', 'ship', 'airplane', 'automobile']",ship
20648,3,"['frog', 'ship', 'automobile', 'airplane']",ship
20649,1,"['bird', 'dog', 'frog', 'cat', 'airplane']",airplane
20650,8,"['horse', 'airplane', 'cat', 'frog']",horse
20651,2,"['ship', 'cat', 'automobile', 'airplane']",automobile
20652,8,"['horse', 'airplane', 'cat', 'frog']",horse
20653,9,"['dog', 'frog', 'cat', 'airplane']",airplane
20654,4,"['cat', 'automobile', 'frog', 'airplane']",automobile
20655,4,"['cat', 'automobile', 'frog', 'airplane']",automobile
20656,2,"['ship', 'cat', 'automobile', 'airplane']",cat
20657,9,"['dog', 'frog', 'cat', 'airplane']",airplane
20658,0,"['horse', 'deer', 'frog', 'cat']",horse
20659,4,"['cat', 'automobile', 'frog', 'airplane']",automobile
20660,2,"['ship', 'cat', 'automobile', 'airplane']",automobile
20661,1,"['bird', 'dog', 'frog', 'cat', 'airplane']",airplane
20662,8,"['horse', 'airplane', 'cat', 'frog']",horse
20663,6,"['automobile', 'horse', 'ship', 'airplane']",airplane
20664,8,"['horse', 'airplane', 'cat', 'frog']",horse
20665,9,"['dog', 'frog', 'cat', 'airplane']",airplane
20666,6,"['automobile', 'horse', 'ship', 'airplane']",horse
20667,1,"['bird', 'dog', 'frog', 'cat', 'airplane']",airplane
20668,8,"['horse', 'airplane', 'cat', 'frog']",horse
20669,5,"['frog', 'ship', 'airplane', 'automobile']",ship
20670,9,"['dog', 'frog', 'cat', 'airplane']",airplane
20671,2,"['ship', 'cat', 'automobile', 'airplane']",cat
20672,5,"['frog', 'ship', 'airplane', 'automobile']",ship
20673,2,"['ship', 'cat', 'automobile', 'airplane']",ship
20674,1,"['bird', 'dog', 'frog', 'cat', 'airplane']",airplane
20675,9,"['dog', 'frog', 'cat', 'airplane']",airplane
20676,9,"['dog', 'frog', 'cat', 'airplane']",airplane
20677,8,"['horse', 'airplane', 'cat', 'frog']",horse
20678,7,"['automobile', 'cat', 'airplane', 'frog']",cat
20679,9,"['dog', 'frog', 'cat', 'airplane']",airplane
20680,1,"['bird', 'dog', 'frog', 'cat', 'airplane']",airplane
20681,7,"['automobile', 'cat', 'airplane', 'frog']",airplane
20682,0,"['horse', 'deer', 'frog', 'cat']",horse
20683,9,"['dog', 'frog', 'cat', 'airplane']",airplane
20684,5,"['frog', 'ship', 'airplane', 'automobile']",ship
20685,3,"['frog', 'ship', 'automobile', 'airplane']",ship
20686,0,"['horse', 'deer', 'frog', 'cat']",horse
20687,6,"['automobile', 'horse', 'ship', 'airplane']",automobile
20688,5,"['frog', 'ship', 'airplane', 'automobile']",ship
20689,6,"['automobile', 'horse', 'ship', 'airplane']",airplane
20690,7,"['automobile', 'cat', 'airplane', 'frog']",frog
20691,3,"['frog', 'ship', 'automobile', 'airplane']",ship
20692,5,"['frog', 'ship', 'airplane', 'automobile']",ship
20693,9,"['dog', 'frog', 'cat', 'airplane']",airplane
20694,0,"['horse', 'deer', 'frog', 'cat']",horse
20695,2,"['ship', 'cat', 'automobile', 'airplane']",cat
20696,2,"['ship', 'cat', 'automobile', 'airplane']",cat
20697,9,"['dog', 'frog', 'cat', 'airplane']",airplane
20698,4,"['cat', 'automobile', 'frog', 'airplane']",airplane
20699,7,"['automobile', 'cat', 'airplane', 'frog']",cat
20700,2,"['ship', 'cat', 'automobile', 'airplane']",cat
20701,7,"['automobile', 'cat', 'airplane', 'frog']",cat
20702,8,"['horse', 'airplane', 'cat', 'frog']",horse
20703,2,"['ship', 'cat', 'automobile', 'airplane']",cat
20704,3,"['frog', 'ship', 'automobile', 'airplane']",ship
20705,8,"['horse', 'airplane', 'cat', 'frog']",horse
20706,6,"['automobile', 'horse', 'ship', 'airplane']",airplane
20707,7,"['automobile', 'cat', 'airplane', 'frog']",cat
20708,0,"['horse', 'deer', 'frog', 'cat']",horse
20709,0,"['horse', 'deer', 'frog', 'cat']",horse
20710,0,"['horse', 'deer', 'frog', 'cat']",horse
20711,8,"['horse', 'airplane', 'cat', 'frog']",horse
20712,2,"['ship', 'cat', 'automobile', 'airplane']",ship
20713,9,"['dog', 'frog', 'cat', 'airplane']",airplane
20714,3,"['frog', 'ship', 'automobile', 'airplane']",ship
20715,5,"['frog', 'ship', 'airplane', 'automobile']",ship
20716,8,"['horse', 'airplane', 'cat', 'frog']",horse
20717,6,"['automobile', 'horse', 'ship', 'airplane']",airplane
20718,9,"['dog', 'frog', 'cat', 'airplane']",airplane
20719,8,"['horse', 'airplane', 'cat', 'frog']",horse
20720,9,"['dog', 'frog', 'cat', 'airplane']",airplane
20721,3,"['frog', 'ship', 'automobile', 'airplane']",ship
20722,0,"['horse', 'deer', 'frog', 'cat']",horse
20723,0,"['horse', 'deer', 'frog', 'cat']",horse
20724,2,"['ship', 'cat', 'automobile', 'airplane']",ship
20725,1,"['bird', 'dog', 'frog', 'cat', 'airplane']",airplane
20726,8,"['horse', 'airplane', 'cat', 'frog']",horse
20727,8,"['horse', 'airplane', 'cat', 'frog']",horse
20728,8,"['horse', 'airplane', 'cat', 'frog']",horse
20729,9,"['dog', 'frog', 'cat', 'airplane']",dog
20730,4,"['cat', 'automobile', 'frog', 'airplane']",automobile
20731,1,"['bird', 'dog', 'frog', 'cat', 'airplane']",airplane
20732,5,"['frog', 'ship', 'airplane', 'automobile']",ship
20733,5,"['frog', 'ship', 'airplane', 'automobile']",ship
20734,6,"['automobile', 'horse', 'ship', 'airplane']",airplane
20735,9,"['dog', 'frog', 'cat', 'airplane']",airplane
20736,1,"['bird', 'dog', 'frog', 'cat', 'airplane']",airplane
20737,2,"['ship', 'cat', 'automobile', 'airplane']",cat
20738,7,"['automobile', 'cat', 'airplane', 'frog']",airplane
20739,8,"['horse', 'airplane', 'cat', 'frog']",horse
20740,8,"['horse', 'airplane', 'cat', 'frog']",horse
20741,7,"['automobile', 'cat', 'airplane', 'frog']",cat
20742,1,"['bird', 'dog', 'frog', 'cat', 'airplane']",airplane
20743,0,"['horse', 'deer', 'frog', 'cat']",horse
20744,7,"['automobile', 'cat', 'airplane', 'frog']",cat
20745,1,"['bird', 'dog', 'frog', 'cat', 'airplane']",airplane
20746,1,"['bird', 'dog', 'frog', 'cat', 'airplane']",airplane
20747,5,"['frog', 'ship', 'airplane', 'automobile']",ship
20748,7,"['automobile', 'cat', 'airplane', 'frog']",cat
20749,8,"['horse', 'airplane', 'cat', 'frog']",horse
20750,1,"['bird', 'dog', 'frog', 'cat', 'airplane']",airplane
20751,0,"['horse', 'deer', 'frog', 'cat']",horse
20752,1,"['bird', 'dog', 'frog', 'cat', 'airplane']",airplane
20753,1,"['bird', 'dog', 'frog', 'cat', 'airplane']",airplane
20754,2,"['ship', 'cat', 'automobile', 'airplane']",cat
20755,6,"['automobile', 'horse', 'ship', 'airplane']",airplane
20756,8,"['horse', 'airplane', 'cat', 'frog']",horse
20757,7,"['automobile', 'cat', 'airplane', 'frog']",cat
20758,0,"['horse', 'deer', 'frog', 'cat']",horse
20759,0,"['horse', 'deer', 'frog', 'cat']",horse
20760,3,"['frog', 'ship', 'automobile', 'airplane']",ship
20761,1,"['bird', 'dog', 'frog', 'cat', 'airplane']",airplane
20762,8,"['horse', 'airplane', 'cat', 'frog']",horse
20763,0,"['horse', 'deer', 'frog', 'cat']",horse
20764,1,"['bird', 'dog', 'frog', 'cat', 'airplane']",airplane
20765,9,"['dog', 'frog', 'cat', 'airplane']",frog
20766,6,"['automobile', 'horse', 'ship', 'airplane']",airplane
20767,6,"['automobile', 'horse', 'ship', 'airplane']",airplane
20768,5,"['frog', 'ship', 'airplane', 'automobile']",ship
20769,4,"['cat', 'automobile', 'frog', 'airplane']",automobile
20770,3,"['frog', 'ship', 'automobile', 'airplane']",ship
20771,6,"['automobile', 'horse', 'ship', 'airplane']",horse
20772,4,"['cat', 'automobile', 'frog', 'airplane']",automobile
20773,7,"['automobile', 'cat', 'airplane', 'frog']",cat
20774,1,"['bird', 'dog', 'frog', 'cat', 'airplane']",airplane
20775,6,"['automobile', 'horse', 'ship', 'airplane']",airplane
20776,5,"['frog', 'ship', 'airplane', 'automobile']",ship
20777,1,"['bird', 'dog', 'frog', 'cat', 'airplane']",airplane
20778,4,"['cat', 'automobile', 'frog', 'airplane']",automobile
20779,2,"['ship', 'cat', 'automobile', 'airplane']",automobile
20780,7,"['automobile', 'cat', 'airplane', 'frog']",airplane
20781,1,"['bird', 'dog', 'frog', 'cat', 'airplane']",airplane
20782,4,"['cat', 'automobile', 'frog', 'airplane']",automobile
20783,1,"['bird', 'dog', 'frog', 'cat', 'airplane']",airplane
20784,3,"['frog', 'ship', 'automobile', 'airplane']",ship
20785,4,"['cat', 'automobile', 'frog', 'airplane']",airplane
20786,8,"['horse', 'airplane', 'cat', 'frog']",horse
20787,9,"['dog', 'frog', 'cat', 'airplane']",airplane
20788,6,"['automobile', 'horse', 'ship', 'airplane']",airplane
20789,6,"['automobile', 'horse', 'ship', 'airplane']",horse
20790,0,"['horse', 'deer', 'frog', 'cat']",horse
20791,7,"['automobile', 'cat', 'airplane', 'frog']",cat
20792,7,"['automobile', 'cat', 'airplane', 'frog']",frog
20793,2,"['ship', 'cat', 'automobile', 'airplane']",automobile
20794,5,"['frog', 'ship', 'airplane', 'automobile']",ship
20795,0,"['horse', 'deer', 'frog', 'cat']",horse
20796,1,"['bird', 'dog', 'frog', 'cat', 'airplane']",airplane
20797,2,"['ship', 'cat', 'automobile', 'airplane']",cat
20798,4,"['cat', 'automobile', 'frog', 'airplane']",automobile
20799,9,"['dog', 'frog', 'cat', 'airplane']",airplane
20800,6,"['automobile', 'horse', 'ship', 'airplane']",ship
20801,5,"['frog', 'ship', 'airplane', 'automobile']",ship
20802,6,"['automobile', 'horse', 'ship', 'airplane']",airplane
20803,6,"['automobile', 'horse', 'ship', 'airplane']",airplane
20804,9,"['dog', 'frog', 'cat', 'airplane']",dog
20805,2,"['ship', 'cat', 'automobile', 'airplane']",cat
20806,3,"['frog', 'ship', 'automobile', 'airplane']",ship
20807,5,"['frog', 'ship', 'airplane', 'automobile']",ship
20808,7,"['automobile', 'cat', 'airplane', 'frog']",cat
20809,5,"['frog', 'ship', 'airplane', 'automobile']",ship
20810,4,"['cat', 'automobile', 'frog', 'airplane']",automobile
20811,1,"['bird', 'dog', 'frog', 'cat', 'airplane']",airplane
20812,8,"['horse', 'airplane', 'cat', 'frog']",horse
20813,0,"['horse', 'deer', 'frog', 'cat']",horse
20814,6,"['automobile', 'horse', 'ship', 'airplane']",airplane
20815,4,"['cat', 'automobile', 'frog', 'airplane']",automobile
20816,0,"['horse', 'deer', 'frog', 'cat']",horse
20817,0,"['horse', 'deer', 'frog', 'cat']",horse
20818,2,"['ship', 'cat', 'automobile', 'airplane']",cat
20819,7,"['automobile', 'cat', 'airplane', 'frog']",airplane
20820,3,"['frog', 'ship', 'automobile', 'airplane']",ship
20821,6,"['automobile', 'horse', 'ship', 'airplane']",airplane
20822,8,"['horse', 'airplane', 'cat', 'frog']",horse
20823,4,"['cat', 'automobile', 'frog', 'airplane']",automobile
20824,0,"['horse', 'deer', 'frog', 'cat']",horse
20825,9,"['dog', 'frog', 'cat', 'airplane']",dog
20826,4,"['cat', 'automobile', 'frog', 'airplane']",automobile
20827,9,"['dog', 'frog', 'cat', 'airplane']",airplane
20828,4,"['cat', 'automobile', 'frog', 'airplane']",airplane
20829,1,"['bird', 'dog', 'frog', 'cat', 'airplane']",airplane
20830,6,"['automobile', 'horse', 'ship', 'airplane']",airplane
20831,0,"['horse', 'deer', 'frog', 'cat']",horse
20832,4,"['cat', 'automobile', 'frog', 'airplane']",airplane
20833,4,"['cat', 'automobile', 'frog', 'airplane']",automobile
20834,0,"['horse', 'deer', 'frog', 'cat']",horse
20835,1,"['bird', 'dog', 'frog', 'cat', 'airplane']",airplane
20836,5,"['frog', 'ship', 'airplane', 'automobile']",ship
20837,5,"['frog', 'ship', 'airplane', 'automobile']",ship
20838,2,"['ship', 'cat', 'automobile', 'airplane']",automobile
20839,2,"['ship', 'cat', 'automobile', 'airplane']",automobile
20840,1,"['bird', 'dog', 'frog', 'cat', 'airplane']",airplane
20841,8,"['horse', 'airplane', 'cat', 'frog']",horse
20842,2,"['ship', 'cat', 'automobile', 'airplane']",cat
20843,1,"['bird', 'dog', 'frog', 'cat', 'airplane']",airplane
20844,1,"['bird', 'dog', 'frog', 'cat', 'airplane']",airplane
20845,2,"['ship', 'cat', 'automobile', 'airplane']",cat
20846,7,"['automobile', 'cat', 'airplane', 'frog']",cat
20847,6,"['automobile', 'horse', 'ship', 'airplane']",airplane
20848,7,"['automobile', 'cat', 'airplane', 'frog']",cat
20849,3,"['frog', 'ship', 'automobile', 'airplane']",ship
20850,2,"['ship', 'cat', 'automobile', 'airplane']",cat
20851,9,"['dog', 'frog', 'cat', 'airplane']",dog
20852,0,"['horse', 'deer', 'frog', 'cat']",horse
20853,6,"['automobile', 'horse', 'ship', 'airplane']",automobile
20854,9,"['dog', 'frog', 'cat', 'airplane']",airplane
20855,9,"['dog', 'frog', 'cat', 'airplane']",airplane
20856,1,"['bird', 'dog', 'frog', 'cat', 'airplane']",airplane
20857,1,"['bird', 'dog', 'frog', 'cat', 'airplane']",airplane
20858,1,"['bird', 'dog', 'frog', 'cat', 'airplane']",airplane
20859,2,"['ship', 'cat', 'automobile', 'airplane']",cat
20860,5,"['frog', 'ship', 'airplane', 'automobile']",ship
20861,5,"['frog', 'ship', 'airplane', 'automobile']",ship
20862,0,"['horse', 'deer', 'frog', 'cat']",horse
20863,8,"['horse', 'airplane', 'cat', 'frog']",horse
20864,2,"['ship', 'cat', 'automobile', 'airplane']",automobile
20865,1,"['bird', 'dog', 'frog', 'cat', 'airplane']",airplane
20866,1,"['bird', 'dog', 'frog', 'cat', 'airplane']",airplane
20867,8,"['horse', 'airplane', 'cat', 'frog']",horse
20868,3,"['frog', 'ship', 'automobile', 'airplane']",ship
20869,9,"['dog', 'frog', 'cat', 'airplane']",airplane
20870,4,"['cat', 'automobile', 'frog', 'airplane']",automobile
20871,4,"['cat', 'automobile', 'frog', 'airplane']",automobile
20872,3,"['frog', 'ship', 'automobile', 'airplane']",ship
20873,8,"['horse', 'airplane', 'cat', 'frog']",horse
20874,1,"['bird', 'dog', 'frog', 'cat', 'airplane']",airplane
20875,8,"['horse', 'airplane', 'cat', 'frog']",horse
20876,2,"['ship', 'cat', 'automobile', 'airplane']",cat
20877,3,"['frog', 'ship', 'automobile', 'airplane']",ship
20878,6,"['automobile', 'horse', 'ship', 'airplane']",airplane
20879,7,"['automobile', 'cat', 'airplane', 'frog']",cat
20880,2,"['ship', 'cat', 'automobile', 'airplane']",ship
20881,6,"['automobile', 'horse', 'ship', 'airplane']",ship
20882,3,"['frog', 'ship', 'automobile', 'airplane']",ship
20883,7,"['automobile', 'cat', 'airplane', 'frog']",frog
20884,7,"['automobile', 'cat', 'airplane', 'frog']",cat
20885,6,"['automobile', 'horse', 'ship', 'airplane']",ship
20886,7,"['automobile', 'cat', 'airplane', 'frog']",airplane
20887,6,"['automobile', 'horse', 'ship', 'airplane']",airplane
20888,4,"['cat', 'automobile', 'frog', 'airplane']",automobile
20889,8,"['horse', 'airplane', 'cat', 'frog']",horse
20890,4,"['cat', 'automobile', 'frog', 'airplane']",automobile
20891,0,"['horse', 'deer', 'frog', 'cat']",horse
20892,3,"['frog', 'ship', 'automobile', 'airplane']",ship
20893,7,"['automobile', 'cat', 'airplane', 'frog']",cat
20894,9,"['dog', 'frog', 'cat', 'airplane']",dog
20895,1,"['bird', 'dog', 'frog', 'cat', 'airplane']",airplane
20896,1,"['bird', 'dog', 'frog', 'cat', 'airplane']",airplane
20897,1,"['bird', 'dog', 'frog', 'cat', 'airplane']",airplane
20898,8,"['horse', 'airplane', 'cat', 'frog']",horse
20899,5,"['frog', 'ship', 'airplane', 'automobile']",ship
20900,7,"['automobile', 'cat', 'airplane', 'frog']",cat
20901,9,"['dog', 'frog', 'cat', 'airplane']",dog
20902,0,"['horse', 'deer', 'frog', 'cat']",horse
20903,7,"['automobile', 'cat', 'airplane', 'frog']",cat
20904,4,"['cat', 'automobile', 'frog', 'airplane']",automobile
20905,5,"['frog', 'ship', 'airplane', 'automobile']",ship
20906,4,"['cat', 'automobile', 'frog', 'airplane']",automobile
20907,1,"['bird', 'dog', 'frog', 'cat', 'airplane']",airplane
20908,2,"['ship', 'cat', 'automobile', 'airplane']",automobile
20909,8,"['horse', 'airplane', 'cat', 'frog']",horse
20910,0,"['horse', 'deer', 'frog', 'cat']",horse
20911,1,"['bird', 'dog', 'frog', 'cat', 'airplane']",airplane
20912,9,"['dog', 'frog', 'cat', 'airplane']",airplane
20913,8,"['horse', 'airplane', 'cat', 'frog']",horse
20914,1,"['bird', 'dog', 'frog', 'cat', 'airplane']",airplane
20915,9,"['dog', 'frog', 'cat', 'airplane']",dog
20916,0,"['horse', 'deer', 'frog', 'cat']",horse
20917,3,"['frog', 'ship', 'automobile', 'airplane']",ship
20918,3,"['frog', 'ship', 'automobile', 'airplane']",ship
20919,6,"['automobile', 'horse', 'ship', 'airplane']",ship
20920,3,"['frog', 'ship', 'automobile', 'airplane']",ship
20921,6,"['automobile', 'horse', 'ship', 'airplane']",airplane
20922,5,"['frog', 'ship', 'airplane', 'automobile']",ship
20923,4,"['cat', 'automobile', 'frog', 'airplane']",automobile
20924,0,"['horse', 'deer', 'frog', 'cat']",frog
20925,9,"['dog', 'frog', 'cat', 'airplane']",airplane
20926,6,"['automobile', 'horse', 'ship', 'airplane']",automobile
20927,6,"['automobile', 'horse', 'ship', 'airplane']",airplane
20928,0,"['horse', 'deer', 'frog', 'cat']",horse
20929,3,"['frog', 'ship', 'automobile', 'airplane']",ship
20930,6,"['automobile', 'horse', 'ship', 'airplane']",airplane
20931,1,"['bird', 'dog', 'frog', 'cat', 'airplane']",airplane
20932,3,"['frog', 'ship', 'automobile', 'airplane']",ship
20933,1,"['bird', 'dog', 'frog', 'cat', 'airplane']",airplane
20934,6,"['automobile', 'horse', 'ship', 'airplane']",airplane
20935,6,"['automobile', 'horse', 'ship', 'airplane']",airplane
20936,8,"['horse', 'airplane', 'cat', 'frog']",horse
20937,1,"['bird', 'dog', 'frog', 'cat', 'airplane']",airplane
20938,5,"['frog', 'ship', 'airplane', 'automobile']",ship
20939,5,"['frog', 'ship', 'airplane', 'automobile']",ship
20940,5,"['frog', 'ship', 'airplane', 'automobile']",ship
20941,2,"['ship', 'cat', 'automobile', 'airplane']",cat
20942,8,"['horse', 'airplane', 'cat', 'frog']",horse
20943,9,"['dog', 'frog', 'cat', 'airplane']",airplane
20944,9,"['dog', 'frog', 'cat', 'airplane']",dog
20945,6,"['automobile', 'horse', 'ship', 'airplane']",airplane
20946,8,"['horse', 'airplane', 'cat', 'frog']",horse
20947,9,"['dog', 'frog', 'cat', 'airplane']",airplane
20948,4,"['cat', 'automobile', 'frog', 'airplane']",automobile
20949,8,"['horse', 'airplane', 'cat', 'frog']",horse
20950,6,"['automobile', 'horse', 'ship', 'airplane']",ship
20951,1,"['bird', 'dog', 'frog', 'cat', 'airplane']",airplane
20952,5,"['frog', 'ship', 'airplane', 'automobile']",ship
20953,3,"['frog', 'ship', 'automobile', 'airplane']",ship
20954,8,"['horse', 'airplane', 'cat', 'frog']",horse
20955,9,"['dog', 'frog', 'cat', 'airplane']",dog
20956,4,"['cat', 'automobile', 'frog', 'airplane']",automobile
20957,2,"['ship', 'cat', 'automobile', 'airplane']",cat
20958,8,"['horse', 'airplane', 'cat', 'frog']",horse
20959,2,"['ship', 'cat', 'automobile', 'airplane']",cat
20960,7,"['automobile', 'cat', 'airplane', 'frog']",cat
20961,3,"['frog', 'ship', 'automobile', 'airplane']",ship
20962,8,"['horse', 'airplane', 'cat', 'frog']",horse
20963,3,"['frog', 'ship', 'automobile', 'airplane']",ship
20964,4,"['cat', 'automobile', 'frog', 'airplane']",automobile
20965,3,"['frog', 'ship', 'automobile', 'airplane']",ship
20966,4,"['cat', 'automobile', 'frog', 'airplane']",automobile
20967,4,"['cat', 'automobile', 'frog', 'airplane']",automobile
20968,3,"['frog', 'ship', 'automobile', 'airplane']",ship
20969,0,"['horse', 'deer', 'frog', 'cat']",horse
20970,1,"['bird', 'dog', 'frog', 'cat', 'airplane']",airplane
20971,7,"['automobile', 'cat', 'airplane', 'frog']",cat
20972,6,"['automobile', 'horse', 'ship', 'airplane']",airplane
20973,0,"['horse', 'deer', 'frog', 'cat']",deer
20974,9,"['dog', 'frog', 'cat', 'airplane']",dog
20975,6,"['automobile', 'horse', 'ship', 'airplane']",airplane
20976,0,"['horse', 'deer', 'frog', 'cat']",horse
20977,6,"['automobile', 'horse', 'ship', 'airplane']",airplane
20978,4,"['cat', 'automobile', 'frog', 'airplane']",automobile
20979,7,"['automobile', 'cat', 'airplane', 'frog']",cat
20980,0,"['horse', 'deer', 'frog', 'cat']",horse
20981,6,"['automobile', 'horse', 'ship', 'airplane']",airplane
20982,5,"['frog', 'ship', 'airplane', 'automobile']",ship
20983,0,"['horse', 'deer', 'frog', 'cat']",horse
20984,8,"['horse', 'airplane', 'cat', 'frog']",horse
20985,0,"['horse', 'deer', 'frog', 'cat']",horse
20986,6,"['automobile', 'horse', 'ship', 'airplane']",airplane
20987,4,"['cat', 'automobile', 'frog', 'airplane']",automobile
20988,1,"['bird', 'dog', 'frog', 'cat', 'airplane']",airplane
20989,7,"['automobile', 'cat', 'airplane', 'frog']",airplane
20990,2,"['ship', 'cat', 'automobile', 'airplane']",cat
20991,5,"['frog', 'ship', 'airplane', 'automobile']",ship
20992,7,"['automobile', 'cat', 'airplane', 'frog']",airplane
20993,6,"['automobile', 'horse', 'ship', 'airplane']",ship
20994,1,"['bird', 'dog', 'frog', 'cat', 'airplane']",airplane
20995,9,"['dog', 'frog', 'cat', 'airplane']",dog
20996,2,"['ship', 'cat', 'automobile', 'airplane']",cat
20997,0,"['horse', 'deer', 'frog', 'cat']",horse
20998,7,"['automobile', 'cat', 'airplane', 'frog']",cat
20999,8,"['horse', 'airplane', 'cat', 'frog']",airplane
21000,0,"['horse', 'deer', 'frog', 'cat']",horse
21001,7,"['automobile', 'cat', 'airplane', 'frog']",cat
21002,4,"['cat', 'automobile', 'frog', 'airplane']",automobile
21003,1,"['bird', 'dog', 'frog', 'cat', 'airplane']",airplane
21004,6,"['automobile', 'horse', 'ship', 'airplane']",airplane
21005,8,"['horse', 'airplane', 'cat', 'frog']",horse
21006,5,"['frog', 'ship', 'airplane', 'automobile']",ship
21007,7,"['automobile', 'cat', 'airplane', 'frog']",cat
21008,9,"['dog', 'frog', 'cat', 'airplane']",airplane
21009,5,"['frog', 'ship', 'airplane', 'automobile']",ship
21010,9,"['dog', 'frog', 'cat', 'airplane']",dog
21011,5,"['frog', 'ship', 'airplane', 'automobile']",ship
21012,0,"['horse', 'deer', 'frog', 'cat']",horse
21013,8,"['horse', 'airplane', 'cat', 'frog']",horse
21014,1,"['bird', 'dog', 'frog', 'cat', 'airplane']",airplane
21015,3,"['frog', 'ship', 'automobile', 'airplane']",ship
21016,4,"['cat', 'automobile', 'frog', 'airplane']",automobile
21017,3,"['frog', 'ship', 'automobile', 'airplane']",ship
21018,2,"['ship', 'cat', 'automobile', 'airplane']",cat
21019,6,"['automobile', 'horse', 'ship', 'airplane']",ship
21020,1,"['bird', 'dog', 'frog', 'cat', 'airplane']",airplane
21021,4,"['cat', 'automobile', 'frog', 'airplane']",automobile
21022,3,"['frog', 'ship', 'automobile', 'airplane']",ship
21023,0,"['horse', 'deer', 'frog', 'cat']",horse
21024,6,"['automobile', 'horse', 'ship', 'airplane']",horse
21025,7,"['automobile', 'cat', 'airplane', 'frog']",cat
21026,8,"['horse', 'airplane', 'cat', 'frog']",horse
21027,1,"['bird', 'dog', 'frog', 'cat', 'airplane']",airplane
21028,8,"['horse', 'airplane', 'cat', 'frog']",horse
21029,5,"['frog', 'ship', 'airplane', 'automobile']",ship
21030,6,"['automobile', 'horse', 'ship', 'airplane']",horse
21031,2,"['ship', 'cat', 'automobile', 'airplane']",ship
21032,6,"['automobile', 'horse', 'ship', 'airplane']",airplane
21033,4,"['cat', 'automobile', 'frog', 'airplane']",automobile
21034,2,"['ship', 'cat', 'automobile', 'airplane']",cat
21035,5,"['frog', 'ship', 'airplane', 'automobile']",ship
21036,8,"['horse', 'airplane', 'cat', 'frog']",airplane
21037,6,"['automobile', 'horse', 'ship', 'airplane']",automobile
21038,6,"['automobile', 'horse', 'ship', 'airplane']",ship
21039,2,"['ship', 'cat', 'automobile', 'airplane']",automobile
21040,2,"['ship', 'cat', 'automobile', 'airplane']",cat
21041,4,"['cat', 'automobile', 'frog', 'airplane']",automobile
21042,8,"['horse', 'airplane', 'cat', 'frog']",horse
21043,0,"['horse', 'deer', 'frog', 'cat']",horse
21044,0,"['horse', 'deer', 'frog', 'cat']",horse
21045,9,"['dog', 'frog', 'cat', 'airplane']",dog
21046,5,"['frog', 'ship', 'airplane', 'automobile']",ship
21047,6,"['automobile', 'horse', 'ship', 'airplane']",airplane
21048,4,"['cat', 'automobile', 'frog', 'airplane']",automobile
21049,3,"['frog', 'ship', 'automobile', 'airplane']",frog
21050,8,"['horse', 'airplane', 'cat', 'frog']",horse
21051,7,"['automobile', 'cat', 'airplane', 'frog']",cat
21052,4,"['cat', 'automobile', 'frog', 'airplane']",automobile
21053,3,"['frog', 'ship', 'automobile', 'airplane']",frog
21054,0,"['horse', 'deer', 'frog', 'cat']",horse
21055,3,"['frog', 'ship', 'automobile', 'airplane']",ship
21056,1,"['bird', 'dog', 'frog', 'cat', 'airplane']",airplane
21057,2,"['ship', 'cat', 'automobile', 'airplane']",cat
21058,8,"['horse', 'airplane', 'cat', 'frog']",horse
21059,5,"['frog', 'ship', 'airplane', 'automobile']",ship
21060,7,"['automobile', 'cat', 'airplane', 'frog']",cat
21061,5,"['frog', 'ship', 'airplane', 'automobile']",ship
21062,5,"['frog', 'ship', 'airplane', 'automobile']",ship
21063,2,"['ship', 'cat', 'automobile', 'airplane']",cat
21064,0,"['horse', 'deer', 'frog', 'cat']",horse
21065,9,"['dog', 'frog', 'cat', 'airplane']",airplane
21066,4,"['cat', 'automobile', 'frog', 'airplane']",automobile
21067,9,"['dog', 'frog', 'cat', 'airplane']",airplane
21068,4,"['cat', 'automobile', 'frog', 'airplane']",automobile
21069,7,"['automobile', 'cat', 'airplane', 'frog']",airplane
21070,3,"['frog', 'ship', 'automobile', 'airplane']",ship
21071,0,"['horse', 'deer', 'frog', 'cat']",horse
21072,6,"['automobile', 'horse', 'ship', 'airplane']",airplane
21073,1,"['bird', 'dog', 'frog', 'cat', 'airplane']",airplane
21074,0,"['horse', 'deer', 'frog', 'cat']",horse
21075,5,"['frog', 'ship', 'airplane', 'automobile']",ship
21076,2,"['ship', 'cat', 'automobile', 'airplane']",cat
21077,5,"['frog', 'ship', 'airplane', 'automobile']",ship
21078,4,"['cat', 'automobile', 'frog', 'airplane']",automobile
21079,6,"['automobile', 'horse', 'ship', 'airplane']",airplane
21080,1,"['bird', 'dog', 'frog', 'cat', 'airplane']",airplane
21081,4,"['cat', 'automobile', 'frog', 'airplane']",airplane
21082,7,"['automobile', 'cat', 'airplane', 'frog']",airplane
21083,7,"['automobile', 'cat', 'airplane', 'frog']",cat
21084,6,"['automobile', 'horse', 'ship', 'airplane']",airplane
21085,3,"['frog', 'ship', 'automobile', 'airplane']",ship
21086,7,"['automobile', 'cat', 'airplane', 'frog']",airplane
21087,0,"['horse', 'deer', 'frog', 'cat']",horse
21088,1,"['bird', 'dog', 'frog', 'cat', 'airplane']",airplane
21089,5,"['frog', 'ship', 'airplane', 'automobile']",ship
21090,2,"['ship', 'cat', 'automobile', 'airplane']",cat
21091,6,"['automobile', 'horse', 'ship', 'airplane']",airplane
21092,0,"['horse', 'deer', 'frog', 'cat']",horse
21093,9,"['dog', 'frog', 'cat', 'airplane']",airplane
21094,1,"['bird', 'dog', 'frog', 'cat', 'airplane']",airplane
21095,0,"['horse', 'deer', 'frog', 'cat']",horse
21096,7,"['automobile', 'cat', 'airplane', 'frog']",airplane
21097,6,"['automobile', 'horse', 'ship', 'airplane']",ship
21098,9,"['dog', 'frog', 'cat', 'airplane']",airplane
21099,2,"['ship', 'cat', 'automobile', 'airplane']",automobile
21100,7,"['automobile', 'cat', 'airplane', 'frog']",cat
21101,7,"['automobile', 'cat', 'airplane', 'frog']",cat
21102,2,"['ship', 'cat', 'automobile', 'airplane']",cat
21103,3,"['frog', 'ship', 'automobile', 'airplane']",ship
21104,1,"['bird', 'dog', 'frog', 'cat', 'airplane']",airplane
21105,0,"['horse', 'deer', 'frog', 'cat']",horse
21106,3,"['frog', 'ship', 'automobile', 'airplane']",ship
21107,7,"['automobile', 'cat', 'airplane', 'frog']",airplane
21108,7,"['automobile', 'cat', 'airplane', 'frog']",cat
21109,7,"['automobile', 'cat', 'airplane', 'frog']",cat
21110,9,"['dog', 'frog', 'cat', 'airplane']",dog
21111,8,"['horse', 'airplane', 'cat', 'frog']",horse
21112,1,"['bird', 'dog', 'frog', 'cat', 'airplane']",airplane
21113,7,"['automobile', 'cat', 'airplane', 'frog']",airplane
21114,9,"['dog', 'frog', 'cat', 'airplane']",airplane
21115,2,"['ship', 'cat', 'automobile', 'airplane']",automobile
21116,3,"['frog', 'ship', 'automobile', 'airplane']",ship
21117,4,"['cat', 'automobile', 'frog', 'airplane']",automobile
21118,1,"['bird', 'dog', 'frog', 'cat', 'airplane']",airplane
21119,0,"['horse', 'deer', 'frog', 'cat']",horse
21120,7,"['automobile', 'cat', 'airplane', 'frog']",cat
21121,9,"['dog', 'frog', 'cat', 'airplane']",airplane
21122,3,"['frog', 'ship', 'automobile', 'airplane']",ship
21123,8,"['horse', 'airplane', 'cat', 'frog']",horse
21124,5,"['frog', 'ship', 'airplane', 'automobile']",ship
21125,6,"['automobile', 'horse', 'ship', 'airplane']",airplane
21126,5,"['frog', 'ship', 'airplane', 'automobile']",ship
21127,5,"['frog', 'ship', 'airplane', 'automobile']",ship
21128,5,"['frog', 'ship', 'airplane', 'automobile']",ship
21129,9,"['dog', 'frog', 'cat', 'airplane']",airplane
21130,5,"['frog', 'ship', 'airplane', 'automobile']",ship
21131,2,"['ship', 'cat', 'automobile', 'airplane']",cat
21132,6,"['automobile', 'horse', 'ship', 'airplane']",airplane
21133,9,"['dog', 'frog', 'cat', 'airplane']",airplane
21134,8,"['horse', 'airplane', 'cat', 'frog']",horse
21135,2,"['ship', 'cat', 'automobile', 'airplane']",cat
21136,7,"['automobile', 'cat', 'airplane', 'frog']",airplane
21137,1,"['bird', 'dog', 'frog', 'cat', 'airplane']",airplane
21138,9,"['dog', 'frog', 'cat', 'airplane']",airplane
21139,2,"['ship', 'cat', 'automobile', 'airplane']",cat
21140,8,"['horse', 'airplane', 'cat', 'frog']",horse
21141,1,"['bird', 'dog', 'frog', 'cat', 'airplane']",airplane
21142,1,"['bird', 'dog', 'frog', 'cat', 'airplane']",airplane
21143,0,"['horse', 'deer', 'frog', 'cat']",horse
21144,0,"['horse', 'deer', 'frog', 'cat']",horse
21145,2,"['ship', 'cat', 'automobile', 'airplane']",automobile
21146,6,"['automobile', 'horse', 'ship', 'airplane']",airplane
21147,3,"['frog', 'ship', 'automobile', 'airplane']",ship
21148,5,"['frog', 'ship', 'airplane', 'automobile']",ship
21149,1,"['bird', 'dog', 'frog', 'cat', 'airplane']",airplane
21150,1,"['bird', 'dog', 'frog', 'cat', 'airplane']",airplane
21151,1,"['bird', 'dog', 'frog', 'cat', 'airplane']",airplane
21152,1,"['bird', 'dog', 'frog', 'cat', 'airplane']",dog
21153,1,"['bird', 'dog', 'frog', 'cat', 'airplane']",airplane
21154,1,"['bird', 'dog', 'frog', 'cat', 'airplane']",airplane
21155,6,"['automobile', 'horse', 'ship', 'airplane']",airplane
21156,3,"['frog', 'ship', 'automobile', 'airplane']",ship
21157,8,"['horse', 'airplane', 'cat', 'frog']",horse
21158,0,"['horse', 'deer', 'frog', 'cat']",horse
21159,9,"['dog', 'frog', 'cat', 'airplane']",airplane
21160,8,"['horse', 'airplane', 'cat', 'frog']",horse
21161,4,"['cat', 'automobile', 'frog', 'airplane']",automobile
21162,2,"['ship', 'cat', 'automobile', 'airplane']",cat
21163,2,"['ship', 'cat', 'automobile', 'airplane']",cat
21164,8,"['horse', 'airplane', 'cat', 'frog']",horse
21165,8,"['horse', 'airplane', 'cat', 'frog']",horse
21166,0,"['horse', 'deer', 'frog', 'cat']",frog
21167,2,"['ship', 'cat', 'automobile', 'airplane']",automobile
21168,2,"['ship', 'cat', 'automobile', 'airplane']",automobile
21169,8,"['horse', 'airplane', 'cat', 'frog']",horse
21170,9,"['dog', 'frog', 'cat', 'airplane']",airplane
21171,4,"['cat', 'automobile', 'frog', 'airplane']",airplane
21172,8,"['horse', 'airplane', 'cat', 'frog']",horse
21173,4,"['cat', 'automobile', 'frog', 'airplane']",automobile
21174,3,"['frog', 'ship', 'automobile', 'airplane']",ship
21175,8,"['horse', 'airplane', 'cat', 'frog']",horse
21176,4,"['cat', 'automobile', 'frog', 'airplane']",automobile
21177,6,"['automobile', 'horse', 'ship', 'airplane']",airplane
21178,1,"['bird', 'dog', 'frog', 'cat', 'airplane']",airplane
21179,5,"['frog', 'ship', 'airplane', 'automobile']",ship
21180,1,"['bird', 'dog', 'frog', 'cat', 'airplane']",airplane
21181,1,"['bird', 'dog', 'frog', 'cat', 'airplane']",airplane
21182,9,"['dog', 'frog', 'cat', 'airplane']",airplane
21183,6,"['automobile', 'horse', 'ship', 'airplane']",airplane
21184,9,"['dog', 'frog', 'cat', 'airplane']",airplane
21185,7,"['automobile', 'cat', 'airplane', 'frog']",cat
21186,5,"['frog', 'ship', 'airplane', 'automobile']",ship
21187,4,"['cat', 'automobile', 'frog', 'airplane']",automobile
21188,4,"['cat', 'automobile', 'frog', 'airplane']",automobile
21189,2,"['ship', 'cat', 'automobile', 'airplane']",automobile
21190,5,"['frog', 'ship', 'airplane', 'automobile']",ship
21191,4,"['cat', 'automobile', 'frog', 'airplane']",automobile
21192,6,"['automobile', 'horse', 'ship', 'airplane']",airplane
21193,3,"['frog', 'ship', 'automobile', 'airplane']",ship
21194,4,"['cat', 'automobile', 'frog', 'airplane']",automobile
21195,0,"['horse', 'deer', 'frog', 'cat']",horse
21196,1,"['bird', 'dog', 'frog', 'cat', 'airplane']",airplane
21197,4,"['cat', 'automobile', 'frog', 'airplane']",airplane
21198,5,"['frog', 'ship', 'airplane', 'automobile']",ship
21199,1,"['bird', 'dog', 'frog', 'cat', 'airplane']",airplane
21200,6,"['automobile', 'horse', 'ship', 'airplane']",horse
21201,4,"['cat', 'automobile', 'frog', 'airplane']",automobile
21202,8,"['horse', 'airplane', 'cat', 'frog']",horse
21203,9,"['dog', 'frog', 'cat', 'airplane']",airplane
21204,0,"['horse', 'deer', 'frog', 'cat']",horse
21205,2,"['ship', 'cat', 'automobile', 'airplane']",cat
21206,1,"['bird', 'dog', 'frog', 'cat', 'airplane']",airplane
21207,3,"['frog', 'ship', 'automobile', 'airplane']",ship
21208,2,"['ship', 'cat', 'automobile', 'airplane']",cat
21209,9,"['dog', 'frog', 'cat', 'airplane']",airplane
21210,2,"['ship', 'cat', 'automobile', 'airplane']",cat
21211,7,"['automobile', 'cat', 'airplane', 'frog']",airplane
21212,9,"['dog', 'frog', 'cat', 'airplane']",airplane
21213,9,"['dog', 'frog', 'cat', 'airplane']",airplane
21214,5,"['frog', 'ship', 'airplane', 'automobile']",ship
21215,1,"['bird', 'dog', 'frog', 'cat', 'airplane']",airplane
21216,6,"['automobile', 'horse', 'ship', 'airplane']",airplane
21217,0,"['horse', 'deer', 'frog', 'cat']",horse
21218,1,"['bird', 'dog', 'frog', 'cat', 'airplane']",airplane
21219,9,"['dog', 'frog', 'cat', 'airplane']",dog
21220,5,"['frog', 'ship', 'airplane', 'automobile']",ship
21221,9,"['dog', 'frog', 'cat', 'airplane']",airplane
21222,4,"['cat', 'automobile', 'frog', 'airplane']",automobile
21223,2,"['ship', 'cat', 'automobile', 'airplane']",ship
21224,2,"['ship', 'cat', 'automobile', 'airplane']",automobile
21225,7,"['automobile', 'cat', 'airplane', 'frog']",cat
21226,8,"['horse', 'airplane', 'cat', 'frog']",horse
21227,0,"['horse', 'deer', 'frog', 'cat']",horse
21228,6,"['automobile', 'horse', 'ship', 'airplane']",airplane
21229,4,"['cat', 'automobile', 'frog', 'airplane']",airplane
21230,1,"['bird', 'dog', 'frog', 'cat', 'airplane']",airplane
21231,0,"['horse', 'deer', 'frog', 'cat']",horse
21232,0,"['horse', 'deer', 'frog', 'cat']",horse
21233,5,"['frog', 'ship', 'airplane', 'automobile']",ship
21234,1,"['bird', 'dog', 'frog', 'cat', 'airplane']",airplane
21235,5,"['frog', 'ship', 'airplane', 'automobile']",ship
21236,9,"['dog', 'frog', 'cat', 'airplane']",airplane
21237,9,"['dog', 'frog', 'cat', 'airplane']",dog
21238,1,"['bird', 'dog', 'frog', 'cat', 'airplane']",airplane
21239,3,"['frog', 'ship', 'automobile', 'airplane']",ship
21240,2,"['ship', 'cat', 'automobile', 'airplane']",cat
21241,8,"['horse', 'airplane', 'cat', 'frog']",horse
21242,9,"['dog', 'frog', 'cat', 'airplane']",dog
21243,0,"['horse', 'deer', 'frog', 'cat']",horse
21244,7,"['automobile', 'cat', 'airplane', 'frog']",cat
21245,1,"['bird', 'dog', 'frog', 'cat', 'airplane']",airplane
21246,8,"['horse', 'airplane', 'cat', 'frog']",horse
21247,2,"['ship', 'cat', 'automobile', 'airplane']",cat
21248,0,"['horse', 'deer', 'frog', 'cat']",horse
21249,8,"['horse', 'airplane', 'cat', 'frog']",horse
21250,3,"['frog', 'ship', 'automobile', 'airplane']",ship
21251,4,"['cat', 'automobile', 'frog', 'airplane']",automobile
21252,4,"['cat', 'automobile', 'frog', 'airplane']",automobile
21253,8,"['horse', 'airplane', 'cat', 'frog']",horse
21254,4,"['cat', 'automobile', 'frog', 'airplane']",automobile
21255,7,"['automobile', 'cat', 'airplane', 'frog']",airplane
21256,3,"['frog', 'ship', 'automobile', 'airplane']",ship
21257,8,"['horse', 'airplane', 'cat', 'frog']",horse
21258,5,"['frog', 'ship', 'airplane', 'automobile']",ship
21259,0,"['horse', 'deer', 'frog', 'cat']",horse
21260,4,"['cat', 'automobile', 'frog', 'airplane']",airplane
21261,5,"['frog', 'ship', 'airplane', 'automobile']",ship
21262,2,"['ship', 'cat', 'automobile', 'airplane']",cat
21263,8,"['horse', 'airplane', 'cat', 'frog']",horse
21264,6,"['automobile', 'horse', 'ship', 'airplane']",airplane
21265,5,"['frog', 'ship', 'airplane', 'automobile']",ship
21266,5,"['frog', 'ship', 'airplane', 'automobile']",ship
21267,8,"['horse', 'airplane', 'cat', 'frog']",horse
21268,7,"['automobile', 'cat', 'airplane', 'frog']",cat
21269,7,"['automobile', 'cat', 'airplane', 'frog']",cat
21270,1,"['bird', 'dog', 'frog', 'cat', 'airplane']",airplane
21271,5,"['frog', 'ship', 'airplane', 'automobile']",ship
21272,0,"['horse', 'deer', 'frog', 'cat']",horse
21273,9,"['dog', 'frog', 'cat', 'airplane']",dog
21274,3,"['frog', 'ship', 'automobile', 'airplane']",ship
21275,0,"['horse', 'deer', 'frog', 'cat']",horse
21276,7,"['automobile', 'cat', 'airplane', 'frog']",cat
21277,3,"['frog', 'ship', 'automobile', 'airplane']",ship
21278,5,"['frog', 'ship', 'airplane', 'automobile']",ship
21279,5,"['frog', 'ship', 'airplane', 'automobile']",ship
21280,1,"['bird', 'dog', 'frog', 'cat', 'airplane']",airplane
21281,4,"['cat', 'automobile', 'frog', 'airplane']",automobile
21282,9,"['dog', 'frog', 'cat', 'airplane']",dog
21283,1,"['bird', 'dog', 'frog', 'cat', 'airplane']",airplane
21284,2,"['ship', 'cat', 'automobile', 'airplane']",cat
21285,2,"['ship', 'cat', 'automobile', 'airplane']",automobile
21286,5,"['frog', 'ship', 'airplane', 'automobile']",ship
21287,3,"['frog', 'ship', 'automobile', 'airplane']",ship
21288,0,"['horse', 'deer', 'frog', 'cat']",horse
21289,9,"['dog', 'frog', 'cat', 'airplane']",airplane
21290,9,"['dog', 'frog', 'cat', 'airplane']",dog
21291,9,"['dog', 'frog', 'cat', 'airplane']",airplane
21292,6,"['automobile', 'horse', 'ship', 'airplane']",ship
21293,1,"['bird', 'dog', 'frog', 'cat', 'airplane']",airplane
21294,8,"['horse', 'airplane', 'cat', 'frog']",horse
21295,8,"['horse', 'airplane', 'cat', 'frog']",horse
21296,8,"['horse', 'airplane', 'cat', 'frog']",horse
21297,0,"['horse', 'deer', 'frog', 'cat']",horse
21298,8,"['horse', 'airplane', 'cat', 'frog']",horse
21299,3,"['frog', 'ship', 'automobile', 'airplane']",ship
21300,9,"['dog', 'frog', 'cat', 'airplane']",dog
21301,7,"['automobile', 'cat', 'airplane', 'frog']",airplane
21302,7,"['automobile', 'cat', 'airplane', 'frog']",cat
21303,4,"['cat', 'automobile', 'frog', 'airplane']",automobile
21304,4,"['cat', 'automobile', 'frog', 'airplane']",automobile
21305,0,"['horse', 'deer', 'frog', 'cat']",horse
21306,0,"['horse', 'deer', 'frog', 'cat']",horse
21307,4,"['cat', 'automobile', 'frog', 'airplane']",automobile
21308,0,"['horse', 'deer', 'frog', 'cat']",horse
21309,1,"['bird', 'dog', 'frog', 'cat', 'airplane']",airplane
21310,0,"['horse', 'deer', 'frog', 'cat']",horse
21311,6,"['automobile', 'horse', 'ship', 'airplane']",automobile
21312,8,"['horse', 'airplane', 'cat', 'frog']",horse
21313,6,"['automobile', 'horse', 'ship', 'airplane']",airplane
21314,7,"['automobile', 'cat', 'airplane', 'frog']",cat
21315,3,"['frog', 'ship', 'automobile', 'airplane']",ship
21316,2,"['ship', 'cat', 'automobile', 'airplane']",cat
21317,7,"['automobile', 'cat', 'airplane', 'frog']",airplane
21318,5,"['frog', 'ship', 'airplane', 'automobile']",ship
21319,8,"['horse', 'airplane', 'cat', 'frog']",horse
21320,5,"['frog', 'ship', 'airplane', 'automobile']",ship
21321,2,"['ship', 'cat', 'automobile', 'airplane']",cat
21322,0,"['horse', 'deer', 'frog', 'cat']",horse
21323,4,"['cat', 'automobile', 'frog', 'airplane']",automobile
21324,7,"['automobile', 'cat', 'airplane', 'frog']",cat
21325,5,"['frog', 'ship', 'airplane', 'automobile']",ship
21326,3,"['frog', 'ship', 'automobile', 'airplane']",ship
21327,4,"['cat', 'automobile', 'frog', 'airplane']",airplane
21328,1,"['bird', 'dog', 'frog', 'cat', 'airplane']",airplane
21329,7,"['automobile', 'cat', 'airplane', 'frog']",cat
21330,9,"['dog', 'frog', 'cat', 'airplane']",airplane
21331,1,"['bird', 'dog', 'frog', 'cat', 'airplane']",airplane
21332,2,"['ship', 'cat', 'automobile', 'airplane']",cat
21333,1,"['bird', 'dog', 'frog', 'cat', 'airplane']",airplane
21334,9,"['dog', 'frog', 'cat', 'airplane']",airplane
21335,7,"['automobile', 'cat', 'airplane', 'frog']",cat
21336,9,"['dog', 'frog', 'cat', 'airplane']",airplane
21337,8,"['horse', 'airplane', 'cat', 'frog']",horse
21338,0,"['horse', 'deer', 'frog', 'cat']",horse
21339,8,"['horse', 'airplane', 'cat', 'frog']",horse
21340,7,"['automobile', 'cat', 'airplane', 'frog']",airplane
21341,4,"['cat', 'automobile', 'frog', 'airplane']",automobile
21342,8,"['horse', 'airplane', 'cat', 'frog']",horse
21343,7,"['automobile', 'cat', 'airplane', 'frog']",cat
21344,7,"['automobile', 'cat', 'airplane', 'frog']",airplane
21345,0,"['horse', 'deer', 'frog', 'cat']",horse
21346,4,"['cat', 'automobile', 'frog', 'airplane']",automobile
21347,3,"['frog', 'ship', 'automobile', 'airplane']",ship
21348,2,"['ship', 'cat', 'automobile', 'airplane']",ship
21349,6,"['automobile', 'horse', 'ship', 'airplane']",airplane
21350,9,"['dog', 'frog', 'cat', 'airplane']",dog
21351,3,"['frog', 'ship', 'automobile', 'airplane']",ship
21352,5,"['frog', 'ship', 'airplane', 'automobile']",ship
21353,7,"['automobile', 'cat', 'airplane', 'frog']",cat
21354,4,"['cat', 'automobile', 'frog', 'airplane']",automobile
21355,9,"['dog', 'frog', 'cat', 'airplane']",dog
21356,5,"['frog', 'ship', 'airplane', 'automobile']",ship
21357,6,"['automobile', 'horse', 'ship', 'airplane']",airplane
21358,6,"['automobile', 'horse', 'ship', 'airplane']",airplane
21359,6,"['automobile', 'horse', 'ship', 'airplane']",horse
21360,0,"['horse', 'deer', 'frog', 'cat']",horse
21361,8,"['horse', 'airplane', 'cat', 'frog']",horse
21362,6,"['automobile', 'horse', 'ship', 'airplane']",airplane
21363,2,"['ship', 'cat', 'automobile', 'airplane']",cat
21364,4,"['cat', 'automobile', 'frog', 'airplane']",automobile
21365,2,"['ship', 'cat', 'automobile', 'airplane']",automobile
21366,3,"['frog', 'ship', 'automobile', 'airplane']",ship
21367,7,"['automobile', 'cat', 'airplane', 'frog']",cat
21368,3,"['frog', 'ship', 'automobile', 'airplane']",ship
21369,1,"['bird', 'dog', 'frog', 'cat', 'airplane']",airplane
21370,5,"['frog', 'ship', 'airplane', 'automobile']",ship
21371,7,"['automobile', 'cat', 'airplane', 'frog']",cat
21372,9,"['dog', 'frog', 'cat', 'airplane']",airplane
21373,3,"['frog', 'ship', 'automobile', 'airplane']",ship
21374,8,"['horse', 'airplane', 'cat', 'frog']",horse
21375,9,"['dog', 'frog', 'cat', 'airplane']",airplane
21376,9,"['dog', 'frog', 'cat', 'airplane']",airplane
21377,8,"['horse', 'airplane', 'cat', 'frog']",horse
21378,7,"['automobile', 'cat', 'airplane', 'frog']",airplane
21379,5,"['frog', 'ship', 'airplane', 'automobile']",ship
21380,9,"['dog', 'frog', 'cat', 'airplane']",dog
21381,7,"['automobile', 'cat', 'airplane', 'frog']",cat
21382,4,"['cat', 'automobile', 'frog', 'airplane']",automobile
21383,8,"['horse', 'airplane', 'cat', 'frog']",horse
21384,1,"['bird', 'dog', 'frog', 'cat', 'airplane']",airplane
21385,4,"['cat', 'automobile', 'frog', 'airplane']",automobile
21386,0,"['horse', 'deer', 'frog', 'cat']",horse
21387,0,"['horse', 'deer', 'frog', 'cat']",horse
21388,7,"['automobile', 'cat', 'airplane', 'frog']",cat
21389,4,"['cat', 'automobile', 'frog', 'airplane']",automobile
21390,9,"['dog', 'frog', 'cat', 'airplane']",airplane
21391,4,"['cat', 'automobile', 'frog', 'airplane']",automobile
21392,2,"['ship', 'cat', 'automobile', 'airplane']",cat
21393,0,"['horse', 'deer', 'frog', 'cat']",horse
21394,7,"['automobile', 'cat', 'airplane', 'frog']",cat
21395,8,"['horse', 'airplane', 'cat', 'frog']",horse
21396,7,"['automobile', 'cat', 'airplane', 'frog']",cat
21397,1,"['bird', 'dog', 'frog', 'cat', 'airplane']",airplane
21398,1,"['bird', 'dog', 'frog', 'cat', 'airplane']",airplane
21399,2,"['ship', 'cat', 'automobile', 'airplane']",cat
21400,3,"['frog', 'ship', 'automobile', 'airplane']",frog
21401,9,"['dog', 'frog', 'cat', 'airplane']",airplane
21402,3,"['frog', 'ship', 'automobile', 'airplane']",ship
21403,2,"['ship', 'cat', 'automobile', 'airplane']",ship
21404,0,"['horse', 'deer', 'frog', 'cat']",frog
21405,4,"['cat', 'automobile', 'frog', 'airplane']",automobile
21406,9,"['dog', 'frog', 'cat', 'airplane']",airplane
21407,1,"['bird', 'dog', 'frog', 'cat', 'airplane']",airplane
21408,9,"['dog', 'frog', 'cat', 'airplane']",airplane
21409,7,"['automobile', 'cat', 'airplane', 'frog']",airplane
21410,7,"['automobile', 'cat', 'airplane', 'frog']",cat
21411,9,"['dog', 'frog', 'cat', 'airplane']",airplane
21412,2,"['ship', 'cat', 'automobile', 'airplane']",cat
21413,0,"['horse', 'deer', 'frog', 'cat']",horse
21414,8,"['horse', 'airplane', 'cat', 'frog']",horse
21415,3,"['frog', 'ship', 'automobile', 'airplane']",ship
21416,1,"['bird', 'dog', 'frog', 'cat', 'airplane']",airplane
21417,4,"['cat', 'automobile', 'frog', 'airplane']",automobile
21418,1,"['bird', 'dog', 'frog', 'cat', 'airplane']",airplane
21419,4,"['cat', 'automobile', 'frog', 'airplane']",automobile
21420,3,"['frog', 'ship', 'automobile', 'airplane']",ship
21421,5,"['frog', 'ship', 'airplane', 'automobile']",ship
21422,1,"['bird', 'dog', 'frog', 'cat', 'airplane']",airplane
21423,1,"['bird', 'dog', 'frog', 'cat', 'airplane']",airplane
21424,6,"['automobile', 'horse', 'ship', 'airplane']",ship
21425,4,"['cat', 'automobile', 'frog', 'airplane']",automobile
21426,2,"['ship', 'cat', 'automobile', 'airplane']",cat
21427,8,"['horse', 'airplane', 'cat', 'frog']",horse
21428,5,"['frog', 'ship', 'airplane', 'automobile']",ship
21429,1,"['bird', 'dog', 'frog', 'cat', 'airplane']",airplane
21430,7,"['automobile', 'cat', 'airplane', 'frog']",airplane
21431,8,"['horse', 'airplane', 'cat', 'frog']",horse
21432,8,"['horse', 'airplane', 'cat', 'frog']",horse
21433,2,"['ship', 'cat', 'automobile', 'airplane']",cat
21434,8,"['horse', 'airplane', 'cat', 'frog']",horse
21435,6,"['automobile', 'horse', 'ship', 'airplane']",ship
21436,5,"['frog', 'ship', 'airplane', 'automobile']",ship
21437,1,"['bird', 'dog', 'frog', 'cat', 'airplane']",airplane
21438,6,"['automobile', 'horse', 'ship', 'airplane']",airplane
21439,0,"['horse', 'deer', 'frog', 'cat']",horse
21440,0,"['horse', 'deer', 'frog', 'cat']",horse
21441,7,"['automobile', 'cat', 'airplane', 'frog']",cat
21442,2,"['ship', 'cat', 'automobile', 'airplane']",automobile
21443,8,"['horse', 'airplane', 'cat', 'frog']",horse
21444,8,"['horse', 'airplane', 'cat', 'frog']",horse
21445,9,"['dog', 'frog', 'cat', 'airplane']",dog
21446,2,"['ship', 'cat', 'automobile', 'airplane']",automobile
21447,6,"['automobile', 'horse', 'ship', 'airplane']",airplane
21448,1,"['bird', 'dog', 'frog', 'cat', 'airplane']",airplane
21449,5,"['frog', 'ship', 'airplane', 'automobile']",ship
21450,5,"['frog', 'ship', 'airplane', 'automobile']",ship
21451,8,"['horse', 'airplane', 'cat', 'frog']",horse
21452,2,"['ship', 'cat', 'automobile', 'airplane']",automobile
21453,4,"['cat', 'automobile', 'frog', 'airplane']",automobile
21454,4,"['cat', 'automobile', 'frog', 'airplane']",automobile
21455,1,"['bird', 'dog', 'frog', 'cat', 'airplane']",airplane
21456,8,"['horse', 'airplane', 'cat', 'frog']",horse
21457,8,"['horse', 'airplane', 'cat', 'frog']",horse
21458,0,"['horse', 'deer', 'frog', 'cat']",horse
21459,3,"['frog', 'ship', 'automobile', 'airplane']",ship
21460,4,"['cat', 'automobile', 'frog', 'airplane']",automobile
21461,9,"['dog', 'frog', 'cat', 'airplane']",airplane
21462,3,"['frog', 'ship', 'automobile', 'airplane']",ship
21463,6,"['automobile', 'horse', 'ship', 'airplane']",airplane
21464,8,"['horse', 'airplane', 'cat', 'frog']",horse
21465,5,"['frog', 'ship', 'airplane', 'automobile']",ship
21466,0,"['horse', 'deer', 'frog', 'cat']",horse
21467,0,"['horse', 'deer', 'frog', 'cat']",horse
21468,3,"['frog', 'ship', 'automobile', 'airplane']",ship
21469,0,"['horse', 'deer', 'frog', 'cat']",horse
21470,9,"['dog', 'frog', 'cat', 'airplane']",dog
21471,9,"['dog', 'frog', 'cat', 'airplane']",airplane
21472,0,"['horse', 'deer', 'frog', 'cat']",horse
21473,4,"['cat', 'automobile', 'frog', 'airplane']",automobile
21474,1,"['bird', 'dog', 'frog', 'cat', 'airplane']",airplane
21475,6,"['automobile', 'horse', 'ship', 'airplane']",ship
21476,2,"['ship', 'cat', 'automobile', 'airplane']",cat
21477,8,"['horse', 'airplane', 'cat', 'frog']",horse
21478,9,"['dog', 'frog', 'cat', 'airplane']",airplane
21479,8,"['horse', 'airplane', 'cat', 'frog']",horse
21480,4,"['cat', 'automobile', 'frog', 'airplane']",automobile
21481,6,"['automobile', 'horse', 'ship', 'airplane']",airplane
21482,7,"['automobile', 'cat', 'airplane', 'frog']",cat
21483,8,"['horse', 'airplane', 'cat', 'frog']",horse
21484,8,"['horse', 'airplane', 'cat', 'frog']",horse
21485,9,"['dog', 'frog', 'cat', 'airplane']",airplane
21486,2,"['ship', 'cat', 'automobile', 'airplane']",automobile
21487,2,"['ship', 'cat', 'automobile', 'airplane']",ship
21488,0,"['horse', 'deer', 'frog', 'cat']",horse
21489,9,"['dog', 'frog', 'cat', 'airplane']",dog
21490,2,"['ship', 'cat', 'automobile', 'airplane']",ship
21491,2,"['ship', 'cat', 'automobile', 'airplane']",cat
21492,4,"['cat', 'automobile', 'frog', 'airplane']",automobile
21493,7,"['automobile', 'cat', 'airplane', 'frog']",cat
21494,5,"['frog', 'ship', 'airplane', 'automobile']",ship
21495,4,"['cat', 'automobile', 'frog', 'airplane']",automobile
21496,9,"['dog', 'frog', 'cat', 'airplane']",airplane
21497,6,"['automobile', 'horse', 'ship', 'airplane']",airplane
21498,1,"['bird', 'dog', 'frog', 'cat', 'airplane']",airplane
21499,8,"['horse', 'airplane', 'cat', 'frog']",horse
21500,2,"['ship', 'cat', 'automobile', 'airplane']",cat
21501,3,"['frog', 'ship', 'automobile', 'airplane']",ship
21502,5,"['frog', 'ship', 'airplane', 'automobile']",ship
21503,8,"['horse', 'airplane', 'cat', 'frog']",horse
21504,2,"['ship', 'cat', 'automobile', 'airplane']",cat
21505,8,"['horse', 'airplane', 'cat', 'frog']",horse
21506,9,"['dog', 'frog', 'cat', 'airplane']",airplane
21507,9,"['dog', 'frog', 'cat', 'airplane']",airplane
21508,7,"['automobile', 'cat', 'airplane', 'frog']",cat
21509,6,"['automobile', 'horse', 'ship', 'airplane']",airplane
21510,3,"['frog', 'ship', 'automobile', 'airplane']",frog
21511,9,"['dog', 'frog', 'cat', 'airplane']",airplane
21512,7,"['automobile', 'cat', 'airplane', 'frog']",airplane
21513,2,"['ship', 'cat', 'automobile', 'airplane']",ship
21514,6,"['automobile', 'horse', 'ship', 'airplane']",horse
21515,8,"['horse', 'airplane', 'cat', 'frog']",horse
21516,9,"['dog', 'frog', 'cat', 'airplane']",dog
21517,3,"['frog', 'ship', 'automobile', 'airplane']",ship
21518,9,"['dog', 'frog', 'cat', 'airplane']",dog
21519,9,"['dog', 'frog', 'cat', 'airplane']",airplane
21520,9,"['dog', 'frog', 'cat', 'airplane']",airplane
21521,2,"['ship', 'cat', 'automobile', 'airplane']",automobile
21522,0,"['horse', 'deer', 'frog', 'cat']",horse
21523,9,"['dog', 'frog', 'cat', 'airplane']",airplane
21524,3,"['frog', 'ship', 'automobile', 'airplane']",ship
21525,4,"['cat', 'automobile', 'frog', 'airplane']",automobile
21526,2,"['ship', 'cat', 'automobile', 'airplane']",ship
21527,3,"['frog', 'ship', 'automobile', 'airplane']",ship
21528,1,"['bird', 'dog', 'frog', 'cat', 'airplane']",airplane
21529,1,"['bird', 'dog', 'frog', 'cat', 'airplane']",airplane
21530,1,"['bird', 'dog', 'frog', 'cat', 'airplane']",airplane
21531,0,"['horse', 'deer', 'frog', 'cat']",horse
21532,2,"['ship', 'cat', 'automobile', 'airplane']",cat
21533,0,"['horse', 'deer', 'frog', 'cat']",horse
21534,5,"['frog', 'ship', 'airplane', 'automobile']",ship
21535,7,"['automobile', 'cat', 'airplane', 'frog']",frog
21536,3,"['frog', 'ship', 'automobile', 'airplane']",ship
21537,9,"['dog', 'frog', 'cat', 'airplane']",dog
21538,1,"['bird', 'dog', 'frog', 'cat', 'airplane']",airplane
21539,0,"['horse', 'deer', 'frog', 'cat']",horse
21540,1,"['bird', 'dog', 'frog', 'cat', 'airplane']",airplane
21541,8,"['horse', 'airplane', 'cat', 'frog']",horse
21542,9,"['dog', 'frog', 'cat', 'airplane']",airplane
21543,5,"['frog', 'ship', 'airplane', 'automobile']",ship
21544,3,"['frog', 'ship', 'automobile', 'airplane']",ship
21545,8,"['horse', 'airplane', 'cat', 'frog']",horse
21546,8,"['horse', 'airplane', 'cat', 'frog']",horse
21547,1,"['bird', 'dog', 'frog', 'cat', 'airplane']",airplane
21548,5,"['frog', 'ship', 'airplane', 'automobile']",ship
21549,3,"['frog', 'ship', 'automobile', 'airplane']",ship
21550,2,"['ship', 'cat', 'automobile', 'airplane']",cat
21551,3,"['frog', 'ship', 'automobile', 'airplane']",ship
21552,3,"['frog', 'ship', 'automobile', 'airplane']",ship
21553,7,"['automobile', 'cat', 'airplane', 'frog']",cat
21554,5,"['frog', 'ship', 'airplane', 'automobile']",ship
21555,9,"['dog', 'frog', 'cat', 'airplane']",airplane
21556,5,"['frog', 'ship', 'airplane', 'automobile']",ship
21557,7,"['automobile', 'cat', 'airplane', 'frog']",airplane
21558,1,"['bird', 'dog', 'frog', 'cat', 'airplane']",airplane
21559,9,"['dog', 'frog', 'cat', 'airplane']",airplane
21560,6,"['automobile', 'horse', 'ship', 'airplane']",airplane
21561,5,"['frog', 'ship', 'airplane', 'automobile']",ship
21562,9,"['dog', 'frog', 'cat', 'airplane']",airplane
21563,1,"['bird', 'dog', 'frog', 'cat', 'airplane']",airplane
21564,0,"['horse', 'deer', 'frog', 'cat']",horse
21565,8,"['horse', 'airplane', 'cat', 'frog']",horse
21566,4,"['cat', 'automobile', 'frog', 'airplane']",automobile
21567,3,"['frog', 'ship', 'automobile', 'airplane']",ship
21568,8,"['horse', 'airplane', 'cat', 'frog']",horse
21569,5,"['frog', 'ship', 'airplane', 'automobile']",ship
21570,4,"['cat', 'automobile', 'frog', 'airplane']",automobile
21571,9,"['dog', 'frog', 'cat', 'airplane']",airplane
21572,6,"['automobile', 'horse', 'ship', 'airplane']",automobile
21573,0,"['horse', 'deer', 'frog', 'cat']",horse
21574,3,"['frog', 'ship', 'automobile', 'airplane']",ship
21575,9,"['dog', 'frog', 'cat', 'airplane']",airplane
21576,7,"['automobile', 'cat', 'airplane', 'frog']",cat
21577,2,"['ship', 'cat', 'automobile', 'airplane']",cat
21578,3,"['frog', 'ship', 'automobile', 'airplane']",ship
21579,8,"['horse', 'airplane', 'cat', 'frog']",horse
21580,6,"['automobile', 'horse', 'ship', 'airplane']",airplane
21581,6,"['automobile', 'horse', 'ship', 'airplane']",airplane
21582,4,"['cat', 'automobile', 'frog', 'airplane']",automobile
21583,9,"['dog', 'frog', 'cat', 'airplane']",dog
21584,9,"['dog', 'frog', 'cat', 'airplane']",airplane
21585,1,"['bird', 'dog', 'frog', 'cat', 'airplane']",airplane
21586,5,"['frog', 'ship', 'airplane', 'automobile']",ship
21587,2,"['ship', 'cat', 'automobile', 'airplane']",ship
21588,6,"['automobile', 'horse', 'ship', 'airplane']",airplane
21589,7,"['automobile', 'cat', 'airplane', 'frog']",cat
21590,2,"['ship', 'cat', 'automobile', 'airplane']",cat
21591,2,"['ship', 'cat', 'automobile', 'airplane']",cat
21592,9,"['dog', 'frog', 'cat', 'airplane']",airplane
21593,1,"['bird', 'dog', 'frog', 'cat', 'airplane']",airplane
21594,0,"['horse', 'deer', 'frog', 'cat']",horse
21595,5,"['frog', 'ship', 'airplane', 'automobile']",ship
21596,8,"['horse', 'airplane', 'cat', 'frog']",horse
21597,4,"['cat', 'automobile', 'frog', 'airplane']",automobile
21598,5,"['frog', 'ship', 'airplane', 'automobile']",ship
21599,7,"['automobile', 'cat', 'airplane', 'frog']",cat
21600,9,"['dog', 'frog', 'cat', 'airplane']",airplane
21601,7,"['automobile', 'cat', 'airplane', 'frog']",cat
21602,0,"['horse', 'deer', 'frog', 'cat']",horse
21603,4,"['cat', 'automobile', 'frog', 'airplane']",automobile
21604,1,"['bird', 'dog', 'frog', 'cat', 'airplane']",airplane
21605,0,"['horse', 'deer', 'frog', 'cat']",horse
21606,3,"['frog', 'ship', 'automobile', 'airplane']",ship
21607,4,"['cat', 'automobile', 'frog', 'airplane']",automobile
21608,8,"['horse', 'airplane', 'cat', 'frog']",horse
21609,9,"['dog', 'frog', 'cat', 'airplane']",airplane
21610,5,"['frog', 'ship', 'airplane', 'automobile']",ship
21611,8,"['horse', 'airplane', 'cat', 'frog']",horse
21612,6,"['automobile', 'horse', 'ship', 'airplane']",airplane
21613,7,"['automobile', 'cat', 'airplane', 'frog']",cat
21614,9,"['dog', 'frog', 'cat', 'airplane']",airplane
21615,1,"['bird', 'dog', 'frog', 'cat', 'airplane']",airplane
21616,5,"['frog', 'ship', 'airplane', 'automobile']",ship
21617,7,"['automobile', 'cat', 'airplane', 'frog']",cat
21618,9,"['dog', 'frog', 'cat', 'airplane']",airplane
21619,4,"['cat', 'automobile', 'frog', 'airplane']",automobile
21620,6,"['automobile', 'horse', 'ship', 'airplane']",airplane
21621,6,"['automobile', 'horse', 'ship', 'airplane']",airplane
21622,7,"['automobile', 'cat', 'airplane', 'frog']",cat
21623,2,"['ship', 'cat', 'automobile', 'airplane']",cat
21624,1,"['bird', 'dog', 'frog', 'cat', 'airplane']",airplane
21625,3,"['frog', 'ship', 'automobile', 'airplane']",ship
21626,4,"['cat', 'automobile', 'frog', 'airplane']",airplane
21627,1,"['bird', 'dog', 'frog', 'cat', 'airplane']",airplane
21628,9,"['dog', 'frog', 'cat', 'airplane']",airplane
21629,4,"['cat', 'automobile', 'frog', 'airplane']",automobile
21630,2,"['ship', 'cat', 'automobile', 'airplane']",automobile
21631,1,"['bird', 'dog', 'frog', 'cat', 'airplane']",airplane
21632,9,"['dog', 'frog', 'cat', 'airplane']",airplane
21633,0,"['horse', 'deer', 'frog', 'cat']",horse
21634,0,"['horse', 'deer', 'frog', 'cat']",horse
21635,8,"['horse', 'airplane', 'cat', 'frog']",horse
21636,6,"['automobile', 'horse', 'ship', 'airplane']",airplane
21637,2,"['ship', 'cat', 'automobile', 'airplane']",cat
21638,8,"['horse', 'airplane', 'cat', 'frog']",horse
21639,0,"['horse', 'deer', 'frog', 'cat']",horse
21640,3,"['frog', 'ship', 'automobile', 'airplane']",ship
21641,7,"['automobile', 'cat', 'airplane', 'frog']",cat
21642,4,"['cat', 'automobile', 'frog', 'airplane']",automobile
21643,2,"['ship', 'cat', 'automobile', 'airplane']",cat
21644,6,"['automobile', 'horse', 'ship', 'airplane']",airplane
21645,9,"['dog', 'frog', 'cat', 'airplane']",airplane
21646,8,"['horse', 'airplane', 'cat', 'frog']",horse
21647,0,"['horse', 'deer', 'frog', 'cat']",horse
21648,9,"['dog', 'frog', 'cat', 'airplane']",dog
21649,4,"['cat', 'automobile', 'frog', 'airplane']",automobile
21650,2,"['ship', 'cat', 'automobile', 'airplane']",cat
21651,1,"['bird', 'dog', 'frog', 'cat', 'airplane']",airplane
21652,3,"['frog', 'ship', 'automobile', 'airplane']",ship
21653,1,"['bird', 'dog', 'frog', 'cat', 'airplane']",airplane
21654,2,"['ship', 'cat', 'automobile', 'airplane']",cat
21655,3,"['frog', 'ship', 'automobile', 'airplane']",ship
21656,2,"['ship', 'cat', 'automobile', 'airplane']",ship
21657,7,"['automobile', 'cat', 'airplane', 'frog']",cat
21658,9,"['dog', 'frog', 'cat', 'airplane']",airplane
21659,4,"['cat', 'automobile', 'frog', 'airplane']",automobile
21660,7,"['automobile', 'cat', 'airplane', 'frog']",frog
21661,1,"['bird', 'dog', 'frog', 'cat', 'airplane']",airplane
21662,1,"['bird', 'dog', 'frog', 'cat', 'airplane']",airplane
21663,2,"['ship', 'cat', 'automobile', 'airplane']",cat
21664,8,"['horse', 'airplane', 'cat', 'frog']",airplane
21665,8,"['horse', 'airplane', 'cat', 'frog']",horse
21666,4,"['cat', 'automobile', 'frog', 'airplane']",automobile
21667,8,"['horse', 'airplane', 'cat', 'frog']",horse
21668,2,"['ship', 'cat', 'automobile', 'airplane']",cat
21669,5,"['frog', 'ship', 'airplane', 'automobile']",ship
21670,5,"['frog', 'ship', 'airplane', 'automobile']",ship
21671,8,"['horse', 'airplane', 'cat', 'frog']",horse
21672,3,"['frog', 'ship', 'automobile', 'airplane']",ship
21673,6,"['automobile', 'horse', 'ship', 'airplane']",airplane
21674,0,"['horse', 'deer', 'frog', 'cat']",horse
21675,1,"['bird', 'dog', 'frog', 'cat', 'airplane']",airplane
21676,4,"['cat', 'automobile', 'frog', 'airplane']",automobile
21677,5,"['frog', 'ship', 'airplane', 'automobile']",ship
21678,5,"['frog', 'ship', 'airplane', 'automobile']",ship
21679,8,"['horse', 'airplane', 'cat', 'frog']",horse
21680,9,"['dog', 'frog', 'cat', 'airplane']",airplane
21681,8,"['horse', 'airplane', 'cat', 'frog']",horse
21682,5,"['frog', 'ship', 'airplane', 'automobile']",ship
21683,9,"['dog', 'frog', 'cat', 'airplane']",airplane
21684,4,"['cat', 'automobile', 'frog', 'airplane']",automobile
21685,1,"['bird', 'dog', 'frog', 'cat', 'airplane']",airplane
21686,3,"['frog', 'ship', 'automobile', 'airplane']",ship
21687,3,"['frog', 'ship', 'automobile', 'airplane']",ship
21688,9,"['dog', 'frog', 'cat', 'airplane']",dog
21689,5,"['frog', 'ship', 'airplane', 'automobile']",ship
21690,9,"['dog', 'frog', 'cat', 'airplane']",airplane
21691,7,"['automobile', 'cat', 'airplane', 'frog']",cat
21692,7,"['automobile', 'cat', 'airplane', 'frog']",cat
21693,4,"['cat', 'automobile', 'frog', 'airplane']",automobile
21694,4,"['cat', 'automobile', 'frog', 'airplane']",automobile
21695,7,"['automobile', 'cat', 'airplane', 'frog']",frog
21696,9,"['dog', 'frog', 'cat', 'airplane']",airplane
21697,3,"['frog', 'ship', 'automobile', 'airplane']",ship
21698,6,"['automobile', 'horse', 'ship', 'airplane']",airplane
21699,8,"['horse', 'airplane', 'cat', 'frog']",horse
21700,9,"['dog', 'frog', 'cat', 'airplane']",airplane
21701,2,"['ship', 'cat', 'automobile', 'airplane']",cat
21702,4,"['cat', 'automobile', 'frog', 'airplane']",automobile
21703,3,"['frog', 'ship', 'automobile', 'airplane']",ship
21704,6,"['automobile', 'horse', 'ship', 'airplane']",airplane
21705,5,"['frog', 'ship', 'airplane', 'automobile']",ship
21706,1,"['bird', 'dog', 'frog', 'cat', 'airplane']",airplane
21707,5,"['frog', 'ship', 'airplane', 'automobile']",ship
21708,4,"['cat', 'automobile', 'frog', 'airplane']",automobile
21709,5,"['frog', 'ship', 'airplane', 'automobile']",ship
21710,8,"['horse', 'airplane', 'cat', 'frog']",horse
21711,2,"['ship', 'cat', 'automobile', 'airplane']",cat
21712,3,"['frog', 'ship', 'automobile', 'airplane']",frog
21713,9,"['dog', 'frog', 'cat', 'airplane']",airplane
21714,9,"['dog', 'frog', 'cat', 'airplane']",dog
21715,7,"['automobile', 'cat', 'airplane', 'frog']",airplane
21716,8,"['horse', 'airplane', 'cat', 'frog']",horse
21717,6,"['automobile', 'horse', 'ship', 'airplane']",airplane
21718,7,"['automobile', 'cat', 'airplane', 'frog']",airplane
21719,6,"['automobile', 'horse', 'ship', 'airplane']",airplane
21720,1,"['bird', 'dog', 'frog', 'cat', 'airplane']",airplane
21721,0,"['horse', 'deer', 'frog', 'cat']",horse
21722,6,"['automobile', 'horse', 'ship', 'airplane']",airplane
21723,0,"['horse', 'deer', 'frog', 'cat']",horse
21724,3,"['frog', 'ship', 'automobile', 'airplane']",ship
21725,2,"['ship', 'cat', 'automobile', 'airplane']",automobile
21726,5,"['frog', 'ship', 'airplane', 'automobile']",ship
21727,3,"['frog', 'ship', 'automobile', 'airplane']",ship
21728,3,"['frog', 'ship', 'automobile', 'airplane']",ship
21729,9,"['dog', 'frog', 'cat', 'airplane']",airplane
21730,6,"['automobile', 'horse', 'ship', 'airplane']",automobile
21731,3,"['frog', 'ship', 'automobile', 'airplane']",ship
21732,0,"['horse', 'deer', 'frog', 'cat']",horse
21733,4,"['cat', 'automobile', 'frog', 'airplane']",automobile
21734,5,"['frog', 'ship', 'airplane', 'automobile']",ship
21735,7,"['automobile', 'cat', 'airplane', 'frog']",cat
21736,3,"['frog', 'ship', 'automobile', 'airplane']",ship
21737,5,"['frog', 'ship', 'airplane', 'automobile']",ship
21738,9,"['dog', 'frog', 'cat', 'airplane']",airplane
21739,3,"['frog', 'ship', 'automobile', 'airplane']",ship
21740,5,"['frog', 'ship', 'airplane', 'automobile']",ship
21741,8,"['horse', 'airplane', 'cat', 'frog']",horse
21742,7,"['automobile', 'cat', 'airplane', 'frog']",cat
21743,0,"['horse', 'deer', 'frog', 'cat']",horse
21744,3,"['frog', 'ship', 'automobile', 'airplane']",ship
21745,9,"['dog', 'frog', 'cat', 'airplane']",airplane
21746,2,"['ship', 'cat', 'automobile', 'airplane']",ship
21747,6,"['automobile', 'horse', 'ship', 'airplane']",airplane
21748,2,"['ship', 'cat', 'automobile', 'airplane']",automobile
21749,3,"['frog', 'ship', 'automobile', 'airplane']",ship
21750,2,"['ship', 'cat', 'automobile', 'airplane']",automobile
21751,7,"['automobile', 'cat', 'airplane', 'frog']",airplane
21752,1,"['bird', 'dog', 'frog', 'cat', 'airplane']",airplane
21753,4,"['cat', 'automobile', 'frog', 'airplane']",automobile
21754,7,"['automobile', 'cat', 'airplane', 'frog']",cat
21755,8,"['horse', 'airplane', 'cat', 'frog']",horse
21756,6,"['automobile', 'horse', 'ship', 'airplane']",horse
21757,4,"['cat', 'automobile', 'frog', 'airplane']",automobile
21758,0,"['horse', 'deer', 'frog', 'cat']",horse
21759,8,"['horse', 'airplane', 'cat', 'frog']",horse
21760,0,"['horse', 'deer', 'frog', 'cat']",horse
21761,0,"['horse', 'deer', 'frog', 'cat']",horse
21762,8,"['horse', 'airplane', 'cat', 'frog']",horse
21763,6,"['automobile', 'horse', 'ship', 'airplane']",ship
21764,8,"['horse', 'airplane', 'cat', 'frog']",horse
21765,2,"['ship', 'cat', 'automobile', 'airplane']",cat
21766,9,"['dog', 'frog', 'cat', 'airplane']",dog
21767,5,"['frog', 'ship', 'airplane', 'automobile']",ship
21768,4,"['cat', 'automobile', 'frog', 'airplane']",automobile
21769,3,"['frog', 'ship', 'automobile', 'airplane']",ship
21770,8,"['horse', 'airplane', 'cat', 'frog']",horse
21771,4,"['cat', 'automobile', 'frog', 'airplane']",airplane
21772,4,"['cat', 'automobile', 'frog', 'airplane']",automobile
21773,7,"['automobile', 'cat', 'airplane', 'frog']",cat
21774,0,"['horse', 'deer', 'frog', 'cat']",horse
21775,9,"['dog', 'frog', 'cat', 'airplane']",dog
21776,5,"['frog', 'ship', 'airplane', 'automobile']",ship
21777,0,"['horse', 'deer', 'frog', 'cat']",horse
21778,2,"['ship', 'cat', 'automobile', 'airplane']",cat
21779,4,"['cat', 'automobile', 'frog', 'airplane']",automobile
21780,5,"['frog', 'ship', 'airplane', 'automobile']",ship
21781,4,"['cat', 'automobile', 'frog', 'airplane']",automobile
21782,0,"['horse', 'deer', 'frog', 'cat']",horse
21783,3,"['frog', 'ship', 'automobile', 'airplane']",ship
21784,7,"['automobile', 'cat', 'airplane', 'frog']",cat
21785,8,"['horse', 'airplane', 'cat', 'frog']",horse
21786,9,"['dog', 'frog', 'cat', 'airplane']",airplane
21787,7,"['automobile', 'cat', 'airplane', 'frog']",cat
21788,4,"['cat', 'automobile', 'frog', 'airplane']",automobile
21789,4,"['cat', 'automobile', 'frog', 'airplane']",automobile
21790,6,"['automobile', 'horse', 'ship', 'airplane']",airplane
21791,6,"['automobile', 'horse', 'ship', 'airplane']",airplane
21792,5,"['frog', 'ship', 'airplane', 'automobile']",ship
21793,9,"['dog', 'frog', 'cat', 'airplane']",airplane
21794,4,"['cat', 'automobile', 'frog', 'airplane']",automobile
21795,1,"['bird', 'dog', 'frog', 'cat', 'airplane']",airplane
21796,1,"['bird', 'dog', 'frog', 'cat', 'airplane']",airplane
21797,5,"['frog', 'ship', 'airplane', 'automobile']",ship
21798,0,"['horse', 'deer', 'frog', 'cat']",horse
21799,9,"['dog', 'frog', 'cat', 'airplane']",dog
21800,6,"['automobile', 'horse', 'ship', 'airplane']",airplane
21801,9,"['dog', 'frog', 'cat', 'airplane']",airplane
21802,8,"['horse', 'airplane', 'cat', 'frog']",horse
21803,0,"['horse', 'deer', 'frog', 'cat']",horse
21804,5,"['frog', 'ship', 'airplane', 'automobile']",ship
21805,2,"['ship', 'cat', 'automobile', 'airplane']",cat
21806,6,"['automobile', 'horse', 'ship', 'airplane']",airplane
21807,6,"['automobile', 'horse', 'ship', 'airplane']",ship
21808,1,"['bird', 'dog', 'frog', 'cat', 'airplane']",airplane
21809,5,"['frog', 'ship', 'airplane', 'automobile']",ship
21810,5,"['frog', 'ship', 'airplane', 'automobile']",ship
21811,6,"['automobile', 'horse', 'ship', 'airplane']",airplane
21812,8,"['horse', 'airplane', 'cat', 'frog']",horse
21813,1,"['bird', 'dog', 'frog', 'cat', 'airplane']",airplane
21814,7,"['automobile', 'cat', 'airplane', 'frog']",airplane
21815,0,"['horse', 'deer', 'frog', 'cat']",horse
21816,7,"['automobile', 'cat', 'airplane', 'frog']",cat
21817,9,"['dog', 'frog', 'cat', 'airplane']",airplane
21818,3,"['frog', 'ship', 'automobile', 'airplane']",ship
21819,2,"['ship', 'cat', 'automobile', 'airplane']",automobile
21820,7,"['automobile', 'cat', 'airplane', 'frog']",airplane
21821,7,"['automobile', 'cat', 'airplane', 'frog']",frog
21822,7,"['automobile', 'cat', 'airplane', 'frog']",cat
21823,8,"['horse', 'airplane', 'cat', 'frog']",airplane
21824,2,"['ship', 'cat', 'automobile', 'airplane']",cat
21825,0,"['horse', 'deer', 'frog', 'cat']",horse
21826,3,"['frog', 'ship', 'automobile', 'airplane']",ship
21827,3,"['frog', 'ship', 'automobile', 'airplane']",ship
21828,6,"['automobile', 'horse', 'ship', 'airplane']",ship
21829,1,"['bird', 'dog', 'frog', 'cat', 'airplane']",airplane
21830,8,"['horse', 'airplane', 'cat', 'frog']",horse
21831,6,"['automobile', 'horse', 'ship', 'airplane']",airplane
21832,3,"['frog', 'ship', 'automobile', 'airplane']",ship
21833,7,"['automobile', 'cat', 'airplane', 'frog']",cat
21834,5,"['frog', 'ship', 'airplane', 'automobile']",ship
21835,3,"['frog', 'ship', 'automobile', 'airplane']",ship
21836,2,"['ship', 'cat', 'automobile', 'airplane']",automobile
21837,9,"['dog', 'frog', 'cat', 'airplane']",airplane
21838,4,"['cat', 'automobile', 'frog', 'airplane']",automobile
21839,5,"['frog', 'ship', 'airplane', 'automobile']",ship
21840,8,"['horse', 'airplane', 'cat', 'frog']",horse
21841,2,"['ship', 'cat', 'automobile', 'airplane']",ship
21842,8,"['horse', 'airplane', 'cat', 'frog']",horse
21843,7,"['automobile', 'cat', 'airplane', 'frog']",cat
21844,8,"['horse', 'airplane', 'cat', 'frog']",horse
21845,4,"['cat', 'automobile', 'frog', 'airplane']",automobile
21846,6,"['automobile', 'horse', 'ship', 'airplane']",airplane
21847,9,"['dog', 'frog', 'cat', 'airplane']",airplane
21848,1,"['bird', 'dog', 'frog', 'cat', 'airplane']",airplane
21849,2,"['ship', 'cat', 'automobile', 'airplane']",cat
21850,1,"['bird', 'dog', 'frog', 'cat', 'airplane']",airplane
21851,3,"['frog', 'ship', 'automobile', 'airplane']",ship
21852,7,"['automobile', 'cat', 'airplane', 'frog']",cat
21853,4,"['cat', 'automobile', 'frog', 'airplane']",automobile
21854,9,"['dog', 'frog', 'cat', 'airplane']",airplane
21855,5,"['frog', 'ship', 'airplane', 'automobile']",ship
21856,8,"['horse', 'airplane', 'cat', 'frog']",horse
21857,7,"['automobile', 'cat', 'airplane', 'frog']",cat
21858,5,"['frog', 'ship', 'airplane', 'automobile']",ship
21859,2,"['ship', 'cat', 'automobile', 'airplane']",cat
21860,2,"['ship', 'cat', 'automobile', 'airplane']",cat
21861,1,"['bird', 'dog', 'frog', 'cat', 'airplane']",airplane
21862,8,"['horse', 'airplane', 'cat', 'frog']",horse
21863,0,"['horse', 'deer', 'frog', 'cat']",horse
21864,3,"['frog', 'ship', 'automobile', 'airplane']",ship
21865,0,"['horse', 'deer', 'frog', 'cat']",horse
21866,9,"['dog', 'frog', 'cat', 'airplane']",dog
21867,2,"['ship', 'cat', 'automobile', 'airplane']",cat
21868,4,"['cat', 'automobile', 'frog', 'airplane']",automobile
21869,0,"['horse', 'deer', 'frog', 'cat']",horse
21870,1,"['bird', 'dog', 'frog', 'cat', 'airplane']",airplane
21871,1,"['bird', 'dog', 'frog', 'cat', 'airplane']",airplane
21872,6,"['automobile', 'horse', 'ship', 'airplane']",airplane
21873,3,"['frog', 'ship', 'automobile', 'airplane']",ship
21874,0,"['horse', 'deer', 'frog', 'cat']",horse
21875,7,"['automobile', 'cat', 'airplane', 'frog']",airplane
21876,7,"['automobile', 'cat', 'airplane', 'frog']",airplane
21877,1,"['bird', 'dog', 'frog', 'cat', 'airplane']",airplane
21878,0,"['horse', 'deer', 'frog', 'cat']",horse
21879,5,"['frog', 'ship', 'airplane', 'automobile']",ship
21880,8,"['horse', 'airplane', 'cat', 'frog']",horse
21881,0,"['horse', 'deer', 'frog', 'cat']",horse
21882,3,"['frog', 'ship', 'automobile', 'airplane']",ship
21883,9,"['dog', 'frog', 'cat', 'airplane']",airplane
21884,8,"['horse', 'airplane', 'cat', 'frog']",horse
21885,2,"['ship', 'cat', 'automobile', 'airplane']",cat
21886,2,"['ship', 'cat', 'automobile', 'airplane']",cat
21887,9,"['dog', 'frog', 'cat', 'airplane']",dog
21888,1,"['bird', 'dog', 'frog', 'cat', 'airplane']",airplane
21889,5,"['frog', 'ship', 'airplane', 'automobile']",ship
21890,1,"['bird', 'dog', 'frog', 'cat', 'airplane']",airplane
21891,7,"['automobile', 'cat', 'airplane', 'frog']",cat
21892,0,"['horse', 'deer', 'frog', 'cat']",frog
21893,1,"['bird', 'dog', 'frog', 'cat', 'airplane']",airplane
21894,9,"['dog', 'frog', 'cat', 'airplane']",airplane
21895,9,"['dog', 'frog', 'cat', 'airplane']",airplane
21896,4,"['cat', 'automobile', 'frog', 'airplane']",automobile
21897,2,"['ship', 'cat', 'automobile', 'airplane']",cat
21898,3,"['frog', 'ship', 'automobile', 'airplane']",ship
21899,4,"['cat', 'automobile', 'frog', 'airplane']",automobile
21900,2,"['ship', 'cat', 'automobile', 'airplane']",ship
21901,8,"['horse', 'airplane', 'cat', 'frog']",horse
21902,7,"['automobile', 'cat', 'airplane', 'frog']",airplane
21903,0,"['horse', 'deer', 'frog', 'cat']",horse
21904,7,"['automobile', 'cat', 'airplane', 'frog']",cat
21905,8,"['horse', 'airplane', 'cat', 'frog']",horse
21906,2,"['ship', 'cat', 'automobile', 'airplane']",cat
21907,9,"['dog', 'frog', 'cat', 'airplane']",airplane
21908,6,"['automobile', 'horse', 'ship', 'airplane']",ship
21909,3,"['frog', 'ship', 'automobile', 'airplane']",ship
21910,5,"['frog', 'ship', 'airplane', 'automobile']",ship
21911,5,"['frog', 'ship', 'airplane', 'automobile']",ship
21912,4,"['cat', 'automobile', 'frog', 'airplane']",automobile
21913,3,"['frog', 'ship', 'automobile', 'airplane']",ship
21914,3,"['frog', 'ship', 'automobile', 'airplane']",ship
21915,5,"['frog', 'ship', 'airplane', 'automobile']",ship
21916,5,"['frog', 'ship', 'airplane', 'automobile']",ship
21917,6,"['automobile', 'horse', 'ship', 'airplane']",airplane
21918,7,"['automobile', 'cat', 'airplane', 'frog']",cat
21919,8,"['horse', 'airplane', 'cat', 'frog']",horse
21920,5,"['frog', 'ship', 'airplane', 'automobile']",ship
21921,3,"['frog', 'ship', 'automobile', 'airplane']",ship
21922,2,"['ship', 'cat', 'automobile', 'airplane']",cat
21923,9,"['dog', 'frog', 'cat', 'airplane']",airplane
21924,0,"['horse', 'deer', 'frog', 'cat']",horse
21925,2,"['ship', 'cat', 'automobile', 'airplane']",cat
21926,9,"['dog', 'frog', 'cat', 'airplane']",airplane
21927,7,"['automobile', 'cat', 'airplane', 'frog']",cat
21928,5,"['frog', 'ship', 'airplane', 'automobile']",ship
21929,4,"['cat', 'automobile', 'frog', 'airplane']",automobile
21930,0,"['horse', 'deer', 'frog', 'cat']",horse
21931,8,"['horse', 'airplane', 'cat', 'frog']",horse
21932,0,"['horse', 'deer', 'frog', 'cat']",horse
21933,1,"['bird', 'dog', 'frog', 'cat', 'airplane']",airplane
21934,6,"['automobile', 'horse', 'ship', 'airplane']",airplane
21935,6,"['automobile', 'horse', 'ship', 'airplane']",automobile
21936,8,"['horse', 'airplane', 'cat', 'frog']",horse
21937,6,"['automobile', 'horse', 'ship', 'airplane']",airplane
21938,1,"['bird', 'dog', 'frog', 'cat', 'airplane']",airplane
21939,9,"['dog', 'frog', 'cat', 'airplane']",airplane
21940,2,"['ship', 'cat', 'automobile', 'airplane']",automobile
21941,6,"['automobile', 'horse', 'ship', 'airplane']",ship
21942,2,"['ship', 'cat', 'automobile', 'airplane']",cat
21943,8,"['horse', 'airplane', 'cat', 'frog']",horse
21944,5,"['frog', 'ship', 'airplane', 'automobile']",ship
21945,0,"['horse', 'deer', 'frog', 'cat']",horse
21946,4,"['cat', 'automobile', 'frog', 'airplane']",automobile
21947,1,"['bird', 'dog', 'frog', 'cat', 'airplane']",airplane
21948,3,"['frog', 'ship', 'automobile', 'airplane']",ship
21949,4,"['cat', 'automobile', 'frog', 'airplane']",automobile
21950,4,"['cat', 'automobile', 'frog', 'airplane']",automobile
21951,4,"['cat', 'automobile', 'frog', 'airplane']",automobile
21952,3,"['frog', 'ship', 'automobile', 'airplane']",ship
21953,8,"['horse', 'airplane', 'cat', 'frog']",horse
21954,9,"['dog', 'frog', 'cat', 'airplane']",airplane
21955,4,"['cat', 'automobile', 'frog', 'airplane']",automobile
21956,6,"['automobile', 'horse', 'ship', 'airplane']",airplane
21957,5,"['frog', 'ship', 'airplane', 'automobile']",ship
21958,6,"['automobile', 'horse', 'ship', 'airplane']",ship
21959,1,"['bird', 'dog', 'frog', 'cat', 'airplane']",airplane
21960,9,"['dog', 'frog', 'cat', 'airplane']",airplane
21961,5,"['frog', 'ship', 'airplane', 'automobile']",ship
21962,3,"['frog', 'ship', 'automobile', 'airplane']",ship
21963,7,"['automobile', 'cat', 'airplane', 'frog']",cat
21964,0,"['horse', 'deer', 'frog', 'cat']",horse
21965,6,"['automobile', 'horse', 'ship', 'airplane']",automobile
21966,4,"['cat', 'automobile', 'frog', 'airplane']",automobile
21967,7,"['automobile', 'cat', 'airplane', 'frog']",cat
21968,9,"['dog', 'frog', 'cat', 'airplane']",airplane
21969,3,"['frog', 'ship', 'automobile', 'airplane']",ship
21970,6,"['automobile', 'horse', 'ship', 'airplane']",ship
21971,1,"['bird', 'dog', 'frog', 'cat', 'airplane']",airplane
21972,8,"['horse', 'airplane', 'cat', 'frog']",horse
21973,2,"['ship', 'cat', 'automobile', 'airplane']",automobile
21974,0,"['horse', 'deer', 'frog', 'cat']",horse
21975,0,"['horse', 'deer', 'frog', 'cat']",horse
21976,1,"['bird', 'dog', 'frog', 'cat', 'airplane']",airplane
21977,5,"['frog', 'ship', 'airplane', 'automobile']",ship
21978,4,"['cat', 'automobile', 'frog', 'airplane']",automobile
21979,6,"['automobile', 'horse', 'ship', 'airplane']",airplane
21980,4,"['cat', 'automobile', 'frog', 'airplane']",automobile
21981,2,"['ship', 'cat', 'automobile', 'airplane']",cat
21982,3,"['frog', 'ship', 'automobile', 'airplane']",ship
21983,0,"['horse', 'deer', 'frog', 'cat']",horse
21984,1,"['bird', 'dog', 'frog', 'cat', 'airplane']",airplane
21985,1,"['bird', 'dog', 'frog', 'cat', 'airplane']",airplane
21986,5,"['frog', 'ship', 'airplane', 'automobile']",ship
21987,2,"['ship', 'cat', 'automobile', 'airplane']",cat
21988,9,"['dog', 'frog', 'cat', 'airplane']",airplane
21989,6,"['automobile', 'horse', 'ship', 'airplane']",horse
21990,3,"['frog', 'ship', 'automobile', 'airplane']",ship
21991,3,"['frog', 'ship', 'automobile', 'airplane']",ship
21992,1,"['bird', 'dog', 'frog', 'cat', 'airplane']",airplane
21993,9,"['dog', 'frog', 'cat', 'airplane']",airplane
21994,7,"['automobile', 'cat', 'airplane', 'frog']",cat
21995,7,"['automobile', 'cat', 'airplane', 'frog']",cat
21996,5,"['frog', 'ship', 'airplane', 'automobile']",ship
21997,0,"['horse', 'deer', 'frog', 'cat']",horse
21998,8,"['horse', 'airplane', 'cat', 'frog']",horse
21999,9,"['dog', 'frog', 'cat', 'airplane']",dog
22000,8,"['horse', 'airplane', 'cat', 'frog']",horse
22001,1,"['bird', 'dog', 'frog', 'cat', 'airplane']",airplane
22002,6,"['automobile', 'horse', 'ship', 'airplane']",airplane
22003,5,"['frog', 'ship', 'airplane', 'automobile']",ship
22004,6,"['automobile', 'horse', 'ship', 'airplane']",airplane
22005,4,"['cat', 'automobile', 'frog', 'airplane']",airplane
22006,2,"['ship', 'cat', 'automobile', 'airplane']",automobile
22007,3,"['frog', 'ship', 'automobile', 'airplane']",ship
22008,3,"['frog', 'ship', 'automobile', 'airplane']",ship
22009,9,"['dog', 'frog', 'cat', 'airplane']",airplane
22010,8,"['horse', 'airplane', 'cat', 'frog']",horse
22011,3,"['frog', 'ship', 'automobile', 'airplane']",ship
22012,2,"['ship', 'cat', 'automobile', 'airplane']",cat
22013,1,"['bird', 'dog', 'frog', 'cat', 'airplane']",airplane
22014,2,"['ship', 'cat', 'automobile', 'airplane']",cat
22015,7,"['automobile', 'cat', 'airplane', 'frog']",cat
22016,9,"['dog', 'frog', 'cat', 'airplane']",dog
22017,9,"['dog', 'frog', 'cat', 'airplane']",dog
22018,4,"['cat', 'automobile', 'frog', 'airplane']",automobile
22019,7,"['automobile', 'cat', 'airplane', 'frog']",frog
22020,2,"['ship', 'cat', 'automobile', 'airplane']",cat
22021,5,"['frog', 'ship', 'airplane', 'automobile']",ship
22022,8,"['horse', 'airplane', 'cat', 'frog']",horse
22023,8,"['horse', 'airplane', 'cat', 'frog']",horse
22024,9,"['dog', 'frog', 'cat', 'airplane']",airplane
22025,3,"['frog', 'ship', 'automobile', 'airplane']",ship
22026,0,"['horse', 'deer', 'frog', 'cat']",horse
22027,6,"['automobile', 'horse', 'ship', 'airplane']",airplane
22028,3,"['frog', 'ship', 'automobile', 'airplane']",ship
22029,6,"['automobile', 'horse', 'ship', 'airplane']",airplane
22030,3,"['frog', 'ship', 'automobile', 'airplane']",ship
22031,7,"['automobile', 'cat', 'airplane', 'frog']",cat
22032,2,"['ship', 'cat', 'automobile', 'airplane']",cat
22033,9,"['dog', 'frog', 'cat', 'airplane']",airplane
22034,0,"['horse', 'deer', 'frog', 'cat']",horse
22035,2,"['ship', 'cat', 'automobile', 'airplane']",cat
22036,7,"['automobile', 'cat', 'airplane', 'frog']",cat
22037,1,"['bird', 'dog', 'frog', 'cat', 'airplane']",airplane
22038,9,"['dog', 'frog', 'cat', 'airplane']",dog
22039,6,"['automobile', 'horse', 'ship', 'airplane']",airplane
22040,0,"['horse', 'deer', 'frog', 'cat']",horse
22041,1,"['bird', 'dog', 'frog', 'cat', 'airplane']",airplane
22042,3,"['frog', 'ship', 'automobile', 'airplane']",ship
22043,1,"['bird', 'dog', 'frog', 'cat', 'airplane']",airplane
22044,6,"['automobile', 'horse', 'ship', 'airplane']",ship
22045,2,"['ship', 'cat', 'automobile', 'airplane']",cat
22046,7,"['automobile', 'cat', 'airplane', 'frog']",cat
22047,5,"['frog', 'ship', 'airplane', 'automobile']",ship
22048,1,"['bird', 'dog', 'frog', 'cat', 'airplane']",airplane
22049,3,"['frog', 'ship', 'automobile', 'airplane']",ship
22050,4,"['cat', 'automobile', 'frog', 'airplane']",automobile
22051,9,"['dog', 'frog', 'cat', 'airplane']",airplane
22052,7,"['automobile', 'cat', 'airplane', 'frog']",airplane
22053,4,"['cat', 'automobile', 'frog', 'airplane']",automobile
22054,1,"['bird', 'dog', 'frog', 'cat', 'airplane']",airplane
22055,1,"['bird', 'dog', 'frog', 'cat', 'airplane']",airplane
22056,8,"['horse', 'airplane', 'cat', 'frog']",horse
22057,4,"['cat', 'automobile', 'frog', 'airplane']",automobile
22058,6,"['automobile', 'horse', 'ship', 'airplane']",airplane
22059,5,"['frog', 'ship', 'airplane', 'automobile']",ship
22060,1,"['bird', 'dog', 'frog', 'cat', 'airplane']",airplane
22061,5,"['frog', 'ship', 'airplane', 'automobile']",ship
22062,0,"['horse', 'deer', 'frog', 'cat']",horse
22063,1,"['bird', 'dog', 'frog', 'cat', 'airplane']",airplane
22064,8,"['horse', 'airplane', 'cat', 'frog']",horse
22065,6,"['automobile', 'horse', 'ship', 'airplane']",airplane
22066,6,"['automobile', 'horse', 'ship', 'airplane']",airplane
22067,1,"['bird', 'dog', 'frog', 'cat', 'airplane']",airplane
22068,6,"['automobile', 'horse', 'ship', 'airplane']",automobile
22069,7,"['automobile', 'cat', 'airplane', 'frog']",airplane
22070,1,"['bird', 'dog', 'frog', 'cat', 'airplane']",airplane
22071,3,"['frog', 'ship', 'automobile', 'airplane']",ship
22072,1,"['bird', 'dog', 'frog', 'cat', 'airplane']",airplane
22073,5,"['frog', 'ship', 'airplane', 'automobile']",ship
22074,2,"['ship', 'cat', 'automobile', 'airplane']",cat
22075,9,"['dog', 'frog', 'cat', 'airplane']",airplane
22076,7,"['automobile', 'cat', 'airplane', 'frog']",cat
22077,9,"['dog', 'frog', 'cat', 'airplane']",airplane
22078,7,"['automobile', 'cat', 'airplane', 'frog']",cat
22079,5,"['frog', 'ship', 'airplane', 'automobile']",ship
22080,0,"['horse', 'deer', 'frog', 'cat']",horse
22081,6,"['automobile', 'horse', 'ship', 'airplane']",automobile
22082,6,"['automobile', 'horse', 'ship', 'airplane']",airplane
22083,5,"['frog', 'ship', 'airplane', 'automobile']",ship
22084,0,"['horse', 'deer', 'frog', 'cat']",horse
22085,6,"['automobile', 'horse', 'ship', 'airplane']",airplane
22086,5,"['frog', 'ship', 'airplane', 'automobile']",ship
22087,6,"['automobile', 'horse', 'ship', 'airplane']",airplane
22088,1,"['bird', 'dog', 'frog', 'cat', 'airplane']",airplane
22089,1,"['bird', 'dog', 'frog', 'cat', 'airplane']",airplane
22090,1,"['bird', 'dog', 'frog', 'cat', 'airplane']",airplane
22091,9,"['dog', 'frog', 'cat', 'airplane']",airplane
22092,6,"['automobile', 'horse', 'ship', 'airplane']",ship
22093,1,"['bird', 'dog', 'frog', 'cat', 'airplane']",airplane
22094,8,"['horse', 'airplane', 'cat', 'frog']",horse
22095,9,"['dog', 'frog', 'cat', 'airplane']",dog
22096,8,"['horse', 'airplane', 'cat', 'frog']",horse
22097,7,"['automobile', 'cat', 'airplane', 'frog']",airplane
22098,4,"['cat', 'automobile', 'frog', 'airplane']",automobile
22099,5,"['frog', 'ship', 'airplane', 'automobile']",ship
22100,6,"['automobile', 'horse', 'ship', 'airplane']",airplane
22101,6,"['automobile', 'horse', 'ship', 'airplane']",airplane
22102,9,"['dog', 'frog', 'cat', 'airplane']",airplane
22103,5,"['frog', 'ship', 'airplane', 'automobile']",ship
22104,2,"['ship', 'cat', 'automobile', 'airplane']",cat
22105,3,"['frog', 'ship', 'automobile', 'airplane']",ship
22106,7,"['automobile', 'cat', 'airplane', 'frog']",cat
22107,2,"['ship', 'cat', 'automobile', 'airplane']",cat
22108,1,"['bird', 'dog', 'frog', 'cat', 'airplane']",airplane
22109,0,"['horse', 'deer', 'frog', 'cat']",horse
22110,3,"['frog', 'ship', 'automobile', 'airplane']",ship
22111,1,"['bird', 'dog', 'frog', 'cat', 'airplane']",airplane
22112,0,"['horse', 'deer', 'frog', 'cat']",horse
22113,6,"['automobile', 'horse', 'ship', 'airplane']",airplane
22114,2,"['ship', 'cat', 'automobile', 'airplane']",cat
22115,7,"['automobile', 'cat', 'airplane', 'frog']",airplane
22116,7,"['automobile', 'cat', 'airplane', 'frog']",airplane
22117,9,"['dog', 'frog', 'cat', 'airplane']",dog
22118,0,"['horse', 'deer', 'frog', 'cat']",horse
22119,5,"['frog', 'ship', 'airplane', 'automobile']",ship
22120,7,"['automobile', 'cat', 'airplane', 'frog']",cat
22121,7,"['automobile', 'cat', 'airplane', 'frog']",cat
22122,2,"['ship', 'cat', 'automobile', 'airplane']",cat
22123,0,"['horse', 'deer', 'frog', 'cat']",horse
22124,4,"['cat', 'automobile', 'frog', 'airplane']",automobile
22125,3,"['frog', 'ship', 'automobile', 'airplane']",ship
22126,7,"['automobile', 'cat', 'airplane', 'frog']",cat
22127,9,"['dog', 'frog', 'cat', 'airplane']",airplane
22128,7,"['automobile', 'cat', 'airplane', 'frog']",frog
22129,0,"['horse', 'deer', 'frog', 'cat']",horse
22130,7,"['automobile', 'cat', 'airplane', 'frog']",airplane
22131,5,"['frog', 'ship', 'airplane', 'automobile']",ship
22132,8,"['horse', 'airplane', 'cat', 'frog']",horse
22133,4,"['cat', 'automobile', 'frog', 'airplane']",automobile
22134,9,"['dog', 'frog', 'cat', 'airplane']",airplane
22135,3,"['frog', 'ship', 'automobile', 'airplane']",ship
22136,7,"['automobile', 'cat', 'airplane', 'frog']",cat
22137,4,"['cat', 'automobile', 'frog', 'airplane']",automobile
22138,7,"['automobile', 'cat', 'airplane', 'frog']",cat
22139,4,"['cat', 'automobile', 'frog', 'airplane']",automobile
22140,9,"['dog', 'frog', 'cat', 'airplane']",dog
22141,8,"['horse', 'airplane', 'cat', 'frog']",horse
22142,0,"['horse', 'deer', 'frog', 'cat']",horse
22143,3,"['frog', 'ship', 'automobile', 'airplane']",ship
22144,4,"['cat', 'automobile', 'frog', 'airplane']",automobile
22145,1,"['bird', 'dog', 'frog', 'cat', 'airplane']",airplane
22146,0,"['horse', 'deer', 'frog', 'cat']",horse
22147,8,"['horse', 'airplane', 'cat', 'frog']",horse
22148,4,"['cat', 'automobile', 'frog', 'airplane']",airplane
22149,4,"['cat', 'automobile', 'frog', 'airplane']",automobile
22150,9,"['dog', 'frog', 'cat', 'airplane']",airplane
22151,1,"['bird', 'dog', 'frog', 'cat', 'airplane']",airplane
22152,9,"['dog', 'frog', 'cat', 'airplane']",airplane
22153,4,"['cat', 'automobile', 'frog', 'airplane']",automobile
22154,1,"['bird', 'dog', 'frog', 'cat', 'airplane']",airplane
22155,2,"['ship', 'cat', 'automobile', 'airplane']",automobile
22156,9,"['dog', 'frog', 'cat', 'airplane']",airplane
22157,6,"['automobile', 'horse', 'ship', 'airplane']",airplane
22158,5,"['frog', 'ship', 'airplane', 'automobile']",ship
22159,0,"['horse', 'deer', 'frog', 'cat']",horse
22160,9,"['dog', 'frog', 'cat', 'airplane']",airplane
22161,3,"['frog', 'ship', 'automobile', 'airplane']",ship
22162,9,"['dog', 'frog', 'cat', 'airplane']",airplane
22163,1,"['bird', 'dog', 'frog', 'cat', 'airplane']",airplane
22164,0,"['horse', 'deer', 'frog', 'cat']",horse
22165,1,"['bird', 'dog', 'frog', 'cat', 'airplane']",airplane
22166,9,"['dog', 'frog', 'cat', 'airplane']",dog
22167,0,"['horse', 'deer', 'frog', 'cat']",horse
22168,2,"['ship', 'cat', 'automobile', 'airplane']",automobile
22169,7,"['automobile', 'cat', 'airplane', 'frog']",cat
22170,2,"['ship', 'cat', 'automobile', 'airplane']",automobile
22171,3,"['frog', 'ship', 'automobile', 'airplane']",ship
22172,8,"['horse', 'airplane', 'cat', 'frog']",horse
22173,4,"['cat', 'automobile', 'frog', 'airplane']",automobile
22174,5,"['frog', 'ship', 'airplane', 'automobile']",ship
22175,1,"['bird', 'dog', 'frog', 'cat', 'airplane']",airplane
22176,6,"['automobile', 'horse', 'ship', 'airplane']",ship
22177,8,"['horse', 'airplane', 'cat', 'frog']",horse
22178,0,"['horse', 'deer', 'frog', 'cat']",horse
22179,7,"['automobile', 'cat', 'airplane', 'frog']",frog
22180,7,"['automobile', 'cat', 'airplane', 'frog']",cat
22181,9,"['dog', 'frog', 'cat', 'airplane']",airplane
22182,9,"['dog', 'frog', 'cat', 'airplane']",airplane
22183,4,"['cat', 'automobile', 'frog', 'airplane']",automobile
22184,5,"['frog', 'ship', 'airplane', 'automobile']",ship
22185,4,"['cat', 'automobile', 'frog', 'airplane']",automobile
22186,9,"['dog', 'frog', 'cat', 'airplane']",airplane
22187,9,"['dog', 'frog', 'cat', 'airplane']",airplane
22188,5,"['frog', 'ship', 'airplane', 'automobile']",ship
22189,0,"['horse', 'deer', 'frog', 'cat']",horse
22190,0,"['horse', 'deer', 'frog', 'cat']",horse
22191,6,"['automobile', 'horse', 'ship', 'airplane']",automobile
22192,4,"['cat', 'automobile', 'frog', 'airplane']",automobile
22193,3,"['frog', 'ship', 'automobile', 'airplane']",ship
22194,0,"['horse', 'deer', 'frog', 'cat']",horse
22195,4,"['cat', 'automobile', 'frog', 'airplane']",automobile
22196,9,"['dog', 'frog', 'cat', 'airplane']",airplane
22197,9,"['dog', 'frog', 'cat', 'airplane']",dog
22198,7,"['automobile', 'cat', 'airplane', 'frog']",cat
22199,9,"['dog', 'frog', 'cat', 'airplane']",airplane
22200,0,"['horse', 'deer', 'frog', 'cat']",horse
22201,7,"['automobile', 'cat', 'airplane', 'frog']",cat
22202,4,"['cat', 'automobile', 'frog', 'airplane']",automobile
22203,4,"['cat', 'automobile', 'frog', 'airplane']",automobile
22204,7,"['automobile', 'cat', 'airplane', 'frog']",cat
22205,4,"['cat', 'automobile', 'frog', 'airplane']",automobile
22206,9,"['dog', 'frog', 'cat', 'airplane']",airplane
22207,7,"['automobile', 'cat', 'airplane', 'frog']",frog
22208,9,"['dog', 'frog', 'cat', 'airplane']",airplane
22209,3,"['frog', 'ship', 'automobile', 'airplane']",frog
22210,4,"['cat', 'automobile', 'frog', 'airplane']",automobile
22211,2,"['ship', 'cat', 'automobile', 'airplane']",cat
22212,1,"['bird', 'dog', 'frog', 'cat', 'airplane']",airplane
22213,4,"['cat', 'automobile', 'frog', 'airplane']",automobile
22214,8,"['horse', 'airplane', 'cat', 'frog']",horse
22215,2,"['ship', 'cat', 'automobile', 'airplane']",cat
22216,3,"['frog', 'ship', 'automobile', 'airplane']",ship
22217,1,"['bird', 'dog', 'frog', 'cat', 'airplane']",airplane
22218,8,"['horse', 'airplane', 'cat', 'frog']",horse
22219,7,"['automobile', 'cat', 'airplane', 'frog']",cat
22220,9,"['dog', 'frog', 'cat', 'airplane']",dog
22221,1,"['bird', 'dog', 'frog', 'cat', 'airplane']",airplane
22222,7,"['automobile', 'cat', 'airplane', 'frog']",cat
22223,3,"['frog', 'ship', 'automobile', 'airplane']",ship
22224,5,"['frog', 'ship', 'airplane', 'automobile']",ship
22225,5,"['frog', 'ship', 'airplane', 'automobile']",ship
22226,3,"['frog', 'ship', 'automobile', 'airplane']",frog
22227,1,"['bird', 'dog', 'frog', 'cat', 'airplane']",airplane
22228,2,"['ship', 'cat', 'automobile', 'airplane']",cat
22229,5,"['frog', 'ship', 'airplane', 'automobile']",ship
22230,4,"['cat', 'automobile', 'frog', 'airplane']",automobile
22231,3,"['frog', 'ship', 'automobile', 'airplane']",ship
22232,5,"['frog', 'ship', 'airplane', 'automobile']",ship
22233,9,"['dog', 'frog', 'cat', 'airplane']",dog
22234,8,"['horse', 'airplane', 'cat', 'frog']",horse
22235,5,"['frog', 'ship', 'airplane', 'automobile']",ship
22236,6,"['automobile', 'horse', 'ship', 'airplane']",airplane
22237,6,"['automobile', 'horse', 'ship', 'airplane']",ship
22238,0,"['horse', 'deer', 'frog', 'cat']",horse
22239,3,"['frog', 'ship', 'automobile', 'airplane']",ship
22240,9,"['dog', 'frog', 'cat', 'airplane']",airplane
22241,4,"['cat', 'automobile', 'frog', 'airplane']",automobile
22242,6,"['automobile', 'horse', 'ship', 'airplane']",airplane
22243,4,"['cat', 'automobile', 'frog', 'airplane']",automobile
22244,3,"['frog', 'ship', 'automobile', 'airplane']",ship
22245,3,"['frog', 'ship', 'automobile', 'airplane']",ship
22246,4,"['cat', 'automobile', 'frog', 'airplane']",automobile
22247,4,"['cat', 'automobile', 'frog', 'airplane']",automobile
22248,2,"['ship', 'cat', 'automobile', 'airplane']",cat
22249,0,"['horse', 'deer', 'frog', 'cat']",horse
22250,2,"['ship', 'cat', 'automobile', 'airplane']",cat
22251,3,"['frog', 'ship', 'automobile', 'airplane']",ship
22252,9,"['dog', 'frog', 'cat', 'airplane']",dog
22253,3,"['frog', 'ship', 'automobile', 'airplane']",ship
22254,0,"['horse', 'deer', 'frog', 'cat']",horse
22255,8,"['horse', 'airplane', 'cat', 'frog']",horse
22256,6,"['automobile', 'horse', 'ship', 'airplane']",airplane
22257,0,"['horse', 'deer', 'frog', 'cat']",horse
22258,0,"['horse', 'deer', 'frog', 'cat']",horse
22259,4,"['cat', 'automobile', 'frog', 'airplane']",automobile
22260,6,"['automobile', 'horse', 'ship', 'airplane']",airplane
22261,1,"['bird', 'dog', 'frog', 'cat', 'airplane']",airplane
22262,8,"['horse', 'airplane', 'cat', 'frog']",horse
22263,6,"['automobile', 'horse', 'ship', 'airplane']",airplane
22264,0,"['horse', 'deer', 'frog', 'cat']",horse
22265,1,"['bird', 'dog', 'frog', 'cat', 'airplane']",airplane
22266,6,"['automobile', 'horse', 'ship', 'airplane']",airplane
22267,7,"['automobile', 'cat', 'airplane', 'frog']",cat
22268,8,"['horse', 'airplane', 'cat', 'frog']",horse
22269,1,"['bird', 'dog', 'frog', 'cat', 'airplane']",airplane
22270,1,"['bird', 'dog', 'frog', 'cat', 'airplane']",airplane
22271,0,"['horse', 'deer', 'frog', 'cat']",horse
22272,7,"['automobile', 'cat', 'airplane', 'frog']",cat
22273,3,"['frog', 'ship', 'automobile', 'airplane']",ship
22274,4,"['cat', 'automobile', 'frog', 'airplane']",automobile
22275,2,"['ship', 'cat', 'automobile', 'airplane']",cat
22276,0,"['horse', 'deer', 'frog', 'cat']",horse
22277,6,"['automobile', 'horse', 'ship', 'airplane']",airplane
22278,3,"['frog', 'ship', 'automobile', 'airplane']",ship
22279,2,"['ship', 'cat', 'automobile', 'airplane']",automobile
22280,2,"['ship', 'cat', 'automobile', 'airplane']",automobile
22281,2,"['ship', 'cat', 'automobile', 'airplane']",cat
22282,6,"['automobile', 'horse', 'ship', 'airplane']",airplane
22283,6,"['automobile', 'horse', 'ship', 'airplane']",automobile
22284,4,"['cat', 'automobile', 'frog', 'airplane']",automobile
22285,9,"['dog', 'frog', 'cat', 'airplane']",dog
22286,0,"['horse', 'deer', 'frog', 'cat']",horse
22287,2,"['ship', 'cat', 'automobile', 'airplane']",ship
22288,4,"['cat', 'automobile', 'frog', 'airplane']",automobile
22289,5,"['frog', 'ship', 'airplane', 'automobile']",ship
22290,6,"['automobile', 'horse', 'ship', 'airplane']",airplane
22291,7,"['automobile', 'cat', 'airplane', 'frog']",cat
22292,1,"['bird', 'dog', 'frog', 'cat', 'airplane']",airplane
22293,0,"['horse', 'deer', 'frog', 'cat']",horse
22294,3,"['frog', 'ship', 'automobile', 'airplane']",ship
22295,6,"['automobile', 'horse', 'ship', 'airplane']",airplane
22296,9,"['dog', 'frog', 'cat', 'airplane']",airplane
22297,2,"['ship', 'cat', 'automobile', 'airplane']",cat
22298,1,"['bird', 'dog', 'frog', 'cat', 'airplane']",airplane
22299,0,"['horse', 'deer', 'frog', 'cat']",horse
22300,8,"['horse', 'airplane', 'cat', 'frog']",horse
22301,5,"['frog', 'ship', 'airplane', 'automobile']",ship
22302,3,"['frog', 'ship', 'automobile', 'airplane']",ship
22303,1,"['bird', 'dog', 'frog', 'cat', 'airplane']",airplane
22304,0,"['horse', 'deer', 'frog', 'cat']",horse
22305,5,"['frog', 'ship', 'airplane', 'automobile']",ship
22306,1,"['bird', 'dog', 'frog', 'cat', 'airplane']",airplane
22307,2,"['ship', 'cat', 'automobile', 'airplane']",cat
22308,0,"['horse', 'deer', 'frog', 'cat']",horse
22309,7,"['automobile', 'cat', 'airplane', 'frog']",cat
22310,2,"['ship', 'cat', 'automobile', 'airplane']",cat
22311,9,"['dog', 'frog', 'cat', 'airplane']",airplane
22312,7,"['automobile', 'cat', 'airplane', 'frog']",cat
22313,2,"['ship', 'cat', 'automobile', 'airplane']",cat
22314,1,"['bird', 'dog', 'frog', 'cat', 'airplane']",airplane
22315,9,"['dog', 'frog', 'cat', 'airplane']",airplane
22316,1,"['bird', 'dog', 'frog', 'cat', 'airplane']",airplane
22317,0,"['horse', 'deer', 'frog', 'cat']",horse
22318,4,"['cat', 'automobile', 'frog', 'airplane']",automobile
22319,7,"['automobile', 'cat', 'airplane', 'frog']",airplane
22320,0,"['horse', 'deer', 'frog', 'cat']",horse
22321,5,"['frog', 'ship', 'airplane', 'automobile']",ship
22322,2,"['ship', 'cat', 'automobile', 'airplane']",cat
22323,7,"['automobile', 'cat', 'airplane', 'frog']",cat
22324,7,"['automobile', 'cat', 'airplane', 'frog']",cat
22325,7,"['automobile', 'cat', 'airplane', 'frog']",cat
22326,0,"['horse', 'deer', 'frog', 'cat']",horse
22327,7,"['automobile', 'cat', 'airplane', 'frog']",cat
22328,6,"['automobile', 'horse', 'ship', 'airplane']",airplane
22329,0,"['horse', 'deer', 'frog', 'cat']",horse
22330,9,"['dog', 'frog', 'cat', 'airplane']",dog
22331,2,"['ship', 'cat', 'automobile', 'airplane']",ship
22332,6,"['automobile', 'horse', 'ship', 'airplane']",horse
22333,9,"['dog', 'frog', 'cat', 'airplane']",dog
22334,1,"['bird', 'dog', 'frog', 'cat', 'airplane']",airplane
22335,1,"['bird', 'dog', 'frog', 'cat', 'airplane']",airplane
22336,5,"['frog', 'ship', 'airplane', 'automobile']",ship
22337,6,"['automobile', 'horse', 'ship', 'airplane']",airplane
22338,5,"['frog', 'ship', 'airplane', 'automobile']",ship
22339,6,"['automobile', 'horse', 'ship', 'airplane']",airplane
22340,8,"['horse', 'airplane', 'cat', 'frog']",horse
22341,7,"['automobile', 'cat', 'airplane', 'frog']",cat
22342,5,"['frog', 'ship', 'airplane', 'automobile']",ship
22343,4,"['cat', 'automobile', 'frog', 'airplane']",airplane
22344,7,"['automobile', 'cat', 'airplane', 'frog']",airplane
22345,6,"['automobile', 'horse', 'ship', 'airplane']",automobile
22346,9,"['dog', 'frog', 'cat', 'airplane']",dog
22347,6,"['automobile', 'horse', 'ship', 'airplane']",airplane
22348,9,"['dog', 'frog', 'cat', 'airplane']",dog
22349,1,"['bird', 'dog', 'frog', 'cat', 'airplane']",airplane
22350,0,"['horse', 'deer', 'frog', 'cat']",horse
22351,6,"['automobile', 'horse', 'ship', 'airplane']",airplane
22352,4,"['cat', 'automobile', 'frog', 'airplane']",automobile
22353,6,"['automobile', 'horse', 'ship', 'airplane']",airplane
22354,6,"['automobile', 'horse', 'ship', 'airplane']",airplane
22355,5,"['frog', 'ship', 'airplane', 'automobile']",ship
22356,6,"['automobile', 'horse', 'ship', 'airplane']",airplane
22357,5,"['frog', 'ship', 'airplane', 'automobile']",ship
22358,1,"['bird', 'dog', 'frog', 'cat', 'airplane']",airplane
22359,7,"['automobile', 'cat', 'airplane', 'frog']",cat
22360,4,"['cat', 'automobile', 'frog', 'airplane']",automobile
22361,4,"['cat', 'automobile', 'frog', 'airplane']",automobile
22362,6,"['automobile', 'horse', 'ship', 'airplane']",airplane
22363,6,"['automobile', 'horse', 'ship', 'airplane']",airplane
22364,3,"['frog', 'ship', 'automobile', 'airplane']",ship
22365,1,"['bird', 'dog', 'frog', 'cat', 'airplane']",airplane
22366,9,"['dog', 'frog', 'cat', 'airplane']",airplane
22367,9,"['dog', 'frog', 'cat', 'airplane']",airplane
22368,3,"['frog', 'ship', 'automobile', 'airplane']",ship
22369,4,"['cat', 'automobile', 'frog', 'airplane']",automobile
22370,0,"['horse', 'deer', 'frog', 'cat']",horse
22371,4,"['cat', 'automobile', 'frog', 'airplane']",automobile
22372,1,"['bird', 'dog', 'frog', 'cat', 'airplane']",airplane
22373,2,"['ship', 'cat', 'automobile', 'airplane']",automobile
22374,8,"['horse', 'airplane', 'cat', 'frog']",horse
22375,2,"['ship', 'cat', 'automobile', 'airplane']",cat
22376,2,"['ship', 'cat', 'automobile', 'airplane']",automobile
22377,3,"['frog', 'ship', 'automobile', 'airplane']",ship
22378,4,"['cat', 'automobile', 'frog', 'airplane']",automobile
22379,1,"['bird', 'dog', 'frog', 'cat', 'airplane']",airplane
22380,7,"['automobile', 'cat', 'airplane', 'frog']",cat
22381,7,"['automobile', 'cat', 'airplane', 'frog']",cat
22382,1,"['bird', 'dog', 'frog', 'cat', 'airplane']",airplane
22383,0,"['horse', 'deer', 'frog', 'cat']",horse
22384,6,"['automobile', 'horse', 'ship', 'airplane']",airplane
22385,4,"['cat', 'automobile', 'frog', 'airplane']",automobile
22386,4,"['cat', 'automobile', 'frog', 'airplane']",automobile
22387,5,"['frog', 'ship', 'airplane', 'automobile']",ship
22388,1,"['bird', 'dog', 'frog', 'cat', 'airplane']",airplane
22389,6,"['automobile', 'horse', 'ship', 'airplane']",ship
22390,5,"['frog', 'ship', 'airplane', 'automobile']",ship
22391,4,"['cat', 'automobile', 'frog', 'airplane']",automobile
22392,5,"['frog', 'ship', 'airplane', 'automobile']",ship
22393,6,"['automobile', 'horse', 'ship', 'airplane']",airplane
22394,1,"['bird', 'dog', 'frog', 'cat', 'airplane']",airplane
22395,1,"['bird', 'dog', 'frog', 'cat', 'airplane']",airplane
22396,1,"['bird', 'dog', 'frog', 'cat', 'airplane']",airplane
22397,2,"['ship', 'cat', 'automobile', 'airplane']",cat
22398,7,"['automobile', 'cat', 'airplane', 'frog']",airplane
22399,1,"['bird', 'dog', 'frog', 'cat', 'airplane']",airplane
22400,8,"['horse', 'airplane', 'cat', 'frog']",horse
22401,8,"['horse', 'airplane', 'cat', 'frog']",horse
22402,3,"['frog', 'ship', 'automobile', 'airplane']",ship
22403,7,"['automobile', 'cat', 'airplane', 'frog']",airplane
22404,6,"['automobile', 'horse', 'ship', 'airplane']",horse
22405,7,"['automobile', 'cat', 'airplane', 'frog']",cat
22406,3,"['frog', 'ship', 'automobile', 'airplane']",ship
22407,5,"['frog', 'ship', 'airplane', 'automobile']",ship
22408,0,"['horse', 'deer', 'frog', 'cat']",horse
22409,8,"['horse', 'airplane', 'cat', 'frog']",horse
22410,0,"['horse', 'deer', 'frog', 'cat']",horse
22411,3,"['frog', 'ship', 'automobile', 'airplane']",ship
22412,5,"['frog', 'ship', 'airplane', 'automobile']",ship
22413,3,"['frog', 'ship', 'automobile', 'airplane']",ship
22414,7,"['automobile', 'cat', 'airplane', 'frog']",airplane
22415,9,"['dog', 'frog', 'cat', 'airplane']",airplane
22416,5,"['frog', 'ship', 'airplane', 'automobile']",ship
22417,4,"['cat', 'automobile', 'frog', 'airplane']",automobile
22418,0,"['horse', 'deer', 'frog', 'cat']",horse
22419,1,"['bird', 'dog', 'frog', 'cat', 'airplane']",airplane
22420,3,"['frog', 'ship', 'automobile', 'airplane']",ship
22421,1,"['bird', 'dog', 'frog', 'cat', 'airplane']",airplane
22422,1,"['bird', 'dog', 'frog', 'cat', 'airplane']",airplane
22423,5,"['frog', 'ship', 'airplane', 'automobile']",ship
22424,5,"['frog', 'ship', 'airplane', 'automobile']",ship
22425,3,"['frog', 'ship', 'automobile', 'airplane']",ship
22426,8,"['horse', 'airplane', 'cat', 'frog']",horse
22427,5,"['frog', 'ship', 'airplane', 'automobile']",ship
22428,6,"['automobile', 'horse', 'ship', 'airplane']",airplane
22429,7,"['automobile', 'cat', 'airplane', 'frog']",cat
22430,5,"['frog', 'ship', 'airplane', 'automobile']",ship
22431,4,"['cat', 'automobile', 'frog', 'airplane']",automobile
22432,2,"['ship', 'cat', 'automobile', 'airplane']",cat
22433,9,"['dog', 'frog', 'cat', 'airplane']",dog
22434,5,"['frog', 'ship', 'airplane', 'automobile']",ship
22435,0,"['horse', 'deer', 'frog', 'cat']",horse
22436,5,"['frog', 'ship', 'airplane', 'automobile']",ship
22437,1,"['bird', 'dog', 'frog', 'cat', 'airplane']",airplane
22438,4,"['cat', 'automobile', 'frog', 'airplane']",automobile
22439,6,"['automobile', 'horse', 'ship', 'airplane']",airplane
22440,8,"['horse', 'airplane', 'cat', 'frog']",horse
22441,2,"['ship', 'cat', 'automobile', 'airplane']",automobile
22442,9,"['dog', 'frog', 'cat', 'airplane']",airplane
22443,4,"['cat', 'automobile', 'frog', 'airplane']",automobile
22444,7,"['automobile', 'cat', 'airplane', 'frog']",airplane
22445,5,"['frog', 'ship', 'airplane', 'automobile']",ship
22446,2,"['ship', 'cat', 'automobile', 'airplane']",cat
22447,9,"['dog', 'frog', 'cat', 'airplane']",airplane
22448,2,"['ship', 'cat', 'automobile', 'airplane']",cat
22449,0,"['horse', 'deer', 'frog', 'cat']",horse
22450,1,"['bird', 'dog', 'frog', 'cat', 'airplane']",airplane
22451,1,"['bird', 'dog', 'frog', 'cat', 'airplane']",airplane
22452,9,"['dog', 'frog', 'cat', 'airplane']",airplane
22453,3,"['frog', 'ship', 'automobile', 'airplane']",ship
22454,7,"['automobile', 'cat', 'airplane', 'frog']",airplane
22455,8,"['horse', 'airplane', 'cat', 'frog']",horse
22456,3,"['frog', 'ship', 'automobile', 'airplane']",ship
22457,7,"['automobile', 'cat', 'airplane', 'frog']",airplane
22458,0,"['horse', 'deer', 'frog', 'cat']",horse
22459,2,"['ship', 'cat', 'automobile', 'airplane']",cat
22460,3,"['frog', 'ship', 'automobile', 'airplane']",ship
22461,4,"['cat', 'automobile', 'frog', 'airplane']",automobile
22462,8,"['horse', 'airplane', 'cat', 'frog']",horse
22463,3,"['frog', 'ship', 'automobile', 'airplane']",ship
22464,9,"['dog', 'frog', 'cat', 'airplane']",airplane
22465,8,"['horse', 'airplane', 'cat', 'frog']",horse
22466,9,"['dog', 'frog', 'cat', 'airplane']",airplane
22467,3,"['frog', 'ship', 'automobile', 'airplane']",ship
22468,4,"['cat', 'automobile', 'frog', 'airplane']",automobile
22469,5,"['frog', 'ship', 'airplane', 'automobile']",ship
22470,5,"['frog', 'ship', 'airplane', 'automobile']",ship
22471,8,"['horse', 'airplane', 'cat', 'frog']",horse
22472,1,"['bird', 'dog', 'frog', 'cat', 'airplane']",airplane
22473,5,"['frog', 'ship', 'airplane', 'automobile']",ship
22474,1,"['bird', 'dog', 'frog', 'cat', 'airplane']",airplane
22475,9,"['dog', 'frog', 'cat', 'airplane']",dog
22476,6,"['automobile', 'horse', 'ship', 'airplane']",airplane
22477,8,"['horse', 'airplane', 'cat', 'frog']",horse
22478,5,"['frog', 'ship', 'airplane', 'automobile']",ship
22479,1,"['bird', 'dog', 'frog', 'cat', 'airplane']",airplane
22480,4,"['cat', 'automobile', 'frog', 'airplane']",automobile
22481,3,"['frog', 'ship', 'automobile', 'airplane']",ship
22482,9,"['dog', 'frog', 'cat', 'airplane']",airplane
22483,5,"['frog', 'ship', 'airplane', 'automobile']",ship
22484,3,"['frog', 'ship', 'automobile', 'airplane']",ship
22485,7,"['automobile', 'cat', 'airplane', 'frog']",cat
22486,2,"['ship', 'cat', 'automobile', 'airplane']",cat
22487,5,"['frog', 'ship', 'airplane', 'automobile']",ship
22488,6,"['automobile', 'horse', 'ship', 'airplane']",airplane
22489,3,"['frog', 'ship', 'automobile', 'airplane']",ship
22490,1,"['bird', 'dog', 'frog', 'cat', 'airplane']",airplane
22491,4,"['cat', 'automobile', 'frog', 'airplane']",automobile
22492,8,"['horse', 'airplane', 'cat', 'frog']",horse
22493,5,"['frog', 'ship', 'airplane', 'automobile']",ship
22494,9,"['dog', 'frog', 'cat', 'airplane']",airplane
22495,2,"['ship', 'cat', 'automobile', 'airplane']",cat
22496,8,"['horse', 'airplane', 'cat', 'frog']",horse
22497,9,"['dog', 'frog', 'cat', 'airplane']",dog
22498,4,"['cat', 'automobile', 'frog', 'airplane']",automobile
22499,1,"['bird', 'dog', 'frog', 'cat', 'airplane']",airplane
22500,1,"['bird', 'dog', 'frog', 'cat', 'airplane']",airplane
22501,7,"['automobile', 'cat', 'airplane', 'frog']",cat
22502,6,"['automobile', 'horse', 'ship', 'airplane']",airplane
22503,1,"['bird', 'dog', 'frog', 'cat', 'airplane']",airplane
22504,8,"['horse', 'airplane', 'cat', 'frog']",airplane
22505,3,"['frog', 'ship', 'automobile', 'airplane']",ship
22506,0,"['horse', 'deer', 'frog', 'cat']",horse
22507,3,"['frog', 'ship', 'automobile', 'airplane']",ship
22508,2,"['ship', 'cat', 'automobile', 'airplane']",cat
22509,4,"['cat', 'automobile', 'frog', 'airplane']",automobile
22510,2,"['ship', 'cat', 'automobile', 'airplane']",ship
22511,2,"['ship', 'cat', 'automobile', 'airplane']",ship
22512,3,"['frog', 'ship', 'automobile', 'airplane']",ship
22513,4,"['cat', 'automobile', 'frog', 'airplane']",automobile
22514,8,"['horse', 'airplane', 'cat', 'frog']",horse
22515,2,"['ship', 'cat', 'automobile', 'airplane']",automobile
22516,1,"['bird', 'dog', 'frog', 'cat', 'airplane']",airplane
22517,3,"['frog', 'ship', 'automobile', 'airplane']",ship
22518,8,"['horse', 'airplane', 'cat', 'frog']",horse
22519,4,"['cat', 'automobile', 'frog', 'airplane']",automobile
22520,7,"['automobile', 'cat', 'airplane', 'frog']",cat
22521,0,"['horse', 'deer', 'frog', 'cat']",horse
22522,1,"['bird', 'dog', 'frog', 'cat', 'airplane']",airplane
22523,3,"['frog', 'ship', 'automobile', 'airplane']",ship
22524,8,"['horse', 'airplane', 'cat', 'frog']",horse
22525,6,"['automobile', 'horse', 'ship', 'airplane']",airplane
22526,7,"['automobile', 'cat', 'airplane', 'frog']",frog
22527,7,"['automobile', 'cat', 'airplane', 'frog']",airplane
22528,6,"['automobile', 'horse', 'ship', 'airplane']",airplane
22529,1,"['bird', 'dog', 'frog', 'cat', 'airplane']",airplane
22530,6,"['automobile', 'horse', 'ship', 'airplane']",airplane
22531,8,"['horse', 'airplane', 'cat', 'frog']",horse
22532,1,"['bird', 'dog', 'frog', 'cat', 'airplane']",airplane
22533,1,"['bird', 'dog', 'frog', 'cat', 'airplane']",airplane
22534,6,"['automobile', 'horse', 'ship', 'airplane']",airplane
22535,2,"['ship', 'cat', 'automobile', 'airplane']",cat
22536,4,"['cat', 'automobile', 'frog', 'airplane']",automobile
22537,8,"['horse', 'airplane', 'cat', 'frog']",horse
22538,9,"['dog', 'frog', 'cat', 'airplane']",dog
22539,2,"['ship', 'cat', 'automobile', 'airplane']",cat
22540,0,"['horse', 'deer', 'frog', 'cat']",horse
22541,7,"['automobile', 'cat', 'airplane', 'frog']",airplane
22542,3,"['frog', 'ship', 'automobile', 'airplane']",ship
22543,9,"['dog', 'frog', 'cat', 'airplane']",dog
22544,4,"['cat', 'automobile', 'frog', 'airplane']",automobile
22545,1,"['bird', 'dog', 'frog', 'cat', 'airplane']",airplane
22546,4,"['cat', 'automobile', 'frog', 'airplane']",automobile
22547,5,"['frog', 'ship', 'airplane', 'automobile']",ship
22548,3,"['frog', 'ship', 'automobile', 'airplane']",ship
22549,3,"['frog', 'ship', 'automobile', 'airplane']",ship
22550,6,"['automobile', 'horse', 'ship', 'airplane']",automobile
22551,8,"['horse', 'airplane', 'cat', 'frog']",horse
22552,1,"['bird', 'dog', 'frog', 'cat', 'airplane']",airplane
22553,1,"['bird', 'dog', 'frog', 'cat', 'airplane']",airplane
22554,7,"['automobile', 'cat', 'airplane', 'frog']",airplane
22555,3,"['frog', 'ship', 'automobile', 'airplane']",ship
22556,9,"['dog', 'frog', 'cat', 'airplane']",airplane
22557,0,"['horse', 'deer', 'frog', 'cat']",horse
22558,5,"['frog', 'ship', 'airplane', 'automobile']",ship
22559,6,"['automobile', 'horse', 'ship', 'airplane']",airplane
22560,3,"['frog', 'ship', 'automobile', 'airplane']",ship
22561,2,"['ship', 'cat', 'automobile', 'airplane']",cat
22562,3,"['frog', 'ship', 'automobile', 'airplane']",ship
22563,2,"['ship', 'cat', 'automobile', 'airplane']",automobile
22564,1,"['bird', 'dog', 'frog', 'cat', 'airplane']",airplane
22565,3,"['frog', 'ship', 'automobile', 'airplane']",ship
22566,7,"['automobile', 'cat', 'airplane', 'frog']",airplane
22567,6,"['automobile', 'horse', 'ship', 'airplane']",airplane
22568,3,"['frog', 'ship', 'automobile', 'airplane']",frog
22569,7,"['automobile', 'cat', 'airplane', 'frog']",airplane
22570,2,"['ship', 'cat', 'automobile', 'airplane']",cat
22571,2,"['ship', 'cat', 'automobile', 'airplane']",automobile
22572,6,"['automobile', 'horse', 'ship', 'airplane']",airplane
22573,9,"['dog', 'frog', 'cat', 'airplane']",airplane
22574,7,"['automobile', 'cat', 'airplane', 'frog']",frog
22575,4,"['cat', 'automobile', 'frog', 'airplane']",automobile
22576,8,"['horse', 'airplane', 'cat', 'frog']",horse
22577,3,"['frog', 'ship', 'automobile', 'airplane']",ship
22578,8,"['horse', 'airplane', 'cat', 'frog']",horse
22579,0,"['horse', 'deer', 'frog', 'cat']",horse
22580,4,"['cat', 'automobile', 'frog', 'airplane']",automobile
22581,8,"['horse', 'airplane', 'cat', 'frog']",horse
22582,4,"['cat', 'automobile', 'frog', 'airplane']",automobile
22583,8,"['horse', 'airplane', 'cat', 'frog']",airplane
22584,8,"['horse', 'airplane', 'cat', 'frog']",horse
22585,7,"['automobile', 'cat', 'airplane', 'frog']",airplane
22586,1,"['bird', 'dog', 'frog', 'cat', 'airplane']",airplane
22587,2,"['ship', 'cat', 'automobile', 'airplane']",cat
22588,0,"['horse', 'deer', 'frog', 'cat']",horse
22589,8,"['horse', 'airplane', 'cat', 'frog']",horse
22590,5,"['frog', 'ship', 'airplane', 'automobile']",ship
22591,2,"['ship', 'cat', 'automobile', 'airplane']",automobile
22592,7,"['automobile', 'cat', 'airplane', 'frog']",cat
22593,3,"['frog', 'ship', 'automobile', 'airplane']",ship
22594,2,"['ship', 'cat', 'automobile', 'airplane']",cat
22595,7,"['automobile', 'cat', 'airplane', 'frog']",cat
22596,1,"['bird', 'dog', 'frog', 'cat', 'airplane']",airplane
22597,8,"['horse', 'airplane', 'cat', 'frog']",horse
22598,9,"['dog', 'frog', 'cat', 'airplane']",airplane
22599,7,"['automobile', 'cat', 'airplane', 'frog']",cat
22600,8,"['horse', 'airplane', 'cat', 'frog']",horse
22601,7,"['automobile', 'cat', 'airplane', 'frog']",cat
22602,2,"['ship', 'cat', 'automobile', 'airplane']",automobile
22603,2,"['ship', 'cat', 'automobile', 'airplane']",automobile
22604,0,"['horse', 'deer', 'frog', 'cat']",horse
22605,9,"['dog', 'frog', 'cat', 'airplane']",dog
22606,4,"['cat', 'automobile', 'frog', 'airplane']",automobile
22607,1,"['bird', 'dog', 'frog', 'cat', 'airplane']",airplane
22608,0,"['horse', 'deer', 'frog', 'cat']",horse
22609,0,"['horse', 'deer', 'frog', 'cat']",horse
22610,6,"['automobile', 'horse', 'ship', 'airplane']",automobile
22611,3,"['frog', 'ship', 'automobile', 'airplane']",ship
22612,7,"['automobile', 'cat', 'airplane', 'frog']",cat
22613,5,"['frog', 'ship', 'airplane', 'automobile']",ship
22614,9,"['dog', 'frog', 'cat', 'airplane']",airplane
22615,7,"['automobile', 'cat', 'airplane', 'frog']",cat
22616,8,"['horse', 'airplane', 'cat', 'frog']",horse
22617,4,"['cat', 'automobile', 'frog', 'airplane']",automobile
22618,2,"['ship', 'cat', 'automobile', 'airplane']",automobile
22619,4,"['cat', 'automobile', 'frog', 'airplane']",automobile
22620,3,"['frog', 'ship', 'automobile', 'airplane']",ship
22621,4,"['cat', 'automobile', 'frog', 'airplane']",automobile
22622,0,"['horse', 'deer', 'frog', 'cat']",horse
22623,9,"['dog', 'frog', 'cat', 'airplane']",airplane
22624,7,"['automobile', 'cat', 'airplane', 'frog']",cat
22625,7,"['automobile', 'cat', 'airplane', 'frog']",frog
22626,7,"['automobile', 'cat', 'airplane', 'frog']",cat
22627,1,"['bird', 'dog', 'frog', 'cat', 'airplane']",airplane
22628,0,"['horse', 'deer', 'frog', 'cat']",horse
22629,9,"['dog', 'frog', 'cat', 'airplane']",airplane
22630,5,"['frog', 'ship', 'airplane', 'automobile']",ship
22631,6,"['automobile', 'horse', 'ship', 'airplane']",airplane
22632,5,"['frog', 'ship', 'airplane', 'automobile']",ship
22633,9,"['dog', 'frog', 'cat', 'airplane']",airplane
22634,3,"['frog', 'ship', 'automobile', 'airplane']",ship
22635,8,"['horse', 'airplane', 'cat', 'frog']",horse
22636,1,"['bird', 'dog', 'frog', 'cat', 'airplane']",airplane
22637,9,"['dog', 'frog', 'cat', 'airplane']",airplane
22638,3,"['frog', 'ship', 'automobile', 'airplane']",ship
22639,2,"['ship', 'cat', 'automobile', 'airplane']",cat
22640,6,"['automobile', 'horse', 'ship', 'airplane']",airplane
22641,0,"['horse', 'deer', 'frog', 'cat']",horse
22642,4,"['cat', 'automobile', 'frog', 'airplane']",automobile
22643,9,"['dog', 'frog', 'cat', 'airplane']",dog
22644,8,"['horse', 'airplane', 'cat', 'frog']",horse
22645,0,"['horse', 'deer', 'frog', 'cat']",horse
22646,4,"['cat', 'automobile', 'frog', 'airplane']",automobile
22647,7,"['automobile', 'cat', 'airplane', 'frog']",airplane
22648,0,"['horse', 'deer', 'frog', 'cat']",horse
22649,8,"['horse', 'airplane', 'cat', 'frog']",horse
22650,5,"['frog', 'ship', 'airplane', 'automobile']",ship
22651,9,"['dog', 'frog', 'cat', 'airplane']",dog
22652,9,"['dog', 'frog', 'cat', 'airplane']",airplane
22653,7,"['automobile', 'cat', 'airplane', 'frog']",cat
22654,6,"['automobile', 'horse', 'ship', 'airplane']",airplane
22655,7,"['automobile', 'cat', 'airplane', 'frog']",cat
22656,1,"['bird', 'dog', 'frog', 'cat', 'airplane']",airplane
22657,5,"['frog', 'ship', 'airplane', 'automobile']",ship
22658,1,"['bird', 'dog', 'frog', 'cat', 'airplane']",airplane
22659,1,"['bird', 'dog', 'frog', 'cat', 'airplane']",airplane
22660,3,"['frog', 'ship', 'automobile', 'airplane']",ship
22661,8,"['horse', 'airplane', 'cat', 'frog']",horse
22662,3,"['frog', 'ship', 'automobile', 'airplane']",ship
22663,9,"['dog', 'frog', 'cat', 'airplane']",airplane
22664,3,"['frog', 'ship', 'automobile', 'airplane']",ship
22665,0,"['horse', 'deer', 'frog', 'cat']",horse
22666,5,"['frog', 'ship', 'airplane', 'automobile']",ship
22667,2,"['ship', 'cat', 'automobile', 'airplane']",cat
22668,8,"['horse', 'airplane', 'cat', 'frog']",horse
22669,7,"['automobile', 'cat', 'airplane', 'frog']",cat
22670,6,"['automobile', 'horse', 'ship', 'airplane']",airplane
22671,5,"['frog', 'ship', 'airplane', 'automobile']",ship
22672,2,"['ship', 'cat', 'automobile', 'airplane']",automobile
22673,4,"['cat', 'automobile', 'frog', 'airplane']",automobile
22674,0,"['horse', 'deer', 'frog', 'cat']",horse
22675,1,"['bird', 'dog', 'frog', 'cat', 'airplane']",airplane
22676,2,"['ship', 'cat', 'automobile', 'airplane']",cat
22677,4,"['cat', 'automobile', 'frog', 'airplane']",automobile
22678,7,"['automobile', 'cat', 'airplane', 'frog']",cat
22679,5,"['frog', 'ship', 'airplane', 'automobile']",ship
22680,0,"['horse', 'deer', 'frog', 'cat']",horse
22681,5,"['frog', 'ship', 'airplane', 'automobile']",ship
22682,8,"['horse', 'airplane', 'cat', 'frog']",horse
22683,4,"['cat', 'automobile', 'frog', 'airplane']",automobile
22684,0,"['horse', 'deer', 'frog', 'cat']",frog
22685,9,"['dog', 'frog', 'cat', 'airplane']",dog
22686,6,"['automobile', 'horse', 'ship', 'airplane']",airplane
22687,7,"['automobile', 'cat', 'airplane', 'frog']",cat
22688,0,"['horse', 'deer', 'frog', 'cat']",horse
22689,1,"['bird', 'dog', 'frog', 'cat', 'airplane']",airplane
22690,0,"['horse', 'deer', 'frog', 'cat']",horse
22691,2,"['ship', 'cat', 'automobile', 'airplane']",cat
22692,0,"['horse', 'deer', 'frog', 'cat']",frog
22693,0,"['horse', 'deer', 'frog', 'cat']",horse
22694,9,"['dog', 'frog', 'cat', 'airplane']",airplane
22695,3,"['frog', 'ship', 'automobile', 'airplane']",ship
22696,8,"['horse', 'airplane', 'cat', 'frog']",horse
22697,1,"['bird', 'dog', 'frog', 'cat', 'airplane']",airplane
22698,4,"['cat', 'automobile', 'frog', 'airplane']",airplane
22699,0,"['horse', 'deer', 'frog', 'cat']",horse
22700,3,"['frog', 'ship', 'automobile', 'airplane']",ship
22701,3,"['frog', 'ship', 'automobile', 'airplane']",ship
22702,2,"['ship', 'cat', 'automobile', 'airplane']",cat
22703,7,"['automobile', 'cat', 'airplane', 'frog']",cat
22704,7,"['automobile', 'cat', 'airplane', 'frog']",cat
22705,8,"['horse', 'airplane', 'cat', 'frog']",horse
22706,7,"['automobile', 'cat', 'airplane', 'frog']",cat
22707,5,"['frog', 'ship', 'airplane', 'automobile']",ship
22708,2,"['ship', 'cat', 'automobile', 'airplane']",automobile
22709,6,"['automobile', 'horse', 'ship', 'airplane']",airplane
22710,1,"['bird', 'dog', 'frog', 'cat', 'airplane']",airplane
22711,4,"['cat', 'automobile', 'frog', 'airplane']",airplane
22712,8,"['horse', 'airplane', 'cat', 'frog']",horse
22713,0,"['horse', 'deer', 'frog', 'cat']",horse
22714,8,"['horse', 'airplane', 'cat', 'frog']",horse
22715,5,"['frog', 'ship', 'airplane', 'automobile']",ship
22716,0,"['horse', 'deer', 'frog', 'cat']",horse
22717,4,"['cat', 'automobile', 'frog', 'airplane']",automobile
22718,9,"['dog', 'frog', 'cat', 'airplane']",airplane
22719,9,"['dog', 'frog', 'cat', 'airplane']",airplane
22720,4,"['cat', 'automobile', 'frog', 'airplane']",automobile
22721,6,"['automobile', 'horse', 'ship', 'airplane']",automobile
22722,5,"['frog', 'ship', 'airplane', 'automobile']",ship
22723,7,"['automobile', 'cat', 'airplane', 'frog']",cat
22724,0,"['horse', 'deer', 'frog', 'cat']",horse
22725,7,"['automobile', 'cat', 'airplane', 'frog']",cat
22726,2,"['ship', 'cat', 'automobile', 'airplane']",automobile
22727,4,"['cat', 'automobile', 'frog', 'airplane']",automobile
22728,2,"['ship', 'cat', 'automobile', 'airplane']",cat
22729,2,"['ship', 'cat', 'automobile', 'airplane']",cat
22730,7,"['automobile', 'cat', 'airplane', 'frog']",airplane
22731,5,"['frog', 'ship', 'airplane', 'automobile']",ship
22732,2,"['ship', 'cat', 'automobile', 'airplane']",cat
22733,2,"['ship', 'cat', 'automobile', 'airplane']",cat
22734,2,"['ship', 'cat', 'automobile', 'airplane']",automobile
22735,6,"['automobile', 'horse', 'ship', 'airplane']",airplane
22736,8,"['horse', 'airplane', 'cat', 'frog']",horse
22737,5,"['frog', 'ship', 'airplane', 'automobile']",ship
22738,2,"['ship', 'cat', 'automobile', 'airplane']",ship
22739,7,"['automobile', 'cat', 'airplane', 'frog']",cat
22740,4,"['cat', 'automobile', 'frog', 'airplane']",automobile
22741,7,"['automobile', 'cat', 'airplane', 'frog']",cat
22742,5,"['frog', 'ship', 'airplane', 'automobile']",ship
22743,4,"['cat', 'automobile', 'frog', 'airplane']",automobile
22744,4,"['cat', 'automobile', 'frog', 'airplane']",automobile
22745,1,"['bird', 'dog', 'frog', 'cat', 'airplane']",airplane
22746,6,"['automobile', 'horse', 'ship', 'airplane']",automobile
22747,1,"['bird', 'dog', 'frog', 'cat', 'airplane']",airplane
22748,3,"['frog', 'ship', 'automobile', 'airplane']",ship
22749,4,"['cat', 'automobile', 'frog', 'airplane']",airplane
22750,4,"['cat', 'automobile', 'frog', 'airplane']",automobile
22751,8,"['horse', 'airplane', 'cat', 'frog']",horse
22752,6,"['automobile', 'horse', 'ship', 'airplane']",ship
22753,9,"['dog', 'frog', 'cat', 'airplane']",airplane
22754,1,"['bird', 'dog', 'frog', 'cat', 'airplane']",airplane
22755,2,"['ship', 'cat', 'automobile', 'airplane']",automobile
22756,9,"['dog', 'frog', 'cat', 'airplane']",airplane
22757,5,"['frog', 'ship', 'airplane', 'automobile']",ship
22758,8,"['horse', 'airplane', 'cat', 'frog']",horse
22759,3,"['frog', 'ship', 'automobile', 'airplane']",ship
22760,8,"['horse', 'airplane', 'cat', 'frog']",horse
22761,3,"['frog', 'ship', 'automobile', 'airplane']",ship
22762,1,"['bird', 'dog', 'frog', 'cat', 'airplane']",airplane
22763,1,"['bird', 'dog', 'frog', 'cat', 'airplane']",airplane
22764,6,"['automobile', 'horse', 'ship', 'airplane']",airplane
22765,4,"['cat', 'automobile', 'frog', 'airplane']",automobile
22766,5,"['frog', 'ship', 'airplane', 'automobile']",ship
22767,6,"['automobile', 'horse', 'ship', 'airplane']",airplane
22768,3,"['frog', 'ship', 'automobile', 'airplane']",ship
22769,0,"['horse', 'deer', 'frog', 'cat']",horse
22770,2,"['ship', 'cat', 'automobile', 'airplane']",cat
22771,5,"['frog', 'ship', 'airplane', 'automobile']",ship
22772,7,"['automobile', 'cat', 'airplane', 'frog']",cat
22773,0,"['horse', 'deer', 'frog', 'cat']",horse
22774,8,"['horse', 'airplane', 'cat', 'frog']",horse
22775,5,"['frog', 'ship', 'airplane', 'automobile']",ship
22776,8,"['horse', 'airplane', 'cat', 'frog']",horse
22777,0,"['horse', 'deer', 'frog', 'cat']",horse
22778,3,"['frog', 'ship', 'automobile', 'airplane']",ship
22779,5,"['frog', 'ship', 'airplane', 'automobile']",ship
22780,2,"['ship', 'cat', 'automobile', 'airplane']",cat
22781,2,"['ship', 'cat', 'automobile', 'airplane']",cat
22782,7,"['automobile', 'cat', 'airplane', 'frog']",cat
22783,4,"['cat', 'automobile', 'frog', 'airplane']",automobile
22784,8,"['horse', 'airplane', 'cat', 'frog']",horse
22785,6,"['automobile', 'horse', 'ship', 'airplane']",automobile
22786,6,"['automobile', 'horse', 'ship', 'airplane']",automobile
22787,6,"['automobile', 'horse', 'ship', 'airplane']",airplane
22788,1,"['bird', 'dog', 'frog', 'cat', 'airplane']",airplane
22789,7,"['automobile', 'cat', 'airplane', 'frog']",airplane
22790,1,"['bird', 'dog', 'frog', 'cat', 'airplane']",airplane
22791,8,"['horse', 'airplane', 'cat', 'frog']",horse
22792,7,"['automobile', 'cat', 'airplane', 'frog']",cat
22793,3,"['frog', 'ship', 'automobile', 'airplane']",ship
22794,3,"['frog', 'ship', 'automobile', 'airplane']",ship
22795,6,"['automobile', 'horse', 'ship', 'airplane']",ship
22796,0,"['horse', 'deer', 'frog', 'cat']",horse
22797,2,"['ship', 'cat', 'automobile', 'airplane']",cat
22798,4,"['cat', 'automobile', 'frog', 'airplane']",airplane
22799,0,"['horse', 'deer', 'frog', 'cat']",horse
22800,0,"['horse', 'deer', 'frog', 'cat']",horse
22801,6,"['automobile', 'horse', 'ship', 'airplane']",horse
22802,9,"['dog', 'frog', 'cat', 'airplane']",airplane
22803,2,"['ship', 'cat', 'automobile', 'airplane']",cat
22804,6,"['automobile', 'horse', 'ship', 'airplane']",airplane
22805,9,"['dog', 'frog', 'cat', 'airplane']",airplane
22806,7,"['automobile', 'cat', 'airplane', 'frog']",cat
22807,9,"['dog', 'frog', 'cat', 'airplane']",dog
22808,2,"['ship', 'cat', 'automobile', 'airplane']",automobile
22809,3,"['frog', 'ship', 'automobile', 'airplane']",ship
22810,2,"['ship', 'cat', 'automobile', 'airplane']",cat
22811,8,"['horse', 'airplane', 'cat', 'frog']",horse
22812,7,"['automobile', 'cat', 'airplane', 'frog']",cat
22813,8,"['horse', 'airplane', 'cat', 'frog']",horse
22814,5,"['frog', 'ship', 'airplane', 'automobile']",ship
22815,9,"['dog', 'frog', 'cat', 'airplane']",dog
22816,1,"['bird', 'dog', 'frog', 'cat', 'airplane']",airplane
22817,1,"['bird', 'dog', 'frog', 'cat', 'airplane']",airplane
22818,1,"['bird', 'dog', 'frog', 'cat', 'airplane']",airplane
22819,5,"['frog', 'ship', 'airplane', 'automobile']",ship
22820,4,"['cat', 'automobile', 'frog', 'airplane']",automobile
22821,7,"['automobile', 'cat', 'airplane', 'frog']",cat
22822,1,"['bird', 'dog', 'frog', 'cat', 'airplane']",airplane
22823,4,"['cat', 'automobile', 'frog', 'airplane']",automobile
22824,1,"['bird', 'dog', 'frog', 'cat', 'airplane']",airplane
22825,4,"['cat', 'automobile', 'frog', 'airplane']",automobile
22826,3,"['frog', 'ship', 'automobile', 'airplane']",ship
22827,8,"['horse', 'airplane', 'cat', 'frog']",horse
22828,6,"['automobile', 'horse', 'ship', 'airplane']",horse
22829,1,"['bird', 'dog', 'frog', 'cat', 'airplane']",airplane
22830,5,"['frog', 'ship', 'airplane', 'automobile']",ship
22831,2,"['ship', 'cat', 'automobile', 'airplane']",cat
22832,3,"['frog', 'ship', 'automobile', 'airplane']",ship
22833,1,"['bird', 'dog', 'frog', 'cat', 'airplane']",airplane
22834,5,"['frog', 'ship', 'airplane', 'automobile']",ship
22835,2,"['ship', 'cat', 'automobile', 'airplane']",cat
22836,6,"['automobile', 'horse', 'ship', 'airplane']",airplane
22837,4,"['cat', 'automobile', 'frog', 'airplane']",automobile
22838,4,"['cat', 'automobile', 'frog', 'airplane']",automobile
22839,6,"['automobile', 'horse', 'ship', 'airplane']",airplane
22840,5,"['frog', 'ship', 'airplane', 'automobile']",ship
22841,2,"['ship', 'cat', 'automobile', 'airplane']",cat
22842,3,"['frog', 'ship', 'automobile', 'airplane']",ship
22843,2,"['ship', 'cat', 'automobile', 'airplane']",cat
22844,0,"['horse', 'deer', 'frog', 'cat']",horse
22845,2,"['ship', 'cat', 'automobile', 'airplane']",cat
22846,7,"['automobile', 'cat', 'airplane', 'frog']",cat
22847,0,"['horse', 'deer', 'frog', 'cat']",horse
22848,5,"['frog', 'ship', 'airplane', 'automobile']",ship
22849,8,"['horse', 'airplane', 'cat', 'frog']",horse
22850,3,"['frog', 'ship', 'automobile', 'airplane']",ship
22851,3,"['frog', 'ship', 'automobile', 'airplane']",ship
22852,7,"['automobile', 'cat', 'airplane', 'frog']",cat
22853,5,"['frog', 'ship', 'airplane', 'automobile']",ship
22854,7,"['automobile', 'cat', 'airplane', 'frog']",airplane
22855,3,"['frog', 'ship', 'automobile', 'airplane']",ship
22856,9,"['dog', 'frog', 'cat', 'airplane']",airplane
22857,4,"['cat', 'automobile', 'frog', 'airplane']",automobile
22858,0,"['horse', 'deer', 'frog', 'cat']",horse
22859,1,"['bird', 'dog', 'frog', 'cat', 'airplane']",airplane
22860,6,"['automobile', 'horse', 'ship', 'airplane']",airplane
22861,3,"['frog', 'ship', 'automobile', 'airplane']",ship
22862,8,"['horse', 'airplane', 'cat', 'frog']",horse
22863,6,"['automobile', 'horse', 'ship', 'airplane']",ship
22864,2,"['ship', 'cat', 'automobile', 'airplane']",cat
22865,3,"['frog', 'ship', 'automobile', 'airplane']",ship
22866,3,"['frog', 'ship', 'automobile', 'airplane']",ship
22867,1,"['bird', 'dog', 'frog', 'cat', 'airplane']",airplane
22868,3,"['frog', 'ship', 'automobile', 'airplane']",frog
22869,2,"['ship', 'cat', 'automobile', 'airplane']",ship
22870,5,"['frog', 'ship', 'airplane', 'automobile']",ship
22871,7,"['automobile', 'cat', 'airplane', 'frog']",cat
22872,6,"['automobile', 'horse', 'ship', 'airplane']",airplane
22873,0,"['horse', 'deer', 'frog', 'cat']",horse
22874,2,"['ship', 'cat', 'automobile', 'airplane']",cat
22875,0,"['horse', 'deer', 'frog', 'cat']",horse
22876,5,"['frog', 'ship', 'airplane', 'automobile']",ship
22877,2,"['ship', 'cat', 'automobile', 'airplane']",cat
22878,6,"['automobile', 'horse', 'ship', 'airplane']",airplane
22879,5,"['frog', 'ship', 'airplane', 'automobile']",ship
22880,9,"['dog', 'frog', 'cat', 'airplane']",dog
22881,0,"['horse', 'deer', 'frog', 'cat']",horse
22882,1,"['bird', 'dog', 'frog', 'cat', 'airplane']",airplane
22883,7,"['automobile', 'cat', 'airplane', 'frog']",cat
22884,1,"['bird', 'dog', 'frog', 'cat', 'airplane']",airplane
22885,6,"['automobile', 'horse', 'ship', 'airplane']",airplane
22886,4,"['cat', 'automobile', 'frog', 'airplane']",automobile
22887,7,"['automobile', 'cat', 'airplane', 'frog']",airplane
22888,8,"['horse', 'airplane', 'cat', 'frog']",horse
22889,6,"['automobile', 'horse', 'ship', 'airplane']",airplane
22890,5,"['frog', 'ship', 'airplane', 'automobile']",ship
22891,3,"['frog', 'ship', 'automobile', 'airplane']",ship
22892,7,"['automobile', 'cat', 'airplane', 'frog']",cat
22893,5,"['frog', 'ship', 'airplane', 'automobile']",ship
22894,7,"['automobile', 'cat', 'airplane', 'frog']",cat
22895,5,"['frog', 'ship', 'airplane', 'automobile']",ship
22896,7,"['automobile', 'cat', 'airplane', 'frog']",cat
22897,2,"['ship', 'cat', 'automobile', 'airplane']",cat
22898,9,"['dog', 'frog', 'cat', 'airplane']",airplane
22899,1,"['bird', 'dog', 'frog', 'cat', 'airplane']",airplane
22900,1,"['bird', 'dog', 'frog', 'cat', 'airplane']",airplane
22901,7,"['automobile', 'cat', 'airplane', 'frog']",airplane
22902,4,"['cat', 'automobile', 'frog', 'airplane']",automobile
22903,2,"['ship', 'cat', 'automobile', 'airplane']",cat
22904,0,"['horse', 'deer', 'frog', 'cat']",horse
22905,3,"['frog', 'ship', 'automobile', 'airplane']",ship
22906,1,"['bird', 'dog', 'frog', 'cat', 'airplane']",airplane
22907,0,"['horse', 'deer', 'frog', 'cat']",horse
22908,5,"['frog', 'ship', 'airplane', 'automobile']",ship
22909,6,"['automobile', 'horse', 'ship', 'airplane']",ship
22910,6,"['automobile', 'horse', 'ship', 'airplane']",airplane
22911,5,"['frog', 'ship', 'airplane', 'automobile']",ship
22912,5,"['frog', 'ship', 'airplane', 'automobile']",ship
22913,3,"['frog', 'ship', 'automobile', 'airplane']",ship
22914,3,"['frog', 'ship', 'automobile', 'airplane']",ship
22915,9,"['dog', 'frog', 'cat', 'airplane']",dog
22916,3,"['frog', 'ship', 'automobile', 'airplane']",ship
22917,9,"['dog', 'frog', 'cat', 'airplane']",airplane
22918,9,"['dog', 'frog', 'cat', 'airplane']",airplane
22919,3,"['frog', 'ship', 'automobile', 'airplane']",ship
22920,8,"['horse', 'airplane', 'cat', 'frog']",horse
22921,9,"['dog', 'frog', 'cat', 'airplane']",airplane
22922,3,"['frog', 'ship', 'automobile', 'airplane']",ship
22923,3,"['frog', 'ship', 'automobile', 'airplane']",ship
22924,0,"['horse', 'deer', 'frog', 'cat']",horse
22925,9,"['dog', 'frog', 'cat', 'airplane']",dog
22926,6,"['automobile', 'horse', 'ship', 'airplane']",airplane
22927,7,"['automobile', 'cat', 'airplane', 'frog']",airplane
22928,7,"['automobile', 'cat', 'airplane', 'frog']",frog
22929,3,"['frog', 'ship', 'automobile', 'airplane']",ship
22930,1,"['bird', 'dog', 'frog', 'cat', 'airplane']",airplane
22931,2,"['ship', 'cat', 'automobile', 'airplane']",cat
22932,5,"['frog', 'ship', 'airplane', 'automobile']",ship
22933,3,"['frog', 'ship', 'automobile', 'airplane']",ship
22934,7,"['automobile', 'cat', 'airplane', 'frog']",cat
22935,9,"['dog', 'frog', 'cat', 'airplane']",dog
22936,1,"['bird', 'dog', 'frog', 'cat', 'airplane']",airplane
22937,5,"['frog', 'ship', 'airplane', 'automobile']",ship
22938,1,"['bird', 'dog', 'frog', 'cat', 'airplane']",airplane
22939,0,"['horse', 'deer', 'frog', 'cat']",horse
22940,6,"['automobile', 'horse', 'ship', 'airplane']",airplane
22941,5,"['frog', 'ship', 'airplane', 'automobile']",ship
22942,7,"['automobile', 'cat', 'airplane', 'frog']",cat
22943,1,"['bird', 'dog', 'frog', 'cat', 'airplane']",airplane
22944,4,"['cat', 'automobile', 'frog', 'airplane']",frog
22945,8,"['horse', 'airplane', 'cat', 'frog']",horse
22946,4,"['cat', 'automobile', 'frog', 'airplane']",automobile
22947,6,"['automobile', 'horse', 'ship', 'airplane']",airplane
22948,8,"['horse', 'airplane', 'cat', 'frog']",horse
22949,4,"['cat', 'automobile', 'frog', 'airplane']",automobile
22950,9,"['dog', 'frog', 'cat', 'airplane']",airplane
22951,0,"['horse', 'deer', 'frog', 'cat']",horse
22952,1,"['bird', 'dog', 'frog', 'cat', 'airplane']",airplane
22953,2,"['ship', 'cat', 'automobile', 'airplane']",cat
22954,8,"['horse', 'airplane', 'cat', 'frog']",horse
22955,7,"['automobile', 'cat', 'airplane', 'frog']",airplane
22956,9,"['dog', 'frog', 'cat', 'airplane']",dog
22957,1,"['bird', 'dog', 'frog', 'cat', 'airplane']",airplane
22958,7,"['automobile', 'cat', 'airplane', 'frog']",cat
22959,9,"['dog', 'frog', 'cat', 'airplane']",airplane
22960,2,"['ship', 'cat', 'automobile', 'airplane']",cat
22961,5,"['frog', 'ship', 'airplane', 'automobile']",ship
22962,0,"['horse', 'deer', 'frog', 'cat']",horse
22963,4,"['cat', 'automobile', 'frog', 'airplane']",automobile
22964,4,"['cat', 'automobile', 'frog', 'airplane']",automobile
22965,7,"['automobile', 'cat', 'airplane', 'frog']",frog
22966,2,"['ship', 'cat', 'automobile', 'airplane']",cat
22967,0,"['horse', 'deer', 'frog', 'cat']",horse
22968,6,"['automobile', 'horse', 'ship', 'airplane']",ship
22969,4,"['cat', 'automobile', 'frog', 'airplane']",automobile
22970,0,"['horse', 'deer', 'frog', 'cat']",horse
22971,4,"['cat', 'automobile', 'frog', 'airplane']",automobile
22972,4,"['cat', 'automobile', 'frog', 'airplane']",automobile
22973,0,"['horse', 'deer', 'frog', 'cat']",horse
22974,2,"['ship', 'cat', 'automobile', 'airplane']",cat
22975,1,"['bird', 'dog', 'frog', 'cat', 'airplane']",airplane
22976,8,"['horse', 'airplane', 'cat', 'frog']",horse
22977,2,"['ship', 'cat', 'automobile', 'airplane']",cat
22978,5,"['frog', 'ship', 'airplane', 'automobile']",ship
22979,3,"['frog', 'ship', 'automobile', 'airplane']",ship
22980,7,"['automobile', 'cat', 'airplane', 'frog']",airplane
22981,4,"['cat', 'automobile', 'frog', 'airplane']",automobile
22982,1,"['bird', 'dog', 'frog', 'cat', 'airplane']",airplane
22983,1,"['bird', 'dog', 'frog', 'cat', 'airplane']",airplane
22984,1,"['bird', 'dog', 'frog', 'cat', 'airplane']",airplane
22985,4,"['cat', 'automobile', 'frog', 'airplane']",automobile
22986,6,"['automobile', 'horse', 'ship', 'airplane']",airplane
22987,2,"['ship', 'cat', 'automobile', 'airplane']",cat
22988,2,"['ship', 'cat', 'automobile', 'airplane']",automobile
22989,9,"['dog', 'frog', 'cat', 'airplane']",airplane
22990,4,"['cat', 'automobile', 'frog', 'airplane']",automobile
22991,0,"['horse', 'deer', 'frog', 'cat']",horse
22992,8,"['horse', 'airplane', 'cat', 'frog']",horse
22993,0,"['horse', 'deer', 'frog', 'cat']",horse
22994,3,"['frog', 'ship', 'automobile', 'airplane']",ship
22995,9,"['dog', 'frog', 'cat', 'airplane']",airplane
22996,4,"['cat', 'automobile', 'frog', 'airplane']",airplane
22997,0,"['horse', 'deer', 'frog', 'cat']",horse
22998,1,"['bird', 'dog', 'frog', 'cat', 'airplane']",airplane
22999,5,"['frog', 'ship', 'airplane', 'automobile']",ship
23000,7,"['automobile', 'cat', 'airplane', 'frog']",airplane
23001,9,"['dog', 'frog', 'cat', 'airplane']",airplane
23002,0,"['horse', 'deer', 'frog', 'cat']",horse
23003,2,"['ship', 'cat', 'automobile', 'airplane']",cat
23004,0,"['horse', 'deer', 'frog', 'cat']",horse
23005,6,"['automobile', 'horse', 'ship', 'airplane']",airplane
23006,1,"['bird', 'dog', 'frog', 'cat', 'airplane']",airplane
23007,5,"['frog', 'ship', 'airplane', 'automobile']",ship
23008,6,"['automobile', 'horse', 'ship', 'airplane']",airplane
23009,9,"['dog', 'frog', 'cat', 'airplane']",dog
23010,0,"['horse', 'deer', 'frog', 'cat']",horse
23011,8,"['horse', 'airplane', 'cat', 'frog']",horse
23012,1,"['bird', 'dog', 'frog', 'cat', 'airplane']",airplane
23013,4,"['cat', 'automobile', 'frog', 'airplane']",automobile
23014,2,"['ship', 'cat', 'automobile', 'airplane']",automobile
23015,1,"['bird', 'dog', 'frog', 'cat', 'airplane']",airplane
23016,0,"['horse', 'deer', 'frog', 'cat']",horse
23017,4,"['cat', 'automobile', 'frog', 'airplane']",airplane
23018,3,"['frog', 'ship', 'automobile', 'airplane']",ship
23019,9,"['dog', 'frog', 'cat', 'airplane']",airplane
23020,1,"['bird', 'dog', 'frog', 'cat', 'airplane']",airplane
23021,0,"['horse', 'deer', 'frog', 'cat']",horse
23022,4,"['cat', 'automobile', 'frog', 'airplane']",automobile
23023,9,"['dog', 'frog', 'cat', 'airplane']",frog
23024,0,"['horse', 'deer', 'frog', 'cat']",horse
23025,6,"['automobile', 'horse', 'ship', 'airplane']",automobile
23026,6,"['automobile', 'horse', 'ship', 'airplane']",airplane
23027,3,"['frog', 'ship', 'automobile', 'airplane']",ship
23028,9,"['dog', 'frog', 'cat', 'airplane']",dog
23029,4,"['cat', 'automobile', 'frog', 'airplane']",automobile
23030,6,"['automobile', 'horse', 'ship', 'airplane']",airplane
23031,8,"['horse', 'airplane', 'cat', 'frog']",horse
23032,1,"['bird', 'dog', 'frog', 'cat', 'airplane']",airplane
23033,3,"['frog', 'ship', 'automobile', 'airplane']",ship
23034,7,"['automobile', 'cat', 'airplane', 'frog']",cat
23035,0,"['horse', 'deer', 'frog', 'cat']",horse
23036,6,"['automobile', 'horse', 'ship', 'airplane']",airplane
23037,7,"['automobile', 'cat', 'airplane', 'frog']",airplane
23038,2,"['ship', 'cat', 'automobile', 'airplane']",cat
23039,5,"['frog', 'ship', 'airplane', 'automobile']",ship
23040,6,"['automobile', 'horse', 'ship', 'airplane']",ship
23041,2,"['ship', 'cat', 'automobile', 'airplane']",automobile
23042,5,"['frog', 'ship', 'airplane', 'automobile']",ship
23043,0,"['horse', 'deer', 'frog', 'cat']",horse
23044,5,"['frog', 'ship', 'airplane', 'automobile']",ship
23045,8,"['horse', 'airplane', 'cat', 'frog']",horse
23046,5,"['frog', 'ship', 'airplane', 'automobile']",ship
23047,9,"['dog', 'frog', 'cat', 'airplane']",airplane
23048,3,"['frog', 'ship', 'automobile', 'airplane']",ship
23049,8,"['horse', 'airplane', 'cat', 'frog']",horse
23050,6,"['automobile', 'horse', 'ship', 'airplane']",airplane
23051,6,"['automobile', 'horse', 'ship', 'airplane']",airplane
23052,1,"['bird', 'dog', 'frog', 'cat', 'airplane']",airplane
23053,7,"['automobile', 'cat', 'airplane', 'frog']",cat
23054,6,"['automobile', 'horse', 'ship', 'airplane']",ship
23055,5,"['frog', 'ship', 'airplane', 'automobile']",ship
23056,0,"['horse', 'deer', 'frog', 'cat']",horse
23057,4,"['cat', 'automobile', 'frog', 'airplane']",automobile
23058,1,"['bird', 'dog', 'frog', 'cat', 'airplane']",airplane
23059,5,"['frog', 'ship', 'airplane', 'automobile']",ship
23060,1,"['bird', 'dog', 'frog', 'cat', 'airplane']",airplane
23061,0,"['horse', 'deer', 'frog', 'cat']",horse
23062,2,"['ship', 'cat', 'automobile', 'airplane']",automobile
23063,3,"['frog', 'ship', 'automobile', 'airplane']",ship
23064,2,"['ship', 'cat', 'automobile', 'airplane']",automobile
23065,3,"['frog', 'ship', 'automobile', 'airplane']",ship
23066,6,"['automobile', 'horse', 'ship', 'airplane']",ship
23067,5,"['frog', 'ship', 'airplane', 'automobile']",ship
23068,3,"['frog', 'ship', 'automobile', 'airplane']",ship
23069,2,"['ship', 'cat', 'automobile', 'airplane']",cat
23070,2,"['ship', 'cat', 'automobile', 'airplane']",cat
23071,4,"['cat', 'automobile', 'frog', 'airplane']",automobile
23072,4,"['cat', 'automobile', 'frog', 'airplane']",automobile
23073,8,"['horse', 'airplane', 'cat', 'frog']",horse
23074,2,"['ship', 'cat', 'automobile', 'airplane']",cat
23075,9,"['dog', 'frog', 'cat', 'airplane']",airplane
23076,4,"['cat', 'automobile', 'frog', 'airplane']",automobile
23077,0,"['horse', 'deer', 'frog', 'cat']",horse
23078,4,"['cat', 'automobile', 'frog', 'airplane']",automobile
23079,0,"['horse', 'deer', 'frog', 'cat']",horse
23080,8,"['horse', 'airplane', 'cat', 'frog']",horse
23081,8,"['horse', 'airplane', 'cat', 'frog']",horse
23082,6,"['automobile', 'horse', 'ship', 'airplane']",airplane
23083,3,"['frog', 'ship', 'automobile', 'airplane']",ship
23084,6,"['automobile', 'horse', 'ship', 'airplane']",airplane
23085,8,"['horse', 'airplane', 'cat', 'frog']",horse
23086,6,"['automobile', 'horse', 'ship', 'airplane']",horse
23087,6,"['automobile', 'horse', 'ship', 'airplane']",airplane
23088,1,"['bird', 'dog', 'frog', 'cat', 'airplane']",airplane
23089,9,"['dog', 'frog', 'cat', 'airplane']",dog
23090,5,"['frog', 'ship', 'airplane', 'automobile']",ship
23091,9,"['dog', 'frog', 'cat', 'airplane']",airplane
23092,5,"['frog', 'ship', 'airplane', 'automobile']",ship
23093,5,"['frog', 'ship', 'airplane', 'automobile']",ship
23094,3,"['frog', 'ship', 'automobile', 'airplane']",ship
23095,2,"['ship', 'cat', 'automobile', 'airplane']",automobile
23096,0,"['horse', 'deer', 'frog', 'cat']",horse
23097,6,"['automobile', 'horse', 'ship', 'airplane']",airplane
23098,7,"['automobile', 'cat', 'airplane', 'frog']",frog
23099,0,"['horse', 'deer', 'frog', 'cat']",horse
23100,1,"['bird', 'dog', 'frog', 'cat', 'airplane']",airplane
23101,6,"['automobile', 'horse', 'ship', 'airplane']",automobile
23102,2,"['ship', 'cat', 'automobile', 'airplane']",cat
23103,9,"['dog', 'frog', 'cat', 'airplane']",dog
23104,3,"['frog', 'ship', 'automobile', 'airplane']",ship
23105,6,"['automobile', 'horse', 'ship', 'airplane']",airplane
23106,0,"['horse', 'deer', 'frog', 'cat']",horse
23107,1,"['bird', 'dog', 'frog', 'cat', 'airplane']",airplane
23108,6,"['automobile', 'horse', 'ship', 'airplane']",airplane
23109,8,"['horse', 'airplane', 'cat', 'frog']",horse
23110,8,"['horse', 'airplane', 'cat', 'frog']",horse
23111,9,"['dog', 'frog', 'cat', 'airplane']",airplane
23112,3,"['frog', 'ship', 'automobile', 'airplane']",ship
23113,0,"['horse', 'deer', 'frog', 'cat']",horse
23114,3,"['frog', 'ship', 'automobile', 'airplane']",ship
23115,9,"['dog', 'frog', 'cat', 'airplane']",airplane
23116,1,"['bird', 'dog', 'frog', 'cat', 'airplane']",airplane
23117,8,"['horse', 'airplane', 'cat', 'frog']",horse
23118,2,"['ship', 'cat', 'automobile', 'airplane']",cat
23119,5,"['frog', 'ship', 'airplane', 'automobile']",ship
23120,3,"['frog', 'ship', 'automobile', 'airplane']",ship
23121,5,"['frog', 'ship', 'airplane', 'automobile']",ship
23122,3,"['frog', 'ship', 'automobile', 'airplane']",ship
23123,2,"['ship', 'cat', 'automobile', 'airplane']",automobile
23124,7,"['automobile', 'cat', 'airplane', 'frog']",cat
23125,8,"['horse', 'airplane', 'cat', 'frog']",horse
23126,0,"['horse', 'deer', 'frog', 'cat']",horse
23127,1,"['bird', 'dog', 'frog', 'cat', 'airplane']",airplane
23128,2,"['ship', 'cat', 'automobile', 'airplane']",cat
23129,9,"['dog', 'frog', 'cat', 'airplane']",airplane
23130,6,"['automobile', 'horse', 'ship', 'airplane']",airplane
23131,7,"['automobile', 'cat', 'airplane', 'frog']",cat
23132,7,"['automobile', 'cat', 'airplane', 'frog']",cat
23133,4,"['cat', 'automobile', 'frog', 'airplane']",automobile
23134,4,"['cat', 'automobile', 'frog', 'airplane']",automobile
23135,6,"['automobile', 'horse', 'ship', 'airplane']",airplane
23136,3,"['frog', 'ship', 'automobile', 'airplane']",ship
23137,9,"['dog', 'frog', 'cat', 'airplane']",airplane
23138,2,"['ship', 'cat', 'automobile', 'airplane']",cat
23139,1,"['bird', 'dog', 'frog', 'cat', 'airplane']",airplane
23140,7,"['automobile', 'cat', 'airplane', 'frog']",airplane
23141,9,"['dog', 'frog', 'cat', 'airplane']",airplane
23142,1,"['bird', 'dog', 'frog', 'cat', 'airplane']",airplane
23143,6,"['automobile', 'horse', 'ship', 'airplane']",airplane
23144,6,"['automobile', 'horse', 'ship', 'airplane']",airplane
23145,3,"['frog', 'ship', 'automobile', 'airplane']",ship
23146,5,"['frog', 'ship', 'airplane', 'automobile']",ship
23147,2,"['ship', 'cat', 'automobile', 'airplane']",cat
23148,8,"['horse', 'airplane', 'cat', 'frog']",horse
23149,8,"['horse', 'airplane', 'cat', 'frog']",horse
23150,5,"['frog', 'ship', 'airplane', 'automobile']",ship
23151,1,"['bird', 'dog', 'frog', 'cat', 'airplane']",airplane
23152,6,"['automobile', 'horse', 'ship', 'airplane']",ship
23153,8,"['horse', 'airplane', 'cat', 'frog']",horse
23154,6,"['automobile', 'horse', 'ship', 'airplane']",airplane
23155,0,"['horse', 'deer', 'frog', 'cat']",horse
23156,1,"['bird', 'dog', 'frog', 'cat', 'airplane']",airplane
23157,0,"['horse', 'deer', 'frog', 'cat']",horse
23158,2,"['ship', 'cat', 'automobile', 'airplane']",automobile
23159,2,"['ship', 'cat', 'automobile', 'airplane']",cat
23160,1,"['bird', 'dog', 'frog', 'cat', 'airplane']",airplane
23161,4,"['cat', 'automobile', 'frog', 'airplane']",automobile
23162,5,"['frog', 'ship', 'airplane', 'automobile']",ship
23163,0,"['horse', 'deer', 'frog', 'cat']",horse
23164,1,"['bird', 'dog', 'frog', 'cat', 'airplane']",airplane
23165,2,"['ship', 'cat', 'automobile', 'airplane']",cat
23166,9,"['dog', 'frog', 'cat', 'airplane']",airplane
23167,7,"['automobile', 'cat', 'airplane', 'frog']",airplane
23168,3,"['frog', 'ship', 'automobile', 'airplane']",ship
23169,9,"['dog', 'frog', 'cat', 'airplane']",airplane
23170,7,"['automobile', 'cat', 'airplane', 'frog']",airplane
23171,0,"['horse', 'deer', 'frog', 'cat']",horse
23172,8,"['horse', 'airplane', 'cat', 'frog']",horse
23173,5,"['frog', 'ship', 'airplane', 'automobile']",ship
23174,5,"['frog', 'ship', 'airplane', 'automobile']",ship
23175,0,"['horse', 'deer', 'frog', 'cat']",horse
23176,5,"['frog', 'ship', 'airplane', 'automobile']",ship
23177,8,"['horse', 'airplane', 'cat', 'frog']",horse
23178,7,"['automobile', 'cat', 'airplane', 'frog']",cat
23179,4,"['cat', 'automobile', 'frog', 'airplane']",automobile
23180,6,"['automobile', 'horse', 'ship', 'airplane']",airplane
23181,2,"['ship', 'cat', 'automobile', 'airplane']",cat
23182,0,"['horse', 'deer', 'frog', 'cat']",horse
23183,8,"['horse', 'airplane', 'cat', 'frog']",horse
23184,5,"['frog', 'ship', 'airplane', 'automobile']",ship
23185,5,"['frog', 'ship', 'airplane', 'automobile']",ship
23186,7,"['automobile', 'cat', 'airplane', 'frog']",cat
23187,4,"['cat', 'automobile', 'frog', 'airplane']",airplane
23188,2,"['ship', 'cat', 'automobile', 'airplane']",automobile
23189,3,"['frog', 'ship', 'automobile', 'airplane']",ship
23190,1,"['bird', 'dog', 'frog', 'cat', 'airplane']",airplane
23191,4,"['cat', 'automobile', 'frog', 'airplane']",automobile
23192,1,"['bird', 'dog', 'frog', 'cat', 'airplane']",airplane
23193,6,"['automobile', 'horse', 'ship', 'airplane']",ship
23194,0,"['horse', 'deer', 'frog', 'cat']",horse
23195,1,"['bird', 'dog', 'frog', 'cat', 'airplane']",airplane
23196,7,"['automobile', 'cat', 'airplane', 'frog']",airplane
23197,3,"['frog', 'ship', 'automobile', 'airplane']",ship
23198,1,"['bird', 'dog', 'frog', 'cat', 'airplane']",airplane
23199,8,"['horse', 'airplane', 'cat', 'frog']",horse
23200,4,"['cat', 'automobile', 'frog', 'airplane']",automobile
23201,8,"['horse', 'airplane', 'cat', 'frog']",horse
23202,3,"['frog', 'ship', 'automobile', 'airplane']",ship
23203,1,"['bird', 'dog', 'frog', 'cat', 'airplane']",airplane
23204,7,"['automobile', 'cat', 'airplane', 'frog']",cat
23205,8,"['horse', 'airplane', 'cat', 'frog']",horse
23206,5,"['frog', 'ship', 'airplane', 'automobile']",ship
23207,5,"['frog', 'ship', 'airplane', 'automobile']",ship
23208,6,"['automobile', 'horse', 'ship', 'airplane']",airplane
23209,2,"['ship', 'cat', 'automobile', 'airplane']",automobile
23210,1,"['bird', 'dog', 'frog', 'cat', 'airplane']",airplane
23211,4,"['cat', 'automobile', 'frog', 'airplane']",automobile
23212,7,"['automobile', 'cat', 'airplane', 'frog']",cat
23213,1,"['bird', 'dog', 'frog', 'cat', 'airplane']",airplane
23214,8,"['horse', 'airplane', 'cat', 'frog']",horse
23215,8,"['horse', 'airplane', 'cat', 'frog']",horse
23216,6,"['automobile', 'horse', 'ship', 'airplane']",airplane
23217,2,"['ship', 'cat', 'automobile', 'airplane']",cat
23218,3,"['frog', 'ship', 'automobile', 'airplane']",ship
23219,8,"['horse', 'airplane', 'cat', 'frog']",horse
23220,1,"['bird', 'dog', 'frog', 'cat', 'airplane']",airplane
23221,0,"['horse', 'deer', 'frog', 'cat']",horse
23222,2,"['ship', 'cat', 'automobile', 'airplane']",automobile
23223,4,"['cat', 'automobile', 'frog', 'airplane']",automobile
23224,0,"['horse', 'deer', 'frog', 'cat']",horse
23225,9,"['dog', 'frog', 'cat', 'airplane']",dog
23226,7,"['automobile', 'cat', 'airplane', 'frog']",airplane
23227,5,"['frog', 'ship', 'airplane', 'automobile']",ship
23228,3,"['frog', 'ship', 'automobile', 'airplane']",ship
23229,9,"['dog', 'frog', 'cat', 'airplane']",airplane
23230,6,"['automobile', 'horse', 'ship', 'airplane']",airplane
23231,4,"['cat', 'automobile', 'frog', 'airplane']",automobile
23232,1,"['bird', 'dog', 'frog', 'cat', 'airplane']",airplane
23233,5,"['frog', 'ship', 'airplane', 'automobile']",ship
23234,5,"['frog', 'ship', 'airplane', 'automobile']",ship
23235,3,"['frog', 'ship', 'automobile', 'airplane']",ship
23236,7,"['automobile', 'cat', 'airplane', 'frog']",airplane
23237,2,"['ship', 'cat', 'automobile', 'airplane']",cat
23238,5,"['frog', 'ship', 'airplane', 'automobile']",ship
23239,3,"['frog', 'ship', 'automobile', 'airplane']",ship
23240,0,"['horse', 'deer', 'frog', 'cat']",horse
23241,2,"['ship', 'cat', 'automobile', 'airplane']",cat
23242,9,"['dog', 'frog', 'cat', 'airplane']",airplane
23243,9,"['dog', 'frog', 'cat', 'airplane']",airplane
23244,6,"['automobile', 'horse', 'ship', 'airplane']",airplane
23245,0,"['horse', 'deer', 'frog', 'cat']",horse
23246,7,"['automobile', 'cat', 'airplane', 'frog']",airplane
23247,4,"['cat', 'automobile', 'frog', 'airplane']",automobile
23248,1,"['bird', 'dog', 'frog', 'cat', 'airplane']",airplane
23249,5,"['frog', 'ship', 'airplane', 'automobile']",ship
23250,3,"['frog', 'ship', 'automobile', 'airplane']",ship
23251,6,"['automobile', 'horse', 'ship', 'airplane']",airplane
23252,4,"['cat', 'automobile', 'frog', 'airplane']",automobile
23253,3,"['frog', 'ship', 'automobile', 'airplane']",ship
23254,0,"['horse', 'deer', 'frog', 'cat']",horse
23255,4,"['cat', 'automobile', 'frog', 'airplane']",automobile
23256,3,"['frog', 'ship', 'automobile', 'airplane']",ship
23257,6,"['automobile', 'horse', 'ship', 'airplane']",ship
23258,8,"['horse', 'airplane', 'cat', 'frog']",horse
23259,7,"['automobile', 'cat', 'airplane', 'frog']",airplane
23260,1,"['bird', 'dog', 'frog', 'cat', 'airplane']",airplane
23261,3,"['frog', 'ship', 'automobile', 'airplane']",ship
23262,7,"['automobile', 'cat', 'airplane', 'frog']",airplane
23263,1,"['bird', 'dog', 'frog', 'cat', 'airplane']",airplane
23264,2,"['ship', 'cat', 'automobile', 'airplane']",automobile
23265,7,"['automobile', 'cat', 'airplane', 'frog']",cat
23266,3,"['frog', 'ship', 'automobile', 'airplane']",ship
23267,8,"['horse', 'airplane', 'cat', 'frog']",horse
23268,5,"['frog', 'ship', 'airplane', 'automobile']",ship
23269,6,"['automobile', 'horse', 'ship', 'airplane']",airplane
23270,3,"['frog', 'ship', 'automobile', 'airplane']",ship
23271,9,"['dog', 'frog', 'cat', 'airplane']",airplane
23272,8,"['horse', 'airplane', 'cat', 'frog']",horse
23273,5,"['frog', 'ship', 'airplane', 'automobile']",ship
23274,9,"['dog', 'frog', 'cat', 'airplane']",dog
23275,1,"['bird', 'dog', 'frog', 'cat', 'airplane']",airplane
23276,4,"['cat', 'automobile', 'frog', 'airplane']",automobile
23277,1,"['bird', 'dog', 'frog', 'cat', 'airplane']",airplane
23278,3,"['frog', 'ship', 'automobile', 'airplane']",ship
23279,4,"['cat', 'automobile', 'frog', 'airplane']",automobile
23280,1,"['bird', 'dog', 'frog', 'cat', 'airplane']",airplane
23281,8,"['horse', 'airplane', 'cat', 'frog']",horse
23282,8,"['horse', 'airplane', 'cat', 'frog']",horse
23283,2,"['ship', 'cat', 'automobile', 'airplane']",cat
23284,9,"['dog', 'frog', 'cat', 'airplane']",airplane
23285,5,"['frog', 'ship', 'airplane', 'automobile']",ship
23286,3,"['frog', 'ship', 'automobile', 'airplane']",ship
23287,9,"['dog', 'frog', 'cat', 'airplane']",airplane
23288,2,"['ship', 'cat', 'automobile', 'airplane']",cat
23289,2,"['ship', 'cat', 'automobile', 'airplane']",cat
23290,7,"['automobile', 'cat', 'airplane', 'frog']",cat
23291,9,"['dog', 'frog', 'cat', 'airplane']",dog
23292,7,"['automobile', 'cat', 'airplane', 'frog']",cat
23293,2,"['ship', 'cat', 'automobile', 'airplane']",ship
23294,8,"['horse', 'airplane', 'cat', 'frog']",horse
23295,3,"['frog', 'ship', 'automobile', 'airplane']",ship
23296,7,"['automobile', 'cat', 'airplane', 'frog']",cat
23297,0,"['horse', 'deer', 'frog', 'cat']",horse
23298,7,"['automobile', 'cat', 'airplane', 'frog']",airplane
23299,9,"['dog', 'frog', 'cat', 'airplane']",airplane
23300,1,"['bird', 'dog', 'frog', 'cat', 'airplane']",airplane
23301,8,"['horse', 'airplane', 'cat', 'frog']",horse
23302,9,"['dog', 'frog', 'cat', 'airplane']",airplane
23303,9,"['dog', 'frog', 'cat', 'airplane']",airplane
23304,7,"['automobile', 'cat', 'airplane', 'frog']",cat
23305,9,"['dog', 'frog', 'cat', 'airplane']",dog
23306,3,"['frog', 'ship', 'automobile', 'airplane']",ship
23307,8,"['horse', 'airplane', 'cat', 'frog']",horse
23308,7,"['automobile', 'cat', 'airplane', 'frog']",cat
23309,4,"['cat', 'automobile', 'frog', 'airplane']",automobile
23310,7,"['automobile', 'cat', 'airplane', 'frog']",cat
23311,1,"['bird', 'dog', 'frog', 'cat', 'airplane']",airplane
23312,8,"['horse', 'airplane', 'cat', 'frog']",horse
23313,1,"['bird', 'dog', 'frog', 'cat', 'airplane']",airplane
23314,3,"['frog', 'ship', 'automobile', 'airplane']",ship
23315,2,"['ship', 'cat', 'automobile', 'airplane']",cat
23316,5,"['frog', 'ship', 'airplane', 'automobile']",ship
23317,1,"['bird', 'dog', 'frog', 'cat', 'airplane']",airplane
23318,5,"['frog', 'ship', 'airplane', 'automobile']",ship
23319,8,"['horse', 'airplane', 'cat', 'frog']",airplane
23320,0,"['horse', 'deer', 'frog', 'cat']",horse
23321,8,"['horse', 'airplane', 'cat', 'frog']",horse
23322,3,"['frog', 'ship', 'automobile', 'airplane']",ship
23323,6,"['automobile', 'horse', 'ship', 'airplane']",airplane
23324,6,"['automobile', 'horse', 'ship', 'airplane']",airplane
23325,9,"['dog', 'frog', 'cat', 'airplane']",airplane
23326,3,"['frog', 'ship', 'automobile', 'airplane']",ship
23327,4,"['cat', 'automobile', 'frog', 'airplane']",automobile
23328,6,"['automobile', 'horse', 'ship', 'airplane']",airplane
23329,4,"['cat', 'automobile', 'frog', 'airplane']",automobile
23330,7,"['automobile', 'cat', 'airplane', 'frog']",cat
23331,7,"['automobile', 'cat', 'airplane', 'frog']",cat
23332,1,"['bird', 'dog', 'frog', 'cat', 'airplane']",airplane
23333,9,"['dog', 'frog', 'cat', 'airplane']",airplane
23334,4,"['cat', 'automobile', 'frog', 'airplane']",automobile
23335,5,"['frog', 'ship', 'airplane', 'automobile']",ship
23336,9,"['dog', 'frog', 'cat', 'airplane']",dog
23337,4,"['cat', 'automobile', 'frog', 'airplane']",airplane
23338,1,"['bird', 'dog', 'frog', 'cat', 'airplane']",airplane
23339,6,"['automobile', 'horse', 'ship', 'airplane']",airplane
23340,2,"['ship', 'cat', 'automobile', 'airplane']",cat
23341,9,"['dog', 'frog', 'cat', 'airplane']",airplane
23342,8,"['horse', 'airplane', 'cat', 'frog']",horse
23343,2,"['ship', 'cat', 'automobile', 'airplane']",automobile
23344,7,"['automobile', 'cat', 'airplane', 'frog']",airplane
23345,1,"['bird', 'dog', 'frog', 'cat', 'airplane']",airplane
23346,2,"['ship', 'cat', 'automobile', 'airplane']",cat
23347,2,"['ship', 'cat', 'automobile', 'airplane']",cat
23348,3,"['frog', 'ship', 'automobile', 'airplane']",frog
23349,5,"['frog', 'ship', 'airplane', 'automobile']",ship
23350,4,"['cat', 'automobile', 'frog', 'airplane']",automobile
23351,8,"['horse', 'airplane', 'cat', 'frog']",horse
23352,0,"['horse', 'deer', 'frog', 'cat']",horse
23353,3,"['frog', 'ship', 'automobile', 'airplane']",ship
23354,4,"['cat', 'automobile', 'frog', 'airplane']",automobile
23355,8,"['horse', 'airplane', 'cat', 'frog']",horse
23356,7,"['automobile', 'cat', 'airplane', 'frog']",cat
23357,1,"['bird', 'dog', 'frog', 'cat', 'airplane']",airplane
23358,9,"['dog', 'frog', 'cat', 'airplane']",airplane
23359,9,"['dog', 'frog', 'cat', 'airplane']",dog
23360,5,"['frog', 'ship', 'airplane', 'automobile']",ship
23361,1,"['bird', 'dog', 'frog', 'cat', 'airplane']",airplane
23362,4,"['cat', 'automobile', 'frog', 'airplane']",automobile
23363,6,"['automobile', 'horse', 'ship', 'airplane']",ship
23364,7,"['automobile', 'cat', 'airplane', 'frog']",airplane
23365,3,"['frog', 'ship', 'automobile', 'airplane']",ship
23366,6,"['automobile', 'horse', 'ship', 'airplane']",airplane
23367,4,"['cat', 'automobile', 'frog', 'airplane']",automobile
23368,9,"['dog', 'frog', 'cat', 'airplane']",dog
23369,5,"['frog', 'ship', 'airplane', 'automobile']",ship
23370,6,"['automobile', 'horse', 'ship', 'airplane']",ship
23371,0,"['horse', 'deer', 'frog', 'cat']",horse
23372,3,"['frog', 'ship', 'automobile', 'airplane']",ship
23373,6,"['automobile', 'horse', 'ship', 'airplane']",airplane
23374,8,"['horse', 'airplane', 'cat', 'frog']",horse
23375,6,"['automobile', 'horse', 'ship', 'airplane']",airplane
23376,3,"['frog', 'ship', 'automobile', 'airplane']",ship
23377,0,"['horse', 'deer', 'frog', 'cat']",horse
23378,3,"['frog', 'ship', 'automobile', 'airplane']",ship
23379,1,"['bird', 'dog', 'frog', 'cat', 'airplane']",airplane
23380,3,"['frog', 'ship', 'automobile', 'airplane']",ship
23381,7,"['automobile', 'cat', 'airplane', 'frog']",cat
23382,3,"['frog', 'ship', 'automobile', 'airplane']",ship
23383,9,"['dog', 'frog', 'cat', 'airplane']",airplane
23384,8,"['horse', 'airplane', 'cat', 'frog']",frog
23385,5,"['frog', 'ship', 'airplane', 'automobile']",ship
23386,0,"['horse', 'deer', 'frog', 'cat']",horse
23387,6,"['automobile', 'horse', 'ship', 'airplane']",airplane
23388,2,"['ship', 'cat', 'automobile', 'airplane']",cat
23389,3,"['frog', 'ship', 'automobile', 'airplane']",frog
23390,6,"['automobile', 'horse', 'ship', 'airplane']",airplane
23391,1,"['bird', 'dog', 'frog', 'cat', 'airplane']",airplane
23392,5,"['frog', 'ship', 'airplane', 'automobile']",ship
23393,4,"['cat', 'automobile', 'frog', 'airplane']",automobile
23394,4,"['cat', 'automobile', 'frog', 'airplane']",automobile
23395,2,"['ship', 'cat', 'automobile', 'airplane']",cat
23396,1,"['bird', 'dog', 'frog', 'cat', 'airplane']",airplane
23397,9,"['dog', 'frog', 'cat', 'airplane']",airplane
23398,0,"['horse', 'deer', 'frog', 'cat']",horse
23399,8,"['horse', 'airplane', 'cat', 'frog']",horse
23400,9,"['dog', 'frog', 'cat', 'airplane']",airplane
23401,3,"['frog', 'ship', 'automobile', 'airplane']",frog
23402,7,"['automobile', 'cat', 'airplane', 'frog']",cat
23403,9,"['dog', 'frog', 'cat', 'airplane']",dog
23404,5,"['frog', 'ship', 'airplane', 'automobile']",ship
23405,8,"['horse', 'airplane', 'cat', 'frog']",horse
23406,6,"['automobile', 'horse', 'ship', 'airplane']",automobile
23407,1,"['bird', 'dog', 'frog', 'cat', 'airplane']",airplane
23408,8,"['horse', 'airplane', 'cat', 'frog']",horse
23409,3,"['frog', 'ship', 'automobile', 'airplane']",ship
23410,9,"['dog', 'frog', 'cat', 'airplane']",dog
23411,6,"['automobile', 'horse', 'ship', 'airplane']",airplane
23412,6,"['automobile', 'horse', 'ship', 'airplane']",airplane
23413,6,"['automobile', 'horse', 'ship', 'airplane']",ship
23414,2,"['ship', 'cat', 'automobile', 'airplane']",cat
23415,7,"['automobile', 'cat', 'airplane', 'frog']",cat
23416,2,"['ship', 'cat', 'automobile', 'airplane']",cat
23417,3,"['frog', 'ship', 'automobile', 'airplane']",ship
23418,6,"['automobile', 'horse', 'ship', 'airplane']",automobile
23419,0,"['horse', 'deer', 'frog', 'cat']",horse
23420,4,"['cat', 'automobile', 'frog', 'airplane']",automobile
23421,4,"['cat', 'automobile', 'frog', 'airplane']",automobile
23422,9,"['dog', 'frog', 'cat', 'airplane']",dog
23423,1,"['bird', 'dog', 'frog', 'cat', 'airplane']",airplane
23424,4,"['cat', 'automobile', 'frog', 'airplane']",automobile
23425,1,"['bird', 'dog', 'frog', 'cat', 'airplane']",airplane
23426,9,"['dog', 'frog', 'cat', 'airplane']",airplane
23427,9,"['dog', 'frog', 'cat', 'airplane']",airplane
23428,1,"['bird', 'dog', 'frog', 'cat', 'airplane']",airplane
23429,9,"['dog', 'frog', 'cat', 'airplane']",dog
23430,3,"['frog', 'ship', 'automobile', 'airplane']",ship
23431,1,"['bird', 'dog', 'frog', 'cat', 'airplane']",airplane
23432,5,"['frog', 'ship', 'airplane', 'automobile']",frog
23433,9,"['dog', 'frog', 'cat', 'airplane']",airplane
23434,8,"['horse', 'airplane', 'cat', 'frog']",horse
23435,7,"['automobile', 'cat', 'airplane', 'frog']",airplane
23436,8,"['horse', 'airplane', 'cat', 'frog']",airplane
23437,5,"['frog', 'ship', 'airplane', 'automobile']",ship
23438,8,"['horse', 'airplane', 'cat', 'frog']",horse
23439,1,"['bird', 'dog', 'frog', 'cat', 'airplane']",airplane
23440,8,"['horse', 'airplane', 'cat', 'frog']",horse
23441,2,"['ship', 'cat', 'automobile', 'airplane']",cat
23442,2,"['ship', 'cat', 'automobile', 'airplane']",cat
23443,3,"['frog', 'ship', 'automobile', 'airplane']",ship
23444,9,"['dog', 'frog', 'cat', 'airplane']",airplane
23445,4,"['cat', 'automobile', 'frog', 'airplane']",automobile
23446,0,"['horse', 'deer', 'frog', 'cat']",horse
23447,4,"['cat', 'automobile', 'frog', 'airplane']",automobile
23448,5,"['frog', 'ship', 'airplane', 'automobile']",ship
23449,0,"['horse', 'deer', 'frog', 'cat']",horse
23450,2,"['ship', 'cat', 'automobile', 'airplane']",cat
23451,6,"['automobile', 'horse', 'ship', 'airplane']",airplane
23452,2,"['ship', 'cat', 'automobile', 'airplane']",cat
23453,2,"['ship', 'cat', 'automobile', 'airplane']",automobile
23454,8,"['horse', 'airplane', 'cat', 'frog']",horse
23455,4,"['cat', 'automobile', 'frog', 'airplane']",automobile
23456,7,"['automobile', 'cat', 'airplane', 'frog']",airplane
23457,5,"['frog', 'ship', 'airplane', 'automobile']",ship
23458,6,"['automobile', 'horse', 'ship', 'airplane']",airplane
23459,5,"['frog', 'ship', 'airplane', 'automobile']",ship
23460,4,"['cat', 'automobile', 'frog', 'airplane']",automobile
23461,3,"['frog', 'ship', 'automobile', 'airplane']",ship
23462,0,"['horse', 'deer', 'frog', 'cat']",horse
23463,1,"['bird', 'dog', 'frog', 'cat', 'airplane']",airplane
23464,9,"['dog', 'frog', 'cat', 'airplane']",airplane
23465,3,"['frog', 'ship', 'automobile', 'airplane']",ship
23466,8,"['horse', 'airplane', 'cat', 'frog']",horse
23467,9,"['dog', 'frog', 'cat', 'airplane']",airplane
23468,4,"['cat', 'automobile', 'frog', 'airplane']",automobile
23469,6,"['automobile', 'horse', 'ship', 'airplane']",airplane
23470,6,"['automobile', 'horse', 'ship', 'airplane']",airplane
23471,9,"['dog', 'frog', 'cat', 'airplane']",dog
23472,8,"['horse', 'airplane', 'cat', 'frog']",horse
23473,4,"['cat', 'automobile', 'frog', 'airplane']",airplane
23474,4,"['cat', 'automobile', 'frog', 'airplane']",automobile
23475,3,"['frog', 'ship', 'automobile', 'airplane']",ship
23476,4,"['cat', 'automobile', 'frog', 'airplane']",automobile
23477,1,"['bird', 'dog', 'frog', 'cat', 'airplane']",airplane
23478,0,"['horse', 'deer', 'frog', 'cat']",horse
23479,6,"['automobile', 'horse', 'ship', 'airplane']",airplane
23480,8,"['horse', 'airplane', 'cat', 'frog']",horse
23481,0,"['horse', 'deer', 'frog', 'cat']",horse
23482,5,"['frog', 'ship', 'airplane', 'automobile']",ship
23483,3,"['frog', 'ship', 'automobile', 'airplane']",ship
23484,7,"['automobile', 'cat', 'airplane', 'frog']",airplane
23485,0,"['horse', 'deer', 'frog', 'cat']",horse
23486,7,"['automobile', 'cat', 'airplane', 'frog']",airplane
23487,9,"['dog', 'frog', 'cat', 'airplane']",airplane
23488,5,"['frog', 'ship', 'airplane', 'automobile']",ship
23489,1,"['bird', 'dog', 'frog', 'cat', 'airplane']",airplane
23490,7,"['automobile', 'cat', 'airplane', 'frog']",cat
23491,0,"['horse', 'deer', 'frog', 'cat']",horse
23492,2,"['ship', 'cat', 'automobile', 'airplane']",cat
23493,2,"['ship', 'cat', 'automobile', 'airplane']",automobile
23494,5,"['frog', 'ship', 'airplane', 'automobile']",ship
23495,2,"['ship', 'cat', 'automobile', 'airplane']",cat
23496,2,"['ship', 'cat', 'automobile', 'airplane']",cat
23497,8,"['horse', 'airplane', 'cat', 'frog']",horse
23498,3,"['frog', 'ship', 'automobile', 'airplane']",ship
23499,6,"['automobile', 'horse', 'ship', 'airplane']",ship
23500,1,"['bird', 'dog', 'frog', 'cat', 'airplane']",airplane
23501,7,"['automobile', 'cat', 'airplane', 'frog']",cat
23502,6,"['automobile', 'horse', 'ship', 'airplane']",airplane
23503,5,"['frog', 'ship', 'airplane', 'automobile']",ship
23504,1,"['bird', 'dog', 'frog', 'cat', 'airplane']",airplane
23505,7,"['automobile', 'cat', 'airplane', 'frog']",cat
23506,7,"['automobile', 'cat', 'airplane', 'frog']",frog
23507,0,"['horse', 'deer', 'frog', 'cat']",horse
23508,2,"['ship', 'cat', 'automobile', 'airplane']",automobile
23509,8,"['horse', 'airplane', 'cat', 'frog']",horse
23510,5,"['frog', 'ship', 'airplane', 'automobile']",ship
23511,4,"['cat', 'automobile', 'frog', 'airplane']",automobile
23512,4,"['cat', 'automobile', 'frog', 'airplane']",automobile
23513,8,"['horse', 'airplane', 'cat', 'frog']",horse
23514,1,"['bird', 'dog', 'frog', 'cat', 'airplane']",airplane
23515,5,"['frog', 'ship', 'airplane', 'automobile']",ship
23516,6,"['automobile', 'horse', 'ship', 'airplane']",airplane
23517,6,"['automobile', 'horse', 'ship', 'airplane']",airplane
23518,5,"['frog', 'ship', 'airplane', 'automobile']",ship
23519,2,"['ship', 'cat', 'automobile', 'airplane']",automobile
23520,6,"['automobile', 'horse', 'ship', 'airplane']",airplane
23521,6,"['automobile', 'horse', 'ship', 'airplane']",airplane
23522,0,"['horse', 'deer', 'frog', 'cat']",horse
23523,5,"['frog', 'ship', 'airplane', 'automobile']",ship
23524,1,"['bird', 'dog', 'frog', 'cat', 'airplane']",airplane
23525,4,"['cat', 'automobile', 'frog', 'airplane']",automobile
23526,3,"['frog', 'ship', 'automobile', 'airplane']",ship
23527,6,"['automobile', 'horse', 'ship', 'airplane']",airplane
23528,0,"['horse', 'deer', 'frog', 'cat']",horse
23529,1,"['bird', 'dog', 'frog', 'cat', 'airplane']",airplane
23530,2,"['ship', 'cat', 'automobile', 'airplane']",automobile
23531,9,"['dog', 'frog', 'cat', 'airplane']",airplane
23532,4,"['cat', 'automobile', 'frog', 'airplane']",automobile
23533,1,"['bird', 'dog', 'frog', 'cat', 'airplane']",airplane
23534,8,"['horse', 'airplane', 'cat', 'frog']",horse
23535,8,"['horse', 'airplane', 'cat', 'frog']",horse
23536,3,"['frog', 'ship', 'automobile', 'airplane']",ship
23537,2,"['ship', 'cat', 'automobile', 'airplane']",automobile
23538,8,"['horse', 'airplane', 'cat', 'frog']",horse
23539,6,"['automobile', 'horse', 'ship', 'airplane']",airplane
23540,8,"['horse', 'airplane', 'cat', 'frog']",horse
23541,3,"['frog', 'ship', 'automobile', 'airplane']",ship
23542,6,"['automobile', 'horse', 'ship', 'airplane']",airplane
23543,7,"['automobile', 'cat', 'airplane', 'frog']",cat
23544,5,"['frog', 'ship', 'airplane', 'automobile']",ship
23545,4,"['cat', 'automobile', 'frog', 'airplane']",automobile
23546,1,"['bird', 'dog', 'frog', 'cat', 'airplane']",airplane
23547,7,"['automobile', 'cat', 'airplane', 'frog']",cat
23548,1,"['bird', 'dog', 'frog', 'cat', 'airplane']",airplane
23549,6,"['automobile', 'horse', 'ship', 'airplane']",airplane
23550,9,"['dog', 'frog', 'cat', 'airplane']",airplane
23551,9,"['dog', 'frog', 'cat', 'airplane']",dog
23552,2,"['ship', 'cat', 'automobile', 'airplane']",ship
23553,3,"['frog', 'ship', 'automobile', 'airplane']",ship
23554,5,"['frog', 'ship', 'airplane', 'automobile']",ship
23555,9,"['dog', 'frog', 'cat', 'airplane']",airplane
23556,5,"['frog', 'ship', 'airplane', 'automobile']",ship
23557,5,"['frog', 'ship', 'airplane', 'automobile']",ship
23558,2,"['ship', 'cat', 'automobile', 'airplane']",automobile
23559,2,"['ship', 'cat', 'automobile', 'airplane']",automobile
23560,8,"['horse', 'airplane', 'cat', 'frog']",horse
23561,7,"['automobile', 'cat', 'airplane', 'frog']",airplane
23562,9,"['dog', 'frog', 'cat', 'airplane']",dog
23563,6,"['automobile', 'horse', 'ship', 'airplane']",airplane
23564,1,"['bird', 'dog', 'frog', 'cat', 'airplane']",airplane
23565,8,"['horse', 'airplane', 'cat', 'frog']",horse
23566,0,"['horse', 'deer', 'frog', 'cat']",horse
23567,8,"['horse', 'airplane', 'cat', 'frog']",horse
23568,8,"['horse', 'airplane', 'cat', 'frog']",horse
23569,9,"['dog', 'frog', 'cat', 'airplane']",airplane
23570,6,"['automobile', 'horse', 'ship', 'airplane']",ship
23571,7,"['automobile', 'cat', 'airplane', 'frog']",cat
23572,8,"['horse', 'airplane', 'cat', 'frog']",horse
23573,8,"['horse', 'airplane', 'cat', 'frog']",horse
23574,4,"['cat', 'automobile', 'frog', 'airplane']",automobile
23575,9,"['dog', 'frog', 'cat', 'airplane']",airplane
23576,7,"['automobile', 'cat', 'airplane', 'frog']",cat
23577,7,"['automobile', 'cat', 'airplane', 'frog']",airplane
23578,1,"['bird', 'dog', 'frog', 'cat', 'airplane']",airplane
23579,6,"['automobile', 'horse', 'ship', 'airplane']",ship
23580,9,"['dog', 'frog', 'cat', 'airplane']",airplane
23581,0,"['horse', 'deer', 'frog', 'cat']",horse
23582,6,"['automobile', 'horse', 'ship', 'airplane']",airplane
23583,8,"['horse', 'airplane', 'cat', 'frog']",horse
23584,3,"['frog', 'ship', 'automobile', 'airplane']",ship
23585,7,"['automobile', 'cat', 'airplane', 'frog']",cat
23586,2,"['ship', 'cat', 'automobile', 'airplane']",cat
23587,5,"['frog', 'ship', 'airplane', 'automobile']",ship
23588,2,"['ship', 'cat', 'automobile', 'airplane']",cat
23589,3,"['frog', 'ship', 'automobile', 'airplane']",ship
23590,3,"['frog', 'ship', 'automobile', 'airplane']",ship
23591,4,"['cat', 'automobile', 'frog', 'airplane']",automobile
23592,6,"['automobile', 'horse', 'ship', 'airplane']",automobile
23593,6,"['automobile', 'horse', 'ship', 'airplane']",ship
23594,3,"['frog', 'ship', 'automobile', 'airplane']",ship
23595,8,"['horse', 'airplane', 'cat', 'frog']",horse
23596,6,"['automobile', 'horse', 'ship', 'airplane']",airplane
23597,2,"['ship', 'cat', 'automobile', 'airplane']",automobile
23598,1,"['bird', 'dog', 'frog', 'cat', 'airplane']",airplane
23599,7,"['automobile', 'cat', 'airplane', 'frog']",airplane
23600,7,"['automobile', 'cat', 'airplane', 'frog']",cat
23601,1,"['bird', 'dog', 'frog', 'cat', 'airplane']",airplane
23602,0,"['horse', 'deer', 'frog', 'cat']",horse
23603,4,"['cat', 'automobile', 'frog', 'airplane']",automobile
23604,4,"['cat', 'automobile', 'frog', 'airplane']",automobile
23605,6,"['automobile', 'horse', 'ship', 'airplane']",airplane
23606,6,"['automobile', 'horse', 'ship', 'airplane']",airplane
23607,1,"['bird', 'dog', 'frog', 'cat', 'airplane']",airplane
23608,9,"['dog', 'frog', 'cat', 'airplane']",dog
23609,7,"['automobile', 'cat', 'airplane', 'frog']",airplane
23610,0,"['horse', 'deer', 'frog', 'cat']",horse
23611,4,"['cat', 'automobile', 'frog', 'airplane']",automobile
23612,7,"['automobile', 'cat', 'airplane', 'frog']",airplane
23613,9,"['dog', 'frog', 'cat', 'airplane']",dog
23614,5,"['frog', 'ship', 'airplane', 'automobile']",ship
23615,9,"['dog', 'frog', 'cat', 'airplane']",airplane
23616,6,"['automobile', 'horse', 'ship', 'airplane']",airplane
23617,8,"['horse', 'airplane', 'cat', 'frog']",horse
23618,6,"['automobile', 'horse', 'ship', 'airplane']",airplane
23619,5,"['frog', 'ship', 'airplane', 'automobile']",ship
23620,7,"['automobile', 'cat', 'airplane', 'frog']",airplane
23621,7,"['automobile', 'cat', 'airplane', 'frog']",cat
23622,3,"['frog', 'ship', 'automobile', 'airplane']",ship
23623,5,"['frog', 'ship', 'airplane', 'automobile']",ship
23624,9,"['dog', 'frog', 'cat', 'airplane']",airplane
23625,8,"['horse', 'airplane', 'cat', 'frog']",horse
23626,7,"['automobile', 'cat', 'airplane', 'frog']",cat
23627,7,"['automobile', 'cat', 'airplane', 'frog']",cat
23628,6,"['automobile', 'horse', 'ship', 'airplane']",airplane
23629,0,"['horse', 'deer', 'frog', 'cat']",horse
23630,6,"['automobile', 'horse', 'ship', 'airplane']",airplane
23631,8,"['horse', 'airplane', 'cat', 'frog']",horse
23632,2,"['ship', 'cat', 'automobile', 'airplane']",cat
23633,9,"['dog', 'frog', 'cat', 'airplane']",airplane
23634,4,"['cat', 'automobile', 'frog', 'airplane']",automobile
23635,1,"['bird', 'dog', 'frog', 'cat', 'airplane']",airplane
23636,2,"['ship', 'cat', 'automobile', 'airplane']",cat
23637,4,"['cat', 'automobile', 'frog', 'airplane']",automobile
23638,4,"['cat', 'automobile', 'frog', 'airplane']",automobile
23639,5,"['frog', 'ship', 'airplane', 'automobile']",ship
23640,8,"['horse', 'airplane', 'cat', 'frog']",horse
23641,5,"['frog', 'ship', 'airplane', 'automobile']",ship
23642,2,"['ship', 'cat', 'automobile', 'airplane']",automobile
23643,7,"['automobile', 'cat', 'airplane', 'frog']",airplane
23644,0,"['horse', 'deer', 'frog', 'cat']",horse
23645,9,"['dog', 'frog', 'cat', 'airplane']",dog
23646,1,"['bird', 'dog', 'frog', 'cat', 'airplane']",airplane
23647,9,"['dog', 'frog', 'cat', 'airplane']",dog
23648,1,"['bird', 'dog', 'frog', 'cat', 'airplane']",airplane
23649,7,"['automobile', 'cat', 'airplane', 'frog']",cat
23650,2,"['ship', 'cat', 'automobile', 'airplane']",cat
23651,9,"['dog', 'frog', 'cat', 'airplane']",airplane
23652,0,"['horse', 'deer', 'frog', 'cat']",horse
23653,2,"['ship', 'cat', 'automobile', 'airplane']",cat
23654,4,"['cat', 'automobile', 'frog', 'airplane']",automobile
23655,4,"['cat', 'automobile', 'frog', 'airplane']",automobile
23656,2,"['ship', 'cat', 'automobile', 'airplane']",cat
23657,9,"['dog', 'frog', 'cat', 'airplane']",airplane
23658,3,"['frog', 'ship', 'automobile', 'airplane']",ship
23659,0,"['horse', 'deer', 'frog', 'cat']",horse
23660,0,"['horse', 'deer', 'frog', 'cat']",horse
23661,5,"['frog', 'ship', 'airplane', 'automobile']",ship
23662,1,"['bird', 'dog', 'frog', 'cat', 'airplane']",airplane
23663,5,"['frog', 'ship', 'airplane', 'automobile']",ship
23664,9,"['dog', 'frog', 'cat', 'airplane']",airplane
23665,5,"['frog', 'ship', 'airplane', 'automobile']",ship
23666,8,"['horse', 'airplane', 'cat', 'frog']",horse
23667,0,"['horse', 'deer', 'frog', 'cat']",horse
23668,5,"['frog', 'ship', 'airplane', 'automobile']",ship
23669,8,"['horse', 'airplane', 'cat', 'frog']",horse
23670,2,"['ship', 'cat', 'automobile', 'airplane']",cat
23671,4,"['cat', 'automobile', 'frog', 'airplane']",airplane
23672,8,"['horse', 'airplane', 'cat', 'frog']",horse
23673,2,"['ship', 'cat', 'automobile', 'airplane']",cat
23674,0,"['horse', 'deer', 'frog', 'cat']",horse
23675,7,"['automobile', 'cat', 'airplane', 'frog']",cat
23676,7,"['automobile', 'cat', 'airplane', 'frog']",airplane
23677,2,"['ship', 'cat', 'automobile', 'airplane']",cat
23678,6,"['automobile', 'horse', 'ship', 'airplane']",airplane
23679,9,"['dog', 'frog', 'cat', 'airplane']",dog
23680,6,"['automobile', 'horse', 'ship', 'airplane']",airplane
23681,8,"['horse', 'airplane', 'cat', 'frog']",horse
23682,7,"['automobile', 'cat', 'airplane', 'frog']",airplane
23683,6,"['automobile', 'horse', 'ship', 'airplane']",airplane
23684,0,"['horse', 'deer', 'frog', 'cat']",horse
23685,1,"['bird', 'dog', 'frog', 'cat', 'airplane']",airplane
23686,6,"['automobile', 'horse', 'ship', 'airplane']",horse
23687,9,"['dog', 'frog', 'cat', 'airplane']",dog
23688,3,"['frog', 'ship', 'automobile', 'airplane']",ship
23689,5,"['frog', 'ship', 'airplane', 'automobile']",ship
23690,3,"['frog', 'ship', 'automobile', 'airplane']",ship
23691,6,"['automobile', 'horse', 'ship', 'airplane']",airplane
23692,2,"['ship', 'cat', 'automobile', 'airplane']",cat
23693,8,"['horse', 'airplane', 'cat', 'frog']",horse
23694,5,"['frog', 'ship', 'airplane', 'automobile']",ship
23695,3,"['frog', 'ship', 'automobile', 'airplane']",ship
23696,2,"['ship', 'cat', 'automobile', 'airplane']",cat
23697,6,"['automobile', 'horse', 'ship', 'airplane']",airplane
23698,6,"['automobile', 'horse', 'ship', 'airplane']",automobile
23699,7,"['automobile', 'cat', 'airplane', 'frog']",airplane
23700,3,"['frog', 'ship', 'automobile', 'airplane']",ship
23701,9,"['dog', 'frog', 'cat', 'airplane']",dog
23702,3,"['frog', 'ship', 'automobile', 'airplane']",ship
23703,1,"['bird', 'dog', 'frog', 'cat', 'airplane']",airplane
23704,6,"['automobile', 'horse', 'ship', 'airplane']",airplane
23705,2,"['ship', 'cat', 'automobile', 'airplane']",cat
23706,6,"['automobile', 'horse', 'ship', 'airplane']",automobile
23707,8,"['horse', 'airplane', 'cat', 'frog']",horse
23708,6,"['automobile', 'horse', 'ship', 'airplane']",airplane
23709,1,"['bird', 'dog', 'frog', 'cat', 'airplane']",airplane
23710,7,"['automobile', 'cat', 'airplane', 'frog']",cat
23711,1,"['bird', 'dog', 'frog', 'cat', 'airplane']",airplane
23712,5,"['frog', 'ship', 'airplane', 'automobile']",ship
23713,9,"['dog', 'frog', 'cat', 'airplane']",airplane
23714,1,"['bird', 'dog', 'frog', 'cat', 'airplane']",airplane
23715,3,"['frog', 'ship', 'automobile', 'airplane']",ship
23716,2,"['ship', 'cat', 'automobile', 'airplane']",automobile
23717,9,"['dog', 'frog', 'cat', 'airplane']",airplane
23718,7,"['automobile', 'cat', 'airplane', 'frog']",cat
23719,2,"['ship', 'cat', 'automobile', 'airplane']",cat
23720,9,"['dog', 'frog', 'cat', 'airplane']",dog
23721,5,"['frog', 'ship', 'airplane', 'automobile']",ship
23722,9,"['dog', 'frog', 'cat', 'airplane']",airplane
23723,8,"['horse', 'airplane', 'cat', 'frog']",horse
23724,5,"['frog', 'ship', 'airplane', 'automobile']",ship
23725,8,"['horse', 'airplane', 'cat', 'frog']",horse
23726,9,"['dog', 'frog', 'cat', 'airplane']",airplane
23727,7,"['automobile', 'cat', 'airplane', 'frog']",airplane
23728,8,"['horse', 'airplane', 'cat', 'frog']",horse
23729,4,"['cat', 'automobile', 'frog', 'airplane']",automobile
23730,9,"['dog', 'frog', 'cat', 'airplane']",dog
23731,8,"['horse', 'airplane', 'cat', 'frog']",horse
23732,0,"['horse', 'deer', 'frog', 'cat']",horse
23733,5,"['frog', 'ship', 'airplane', 'automobile']",ship
23734,6,"['automobile', 'horse', 'ship', 'airplane']",automobile
23735,3,"['frog', 'ship', 'automobile', 'airplane']",ship
23736,8,"['horse', 'airplane', 'cat', 'frog']",horse
23737,4,"['cat', 'automobile', 'frog', 'airplane']",automobile
23738,0,"['horse', 'deer', 'frog', 'cat']",horse
23739,4,"['cat', 'automobile', 'frog', 'airplane']",automobile
23740,8,"['horse', 'airplane', 'cat', 'frog']",horse
23741,5,"['frog', 'ship', 'airplane', 'automobile']",ship
23742,2,"['ship', 'cat', 'automobile', 'airplane']",cat
23743,4,"['cat', 'automobile', 'frog', 'airplane']",automobile
23744,7,"['automobile', 'cat', 'airplane', 'frog']",cat
23745,6,"['automobile', 'horse', 'ship', 'airplane']",airplane
23746,0,"['horse', 'deer', 'frog', 'cat']",frog
23747,6,"['automobile', 'horse', 'ship', 'airplane']",automobile
23748,4,"['cat', 'automobile', 'frog', 'airplane']",automobile
23749,9,"['dog', 'frog', 'cat', 'airplane']",airplane
23750,7,"['automobile', 'cat', 'airplane', 'frog']",cat
23751,9,"['dog', 'frog', 'cat', 'airplane']",airplane
23752,1,"['bird', 'dog', 'frog', 'cat', 'airplane']",airplane
23753,7,"['automobile', 'cat', 'airplane', 'frog']",airplane
23754,0,"['horse', 'deer', 'frog', 'cat']",horse
23755,4,"['cat', 'automobile', 'frog', 'airplane']",automobile
23756,5,"['frog', 'ship', 'airplane', 'automobile']",ship
23757,8,"['horse', 'airplane', 'cat', 'frog']",horse
23758,9,"['dog', 'frog', 'cat', 'airplane']",dog
23759,9,"['dog', 'frog', 'cat', 'airplane']",airplane
23760,6,"['automobile', 'horse', 'ship', 'airplane']",ship
23761,3,"['frog', 'ship', 'automobile', 'airplane']",ship
23762,6,"['automobile', 'horse', 'ship', 'airplane']",airplane
23763,3,"['frog', 'ship', 'automobile', 'airplane']",ship
23764,6,"['automobile', 'horse', 'ship', 'airplane']",airplane
23765,8,"['horse', 'airplane', 'cat', 'frog']",horse
23766,8,"['horse', 'airplane', 'cat', 'frog']",horse
23767,0,"['horse', 'deer', 'frog', 'cat']",horse
23768,1,"['bird', 'dog', 'frog', 'cat', 'airplane']",airplane
23769,5,"['frog', 'ship', 'airplane', 'automobile']",ship
23770,9,"['dog', 'frog', 'cat', 'airplane']",airplane
23771,6,"['automobile', 'horse', 'ship', 'airplane']",airplane
23772,3,"['frog', 'ship', 'automobile', 'airplane']",ship
23773,7,"['automobile', 'cat', 'airplane', 'frog']",cat
23774,5,"['frog', 'ship', 'airplane', 'automobile']",ship
23775,2,"['ship', 'cat', 'automobile', 'airplane']",cat
23776,0,"['horse', 'deer', 'frog', 'cat']",horse
23777,5,"['frog', 'ship', 'airplane', 'automobile']",ship
23778,7,"['automobile', 'cat', 'airplane', 'frog']",airplane
23779,4,"['cat', 'automobile', 'frog', 'airplane']",automobile
23780,6,"['automobile', 'horse', 'ship', 'airplane']",airplane
23781,0,"['horse', 'deer', 'frog', 'cat']",horse
23782,5,"['frog', 'ship', 'airplane', 'automobile']",ship
23783,9,"['dog', 'frog', 'cat', 'airplane']",dog
23784,7,"['automobile', 'cat', 'airplane', 'frog']",airplane
23785,7,"['automobile', 'cat', 'airplane', 'frog']",cat
23786,0,"['horse', 'deer', 'frog', 'cat']",horse
23787,6,"['automobile', 'horse', 'ship', 'airplane']",airplane
23788,2,"['ship', 'cat', 'automobile', 'airplane']",cat
23789,1,"['bird', 'dog', 'frog', 'cat', 'airplane']",airplane
23790,4,"['cat', 'automobile', 'frog', 'airplane']",automobile
23791,0,"['horse', 'deer', 'frog', 'cat']",horse
23792,4,"['cat', 'automobile', 'frog', 'airplane']",automobile
23793,8,"['horse', 'airplane', 'cat', 'frog']",horse
23794,7,"['automobile', 'cat', 'airplane', 'frog']",cat
23795,6,"['automobile', 'horse', 'ship', 'airplane']",airplane
23796,0,"['horse', 'deer', 'frog', 'cat']",horse
23797,0,"['horse', 'deer', 'frog', 'cat']",horse
23798,9,"['dog', 'frog', 'cat', 'airplane']",dog
23799,8,"['horse', 'airplane', 'cat', 'frog']",horse
23800,5,"['frog', 'ship', 'airplane', 'automobile']",ship
23801,5,"['frog', 'ship', 'airplane', 'automobile']",ship
23802,5,"['frog', 'ship', 'airplane', 'automobile']",ship
23803,5,"['frog', 'ship', 'airplane', 'automobile']",ship
23804,0,"['horse', 'deer', 'frog', 'cat']",horse
23805,0,"['horse', 'deer', 'frog', 'cat']",horse
23806,1,"['bird', 'dog', 'frog', 'cat', 'airplane']",airplane
23807,3,"['frog', 'ship', 'automobile', 'airplane']",ship
23808,0,"['horse', 'deer', 'frog', 'cat']",horse
23809,9,"['dog', 'frog', 'cat', 'airplane']",airplane
23810,5,"['frog', 'ship', 'airplane', 'automobile']",ship
23811,7,"['automobile', 'cat', 'airplane', 'frog']",cat
23812,1,"['bird', 'dog', 'frog', 'cat', 'airplane']",airplane
23813,9,"['dog', 'frog', 'cat', 'airplane']",airplane
23814,4,"['cat', 'automobile', 'frog', 'airplane']",automobile
23815,3,"['frog', 'ship', 'automobile', 'airplane']",ship
23816,4,"['cat', 'automobile', 'frog', 'airplane']",automobile
23817,4,"['cat', 'automobile', 'frog', 'airplane']",automobile
23818,8,"['horse', 'airplane', 'cat', 'frog']",horse
23819,9,"['dog', 'frog', 'cat', 'airplane']",dog
23820,8,"['horse', 'airplane', 'cat', 'frog']",horse
23821,6,"['automobile', 'horse', 'ship', 'airplane']",automobile
23822,0,"['horse', 'deer', 'frog', 'cat']",horse
23823,4,"['cat', 'automobile', 'frog', 'airplane']",automobile
23824,3,"['frog', 'ship', 'automobile', 'airplane']",frog
23825,0,"['horse', 'deer', 'frog', 'cat']",horse
23826,4,"['cat', 'automobile', 'frog', 'airplane']",automobile
23827,8,"['horse', 'airplane', 'cat', 'frog']",horse
23828,7,"['automobile', 'cat', 'airplane', 'frog']",cat
23829,7,"['automobile', 'cat', 'airplane', 'frog']",cat
23830,0,"['horse', 'deer', 'frog', 'cat']",horse
23831,5,"['frog', 'ship', 'airplane', 'automobile']",ship
23832,1,"['bird', 'dog', 'frog', 'cat', 'airplane']",airplane
23833,1,"['bird', 'dog', 'frog', 'cat', 'airplane']",airplane
23834,7,"['automobile', 'cat', 'airplane', 'frog']",frog
23835,7,"['automobile', 'cat', 'airplane', 'frog']",cat
23836,0,"['horse', 'deer', 'frog', 'cat']",horse
23837,1,"['bird', 'dog', 'frog', 'cat', 'airplane']",airplane
23838,8,"['horse', 'airplane', 'cat', 'frog']",horse
23839,8,"['horse', 'airplane', 'cat', 'frog']",horse
23840,9,"['dog', 'frog', 'cat', 'airplane']",airplane
23841,9,"['dog', 'frog', 'cat', 'airplane']",airplane
23842,7,"['automobile', 'cat', 'airplane', 'frog']",airplane
23843,2,"['ship', 'cat', 'automobile', 'airplane']",cat
23844,7,"['automobile', 'cat', 'airplane', 'frog']",frog
23845,8,"['horse', 'airplane', 'cat', 'frog']",horse
23846,9,"['dog', 'frog', 'cat', 'airplane']",airplane
23847,0,"['horse', 'deer', 'frog', 'cat']",horse
23848,0,"['horse', 'deer', 'frog', 'cat']",horse
23849,5,"['frog', 'ship', 'airplane', 'automobile']",ship
23850,1,"['bird', 'dog', 'frog', 'cat', 'airplane']",airplane
23851,0,"['horse', 'deer', 'frog', 'cat']",horse
23852,7,"['automobile', 'cat', 'airplane', 'frog']",airplane
23853,4,"['cat', 'automobile', 'frog', 'airplane']",automobile
23854,0,"['horse', 'deer', 'frog', 'cat']",horse
23855,8,"['horse', 'airplane', 'cat', 'frog']",horse
23856,9,"['dog', 'frog', 'cat', 'airplane']",airplane
23857,3,"['frog', 'ship', 'automobile', 'airplane']",ship
23858,8,"['horse', 'airplane', 'cat', 'frog']",horse
23859,3,"['frog', 'ship', 'automobile', 'airplane']",ship
23860,7,"['automobile', 'cat', 'airplane', 'frog']",cat
23861,9,"['dog', 'frog', 'cat', 'airplane']",airplane
23862,3,"['frog', 'ship', 'automobile', 'airplane']",ship
23863,0,"['horse', 'deer', 'frog', 'cat']",horse
23864,1,"['bird', 'dog', 'frog', 'cat', 'airplane']",airplane
23865,8,"['horse', 'airplane', 'cat', 'frog']",horse
23866,0,"['horse', 'deer', 'frog', 'cat']",horse
23867,7,"['automobile', 'cat', 'airplane', 'frog']",cat
23868,9,"['dog', 'frog', 'cat', 'airplane']",airplane
23869,4,"['cat', 'automobile', 'frog', 'airplane']",automobile
23870,8,"['horse', 'airplane', 'cat', 'frog']",horse
23871,8,"['horse', 'airplane', 'cat', 'frog']",horse
23872,8,"['horse', 'airplane', 'cat', 'frog']",horse
23873,7,"['automobile', 'cat', 'airplane', 'frog']",cat
23874,5,"['frog', 'ship', 'airplane', 'automobile']",ship
23875,9,"['dog', 'frog', 'cat', 'airplane']",airplane
23876,6,"['automobile', 'horse', 'ship', 'airplane']",airplane
23877,9,"['dog', 'frog', 'cat', 'airplane']",airplane
23878,6,"['automobile', 'horse', 'ship', 'airplane']",airplane
23879,4,"['cat', 'automobile', 'frog', 'airplane']",automobile
23880,7,"['automobile', 'cat', 'airplane', 'frog']",cat
23881,6,"['automobile', 'horse', 'ship', 'airplane']",airplane
23882,4,"['cat', 'automobile', 'frog', 'airplane']",automobile
23883,8,"['horse', 'airplane', 'cat', 'frog']",horse
23884,3,"['frog', 'ship', 'automobile', 'airplane']",ship
23885,3,"['frog', 'ship', 'automobile', 'airplane']",ship
23886,9,"['dog', 'frog', 'cat', 'airplane']",airplane
23887,1,"['bird', 'dog', 'frog', 'cat', 'airplane']",airplane
23888,6,"['automobile', 'horse', 'ship', 'airplane']",airplane
23889,7,"['automobile', 'cat', 'airplane', 'frog']",airplane
23890,8,"['horse', 'airplane', 'cat', 'frog']",horse
23891,0,"['horse', 'deer', 'frog', 'cat']",horse
23892,7,"['automobile', 'cat', 'airplane', 'frog']",cat
23893,8,"['horse', 'airplane', 'cat', 'frog']",horse
23894,9,"['dog', 'frog', 'cat', 'airplane']",airplane
23895,1,"['bird', 'dog', 'frog', 'cat', 'airplane']",airplane
23896,6,"['automobile', 'horse', 'ship', 'airplane']",airplane
23897,1,"['bird', 'dog', 'frog', 'cat', 'airplane']",airplane
23898,5,"['frog', 'ship', 'airplane', 'automobile']",ship
23899,0,"['horse', 'deer', 'frog', 'cat']",horse
23900,1,"['bird', 'dog', 'frog', 'cat', 'airplane']",airplane
23901,1,"['bird', 'dog', 'frog', 'cat', 'airplane']",airplane
23902,5,"['frog', 'ship', 'airplane', 'automobile']",ship
23903,7,"['automobile', 'cat', 'airplane', 'frog']",cat
23904,9,"['dog', 'frog', 'cat', 'airplane']",airplane
23905,2,"['ship', 'cat', 'automobile', 'airplane']",cat
23906,5,"['frog', 'ship', 'airplane', 'automobile']",ship
23907,8,"['horse', 'airplane', 'cat', 'frog']",horse
23908,9,"['dog', 'frog', 'cat', 'airplane']",airplane
23909,7,"['automobile', 'cat', 'airplane', 'frog']",frog
23910,7,"['automobile', 'cat', 'airplane', 'frog']",cat
23911,2,"['ship', 'cat', 'automobile', 'airplane']",cat
23912,6,"['automobile', 'horse', 'ship', 'airplane']",ship
23913,3,"['frog', 'ship', 'automobile', 'airplane']",ship
23914,5,"['frog', 'ship', 'airplane', 'automobile']",ship
23915,6,"['automobile', 'horse', 'ship', 'airplane']",ship
23916,5,"['frog', 'ship', 'airplane', 'automobile']",ship
23917,6,"['automobile', 'horse', 'ship', 'airplane']",airplane
23918,2,"['ship', 'cat', 'automobile', 'airplane']",cat
23919,2,"['ship', 'cat', 'automobile', 'airplane']",cat
23920,4,"['cat', 'automobile', 'frog', 'airplane']",automobile
23921,1,"['bird', 'dog', 'frog', 'cat', 'airplane']",airplane
23922,3,"['frog', 'ship', 'automobile', 'airplane']",ship
23923,1,"['bird', 'dog', 'frog', 'cat', 'airplane']",airplane
23924,0,"['horse', 'deer', 'frog', 'cat']",horse
23925,7,"['automobile', 'cat', 'airplane', 'frog']",cat
23926,9,"['dog', 'frog', 'cat', 'airplane']",airplane
23927,6,"['automobile', 'horse', 'ship', 'airplane']",automobile
23928,7,"['automobile', 'cat', 'airplane', 'frog']",cat
23929,1,"['bird', 'dog', 'frog', 'cat', 'airplane']",airplane
23930,2,"['ship', 'cat', 'automobile', 'airplane']",automobile
23931,9,"['dog', 'frog', 'cat', 'airplane']",dog
23932,4,"['cat', 'automobile', 'frog', 'airplane']",airplane
23933,1,"['bird', 'dog', 'frog', 'cat', 'airplane']",airplane
23934,6,"['automobile', 'horse', 'ship', 'airplane']",airplane
23935,3,"['frog', 'ship', 'automobile', 'airplane']",ship
23936,1,"['bird', 'dog', 'frog', 'cat', 'airplane']",airplane
23937,4,"['cat', 'automobile', 'frog', 'airplane']",automobile
23938,0,"['horse', 'deer', 'frog', 'cat']",horse
23939,6,"['automobile', 'horse', 'ship', 'airplane']",ship
23940,7,"['automobile', 'cat', 'airplane', 'frog']",cat
23941,5,"['frog', 'ship', 'airplane', 'automobile']",ship
23942,3,"['frog', 'ship', 'automobile', 'airplane']",ship
23943,4,"['cat', 'automobile', 'frog', 'airplane']",automobile
23944,2,"['ship', 'cat', 'automobile', 'airplane']",cat
23945,6,"['automobile', 'horse', 'ship', 'airplane']",airplane
23946,8,"['horse', 'airplane', 'cat', 'frog']",frog
23947,5,"['frog', 'ship', 'airplane', 'automobile']",ship
23948,3,"['frog', 'ship', 'automobile', 'airplane']",ship
23949,5,"['frog', 'ship', 'airplane', 'automobile']",ship
23950,2,"['ship', 'cat', 'automobile', 'airplane']",ship
23951,2,"['ship', 'cat', 'automobile', 'airplane']",cat
23952,0,"['horse', 'deer', 'frog', 'cat']",horse
23953,8,"['horse', 'airplane', 'cat', 'frog']",horse
23954,4,"['cat', 'automobile', 'frog', 'airplane']",automobile
23955,6,"['automobile', 'horse', 'ship', 'airplane']",horse
23956,6,"['automobile', 'horse', 'ship', 'airplane']",airplane
23957,9,"['dog', 'frog', 'cat', 'airplane']",airplane
23958,4,"['cat', 'automobile', 'frog', 'airplane']",automobile
23959,1,"['bird', 'dog', 'frog', 'cat', 'airplane']",airplane
23960,8,"['horse', 'airplane', 'cat', 'frog']",horse
23961,9,"['dog', 'frog', 'cat', 'airplane']",airplane
23962,8,"['horse', 'airplane', 'cat', 'frog']",horse
23963,3,"['frog', 'ship', 'automobile', 'airplane']",ship
23964,0,"['horse', 'deer', 'frog', 'cat']",horse
23965,8,"['horse', 'airplane', 'cat', 'frog']",horse
23966,7,"['automobile', 'cat', 'airplane', 'frog']",cat
23967,5,"['frog', 'ship', 'airplane', 'automobile']",ship
23968,4,"['cat', 'automobile', 'frog', 'airplane']",automobile
23969,1,"['bird', 'dog', 'frog', 'cat', 'airplane']",airplane
23970,7,"['automobile', 'cat', 'airplane', 'frog']",airplane
23971,5,"['frog', 'ship', 'airplane', 'automobile']",ship
23972,0,"['horse', 'deer', 'frog', 'cat']",horse
23973,8,"['horse', 'airplane', 'cat', 'frog']",horse
23974,3,"['frog', 'ship', 'automobile', 'airplane']",ship
23975,9,"['dog', 'frog', 'cat', 'airplane']",airplane
23976,5,"['frog', 'ship', 'airplane', 'automobile']",ship
23977,3,"['frog', 'ship', 'automobile', 'airplane']",ship
23978,0,"['horse', 'deer', 'frog', 'cat']",horse
23979,9,"['dog', 'frog', 'cat', 'airplane']",dog
23980,3,"['frog', 'ship', 'automobile', 'airplane']",ship
23981,5,"['frog', 'ship', 'airplane', 'automobile']",ship
23982,1,"['bird', 'dog', 'frog', 'cat', 'airplane']",airplane
23983,1,"['bird', 'dog', 'frog', 'cat', 'airplane']",airplane
23984,0,"['horse', 'deer', 'frog', 'cat']",horse
23985,4,"['cat', 'automobile', 'frog', 'airplane']",airplane
23986,3,"['frog', 'ship', 'automobile', 'airplane']",ship
23987,6,"['automobile', 'horse', 'ship', 'airplane']",ship
23988,7,"['automobile', 'cat', 'airplane', 'frog']",frog
23989,4,"['cat', 'automobile', 'frog', 'airplane']",automobile
23990,9,"['dog', 'frog', 'cat', 'airplane']",airplane
23991,9,"['dog', 'frog', 'cat', 'airplane']",dog
23992,3,"['frog', 'ship', 'automobile', 'airplane']",ship
23993,7,"['automobile', 'cat', 'airplane', 'frog']",cat
23994,4,"['cat', 'automobile', 'frog', 'airplane']",automobile
23995,3,"['frog', 'ship', 'automobile', 'airplane']",ship
23996,3,"['frog', 'ship', 'automobile', 'airplane']",frog
23997,0,"['horse', 'deer', 'frog', 'cat']",horse
23998,3,"['frog', 'ship', 'automobile', 'airplane']",ship
23999,0,"['horse', 'deer', 'frog', 'cat']",horse
24000,6,"['automobile', 'horse', 'ship', 'airplane']",automobile
24001,9,"['dog', 'frog', 'cat', 'airplane']",airplane
24002,2,"['ship', 'cat', 'automobile', 'airplane']",cat
24003,1,"['bird', 'dog', 'frog', 'cat', 'airplane']",airplane
24004,7,"['automobile', 'cat', 'airplane', 'frog']",cat
24005,3,"['frog', 'ship', 'automobile', 'airplane']",ship
24006,5,"['frog', 'ship', 'airplane', 'automobile']",ship
24007,2,"['ship', 'cat', 'automobile', 'airplane']",automobile
24008,1,"['bird', 'dog', 'frog', 'cat', 'airplane']",airplane
24009,9,"['dog', 'frog', 'cat', 'airplane']",dog
24010,1,"['bird', 'dog', 'frog', 'cat', 'airplane']",airplane
24011,9,"['dog', 'frog', 'cat', 'airplane']",airplane
24012,7,"['automobile', 'cat', 'airplane', 'frog']",cat
24013,7,"['automobile', 'cat', 'airplane', 'frog']",airplane
24014,7,"['automobile', 'cat', 'airplane', 'frog']",cat
24015,5,"['frog', 'ship', 'airplane', 'automobile']",ship
24016,2,"['ship', 'cat', 'automobile', 'airplane']",automobile
24017,3,"['frog', 'ship', 'automobile', 'airplane']",ship
24018,1,"['bird', 'dog', 'frog', 'cat', 'airplane']",airplane
24019,2,"['ship', 'cat', 'automobile', 'airplane']",cat
24020,0,"['horse', 'deer', 'frog', 'cat']",horse
24021,0,"['horse', 'deer', 'frog', 'cat']",horse
24022,3,"['frog', 'ship', 'automobile', 'airplane']",ship
24023,5,"['frog', 'ship', 'airplane', 'automobile']",ship
24024,1,"['bird', 'dog', 'frog', 'cat', 'airplane']",airplane
24025,7,"['automobile', 'cat', 'airplane', 'frog']",airplane
24026,7,"['automobile', 'cat', 'airplane', 'frog']",frog
24027,9,"['dog', 'frog', 'cat', 'airplane']",dog
24028,5,"['frog', 'ship', 'airplane', 'automobile']",ship
24029,9,"['dog', 'frog', 'cat', 'airplane']",airplane
24030,2,"['ship', 'cat', 'automobile', 'airplane']",automobile
24031,3,"['frog', 'ship', 'automobile', 'airplane']",ship
24032,9,"['dog', 'frog', 'cat', 'airplane']",dog
24033,2,"['ship', 'cat', 'automobile', 'airplane']",cat
24034,4,"['cat', 'automobile', 'frog', 'airplane']",automobile
24035,4,"['cat', 'automobile', 'frog', 'airplane']",automobile
24036,3,"['frog', 'ship', 'automobile', 'airplane']",ship
24037,5,"['frog', 'ship', 'airplane', 'automobile']",ship
24038,1,"['bird', 'dog', 'frog', 'cat', 'airplane']",airplane
24039,8,"['horse', 'airplane', 'cat', 'frog']",horse
24040,4,"['cat', 'automobile', 'frog', 'airplane']",automobile
24041,1,"['bird', 'dog', 'frog', 'cat', 'airplane']",airplane
24042,9,"['dog', 'frog', 'cat', 'airplane']",airplane
24043,1,"['bird', 'dog', 'frog', 'cat', 'airplane']",airplane
24044,1,"['bird', 'dog', 'frog', 'cat', 'airplane']",airplane
24045,8,"['horse', 'airplane', 'cat', 'frog']",horse
24046,4,"['cat', 'automobile', 'frog', 'airplane']",automobile
24047,3,"['frog', 'ship', 'automobile', 'airplane']",ship
24048,9,"['dog', 'frog', 'cat', 'airplane']",dog
24049,6,"['automobile', 'horse', 'ship', 'airplane']",airplane
24050,7,"['automobile', 'cat', 'airplane', 'frog']",airplane
24051,0,"['horse', 'deer', 'frog', 'cat']",horse
24052,7,"['automobile', 'cat', 'airplane', 'frog']",airplane
24053,8,"['horse', 'airplane', 'cat', 'frog']",horse
24054,7,"['automobile', 'cat', 'airplane', 'frog']",cat
24055,9,"['dog', 'frog', 'cat', 'airplane']",airplane
24056,5,"['frog', 'ship', 'airplane', 'automobile']",ship
24057,0,"['horse', 'deer', 'frog', 'cat']",horse
24058,0,"['horse', 'deer', 'frog', 'cat']",horse
24059,8,"['horse', 'airplane', 'cat', 'frog']",horse
24060,3,"['frog', 'ship', 'automobile', 'airplane']",ship
24061,2,"['ship', 'cat', 'automobile', 'airplane']",cat
24062,8,"['horse', 'airplane', 'cat', 'frog']",horse
24063,9,"['dog', 'frog', 'cat', 'airplane']",airplane
24064,2,"['ship', 'cat', 'automobile', 'airplane']",cat
24065,3,"['frog', 'ship', 'automobile', 'airplane']",ship
24066,9,"['dog', 'frog', 'cat', 'airplane']",airplane
24067,4,"['cat', 'automobile', 'frog', 'airplane']",automobile
24068,1,"['bird', 'dog', 'frog', 'cat', 'airplane']",airplane
24069,2,"['ship', 'cat', 'automobile', 'airplane']",cat
24070,9,"['dog', 'frog', 'cat', 'airplane']",airplane
24071,3,"['frog', 'ship', 'automobile', 'airplane']",ship
24072,0,"['horse', 'deer', 'frog', 'cat']",horse
24073,3,"['frog', 'ship', 'automobile', 'airplane']",ship
24074,2,"['ship', 'cat', 'automobile', 'airplane']",cat
24075,1,"['bird', 'dog', 'frog', 'cat', 'airplane']",airplane
24076,9,"['dog', 'frog', 'cat', 'airplane']",airplane
24077,3,"['frog', 'ship', 'automobile', 'airplane']",ship
24078,9,"['dog', 'frog', 'cat', 'airplane']",dog
24079,0,"['horse', 'deer', 'frog', 'cat']",horse
24080,4,"['cat', 'automobile', 'frog', 'airplane']",automobile
24081,3,"['frog', 'ship', 'automobile', 'airplane']",ship
24082,3,"['frog', 'ship', 'automobile', 'airplane']",ship
24083,8,"['horse', 'airplane', 'cat', 'frog']",horse
24084,4,"['cat', 'automobile', 'frog', 'airplane']",automobile
24085,8,"['horse', 'airplane', 'cat', 'frog']",horse
24086,9,"['dog', 'frog', 'cat', 'airplane']",airplane
24087,9,"['dog', 'frog', 'cat', 'airplane']",dog
24088,7,"['automobile', 'cat', 'airplane', 'frog']",cat
24089,9,"['dog', 'frog', 'cat', 'airplane']",dog
24090,7,"['automobile', 'cat', 'airplane', 'frog']",frog
24091,7,"['automobile', 'cat', 'airplane', 'frog']",cat
24092,3,"['frog', 'ship', 'automobile', 'airplane']",ship
24093,8,"['horse', 'airplane', 'cat', 'frog']",horse
24094,0,"['horse', 'deer', 'frog', 'cat']",horse
24095,8,"['horse', 'airplane', 'cat', 'frog']",horse
24096,0,"['horse', 'deer', 'frog', 'cat']",horse
24097,2,"['ship', 'cat', 'automobile', 'airplane']",cat
24098,5,"['frog', 'ship', 'airplane', 'automobile']",ship
24099,3,"['frog', 'ship', 'automobile', 'airplane']",ship
24100,3,"['frog', 'ship', 'automobile', 'airplane']",ship
24101,0,"['horse', 'deer', 'frog', 'cat']",horse
24102,8,"['horse', 'airplane', 'cat', 'frog']",horse
24103,6,"['automobile', 'horse', 'ship', 'airplane']",ship
24104,0,"['horse', 'deer', 'frog', 'cat']",horse
24105,5,"['frog', 'ship', 'airplane', 'automobile']",ship
24106,3,"['frog', 'ship', 'automobile', 'airplane']",ship
24107,9,"['dog', 'frog', 'cat', 'airplane']",airplane
24108,4,"['cat', 'automobile', 'frog', 'airplane']",automobile
24109,1,"['bird', 'dog', 'frog', 'cat', 'airplane']",airplane
24110,1,"['bird', 'dog', 'frog', 'cat', 'airplane']",airplane
24111,0,"['horse', 'deer', 'frog', 'cat']",horse
24112,3,"['frog', 'ship', 'automobile', 'airplane']",ship
24113,0,"['horse', 'deer', 'frog', 'cat']",horse
24114,9,"['dog', 'frog', 'cat', 'airplane']",airplane
24115,2,"['ship', 'cat', 'automobile', 'airplane']",cat
24116,9,"['dog', 'frog', 'cat', 'airplane']",airplane
24117,6,"['automobile', 'horse', 'ship', 'airplane']",airplane
24118,3,"['frog', 'ship', 'automobile', 'airplane']",ship
24119,1,"['bird', 'dog', 'frog', 'cat', 'airplane']",airplane
24120,5,"['frog', 'ship', 'airplane', 'automobile']",ship
24121,1,"['bird', 'dog', 'frog', 'cat', 'airplane']",airplane
24122,7,"['automobile', 'cat', 'airplane', 'frog']",cat
24123,4,"['cat', 'automobile', 'frog', 'airplane']",automobile
24124,3,"['frog', 'ship', 'automobile', 'airplane']",ship
24125,9,"['dog', 'frog', 'cat', 'airplane']",airplane
24126,5,"['frog', 'ship', 'airplane', 'automobile']",ship
24127,8,"['horse', 'airplane', 'cat', 'frog']",horse
24128,5,"['frog', 'ship', 'airplane', 'automobile']",ship
24129,7,"['automobile', 'cat', 'airplane', 'frog']",cat
24130,5,"['frog', 'ship', 'airplane', 'automobile']",ship
24131,8,"['horse', 'airplane', 'cat', 'frog']",horse
24132,8,"['horse', 'airplane', 'cat', 'frog']",horse
24133,9,"['dog', 'frog', 'cat', 'airplane']",dog
24134,2,"['ship', 'cat', 'automobile', 'airplane']",cat
24135,3,"['frog', 'ship', 'automobile', 'airplane']",ship
24136,2,"['ship', 'cat', 'automobile', 'airplane']",ship
24137,1,"['bird', 'dog', 'frog', 'cat', 'airplane']",airplane
24138,8,"['horse', 'airplane', 'cat', 'frog']",horse
24139,8,"['horse', 'airplane', 'cat', 'frog']",horse
24140,8,"['horse', 'airplane', 'cat', 'frog']",horse
24141,7,"['automobile', 'cat', 'airplane', 'frog']",airplane
24142,8,"['horse', 'airplane', 'cat', 'frog']",horse
24143,6,"['automobile', 'horse', 'ship', 'airplane']",automobile
24144,0,"['horse', 'deer', 'frog', 'cat']",horse
24145,6,"['automobile', 'horse', 'ship', 'airplane']",airplane
24146,1,"['bird', 'dog', 'frog', 'cat', 'airplane']",airplane
24147,3,"['frog', 'ship', 'automobile', 'airplane']",ship
24148,3,"['frog', 'ship', 'automobile', 'airplane']",ship
24149,9,"['dog', 'frog', 'cat', 'airplane']",dog
24150,8,"['horse', 'airplane', 'cat', 'frog']",horse
24151,1,"['bird', 'dog', 'frog', 'cat', 'airplane']",airplane
24152,9,"['dog', 'frog', 'cat', 'airplane']",airplane
24153,5,"['frog', 'ship', 'airplane', 'automobile']",ship
24154,3,"['frog', 'ship', 'automobile', 'airplane']",frog
24155,6,"['automobile', 'horse', 'ship', 'airplane']",airplane
24156,6,"['automobile', 'horse', 'ship', 'airplane']",horse
24157,1,"['bird', 'dog', 'frog', 'cat', 'airplane']",airplane
24158,0,"['horse', 'deer', 'frog', 'cat']",horse
24159,7,"['automobile', 'cat', 'airplane', 'frog']",airplane
24160,5,"['frog', 'ship', 'airplane', 'automobile']",ship
24161,1,"['bird', 'dog', 'frog', 'cat', 'airplane']",airplane
24162,9,"['dog', 'frog', 'cat', 'airplane']",dog
24163,0,"['horse', 'deer', 'frog', 'cat']",horse
24164,8,"['horse', 'airplane', 'cat', 'frog']",horse
24165,2,"['ship', 'cat', 'automobile', 'airplane']",cat
24166,2,"['ship', 'cat', 'automobile', 'airplane']",automobile
24167,8,"['horse', 'airplane', 'cat', 'frog']",horse
24168,2,"['ship', 'cat', 'automobile', 'airplane']",automobile
24169,0,"['horse', 'deer', 'frog', 'cat']",horse
24170,2,"['ship', 'cat', 'automobile', 'airplane']",cat
24171,4,"['cat', 'automobile', 'frog', 'airplane']",automobile
24172,7,"['automobile', 'cat', 'airplane', 'frog']",cat
24173,9,"['dog', 'frog', 'cat', 'airplane']",airplane
24174,3,"['frog', 'ship', 'automobile', 'airplane']",ship
24175,9,"['dog', 'frog', 'cat', 'airplane']",airplane
24176,6,"['automobile', 'horse', 'ship', 'airplane']",airplane
24177,3,"['frog', 'ship', 'automobile', 'airplane']",ship
24178,8,"['horse', 'airplane', 'cat', 'frog']",horse
24179,0,"['horse', 'deer', 'frog', 'cat']",horse
24180,6,"['automobile', 'horse', 'ship', 'airplane']",airplane
24181,7,"['automobile', 'cat', 'airplane', 'frog']",cat
24182,9,"['dog', 'frog', 'cat', 'airplane']",dog
24183,8,"['horse', 'airplane', 'cat', 'frog']",horse
24184,6,"['automobile', 'horse', 'ship', 'airplane']",airplane
24185,8,"['horse', 'airplane', 'cat', 'frog']",horse
24186,6,"['automobile', 'horse', 'ship', 'airplane']",airplane
24187,6,"['automobile', 'horse', 'ship', 'airplane']",airplane
24188,9,"['dog', 'frog', 'cat', 'airplane']",airplane
24189,3,"['frog', 'ship', 'automobile', 'airplane']",ship
24190,5,"['frog', 'ship', 'airplane', 'automobile']",ship
24191,1,"['bird', 'dog', 'frog', 'cat', 'airplane']",airplane
24192,3,"['frog', 'ship', 'automobile', 'airplane']",ship
24193,3,"['frog', 'ship', 'automobile', 'airplane']",ship
24194,1,"['bird', 'dog', 'frog', 'cat', 'airplane']",airplane
24195,2,"['ship', 'cat', 'automobile', 'airplane']",cat
24196,5,"['frog', 'ship', 'airplane', 'automobile']",ship
24197,7,"['automobile', 'cat', 'airplane', 'frog']",cat
24198,6,"['automobile', 'horse', 'ship', 'airplane']",airplane
24199,2,"['ship', 'cat', 'automobile', 'airplane']",ship
24200,1,"['bird', 'dog', 'frog', 'cat', 'airplane']",airplane
24201,2,"['ship', 'cat', 'automobile', 'airplane']",cat
24202,8,"['horse', 'airplane', 'cat', 'frog']",horse
24203,9,"['dog', 'frog', 'cat', 'airplane']",airplane
24204,6,"['automobile', 'horse', 'ship', 'airplane']",airplane
24205,4,"['cat', 'automobile', 'frog', 'airplane']",automobile
24206,1,"['bird', 'dog', 'frog', 'cat', 'airplane']",airplane
24207,7,"['automobile', 'cat', 'airplane', 'frog']",cat
24208,3,"['frog', 'ship', 'automobile', 'airplane']",ship
24209,5,"['frog', 'ship', 'airplane', 'automobile']",ship
24210,2,"['ship', 'cat', 'automobile', 'airplane']",cat
24211,9,"['dog', 'frog', 'cat', 'airplane']",airplane
24212,0,"['horse', 'deer', 'frog', 'cat']",frog
24213,6,"['automobile', 'horse', 'ship', 'airplane']",airplane
24214,9,"['dog', 'frog', 'cat', 'airplane']",dog
24215,6,"['automobile', 'horse', 'ship', 'airplane']",airplane
24216,8,"['horse', 'airplane', 'cat', 'frog']",horse
24217,1,"['bird', 'dog', 'frog', 'cat', 'airplane']",airplane
24218,2,"['ship', 'cat', 'automobile', 'airplane']",cat
24219,1,"['bird', 'dog', 'frog', 'cat', 'airplane']",airplane
24220,1,"['bird', 'dog', 'frog', 'cat', 'airplane']",airplane
24221,4,"['cat', 'automobile', 'frog', 'airplane']",automobile
24222,4,"['cat', 'automobile', 'frog', 'airplane']",automobile
24223,2,"['ship', 'cat', 'automobile', 'airplane']",ship
24224,1,"['bird', 'dog', 'frog', 'cat', 'airplane']",airplane
24225,6,"['automobile', 'horse', 'ship', 'airplane']",horse
24226,5,"['frog', 'ship', 'airplane', 'automobile']",ship
24227,7,"['automobile', 'cat', 'airplane', 'frog']",cat
24228,1,"['bird', 'dog', 'frog', 'cat', 'airplane']",airplane
24229,0,"['horse', 'deer', 'frog', 'cat']",horse
24230,4,"['cat', 'automobile', 'frog', 'airplane']",airplane
24231,6,"['automobile', 'horse', 'ship', 'airplane']",airplane
24232,6,"['automobile', 'horse', 'ship', 'airplane']",ship
24233,7,"['automobile', 'cat', 'airplane', 'frog']",airplane
24234,9,"['dog', 'frog', 'cat', 'airplane']",dog
24235,7,"['automobile', 'cat', 'airplane', 'frog']",cat
24236,4,"['cat', 'automobile', 'frog', 'airplane']",automobile
24237,7,"['automobile', 'cat', 'airplane', 'frog']",airplane
24238,5,"['frog', 'ship', 'airplane', 'automobile']",ship
24239,4,"['cat', 'automobile', 'frog', 'airplane']",automobile
24240,1,"['bird', 'dog', 'frog', 'cat', 'airplane']",airplane
24241,4,"['cat', 'automobile', 'frog', 'airplane']",automobile
24242,6,"['automobile', 'horse', 'ship', 'airplane']",airplane
24243,5,"['frog', 'ship', 'airplane', 'automobile']",ship
24244,5,"['frog', 'ship', 'airplane', 'automobile']",ship
24245,9,"['dog', 'frog', 'cat', 'airplane']",dog
24246,9,"['dog', 'frog', 'cat', 'airplane']",dog
24247,1,"['bird', 'dog', 'frog', 'cat', 'airplane']",airplane
24248,9,"['dog', 'frog', 'cat', 'airplane']",dog
24249,6,"['automobile', 'horse', 'ship', 'airplane']",airplane
24250,4,"['cat', 'automobile', 'frog', 'airplane']",automobile
24251,8,"['horse', 'airplane', 'cat', 'frog']",horse
24252,0,"['horse', 'deer', 'frog', 'cat']",horse
24253,9,"['dog', 'frog', 'cat', 'airplane']",airplane
24254,2,"['ship', 'cat', 'automobile', 'airplane']",cat
24255,1,"['bird', 'dog', 'frog', 'cat', 'airplane']",airplane
24256,0,"['horse', 'deer', 'frog', 'cat']",horse
24257,0,"['horse', 'deer', 'frog', 'cat']",horse
24258,0,"['horse', 'deer', 'frog', 'cat']",horse
24259,7,"['automobile', 'cat', 'airplane', 'frog']",cat
24260,8,"['horse', 'airplane', 'cat', 'frog']",horse
24261,6,"['automobile', 'horse', 'ship', 'airplane']",airplane
24262,3,"['frog', 'ship', 'automobile', 'airplane']",ship
24263,1,"['bird', 'dog', 'frog', 'cat', 'airplane']",airplane
24264,2,"['ship', 'cat', 'automobile', 'airplane']",cat
24265,4,"['cat', 'automobile', 'frog', 'airplane']",automobile
24266,6,"['automobile', 'horse', 'ship', 'airplane']",airplane
24267,7,"['automobile', 'cat', 'airplane', 'frog']",cat
24268,1,"['bird', 'dog', 'frog', 'cat', 'airplane']",airplane
24269,1,"['bird', 'dog', 'frog', 'cat', 'airplane']",airplane
24270,8,"['horse', 'airplane', 'cat', 'frog']",horse
24271,8,"['horse', 'airplane', 'cat', 'frog']",horse
24272,2,"['ship', 'cat', 'automobile', 'airplane']",cat
24273,9,"['dog', 'frog', 'cat', 'airplane']",dog
24274,5,"['frog', 'ship', 'airplane', 'automobile']",ship
24275,6,"['automobile', 'horse', 'ship', 'airplane']",ship
24276,3,"['frog', 'ship', 'automobile', 'airplane']",ship
24277,8,"['horse', 'airplane', 'cat', 'frog']",horse
24278,9,"['dog', 'frog', 'cat', 'airplane']",dog
24279,6,"['automobile', 'horse', 'ship', 'airplane']",ship
24280,1,"['bird', 'dog', 'frog', 'cat', 'airplane']",airplane
24281,8,"['horse', 'airplane', 'cat', 'frog']",airplane
24282,6,"['automobile', 'horse', 'ship', 'airplane']",ship
24283,5,"['frog', 'ship', 'airplane', 'automobile']",ship
24284,1,"['bird', 'dog', 'frog', 'cat', 'airplane']",airplane
24285,0,"['horse', 'deer', 'frog', 'cat']",deer
24286,8,"['horse', 'airplane', 'cat', 'frog']",horse
24287,5,"['frog', 'ship', 'airplane', 'automobile']",ship
24288,1,"['bird', 'dog', 'frog', 'cat', 'airplane']",airplane
24289,6,"['automobile', 'horse', 'ship', 'airplane']",ship
24290,4,"['cat', 'automobile', 'frog', 'airplane']",automobile
24291,0,"['horse', 'deer', 'frog', 'cat']",horse
24292,1,"['bird', 'dog', 'frog', 'cat', 'airplane']",airplane
24293,7,"['automobile', 'cat', 'airplane', 'frog']",airplane
24294,1,"['bird', 'dog', 'frog', 'cat', 'airplane']",airplane
24295,5,"['frog', 'ship', 'airplane', 'automobile']",ship
24296,9,"['dog', 'frog', 'cat', 'airplane']",airplane
24297,1,"['bird', 'dog', 'frog', 'cat', 'airplane']",airplane
24298,6,"['automobile', 'horse', 'ship', 'airplane']",automobile
24299,9,"['dog', 'frog', 'cat', 'airplane']",airplane
24300,0,"['horse', 'deer', 'frog', 'cat']",horse
24301,3,"['frog', 'ship', 'automobile', 'airplane']",ship
24302,5,"['frog', 'ship', 'airplane', 'automobile']",ship
24303,5,"['frog', 'ship', 'airplane', 'automobile']",ship
24304,9,"['dog', 'frog', 'cat', 'airplane']",dog
24305,3,"['frog', 'ship', 'automobile', 'airplane']",ship
24306,4,"['cat', 'automobile', 'frog', 'airplane']",automobile
24307,6,"['automobile', 'horse', 'ship', 'airplane']",airplane
24308,4,"['cat', 'automobile', 'frog', 'airplane']",automobile
24309,5,"['frog', 'ship', 'airplane', 'automobile']",ship
24310,9,"['dog', 'frog', 'cat', 'airplane']",airplane
24311,7,"['automobile', 'cat', 'airplane', 'frog']",cat
24312,6,"['automobile', 'horse', 'ship', 'airplane']",ship
24313,2,"['ship', 'cat', 'automobile', 'airplane']",automobile
24314,5,"['frog', 'ship', 'airplane', 'automobile']",ship
24315,8,"['horse', 'airplane', 'cat', 'frog']",horse
24316,9,"['dog', 'frog', 'cat', 'airplane']",airplane
24317,3,"['frog', 'ship', 'automobile', 'airplane']",ship
24318,4,"['cat', 'automobile', 'frog', 'airplane']",automobile
24319,0,"['horse', 'deer', 'frog', 'cat']",horse
24320,9,"['dog', 'frog', 'cat', 'airplane']",airplane
24321,6,"['automobile', 'horse', 'ship', 'airplane']",airplane
24322,2,"['ship', 'cat', 'automobile', 'airplane']",automobile
24323,5,"['frog', 'ship', 'airplane', 'automobile']",ship
24324,9,"['dog', 'frog', 'cat', 'airplane']",airplane
24325,0,"['horse', 'deer', 'frog', 'cat']",horse
24326,5,"['frog', 'ship', 'airplane', 'automobile']",ship
24327,7,"['automobile', 'cat', 'airplane', 'frog']",cat
24328,8,"['horse', 'airplane', 'cat', 'frog']",horse
24329,1,"['bird', 'dog', 'frog', 'cat', 'airplane']",airplane
24330,3,"['frog', 'ship', 'automobile', 'airplane']",ship
24331,9,"['dog', 'frog', 'cat', 'airplane']",dog
24332,3,"['frog', 'ship', 'automobile', 'airplane']",ship
24333,0,"['horse', 'deer', 'frog', 'cat']",horse
24334,2,"['ship', 'cat', 'automobile', 'airplane']",cat
24335,3,"['frog', 'ship', 'automobile', 'airplane']",ship
24336,1,"['bird', 'dog', 'frog', 'cat', 'airplane']",airplane
24337,3,"['frog', 'ship', 'automobile', 'airplane']",ship
24338,1,"['bird', 'dog', 'frog', 'cat', 'airplane']",airplane
24339,5,"['frog', 'ship', 'airplane', 'automobile']",ship
24340,5,"['frog', 'ship', 'airplane', 'automobile']",ship
24341,0,"['horse', 'deer', 'frog', 'cat']",horse
24342,1,"['bird', 'dog', 'frog', 'cat', 'airplane']",airplane
24343,9,"['dog', 'frog', 'cat', 'airplane']",airplane
24344,5,"['frog', 'ship', 'airplane', 'automobile']",ship
24345,9,"['dog', 'frog', 'cat', 'airplane']",dog
24346,7,"['automobile', 'cat', 'airplane', 'frog']",airplane
24347,8,"['horse', 'airplane', 'cat', 'frog']",horse
24348,3,"['frog', 'ship', 'automobile', 'airplane']",ship
24349,0,"['horse', 'deer', 'frog', 'cat']",horse
24350,8,"['horse', 'airplane', 'cat', 'frog']",horse
24351,0,"['horse', 'deer', 'frog', 'cat']",horse
24352,5,"['frog', 'ship', 'airplane', 'automobile']",ship
24353,5,"['frog', 'ship', 'airplane', 'automobile']",ship
24354,6,"['automobile', 'horse', 'ship', 'airplane']",airplane
24355,0,"['horse', 'deer', 'frog', 'cat']",horse
24356,0,"['horse', 'deer', 'frog', 'cat']",horse
24357,5,"['frog', 'ship', 'airplane', 'automobile']",ship
24358,3,"['frog', 'ship', 'automobile', 'airplane']",ship
24359,6,"['automobile', 'horse', 'ship', 'airplane']",ship
24360,0,"['horse', 'deer', 'frog', 'cat']",horse
24361,0,"['horse', 'deer', 'frog', 'cat']",horse
24362,8,"['horse', 'airplane', 'cat', 'frog']",horse
24363,5,"['frog', 'ship', 'airplane', 'automobile']",ship
24364,3,"['frog', 'ship', 'automobile', 'airplane']",ship
24365,0,"['horse', 'deer', 'frog', 'cat']",horse
24366,2,"['ship', 'cat', 'automobile', 'airplane']",automobile
24367,0,"['horse', 'deer', 'frog', 'cat']",horse
24368,7,"['automobile', 'cat', 'airplane', 'frog']",airplane
24369,4,"['cat', 'automobile', 'frog', 'airplane']",automobile
24370,7,"['automobile', 'cat', 'airplane', 'frog']",airplane
24371,7,"['automobile', 'cat', 'airplane', 'frog']",airplane
24372,9,"['dog', 'frog', 'cat', 'airplane']",airplane
24373,2,"['ship', 'cat', 'automobile', 'airplane']",cat
24374,0,"['horse', 'deer', 'frog', 'cat']",horse
24375,1,"['bird', 'dog', 'frog', 'cat', 'airplane']",airplane
24376,8,"['horse', 'airplane', 'cat', 'frog']",horse
24377,4,"['cat', 'automobile', 'frog', 'airplane']",automobile
24378,5,"['frog', 'ship', 'airplane', 'automobile']",ship
24379,2,"['ship', 'cat', 'automobile', 'airplane']",cat
24380,5,"['frog', 'ship', 'airplane', 'automobile']",ship
24381,1,"['bird', 'dog', 'frog', 'cat', 'airplane']",airplane
24382,6,"['automobile', 'horse', 'ship', 'airplane']",ship
24383,0,"['horse', 'deer', 'frog', 'cat']",horse
24384,3,"['frog', 'ship', 'automobile', 'airplane']",ship
24385,1,"['bird', 'dog', 'frog', 'cat', 'airplane']",airplane
24386,8,"['horse', 'airplane', 'cat', 'frog']",horse
24387,0,"['horse', 'deer', 'frog', 'cat']",horse
24388,9,"['dog', 'frog', 'cat', 'airplane']",airplane
24389,6,"['automobile', 'horse', 'ship', 'airplane']",airplane
24390,7,"['automobile', 'cat', 'airplane', 'frog']",airplane
24391,9,"['dog', 'frog', 'cat', 'airplane']",airplane
24392,2,"['ship', 'cat', 'automobile', 'airplane']",cat
24393,4,"['cat', 'automobile', 'frog', 'airplane']",automobile
24394,6,"['automobile', 'horse', 'ship', 'airplane']",airplane
24395,0,"['horse', 'deer', 'frog', 'cat']",horse
24396,4,"['cat', 'automobile', 'frog', 'airplane']",automobile
24397,6,"['automobile', 'horse', 'ship', 'airplane']",ship
24398,1,"['bird', 'dog', 'frog', 'cat', 'airplane']",airplane
24399,2,"['ship', 'cat', 'automobile', 'airplane']",automobile
24400,1,"['bird', 'dog', 'frog', 'cat', 'airplane']",airplane
24401,6,"['automobile', 'horse', 'ship', 'airplane']",automobile
24402,3,"['frog', 'ship', 'automobile', 'airplane']",ship
24403,2,"['ship', 'cat', 'automobile', 'airplane']",automobile
24404,0,"['horse', 'deer', 'frog', 'cat']",horse
24405,4,"['cat', 'automobile', 'frog', 'airplane']",automobile
24406,7,"['automobile', 'cat', 'airplane', 'frog']",cat
24407,9,"['dog', 'frog', 'cat', 'airplane']",airplane
24408,9,"['dog', 'frog', 'cat', 'airplane']",dog
24409,2,"['ship', 'cat', 'automobile', 'airplane']",cat
24410,9,"['dog', 'frog', 'cat', 'airplane']",airplane
24411,3,"['frog', 'ship', 'automobile', 'airplane']",ship
24412,8,"['horse', 'airplane', 'cat', 'frog']",horse
24413,2,"['ship', 'cat', 'automobile', 'airplane']",cat
24414,8,"['horse', 'airplane', 'cat', 'frog']",horse
24415,5,"['frog', 'ship', 'airplane', 'automobile']",ship
24416,7,"['automobile', 'cat', 'airplane', 'frog']",cat
24417,1,"['bird', 'dog', 'frog', 'cat', 'airplane']",airplane
24418,6,"['automobile', 'horse', 'ship', 'airplane']",horse
24419,4,"['cat', 'automobile', 'frog', 'airplane']",automobile
24420,0,"['horse', 'deer', 'frog', 'cat']",horse
24421,4,"['cat', 'automobile', 'frog', 'airplane']",automobile
24422,7,"['automobile', 'cat', 'airplane', 'frog']",cat
24423,6,"['automobile', 'horse', 'ship', 'airplane']",airplane
24424,6,"['automobile', 'horse', 'ship', 'airplane']",airplane
24425,1,"['bird', 'dog', 'frog', 'cat', 'airplane']",airplane
24426,8,"['horse', 'airplane', 'cat', 'frog']",horse
24427,7,"['automobile', 'cat', 'airplane', 'frog']",airplane
24428,1,"['bird', 'dog', 'frog', 'cat', 'airplane']",airplane
24429,2,"['ship', 'cat', 'automobile', 'airplane']",cat
24430,4,"['cat', 'automobile', 'frog', 'airplane']",automobile
24431,6,"['automobile', 'horse', 'ship', 'airplane']",horse
24432,2,"['ship', 'cat', 'automobile', 'airplane']",cat
24433,5,"['frog', 'ship', 'airplane', 'automobile']",ship
24434,3,"['frog', 'ship', 'automobile', 'airplane']",ship
24435,8,"['horse', 'airplane', 'cat', 'frog']",horse
24436,9,"['dog', 'frog', 'cat', 'airplane']",dog
24437,2,"['ship', 'cat', 'automobile', 'airplane']",cat
24438,8,"['horse', 'airplane', 'cat', 'frog']",horse
24439,7,"['automobile', 'cat', 'airplane', 'frog']",cat
24440,5,"['frog', 'ship', 'airplane', 'automobile']",ship
24441,1,"['bird', 'dog', 'frog', 'cat', 'airplane']",airplane
24442,5,"['frog', 'ship', 'airplane', 'automobile']",ship
24443,3,"['frog', 'ship', 'automobile', 'airplane']",ship
24444,8,"['horse', 'airplane', 'cat', 'frog']",horse
24445,0,"['horse', 'deer', 'frog', 'cat']",horse
24446,1,"['bird', 'dog', 'frog', 'cat', 'airplane']",airplane
24447,0,"['horse', 'deer', 'frog', 'cat']",horse
24448,4,"['cat', 'automobile', 'frog', 'airplane']",automobile
24449,7,"['automobile', 'cat', 'airplane', 'frog']",airplane
24450,1,"['bird', 'dog', 'frog', 'cat', 'airplane']",airplane
24451,8,"['horse', 'airplane', 'cat', 'frog']",horse
24452,5,"['frog', 'ship', 'airplane', 'automobile']",ship
24453,9,"['dog', 'frog', 'cat', 'airplane']",dog
24454,4,"['cat', 'automobile', 'frog', 'airplane']",automobile
24455,8,"['horse', 'airplane', 'cat', 'frog']",horse
24456,8,"['horse', 'airplane', 'cat', 'frog']",horse
24457,2,"['ship', 'cat', 'automobile', 'airplane']",cat
24458,9,"['dog', 'frog', 'cat', 'airplane']",airplane
24459,5,"['frog', 'ship', 'airplane', 'automobile']",ship
24460,3,"['frog', 'ship', 'automobile', 'airplane']",ship
24461,2,"['ship', 'cat', 'automobile', 'airplane']",cat
24462,1,"['bird', 'dog', 'frog', 'cat', 'airplane']",airplane
24463,1,"['bird', 'dog', 'frog', 'cat', 'airplane']",airplane
24464,4,"['cat', 'automobile', 'frog', 'airplane']",airplane
24465,2,"['ship', 'cat', 'automobile', 'airplane']",cat
24466,1,"['bird', 'dog', 'frog', 'cat', 'airplane']",airplane
24467,2,"['ship', 'cat', 'automobile', 'airplane']",cat
24468,7,"['automobile', 'cat', 'airplane', 'frog']",cat
24469,7,"['automobile', 'cat', 'airplane', 'frog']",airplane
24470,1,"['bird', 'dog', 'frog', 'cat', 'airplane']",airplane
24471,8,"['horse', 'airplane', 'cat', 'frog']",horse
24472,7,"['automobile', 'cat', 'airplane', 'frog']",cat
24473,5,"['frog', 'ship', 'airplane', 'automobile']",ship
24474,9,"['dog', 'frog', 'cat', 'airplane']",airplane
24475,6,"['automobile', 'horse', 'ship', 'airplane']",automobile
24476,0,"['horse', 'deer', 'frog', 'cat']",horse
24477,9,"['dog', 'frog', 'cat', 'airplane']",airplane
24478,6,"['automobile', 'horse', 'ship', 'airplane']",automobile
24479,6,"['automobile', 'horse', 'ship', 'airplane']",airplane
24480,1,"['bird', 'dog', 'frog', 'cat', 'airplane']",airplane
24481,8,"['horse', 'airplane', 'cat', 'frog']",horse
24482,5,"['frog', 'ship', 'airplane', 'automobile']",ship
24483,9,"['dog', 'frog', 'cat', 'airplane']",dog
24484,1,"['bird', 'dog', 'frog', 'cat', 'airplane']",airplane
24485,4,"['cat', 'automobile', 'frog', 'airplane']",automobile
24486,1,"['bird', 'dog', 'frog', 'cat', 'airplane']",airplane
24487,5,"['frog', 'ship', 'airplane', 'automobile']",ship
24488,0,"['horse', 'deer', 'frog', 'cat']",horse
24489,5,"['frog', 'ship', 'airplane', 'automobile']",ship
24490,3,"['frog', 'ship', 'automobile', 'airplane']",ship
24491,0,"['horse', 'deer', 'frog', 'cat']",horse
24492,0,"['horse', 'deer', 'frog', 'cat']",horse
24493,9,"['dog', 'frog', 'cat', 'airplane']",dog
24494,9,"['dog', 'frog', 'cat', 'airplane']",airplane
24495,5,"['frog', 'ship', 'airplane', 'automobile']",ship
24496,2,"['ship', 'cat', 'automobile', 'airplane']",ship
24497,6,"['automobile', 'horse', 'ship', 'airplane']",airplane
24498,4,"['cat', 'automobile', 'frog', 'airplane']",automobile
24499,7,"['automobile', 'cat', 'airplane', 'frog']",cat
24500,2,"['ship', 'cat', 'automobile', 'airplane']",cat
24501,8,"['horse', 'airplane', 'cat', 'frog']",horse
24502,0,"['horse', 'deer', 'frog', 'cat']",horse
24503,5,"['frog', 'ship', 'airplane', 'automobile']",ship
24504,4,"['cat', 'automobile', 'frog', 'airplane']",automobile
24505,7,"['automobile', 'cat', 'airplane', 'frog']",airplane
24506,5,"['frog', 'ship', 'airplane', 'automobile']",ship
24507,0,"['horse', 'deer', 'frog', 'cat']",horse
24508,7,"['automobile', 'cat', 'airplane', 'frog']",airplane
24509,8,"['horse', 'airplane', 'cat', 'frog']",horse
24510,6,"['automobile', 'horse', 'ship', 'airplane']",airplane
24511,0,"['horse', 'deer', 'frog', 'cat']",horse
24512,1,"['bird', 'dog', 'frog', 'cat', 'airplane']",airplane
24513,4,"['cat', 'automobile', 'frog', 'airplane']",automobile
24514,0,"['horse', 'deer', 'frog', 'cat']",horse
24515,1,"['bird', 'dog', 'frog', 'cat', 'airplane']",airplane
24516,5,"['frog', 'ship', 'airplane', 'automobile']",ship
24517,7,"['automobile', 'cat', 'airplane', 'frog']",cat
24518,3,"['frog', 'ship', 'automobile', 'airplane']",ship
24519,6,"['automobile', 'horse', 'ship', 'airplane']",horse
24520,1,"['bird', 'dog', 'frog', 'cat', 'airplane']",airplane
24521,0,"['horse', 'deer', 'frog', 'cat']",horse
24522,3,"['frog', 'ship', 'automobile', 'airplane']",ship
24523,9,"['dog', 'frog', 'cat', 'airplane']",dog
24524,4,"['cat', 'automobile', 'frog', 'airplane']",automobile
24525,4,"['cat', 'automobile', 'frog', 'airplane']",automobile
24526,8,"['horse', 'airplane', 'cat', 'frog']",horse
24527,1,"['bird', 'dog', 'frog', 'cat', 'airplane']",airplane
24528,1,"['bird', 'dog', 'frog', 'cat', 'airplane']",airplane
24529,4,"['cat', 'automobile', 'frog', 'airplane']",automobile
24530,9,"['dog', 'frog', 'cat', 'airplane']",airplane
24531,6,"['automobile', 'horse', 'ship', 'airplane']",airplane
24532,5,"['frog', 'ship', 'airplane', 'automobile']",ship
24533,2,"['ship', 'cat', 'automobile', 'airplane']",cat
24534,0,"['horse', 'deer', 'frog', 'cat']",horse
24535,2,"['ship', 'cat', 'automobile', 'airplane']",ship
24536,7,"['automobile', 'cat', 'airplane', 'frog']",airplane
24537,9,"['dog', 'frog', 'cat', 'airplane']",airplane
24538,3,"['frog', 'ship', 'automobile', 'airplane']",ship
24539,1,"['bird', 'dog', 'frog', 'cat', 'airplane']",airplane
24540,1,"['bird', 'dog', 'frog', 'cat', 'airplane']",airplane
24541,1,"['bird', 'dog', 'frog', 'cat', 'airplane']",airplane
24542,9,"['dog', 'frog', 'cat', 'airplane']",dog
24543,0,"['horse', 'deer', 'frog', 'cat']",horse
24544,1,"['bird', 'dog', 'frog', 'cat', 'airplane']",airplane
24545,7,"['automobile', 'cat', 'airplane', 'frog']",airplane
24546,5,"['frog', 'ship', 'airplane', 'automobile']",ship
24547,7,"['automobile', 'cat', 'airplane', 'frog']",cat
24548,4,"['cat', 'automobile', 'frog', 'airplane']",automobile
24549,0,"['horse', 'deer', 'frog', 'cat']",horse
24550,9,"['dog', 'frog', 'cat', 'airplane']",airplane
24551,3,"['frog', 'ship', 'automobile', 'airplane']",ship
24552,6,"['automobile', 'horse', 'ship', 'airplane']",airplane
24553,5,"['frog', 'ship', 'airplane', 'automobile']",ship
24554,8,"['horse', 'airplane', 'cat', 'frog']",horse
24555,2,"['ship', 'cat', 'automobile', 'airplane']",cat
24556,6,"['automobile', 'horse', 'ship', 'airplane']",airplane
24557,0,"['horse', 'deer', 'frog', 'cat']",horse
24558,5,"['frog', 'ship', 'airplane', 'automobile']",ship
24559,7,"['automobile', 'cat', 'airplane', 'frog']",airplane
24560,3,"['frog', 'ship', 'automobile', 'airplane']",ship
24561,1,"['bird', 'dog', 'frog', 'cat', 'airplane']",airplane
24562,3,"['frog', 'ship', 'automobile', 'airplane']",ship
24563,8,"['horse', 'airplane', 'cat', 'frog']",horse
24564,8,"['horse', 'airplane', 'cat', 'frog']",horse
24565,3,"['frog', 'ship', 'automobile', 'airplane']",ship
24566,1,"['bird', 'dog', 'frog', 'cat', 'airplane']",airplane
24567,0,"['horse', 'deer', 'frog', 'cat']",horse
24568,7,"['automobile', 'cat', 'airplane', 'frog']",airplane
24569,2,"['ship', 'cat', 'automobile', 'airplane']",automobile
24570,9,"['dog', 'frog', 'cat', 'airplane']",dog
24571,3,"['frog', 'ship', 'automobile', 'airplane']",frog
24572,4,"['cat', 'automobile', 'frog', 'airplane']",automobile
24573,7,"['automobile', 'cat', 'airplane', 'frog']",cat
24574,7,"['automobile', 'cat', 'airplane', 'frog']",airplane
24575,5,"['frog', 'ship', 'airplane', 'automobile']",ship
24576,2,"['ship', 'cat', 'automobile', 'airplane']",automobile
24577,6,"['automobile', 'horse', 'ship', 'airplane']",ship
24578,8,"['horse', 'airplane', 'cat', 'frog']",horse
24579,1,"['bird', 'dog', 'frog', 'cat', 'airplane']",airplane
24580,1,"['bird', 'dog', 'frog', 'cat', 'airplane']",airplane
24581,0,"['horse', 'deer', 'frog', 'cat']",horse
24582,4,"['cat', 'automobile', 'frog', 'airplane']",automobile
24583,0,"['horse', 'deer', 'frog', 'cat']",horse
24584,4,"['cat', 'automobile', 'frog', 'airplane']",automobile
24585,5,"['frog', 'ship', 'airplane', 'automobile']",ship
24586,8,"['horse', 'airplane', 'cat', 'frog']",horse
24587,0,"['horse', 'deer', 'frog', 'cat']",horse
24588,8,"['horse', 'airplane', 'cat', 'frog']",horse
24589,0,"['horse', 'deer', 'frog', 'cat']",horse
24590,1,"['bird', 'dog', 'frog', 'cat', 'airplane']",airplane
24591,1,"['bird', 'dog', 'frog', 'cat', 'airplane']",airplane
24592,0,"['horse', 'deer', 'frog', 'cat']",horse
24593,7,"['automobile', 'cat', 'airplane', 'frog']",cat
24594,4,"['cat', 'automobile', 'frog', 'airplane']",automobile
24595,1,"['bird', 'dog', 'frog', 'cat', 'airplane']",airplane
24596,7,"['automobile', 'cat', 'airplane', 'frog']",airplane
24597,3,"['frog', 'ship', 'automobile', 'airplane']",ship
24598,3,"['frog', 'ship', 'automobile', 'airplane']",ship
24599,7,"['automobile', 'cat', 'airplane', 'frog']",airplane
24600,0,"['horse', 'deer', 'frog', 'cat']",horse
24601,9,"['dog', 'frog', 'cat', 'airplane']",dog
24602,1,"['bird', 'dog', 'frog', 'cat', 'airplane']",airplane
24603,9,"['dog', 'frog', 'cat', 'airplane']",airplane
24604,9,"['dog', 'frog', 'cat', 'airplane']",dog
24605,0,"['horse', 'deer', 'frog', 'cat']",horse
24606,3,"['frog', 'ship', 'automobile', 'airplane']",ship
24607,1,"['bird', 'dog', 'frog', 'cat', 'airplane']",airplane
24608,8,"['horse', 'airplane', 'cat', 'frog']",horse
24609,9,"['dog', 'frog', 'cat', 'airplane']",airplane
24610,2,"['ship', 'cat', 'automobile', 'airplane']",cat
24611,3,"['frog', 'ship', 'automobile', 'airplane']",ship
24612,7,"['automobile', 'cat', 'airplane', 'frog']",cat
24613,7,"['automobile', 'cat', 'airplane', 'frog']",airplane
24614,9,"['dog', 'frog', 'cat', 'airplane']",airplane
24615,9,"['dog', 'frog', 'cat', 'airplane']",airplane
24616,1,"['bird', 'dog', 'frog', 'cat', 'airplane']",airplane
24617,2,"['ship', 'cat', 'automobile', 'airplane']",cat
24618,3,"['frog', 'ship', 'automobile', 'airplane']",ship
24619,9,"['dog', 'frog', 'cat', 'airplane']",dog
24620,1,"['bird', 'dog', 'frog', 'cat', 'airplane']",airplane
24621,7,"['automobile', 'cat', 'airplane', 'frog']",cat
24622,0,"['horse', 'deer', 'frog', 'cat']",horse
24623,2,"['ship', 'cat', 'automobile', 'airplane']",cat
24624,4,"['cat', 'automobile', 'frog', 'airplane']",automobile
24625,1,"['bird', 'dog', 'frog', 'cat', 'airplane']",airplane
24626,6,"['automobile', 'horse', 'ship', 'airplane']",automobile
24627,9,"['dog', 'frog', 'cat', 'airplane']",airplane
24628,5,"['frog', 'ship', 'airplane', 'automobile']",ship
24629,8,"['horse', 'airplane', 'cat', 'frog']",horse
24630,4,"['cat', 'automobile', 'frog', 'airplane']",automobile
24631,8,"['horse', 'airplane', 'cat', 'frog']",horse
24632,8,"['horse', 'airplane', 'cat', 'frog']",horse
24633,2,"['ship', 'cat', 'automobile', 'airplane']",cat
24634,3,"['frog', 'ship', 'automobile', 'airplane']",ship
24635,6,"['automobile', 'horse', 'ship', 'airplane']",airplane
24636,2,"['ship', 'cat', 'automobile', 'airplane']",ship
24637,5,"['frog', 'ship', 'airplane', 'automobile']",ship
24638,9,"['dog', 'frog', 'cat', 'airplane']",dog
24639,0,"['horse', 'deer', 'frog', 'cat']",horse
24640,9,"['dog', 'frog', 'cat', 'airplane']",airplane
24641,0,"['horse', 'deer', 'frog', 'cat']",horse
24642,0,"['horse', 'deer', 'frog', 'cat']",horse
24643,2,"['ship', 'cat', 'automobile', 'airplane']",cat
24644,0,"['horse', 'deer', 'frog', 'cat']",horse
24645,7,"['automobile', 'cat', 'airplane', 'frog']",airplane
24646,6,"['automobile', 'horse', 'ship', 'airplane']",airplane
24647,9,"['dog', 'frog', 'cat', 'airplane']",dog
24648,5,"['frog', 'ship', 'airplane', 'automobile']",ship
24649,6,"['automobile', 'horse', 'ship', 'airplane']",airplane
24650,5,"['frog', 'ship', 'airplane', 'automobile']",ship
24651,5,"['frog', 'ship', 'airplane', 'automobile']",ship
24652,3,"['frog', 'ship', 'automobile', 'airplane']",ship
24653,4,"['cat', 'automobile', 'frog', 'airplane']",automobile
24654,1,"['bird', 'dog', 'frog', 'cat', 'airplane']",airplane
24655,2,"['ship', 'cat', 'automobile', 'airplane']",automobile
24656,5,"['frog', 'ship', 'airplane', 'automobile']",ship
24657,9,"['dog', 'frog', 'cat', 'airplane']",dog
24658,4,"['cat', 'automobile', 'frog', 'airplane']",automobile
24659,4,"['cat', 'automobile', 'frog', 'airplane']",automobile
24660,6,"['automobile', 'horse', 'ship', 'airplane']",airplane
24661,0,"['horse', 'deer', 'frog', 'cat']",horse
24662,5,"['frog', 'ship', 'airplane', 'automobile']",ship
24663,5,"['frog', 'ship', 'airplane', 'automobile']",ship
24664,4,"['cat', 'automobile', 'frog', 'airplane']",automobile
24665,1,"['bird', 'dog', 'frog', 'cat', 'airplane']",airplane
24666,3,"['frog', 'ship', 'automobile', 'airplane']",ship
24667,3,"['frog', 'ship', 'automobile', 'airplane']",ship
24668,0,"['horse', 'deer', 'frog', 'cat']",horse
24669,3,"['frog', 'ship', 'automobile', 'airplane']",ship
24670,2,"['ship', 'cat', 'automobile', 'airplane']",cat
24671,6,"['automobile', 'horse', 'ship', 'airplane']",airplane
24672,6,"['automobile', 'horse', 'ship', 'airplane']",airplane
24673,6,"['automobile', 'horse', 'ship', 'airplane']",airplane
24674,4,"['cat', 'automobile', 'frog', 'airplane']",automobile
24675,7,"['automobile', 'cat', 'airplane', 'frog']",cat
24676,0,"['horse', 'deer', 'frog', 'cat']",horse
24677,0,"['horse', 'deer', 'frog', 'cat']",horse
24678,1,"['bird', 'dog', 'frog', 'cat', 'airplane']",airplane
24679,0,"['horse', 'deer', 'frog', 'cat']",horse
24680,1,"['bird', 'dog', 'frog', 'cat', 'airplane']",airplane
24681,0,"['horse', 'deer', 'frog', 'cat']",horse
24682,7,"['automobile', 'cat', 'airplane', 'frog']",airplane
24683,9,"['dog', 'frog', 'cat', 'airplane']",dog
24684,2,"['ship', 'cat', 'automobile', 'airplane']",automobile
24685,0,"['horse', 'deer', 'frog', 'cat']",horse
24686,4,"['cat', 'automobile', 'frog', 'airplane']",automobile
24687,5,"['frog', 'ship', 'airplane', 'automobile']",ship
24688,8,"['horse', 'airplane', 'cat', 'frog']",horse
24689,8,"['horse', 'airplane', 'cat', 'frog']",horse
24690,0,"['horse', 'deer', 'frog', 'cat']",horse
24691,3,"['frog', 'ship', 'automobile', 'airplane']",ship
24692,8,"['horse', 'airplane', 'cat', 'frog']",horse
24693,9,"['dog', 'frog', 'cat', 'airplane']",airplane
24694,2,"['ship', 'cat', 'automobile', 'airplane']",cat
24695,0,"['horse', 'deer', 'frog', 'cat']",horse
24696,3,"['frog', 'ship', 'automobile', 'airplane']",ship
24697,8,"['horse', 'airplane', 'cat', 'frog']",horse
24698,7,"['automobile', 'cat', 'airplane', 'frog']",cat
24699,2,"['ship', 'cat', 'automobile', 'airplane']",cat
24700,0,"['horse', 'deer', 'frog', 'cat']",horse
24701,6,"['automobile', 'horse', 'ship', 'airplane']",ship
24702,5,"['frog', 'ship', 'airplane', 'automobile']",ship
24703,5,"['frog', 'ship', 'airplane', 'automobile']",ship
24704,3,"['frog', 'ship', 'automobile', 'airplane']",ship
24705,3,"['frog', 'ship', 'automobile', 'airplane']",ship
24706,2,"['ship', 'cat', 'automobile', 'airplane']",cat
24707,3,"['frog', 'ship', 'automobile', 'airplane']",ship
24708,7,"['automobile', 'cat', 'airplane', 'frog']",frog
24709,9,"['dog', 'frog', 'cat', 'airplane']",airplane
24710,2,"['ship', 'cat', 'automobile', 'airplane']",cat
24711,5,"['frog', 'ship', 'airplane', 'automobile']",ship
24712,9,"['dog', 'frog', 'cat', 'airplane']",airplane
24713,0,"['horse', 'deer', 'frog', 'cat']",horse
24714,5,"['frog', 'ship', 'airplane', 'automobile']",ship
24715,7,"['automobile', 'cat', 'airplane', 'frog']",cat
24716,8,"['horse', 'airplane', 'cat', 'frog']",horse
24717,6,"['automobile', 'horse', 'ship', 'airplane']",airplane
24718,9,"['dog', 'frog', 'cat', 'airplane']",dog
24719,2,"['ship', 'cat', 'automobile', 'airplane']",automobile
24720,0,"['horse', 'deer', 'frog', 'cat']",horse
24721,0,"['horse', 'deer', 'frog', 'cat']",horse
24722,6,"['automobile', 'horse', 'ship', 'airplane']",airplane
24723,9,"['dog', 'frog', 'cat', 'airplane']",dog
24724,6,"['automobile', 'horse', 'ship', 'airplane']",horse
24725,1,"['bird', 'dog', 'frog', 'cat', 'airplane']",airplane
24726,3,"['frog', 'ship', 'automobile', 'airplane']",ship
24727,3,"['frog', 'ship', 'automobile', 'airplane']",ship
24728,6,"['automobile', 'horse', 'ship', 'airplane']",airplane
24729,7,"['automobile', 'cat', 'airplane', 'frog']",cat
24730,9,"['dog', 'frog', 'cat', 'airplane']",dog
24731,9,"['dog', 'frog', 'cat', 'airplane']",airplane
24732,6,"['automobile', 'horse', 'ship', 'airplane']",airplane
24733,3,"['frog', 'ship', 'automobile', 'airplane']",ship
24734,2,"['ship', 'cat', 'automobile', 'airplane']",cat
24735,0,"['horse', 'deer', 'frog', 'cat']",horse
24736,2,"['ship', 'cat', 'automobile', 'airplane']",automobile
24737,4,"['cat', 'automobile', 'frog', 'airplane']",airplane
24738,9,"['dog', 'frog', 'cat', 'airplane']",dog
24739,2,"['ship', 'cat', 'automobile', 'airplane']",cat
24740,8,"['horse', 'airplane', 'cat', 'frog']",horse
24741,5,"['frog', 'ship', 'airplane', 'automobile']",ship
24742,2,"['ship', 'cat', 'automobile', 'airplane']",cat
24743,6,"['automobile', 'horse', 'ship', 'airplane']",airplane
24744,5,"['frog', 'ship', 'airplane', 'automobile']",ship
24745,0,"['horse', 'deer', 'frog', 'cat']",horse
24746,1,"['bird', 'dog', 'frog', 'cat', 'airplane']",airplane
24747,2,"['ship', 'cat', 'automobile', 'airplane']",ship
24748,8,"['horse', 'airplane', 'cat', 'frog']",horse
24749,3,"['frog', 'ship', 'automobile', 'airplane']",ship
24750,0,"['horse', 'deer', 'frog', 'cat']",horse
24751,3,"['frog', 'ship', 'automobile', 'airplane']",ship
24752,8,"['horse', 'airplane', 'cat', 'frog']",horse
24753,0,"['horse', 'deer', 'frog', 'cat']",horse
24754,5,"['frog', 'ship', 'airplane', 'automobile']",ship
24755,0,"['horse', 'deer', 'frog', 'cat']",horse
24756,2,"['ship', 'cat', 'automobile', 'airplane']",cat
24757,3,"['frog', 'ship', 'automobile', 'airplane']",ship
24758,7,"['automobile', 'cat', 'airplane', 'frog']",cat
24759,8,"['horse', 'airplane', 'cat', 'frog']",horse
24760,8,"['horse', 'airplane', 'cat', 'frog']",horse
24761,8,"['horse', 'airplane', 'cat', 'frog']",horse
24762,1,"['bird', 'dog', 'frog', 'cat', 'airplane']",airplane
24763,5,"['frog', 'ship', 'airplane', 'automobile']",ship
24764,0,"['horse', 'deer', 'frog', 'cat']",horse
24765,8,"['horse', 'airplane', 'cat', 'frog']",horse
24766,8,"['horse', 'airplane', 'cat', 'frog']",horse
24767,1,"['bird', 'dog', 'frog', 'cat', 'airplane']",airplane
24768,7,"['automobile', 'cat', 'airplane', 'frog']",airplane
24769,4,"['cat', 'automobile', 'frog', 'airplane']",automobile
24770,9,"['dog', 'frog', 'cat', 'airplane']",dog
24771,2,"['ship', 'cat', 'automobile', 'airplane']",cat
24772,2,"['ship', 'cat', 'automobile', 'airplane']",cat
24773,2,"['ship', 'cat', 'automobile', 'airplane']",cat
24774,1,"['bird', 'dog', 'frog', 'cat', 'airplane']",airplane
24775,3,"['frog', 'ship', 'automobile', 'airplane']",ship
24776,4,"['cat', 'automobile', 'frog', 'airplane']",automobile
24777,2,"['ship', 'cat', 'automobile', 'airplane']",cat
24778,4,"['cat', 'automobile', 'frog', 'airplane']",automobile
24779,3,"['frog', 'ship', 'automobile', 'airplane']",ship
24780,2,"['ship', 'cat', 'automobile', 'airplane']",cat
24781,6,"['automobile', 'horse', 'ship', 'airplane']",horse
24782,7,"['automobile', 'cat', 'airplane', 'frog']",cat
24783,6,"['automobile', 'horse', 'ship', 'airplane']",airplane
24784,7,"['automobile', 'cat', 'airplane', 'frog']",airplane
24785,4,"['cat', 'automobile', 'frog', 'airplane']",automobile
24786,7,"['automobile', 'cat', 'airplane', 'frog']",cat
24787,8,"['horse', 'airplane', 'cat', 'frog']",horse
24788,9,"['dog', 'frog', 'cat', 'airplane']",dog
24789,2,"['ship', 'cat', 'automobile', 'airplane']",cat
24790,4,"['cat', 'automobile', 'frog', 'airplane']",automobile
24791,0,"['horse', 'deer', 'frog', 'cat']",horse
24792,0,"['horse', 'deer', 'frog', 'cat']",horse
24793,0,"['horse', 'deer', 'frog', 'cat']",horse
24794,7,"['automobile', 'cat', 'airplane', 'frog']",cat
24795,0,"['horse', 'deer', 'frog', 'cat']",horse
24796,5,"['frog', 'ship', 'airplane', 'automobile']",ship
24797,4,"['cat', 'automobile', 'frog', 'airplane']",automobile
24798,2,"['ship', 'cat', 'automobile', 'airplane']",automobile
24799,4,"['cat', 'automobile', 'frog', 'airplane']",airplane
24800,6,"['automobile', 'horse', 'ship', 'airplane']",airplane
24801,3,"['frog', 'ship', 'automobile', 'airplane']",ship
24802,0,"['horse', 'deer', 'frog', 'cat']",horse
24803,3,"['frog', 'ship', 'automobile', 'airplane']",ship
24804,4,"['cat', 'automobile', 'frog', 'airplane']",automobile
24805,2,"['ship', 'cat', 'automobile', 'airplane']",cat
24806,4,"['cat', 'automobile', 'frog', 'airplane']",automobile
24807,1,"['bird', 'dog', 'frog', 'cat', 'airplane']",airplane
24808,6,"['automobile', 'horse', 'ship', 'airplane']",airplane
24809,6,"['automobile', 'horse', 'ship', 'airplane']",ship
24810,4,"['cat', 'automobile', 'frog', 'airplane']",automobile
24811,8,"['horse', 'airplane', 'cat', 'frog']",horse
24812,7,"['automobile', 'cat', 'airplane', 'frog']",cat
24813,5,"['frog', 'ship', 'airplane', 'automobile']",ship
24814,0,"['horse', 'deer', 'frog', 'cat']",horse
24815,7,"['automobile', 'cat', 'airplane', 'frog']",cat
24816,9,"['dog', 'frog', 'cat', 'airplane']",airplane
24817,3,"['frog', 'ship', 'automobile', 'airplane']",ship
24818,0,"['horse', 'deer', 'frog', 'cat']",horse
24819,5,"['frog', 'ship', 'airplane', 'automobile']",ship
24820,7,"['automobile', 'cat', 'airplane', 'frog']",airplane
24821,8,"['horse', 'airplane', 'cat', 'frog']",horse
24822,5,"['frog', 'ship', 'airplane', 'automobile']",ship
24823,4,"['cat', 'automobile', 'frog', 'airplane']",automobile
24824,7,"['automobile', 'cat', 'airplane', 'frog']",cat
24825,8,"['horse', 'airplane', 'cat', 'frog']",horse
24826,5,"['frog', 'ship', 'airplane', 'automobile']",ship
24827,4,"['cat', 'automobile', 'frog', 'airplane']",automobile
24828,1,"['bird', 'dog', 'frog', 'cat', 'airplane']",airplane
24829,4,"['cat', 'automobile', 'frog', 'airplane']",automobile
24830,4,"['cat', 'automobile', 'frog', 'airplane']",automobile
24831,5,"['frog', 'ship', 'airplane', 'automobile']",ship
24832,5,"['frog', 'ship', 'airplane', 'automobile']",ship
24833,1,"['bird', 'dog', 'frog', 'cat', 'airplane']",airplane
24834,0,"['horse', 'deer', 'frog', 'cat']",horse
24835,2,"['ship', 'cat', 'automobile', 'airplane']",cat
24836,4,"['cat', 'automobile', 'frog', 'airplane']",automobile
24837,0,"['horse', 'deer', 'frog', 'cat']",horse
24838,5,"['frog', 'ship', 'airplane', 'automobile']",ship
24839,3,"['frog', 'ship', 'automobile', 'airplane']",ship
24840,5,"['frog', 'ship', 'airplane', 'automobile']",ship
24841,8,"['horse', 'airplane', 'cat', 'frog']",horse
24842,3,"['frog', 'ship', 'automobile', 'airplane']",ship
24843,6,"['automobile', 'horse', 'ship', 'airplane']",horse
24844,0,"['horse', 'deer', 'frog', 'cat']",horse
24845,7,"['automobile', 'cat', 'airplane', 'frog']",airplane
24846,4,"['cat', 'automobile', 'frog', 'airplane']",automobile
24847,3,"['frog', 'ship', 'automobile', 'airplane']",ship
24848,4,"['cat', 'automobile', 'frog', 'airplane']",automobile
24849,9,"['dog', 'frog', 'cat', 'airplane']",dog
24850,7,"['automobile', 'cat', 'airplane', 'frog']",airplane
24851,0,"['horse', 'deer', 'frog', 'cat']",horse
24852,6,"['automobile', 'horse', 'ship', 'airplane']",airplane
24853,7,"['automobile', 'cat', 'airplane', 'frog']",airplane
24854,6,"['automobile', 'horse', 'ship', 'airplane']",airplane
24855,8,"['horse', 'airplane', 'cat', 'frog']",horse
24856,7,"['automobile', 'cat', 'airplane', 'frog']",cat
24857,2,"['ship', 'cat', 'automobile', 'airplane']",cat
24858,7,"['automobile', 'cat', 'airplane', 'frog']",cat
24859,0,"['horse', 'deer', 'frog', 'cat']",horse
24860,8,"['horse', 'airplane', 'cat', 'frog']",horse
24861,4,"['cat', 'automobile', 'frog', 'airplane']",automobile
24862,7,"['automobile', 'cat', 'airplane', 'frog']",cat
24863,1,"['bird', 'dog', 'frog', 'cat', 'airplane']",airplane
24864,6,"['automobile', 'horse', 'ship', 'airplane']",airplane
24865,2,"['ship', 'cat', 'automobile', 'airplane']",cat
24866,4,"['cat', 'automobile', 'frog', 'airplane']",automobile
24867,5,"['frog', 'ship', 'airplane', 'automobile']",ship
24868,3,"['frog', 'ship', 'automobile', 'airplane']",ship
24869,3,"['frog', 'ship', 'automobile', 'airplane']",ship
24870,6,"['automobile', 'horse', 'ship', 'airplane']",airplane
24871,3,"['frog', 'ship', 'automobile', 'airplane']",ship
24872,6,"['automobile', 'horse', 'ship', 'airplane']",airplane
24873,1,"['bird', 'dog', 'frog', 'cat', 'airplane']",airplane
24874,4,"['cat', 'automobile', 'frog', 'airplane']",automobile
24875,5,"['frog', 'ship', 'airplane', 'automobile']",ship
24876,8,"['horse', 'airplane', 'cat', 'frog']",horse
24877,5,"['frog', 'ship', 'airplane', 'automobile']",ship
24878,8,"['horse', 'airplane', 'cat', 'frog']",horse
24879,6,"['automobile', 'horse', 'ship', 'airplane']",airplane
24880,9,"['dog', 'frog', 'cat', 'airplane']",airplane
24881,0,"['horse', 'deer', 'frog', 'cat']",horse
24882,6,"['automobile', 'horse', 'ship', 'airplane']",airplane
24883,4,"['cat', 'automobile', 'frog', 'airplane']",airplane
24884,4,"['cat', 'automobile', 'frog', 'airplane']",airplane
24885,2,"['ship', 'cat', 'automobile', 'airplane']",cat
24886,6,"['automobile', 'horse', 'ship', 'airplane']",airplane
24887,0,"['horse', 'deer', 'frog', 'cat']",horse
24888,6,"['automobile', 'horse', 'ship', 'airplane']",airplane
24889,4,"['cat', 'automobile', 'frog', 'airplane']",automobile
24890,5,"['frog', 'ship', 'airplane', 'automobile']",ship
24891,1,"['bird', 'dog', 'frog', 'cat', 'airplane']",airplane
24892,7,"['automobile', 'cat', 'airplane', 'frog']",cat
24893,9,"['dog', 'frog', 'cat', 'airplane']",airplane
24894,8,"['horse', 'airplane', 'cat', 'frog']",horse
24895,6,"['automobile', 'horse', 'ship', 'airplane']",airplane
24896,3,"['frog', 'ship', 'automobile', 'airplane']",ship
24897,6,"['automobile', 'horse', 'ship', 'airplane']",ship
24898,7,"['automobile', 'cat', 'airplane', 'frog']",cat
24899,5,"['frog', 'ship', 'airplane', 'automobile']",ship
24900,4,"['cat', 'automobile', 'frog', 'airplane']",automobile
24901,7,"['automobile', 'cat', 'airplane', 'frog']",frog
24902,2,"['ship', 'cat', 'automobile', 'airplane']",cat
24903,3,"['frog', 'ship', 'automobile', 'airplane']",ship
24904,2,"['ship', 'cat', 'automobile', 'airplane']",cat
24905,8,"['horse', 'airplane', 'cat', 'frog']",horse
24906,3,"['frog', 'ship', 'automobile', 'airplane']",ship
24907,8,"['horse', 'airplane', 'cat', 'frog']",horse
24908,7,"['automobile', 'cat', 'airplane', 'frog']",cat
24909,5,"['frog', 'ship', 'airplane', 'automobile']",ship
24910,3,"['frog', 'ship', 'automobile', 'airplane']",ship
24911,2,"['ship', 'cat', 'automobile', 'airplane']",automobile
24912,6,"['automobile', 'horse', 'ship', 'airplane']",airplane
24913,7,"['automobile', 'cat', 'airplane', 'frog']",airplane
24914,5,"['frog', 'ship', 'airplane', 'automobile']",ship
24915,7,"['automobile', 'cat', 'airplane', 'frog']",airplane
24916,7,"['automobile', 'cat', 'airplane', 'frog']",cat
24917,7,"['automobile', 'cat', 'airplane', 'frog']",airplane
24918,6,"['automobile', 'horse', 'ship', 'airplane']",airplane
24919,2,"['ship', 'cat', 'automobile', 'airplane']",cat
24920,4,"['cat', 'automobile', 'frog', 'airplane']",automobile
24921,6,"['automobile', 'horse', 'ship', 'airplane']",ship
24922,3,"['frog', 'ship', 'automobile', 'airplane']",ship
24923,1,"['bird', 'dog', 'frog', 'cat', 'airplane']",airplane
24924,9,"['dog', 'frog', 'cat', 'airplane']",airplane
24925,4,"['cat', 'automobile', 'frog', 'airplane']",automobile
24926,2,"['ship', 'cat', 'automobile', 'airplane']",cat
24927,2,"['ship', 'cat', 'automobile', 'airplane']",cat
24928,6,"['automobile', 'horse', 'ship', 'airplane']",airplane
24929,8,"['horse', 'airplane', 'cat', 'frog']",horse
24930,7,"['automobile', 'cat', 'airplane', 'frog']",cat
24931,0,"['horse', 'deer', 'frog', 'cat']",horse
24932,1,"['bird', 'dog', 'frog', 'cat', 'airplane']",airplane
24933,4,"['cat', 'automobile', 'frog', 'airplane']",airplane
24934,8,"['horse', 'airplane', 'cat', 'frog']",horse
24935,2,"['ship', 'cat', 'automobile', 'airplane']",cat
24936,1,"['bird', 'dog', 'frog', 'cat', 'airplane']",airplane
24937,5,"['frog', 'ship', 'airplane', 'automobile']",ship
24938,9,"['dog', 'frog', 'cat', 'airplane']",dog
24939,0,"['horse', 'deer', 'frog', 'cat']",horse
24940,7,"['automobile', 'cat', 'airplane', 'frog']",cat
24941,7,"['automobile', 'cat', 'airplane', 'frog']",cat
24942,4,"['cat', 'automobile', 'frog', 'airplane']",automobile
24943,0,"['horse', 'deer', 'frog', 'cat']",horse
24944,7,"['automobile', 'cat', 'airplane', 'frog']",cat
24945,8,"['horse', 'airplane', 'cat', 'frog']",horse
24946,6,"['automobile', 'horse', 'ship', 'airplane']",airplane
24947,5,"['frog', 'ship', 'airplane', 'automobile']",ship
24948,7,"['automobile', 'cat', 'airplane', 'frog']",cat
24949,3,"['frog', 'ship', 'automobile', 'airplane']",ship
24950,6,"['automobile', 'horse', 'ship', 'airplane']",airplane
24951,5,"['frog', 'ship', 'airplane', 'automobile']",ship
24952,5,"['frog', 'ship', 'airplane', 'automobile']",ship
24953,5,"['frog', 'ship', 'airplane', 'automobile']",ship
24954,7,"['automobile', 'cat', 'airplane', 'frog']",airplane
24955,6,"['automobile', 'horse', 'ship', 'airplane']",airplane
24956,6,"['automobile', 'horse', 'ship', 'airplane']",airplane
24957,0,"['horse', 'deer', 'frog', 'cat']",horse
24958,3,"['frog', 'ship', 'automobile', 'airplane']",ship
24959,5,"['frog', 'ship', 'airplane', 'automobile']",ship
24960,9,"['dog', 'frog', 'cat', 'airplane']",airplane
24961,3,"['frog', 'ship', 'automobile', 'airplane']",ship
24962,2,"['ship', 'cat', 'automobile', 'airplane']",cat
24963,1,"['bird', 'dog', 'frog', 'cat', 'airplane']",airplane
24964,9,"['dog', 'frog', 'cat', 'airplane']",airplane
24965,1,"['bird', 'dog', 'frog', 'cat', 'airplane']",airplane
24966,6,"['automobile', 'horse', 'ship', 'airplane']",airplane
24967,4,"['cat', 'automobile', 'frog', 'airplane']",automobile
24968,1,"['bird', 'dog', 'frog', 'cat', 'airplane']",airplane
24969,5,"['frog', 'ship', 'airplane', 'automobile']",ship
24970,7,"['automobile', 'cat', 'airplane', 'frog']",cat
24971,0,"['horse', 'deer', 'frog', 'cat']",horse
24972,6,"['automobile', 'horse', 'ship', 'airplane']",airplane
24973,6,"['automobile', 'horse', 'ship', 'airplane']",airplane
24974,7,"['automobile', 'cat', 'airplane', 'frog']",cat
24975,1,"['bird', 'dog', 'frog', 'cat', 'airplane']",airplane
24976,8,"['horse', 'airplane', 'cat', 'frog']",horse
24977,2,"['ship', 'cat', 'automobile', 'airplane']",cat
24978,2,"['ship', 'cat', 'automobile', 'airplane']",cat
24979,1,"['bird', 'dog', 'frog', 'cat', 'airplane']",airplane
24980,2,"['ship', 'cat', 'automobile', 'airplane']",cat
24981,5,"['frog', 'ship', 'airplane', 'automobile']",ship
24982,7,"['automobile', 'cat', 'airplane', 'frog']",cat
24983,0,"['horse', 'deer', 'frog', 'cat']",horse
24984,8,"['horse', 'airplane', 'cat', 'frog']",horse
24985,9,"['dog', 'frog', 'cat', 'airplane']",airplane
24986,1,"['bird', 'dog', 'frog', 'cat', 'airplane']",airplane
24987,9,"['dog', 'frog', 'cat', 'airplane']",airplane
24988,7,"['automobile', 'cat', 'airplane', 'frog']",cat
24989,6,"['automobile', 'horse', 'ship', 'airplane']",ship
24990,8,"['horse', 'airplane', 'cat', 'frog']",horse
24991,3,"['frog', 'ship', 'automobile', 'airplane']",ship
24992,6,"['automobile', 'horse', 'ship', 'airplane']",airplane
24993,2,"['ship', 'cat', 'automobile', 'airplane']",cat
24994,2,"['ship', 'cat', 'automobile', 'airplane']",cat
24995,7,"['automobile', 'cat', 'airplane', 'frog']",airplane
24996,4,"['cat', 'automobile', 'frog', 'airplane']",automobile
24997,4,"['cat', 'automobile', 'frog', 'airplane']",automobile
24998,5,"['frog', 'ship', 'airplane', 'automobile']",ship
24999,1,"['bird', 'dog', 'frog', 'cat', 'airplane']",airplane
25000,6,"['automobile', 'horse', 'ship', 'airplane']",airplane
25001,9,"['dog', 'frog', 'cat', 'airplane']",airplane
25002,8,"['horse', 'airplane', 'cat', 'frog']",horse
25003,4,"['cat', 'automobile', 'frog', 'airplane']",frog
25004,0,"['horse', 'deer', 'frog', 'cat']",horse
25005,6,"['automobile', 'horse', 'ship', 'airplane']",horse
25006,3,"['frog', 'ship', 'automobile', 'airplane']",ship
25007,1,"['bird', 'dog', 'frog', 'cat', 'airplane']",airplane
25008,3,"['frog', 'ship', 'automobile', 'airplane']",ship
25009,9,"['dog', 'frog', 'cat', 'airplane']",dog
25010,9,"['dog', 'frog', 'cat', 'airplane']",dog
25011,8,"['horse', 'airplane', 'cat', 'frog']",horse
25012,5,"['frog', 'ship', 'airplane', 'automobile']",ship
25013,8,"['horse', 'airplane', 'cat', 'frog']",horse
25014,4,"['cat', 'automobile', 'frog', 'airplane']",airplane
25015,5,"['frog', 'ship', 'airplane', 'automobile']",ship
25016,0,"['horse', 'deer', 'frog', 'cat']",deer
25017,4,"['cat', 'automobile', 'frog', 'airplane']",automobile
25018,2,"['ship', 'cat', 'automobile', 'airplane']",cat
25019,3,"['frog', 'ship', 'automobile', 'airplane']",frog
25020,1,"['bird', 'dog', 'frog', 'cat', 'airplane']",airplane
25021,9,"['dog', 'frog', 'cat', 'airplane']",dog
25022,2,"['ship', 'cat', 'automobile', 'airplane']",cat
25023,0,"['horse', 'deer', 'frog', 'cat']",horse
25024,4,"['cat', 'automobile', 'frog', 'airplane']",automobile
25025,6,"['automobile', 'horse', 'ship', 'airplane']",airplane
25026,5,"['frog', 'ship', 'airplane', 'automobile']",ship
25027,0,"['horse', 'deer', 'frog', 'cat']",horse
25028,3,"['frog', 'ship', 'automobile', 'airplane']",ship
25029,8,"['horse', 'airplane', 'cat', 'frog']",cat
25030,2,"['ship', 'cat', 'automobile', 'airplane']",cat
25031,8,"['horse', 'airplane', 'cat', 'frog']",horse
25032,6,"['automobile', 'horse', 'ship', 'airplane']",airplane
25033,7,"['automobile', 'cat', 'airplane', 'frog']",airplane
25034,2,"['ship', 'cat', 'automobile', 'airplane']",cat
25035,6,"['automobile', 'horse', 'ship', 'airplane']",horse
25036,9,"['dog', 'frog', 'cat', 'airplane']",airplane
25037,0,"['horse', 'deer', 'frog', 'cat']",horse
25038,2,"['ship', 'cat', 'automobile', 'airplane']",ship
25039,6,"['automobile', 'horse', 'ship', 'airplane']",ship
25040,8,"['horse', 'airplane', 'cat', 'frog']",horse
25041,2,"['ship', 'cat', 'automobile', 'airplane']",ship
25042,8,"['horse', 'airplane', 'cat', 'frog']",horse
25043,7,"['automobile', 'cat', 'airplane', 'frog']",cat
25044,1,"['bird', 'dog', 'frog', 'cat', 'airplane']",airplane
25045,7,"['automobile', 'cat', 'airplane', 'frog']",cat
25046,1,"['bird', 'dog', 'frog', 'cat', 'airplane']",airplane
25047,8,"['horse', 'airplane', 'cat', 'frog']",horse
25048,1,"['bird', 'dog', 'frog', 'cat', 'airplane']",airplane
25049,2,"['ship', 'cat', 'automobile', 'airplane']",ship
25050,1,"['bird', 'dog', 'frog', 'cat', 'airplane']",airplane
25051,9,"['dog', 'frog', 'cat', 'airplane']",frog
25052,2,"['ship', 'cat', 'automobile', 'airplane']",cat
25053,5,"['frog', 'ship', 'airplane', 'automobile']",ship
25054,8,"['horse', 'airplane', 'cat', 'frog']",horse
25055,3,"['frog', 'ship', 'automobile', 'airplane']",ship
25056,5,"['frog', 'ship', 'airplane', 'automobile']",ship
25057,5,"['frog', 'ship', 'airplane', 'automobile']",ship
25058,3,"['frog', 'ship', 'automobile', 'airplane']",ship
25059,6,"['automobile', 'horse', 'ship', 'airplane']",horse
25060,9,"['dog', 'frog', 'cat', 'airplane']",airplane
25061,1,"['bird', 'dog', 'frog', 'cat', 'airplane']",airplane
25062,3,"['frog', 'ship', 'automobile', 'airplane']",ship
25063,1,"['bird', 'dog', 'frog', 'cat', 'airplane']",airplane
25064,2,"['ship', 'cat', 'automobile', 'airplane']",cat
25065,5,"['frog', 'ship', 'airplane', 'automobile']",ship
25066,0,"['horse', 'deer', 'frog', 'cat']",horse
25067,6,"['automobile', 'horse', 'ship', 'airplane']",ship
25068,7,"['automobile', 'cat', 'airplane', 'frog']",cat
25069,1,"['bird', 'dog', 'frog', 'cat', 'airplane']",airplane
25070,0,"['horse', 'deer', 'frog', 'cat']",horse
25071,1,"['bird', 'dog', 'frog', 'cat', 'airplane']",airplane
25072,8,"['horse', 'airplane', 'cat', 'frog']",horse
25073,3,"['frog', 'ship', 'automobile', 'airplane']",ship
25074,3,"['frog', 'ship', 'automobile', 'airplane']",ship
25075,5,"['frog', 'ship', 'airplane', 'automobile']",ship
25076,6,"['automobile', 'horse', 'ship', 'airplane']",ship
25077,3,"['frog', 'ship', 'automobile', 'airplane']",ship
25078,8,"['horse', 'airplane', 'cat', 'frog']",horse
25079,7,"['automobile', 'cat', 'airplane', 'frog']",cat
25080,7,"['automobile', 'cat', 'airplane', 'frog']",cat
25081,3,"['frog', 'ship', 'automobile', 'airplane']",ship
25082,0,"['horse', 'deer', 'frog', 'cat']",horse
25083,0,"['horse', 'deer', 'frog', 'cat']",horse
25084,3,"['frog', 'ship', 'automobile', 'airplane']",ship
25085,6,"['automobile', 'horse', 'ship', 'airplane']",airplane
25086,2,"['ship', 'cat', 'automobile', 'airplane']",cat
25087,5,"['frog', 'ship', 'airplane', 'automobile']",ship
25088,8,"['horse', 'airplane', 'cat', 'frog']",horse
25089,2,"['ship', 'cat', 'automobile', 'airplane']",cat
25090,7,"['automobile', 'cat', 'airplane', 'frog']",cat
25091,9,"['dog', 'frog', 'cat', 'airplane']",airplane
25092,0,"['horse', 'deer', 'frog', 'cat']",horse
25093,8,"['horse', 'airplane', 'cat', 'frog']",cat
25094,9,"['dog', 'frog', 'cat', 'airplane']",airplane
25095,2,"['ship', 'cat', 'automobile', 'airplane']",cat
25096,8,"['horse', 'airplane', 'cat', 'frog']",horse
25097,0,"['horse', 'deer', 'frog', 'cat']",horse
25098,4,"['cat', 'automobile', 'frog', 'airplane']",airplane
25099,4,"['cat', 'automobile', 'frog', 'airplane']",automobile
25100,1,"['bird', 'dog', 'frog', 'cat', 'airplane']",airplane
25101,2,"['ship', 'cat', 'automobile', 'airplane']",cat
25102,7,"['automobile', 'cat', 'airplane', 'frog']",airplane
25103,3,"['frog', 'ship', 'automobile', 'airplane']",ship
25104,8,"['horse', 'airplane', 'cat', 'frog']",horse
25105,1,"['bird', 'dog', 'frog', 'cat', 'airplane']",airplane
25106,0,"['horse', 'deer', 'frog', 'cat']",horse
25107,7,"['automobile', 'cat', 'airplane', 'frog']",airplane
25108,7,"['automobile', 'cat', 'airplane', 'frog']",airplane
25109,7,"['automobile', 'cat', 'airplane', 'frog']",cat
25110,0,"['horse', 'deer', 'frog', 'cat']",horse
25111,8,"['horse', 'airplane', 'cat', 'frog']",horse
25112,9,"['dog', 'frog', 'cat', 'airplane']",airplane
25113,4,"['cat', 'automobile', 'frog', 'airplane']",automobile
25114,4,"['cat', 'automobile', 'frog', 'airplane']",automobile
25115,2,"['ship', 'cat', 'automobile', 'airplane']",cat
25116,7,"['automobile', 'cat', 'airplane', 'frog']",cat
25117,1,"['bird', 'dog', 'frog', 'cat', 'airplane']",airplane
25118,8,"['horse', 'airplane', 'cat', 'frog']",horse
25119,8,"['horse', 'airplane', 'cat', 'frog']",horse
25120,9,"['dog', 'frog', 'cat', 'airplane']",airplane
25121,6,"['automobile', 'horse', 'ship', 'airplane']",airplane
25122,7,"['automobile', 'cat', 'airplane', 'frog']",cat
25123,8,"['horse', 'airplane', 'cat', 'frog']",horse
25124,8,"['horse', 'airplane', 'cat', 'frog']",horse
25125,2,"['ship', 'cat', 'automobile', 'airplane']",cat
25126,8,"['horse', 'airplane', 'cat', 'frog']",airplane
25127,5,"['frog', 'ship', 'airplane', 'automobile']",ship
25128,8,"['horse', 'airplane', 'cat', 'frog']",horse
25129,9,"['dog', 'frog', 'cat', 'airplane']",airplane
25130,2,"['ship', 'cat', 'automobile', 'airplane']",automobile
25131,7,"['automobile', 'cat', 'airplane', 'frog']",cat
25132,7,"['automobile', 'cat', 'airplane', 'frog']",airplane
25133,8,"['horse', 'airplane', 'cat', 'frog']",horse
25134,6,"['automobile', 'horse', 'ship', 'airplane']",airplane
25135,1,"['bird', 'dog', 'frog', 'cat', 'airplane']",airplane
25136,3,"['frog', 'ship', 'automobile', 'airplane']",ship
25137,1,"['bird', 'dog', 'frog', 'cat', 'airplane']",airplane
25138,3,"['frog', 'ship', 'automobile', 'airplane']",ship
25139,6,"['automobile', 'horse', 'ship', 'airplane']",ship
25140,0,"['horse', 'deer', 'frog', 'cat']",horse
25141,5,"['frog', 'ship', 'airplane', 'automobile']",ship
25142,4,"['cat', 'automobile', 'frog', 'airplane']",automobile
25143,9,"['dog', 'frog', 'cat', 'airplane']",dog
25144,0,"['horse', 'deer', 'frog', 'cat']",horse
25145,2,"['ship', 'cat', 'automobile', 'airplane']",cat
25146,6,"['automobile', 'horse', 'ship', 'airplane']",airplane
25147,4,"['cat', 'automobile', 'frog', 'airplane']",airplane
25148,2,"['ship', 'cat', 'automobile', 'airplane']",cat
25149,2,"['ship', 'cat', 'automobile', 'airplane']",cat
25150,1,"['bird', 'dog', 'frog', 'cat', 'airplane']",airplane
25151,1,"['bird', 'dog', 'frog', 'cat', 'airplane']",airplane
25152,6,"['automobile', 'horse', 'ship', 'airplane']",airplane
25153,4,"['cat', 'automobile', 'frog', 'airplane']",airplane
25154,7,"['automobile', 'cat', 'airplane', 'frog']",cat
25155,6,"['automobile', 'horse', 'ship', 'airplane']",ship
25156,7,"['automobile', 'cat', 'airplane', 'frog']",airplane
25157,5,"['frog', 'ship', 'airplane', 'automobile']",ship
25158,7,"['automobile', 'cat', 'airplane', 'frog']",airplane
25159,9,"['dog', 'frog', 'cat', 'airplane']",dog
25160,0,"['horse', 'deer', 'frog', 'cat']",frog
25161,2,"['ship', 'cat', 'automobile', 'airplane']",automobile
25162,1,"['bird', 'dog', 'frog', 'cat', 'airplane']",airplane
25163,8,"['horse', 'airplane', 'cat', 'frog']",horse
25164,7,"['automobile', 'cat', 'airplane', 'frog']",cat
25165,1,"['bird', 'dog', 'frog', 'cat', 'airplane']",airplane
25166,2,"['ship', 'cat', 'automobile', 'airplane']",cat
25167,0,"['horse', 'deer', 'frog', 'cat']",horse
25168,6,"['automobile', 'horse', 'ship', 'airplane']",airplane
25169,6,"['automobile', 'horse', 'ship', 'airplane']",ship
25170,5,"['frog', 'ship', 'airplane', 'automobile']",ship
25171,5,"['frog', 'ship', 'airplane', 'automobile']",ship
25172,2,"['ship', 'cat', 'automobile', 'airplane']",cat
25173,9,"['dog', 'frog', 'cat', 'airplane']",airplane
25174,2,"['ship', 'cat', 'automobile', 'airplane']",cat
25175,2,"['ship', 'cat', 'automobile', 'airplane']",cat
25176,8,"['horse', 'airplane', 'cat', 'frog']",horse
25177,0,"['horse', 'deer', 'frog', 'cat']",horse
25178,0,"['horse', 'deer', 'frog', 'cat']",horse
25179,3,"['frog', 'ship', 'automobile', 'airplane']",frog
25180,5,"['frog', 'ship', 'airplane', 'automobile']",ship
25181,1,"['bird', 'dog', 'frog', 'cat', 'airplane']",airplane
25182,7,"['automobile', 'cat', 'airplane', 'frog']",cat
25183,2,"['ship', 'cat', 'automobile', 'airplane']",cat
25184,3,"['frog', 'ship', 'automobile', 'airplane']",ship
25185,3,"['frog', 'ship', 'automobile', 'airplane']",ship
25186,9,"['dog', 'frog', 'cat', 'airplane']",airplane
25187,0,"['horse', 'deer', 'frog', 'cat']",horse
25188,8,"['horse', 'airplane', 'cat', 'frog']",horse
25189,0,"['horse', 'deer', 'frog', 'cat']",horse
25190,0,"['horse', 'deer', 'frog', 'cat']",horse
25191,0,"['horse', 'deer', 'frog', 'cat']",horse
25192,2,"['ship', 'cat', 'automobile', 'airplane']",automobile
25193,5,"['frog', 'ship', 'airplane', 'automobile']",ship
25194,3,"['frog', 'ship', 'automobile', 'airplane']",frog
25195,2,"['ship', 'cat', 'automobile', 'airplane']",cat
25196,1,"['bird', 'dog', 'frog', 'cat', 'airplane']",airplane
25197,7,"['automobile', 'cat', 'airplane', 'frog']",cat
25198,0,"['horse', 'deer', 'frog', 'cat']",horse
25199,0,"['horse', 'deer', 'frog', 'cat']",horse
25200,2,"['ship', 'cat', 'automobile', 'airplane']",cat
25201,1,"['bird', 'dog', 'frog', 'cat', 'airplane']",airplane
25202,5,"['frog', 'ship', 'airplane', 'automobile']",ship
25203,2,"['ship', 'cat', 'automobile', 'airplane']",cat
25204,5,"['frog', 'ship', 'airplane', 'automobile']",ship
25205,5,"['frog', 'ship', 'airplane', 'automobile']",ship
25206,1,"['bird', 'dog', 'frog', 'cat', 'airplane']",airplane
25207,8,"['horse', 'airplane', 'cat', 'frog']",horse
25208,1,"['bird', 'dog', 'frog', 'cat', 'airplane']",airplane
25209,1,"['bird', 'dog', 'frog', 'cat', 'airplane']",airplane
25210,1,"['bird', 'dog', 'frog', 'cat', 'airplane']",airplane
25211,3,"['frog', 'ship', 'automobile', 'airplane']",ship
25212,0,"['horse', 'deer', 'frog', 'cat']",horse
25213,7,"['automobile', 'cat', 'airplane', 'frog']",frog
25214,3,"['frog', 'ship', 'automobile', 'airplane']",ship
25215,3,"['frog', 'ship', 'automobile', 'airplane']",ship
25216,4,"['cat', 'automobile', 'frog', 'airplane']",automobile
25217,2,"['ship', 'cat', 'automobile', 'airplane']",cat
25218,3,"['frog', 'ship', 'automobile', 'airplane']",ship
25219,3,"['frog', 'ship', 'automobile', 'airplane']",ship
25220,0,"['horse', 'deer', 'frog', 'cat']",horse
25221,3,"['frog', 'ship', 'automobile', 'airplane']",frog
25222,2,"['ship', 'cat', 'automobile', 'airplane']",cat
25223,6,"['automobile', 'horse', 'ship', 'airplane']",ship
25224,1,"['bird', 'dog', 'frog', 'cat', 'airplane']",airplane
25225,8,"['horse', 'airplane', 'cat', 'frog']",horse
25226,7,"['automobile', 'cat', 'airplane', 'frog']",cat
25227,7,"['automobile', 'cat', 'airplane', 'frog']",cat
25228,7,"['automobile', 'cat', 'airplane', 'frog']",cat
25229,6,"['automobile', 'horse', 'ship', 'airplane']",horse
25230,5,"['frog', 'ship', 'airplane', 'automobile']",ship
25231,4,"['cat', 'automobile', 'frog', 'airplane']",automobile
25232,4,"['cat', 'automobile', 'frog', 'airplane']",automobile
25233,5,"['frog', 'ship', 'airplane', 'automobile']",ship
25234,6,"['automobile', 'horse', 'ship', 'airplane']",automobile
25235,3,"['frog', 'ship', 'automobile', 'airplane']",ship
25236,0,"['horse', 'deer', 'frog', 'cat']",horse
25237,8,"['horse', 'airplane', 'cat', 'frog']",horse
25238,8,"['horse', 'airplane', 'cat', 'frog']",horse
25239,8,"['horse', 'airplane', 'cat', 'frog']",horse
25240,5,"['frog', 'ship', 'airplane', 'automobile']",ship
25241,7,"['automobile', 'cat', 'airplane', 'frog']",airplane
25242,0,"['horse', 'deer', 'frog', 'cat']",frog
25243,0,"['horse', 'deer', 'frog', 'cat']",horse
25244,0,"['horse', 'deer', 'frog', 'cat']",horse
25245,1,"['bird', 'dog', 'frog', 'cat', 'airplane']",airplane
25246,3,"['frog', 'ship', 'automobile', 'airplane']",ship
25247,3,"['frog', 'ship', 'automobile', 'airplane']",ship
25248,5,"['frog', 'ship', 'airplane', 'automobile']",ship
25249,5,"['frog', 'ship', 'airplane', 'automobile']",ship
25250,4,"['cat', 'automobile', 'frog', 'airplane']",automobile
25251,0,"['horse', 'deer', 'frog', 'cat']",horse
25252,5,"['frog', 'ship', 'airplane', 'automobile']",ship
25253,3,"['frog', 'ship', 'automobile', 'airplane']",ship
25254,3,"['frog', 'ship', 'automobile', 'airplane']",ship
25255,6,"['automobile', 'horse', 'ship', 'airplane']",airplane
25256,3,"['frog', 'ship', 'automobile', 'airplane']",ship
25257,3,"['frog', 'ship', 'automobile', 'airplane']",ship
25258,8,"['horse', 'airplane', 'cat', 'frog']",horse
25259,3,"['frog', 'ship', 'automobile', 'airplane']",ship
25260,5,"['frog', 'ship', 'airplane', 'automobile']",ship
25261,0,"['horse', 'deer', 'frog', 'cat']",horse
25262,5,"['frog', 'ship', 'airplane', 'automobile']",ship
25263,2,"['ship', 'cat', 'automobile', 'airplane']",cat
25264,1,"['bird', 'dog', 'frog', 'cat', 'airplane']",airplane
25265,5,"['frog', 'ship', 'airplane', 'automobile']",ship
25266,7,"['automobile', 'cat', 'airplane', 'frog']",cat
25267,0,"['horse', 'deer', 'frog', 'cat']",horse
25268,2,"['ship', 'cat', 'automobile', 'airplane']",cat
25269,7,"['automobile', 'cat', 'airplane', 'frog']",cat
25270,0,"['horse', 'deer', 'frog', 'cat']",horse
25271,7,"['automobile', 'cat', 'airplane', 'frog']",cat
25272,5,"['frog', 'ship', 'airplane', 'automobile']",ship
25273,3,"['frog', 'ship', 'automobile', 'airplane']",ship
25274,2,"['ship', 'cat', 'automobile', 'airplane']",automobile
25275,0,"['horse', 'deer', 'frog', 'cat']",horse
25276,2,"['ship', 'cat', 'automobile', 'airplane']",ship
25277,3,"['frog', 'ship', 'automobile', 'airplane']",ship
25278,1,"['bird', 'dog', 'frog', 'cat', 'airplane']",airplane
25279,1,"['bird', 'dog', 'frog', 'cat', 'airplane']",airplane
25280,1,"['bird', 'dog', 'frog', 'cat', 'airplane']",airplane
25281,3,"['frog', 'ship', 'automobile', 'airplane']",ship
25282,2,"['ship', 'cat', 'automobile', 'airplane']",cat
25283,7,"['automobile', 'cat', 'airplane', 'frog']",airplane
25284,5,"['frog', 'ship', 'airplane', 'automobile']",ship
25285,9,"['dog', 'frog', 'cat', 'airplane']",airplane
25286,4,"['cat', 'automobile', 'frog', 'airplane']",automobile
25287,5,"['frog', 'ship', 'airplane', 'automobile']",ship
25288,0,"['horse', 'deer', 'frog', 'cat']",horse
25289,4,"['cat', 'automobile', 'frog', 'airplane']",automobile
25290,0,"['horse', 'deer', 'frog', 'cat']",horse
25291,6,"['automobile', 'horse', 'ship', 'airplane']",airplane
25292,4,"['cat', 'automobile', 'frog', 'airplane']",automobile
25293,6,"['automobile', 'horse', 'ship', 'airplane']",airplane
25294,6,"['automobile', 'horse', 'ship', 'airplane']",ship
25295,2,"['ship', 'cat', 'automobile', 'airplane']",cat
25296,2,"['ship', 'cat', 'automobile', 'airplane']",cat
25297,9,"['dog', 'frog', 'cat', 'airplane']",airplane
25298,6,"['automobile', 'horse', 'ship', 'airplane']",airplane
25299,4,"['cat', 'automobile', 'frog', 'airplane']",automobile
25300,1,"['bird', 'dog', 'frog', 'cat', 'airplane']",airplane
25301,4,"['cat', 'automobile', 'frog', 'airplane']",automobile
25302,2,"['ship', 'cat', 'automobile', 'airplane']",automobile
25303,9,"['dog', 'frog', 'cat', 'airplane']",airplane
25304,7,"['automobile', 'cat', 'airplane', 'frog']",cat
25305,3,"['frog', 'ship', 'automobile', 'airplane']",ship
25306,1,"['bird', 'dog', 'frog', 'cat', 'airplane']",airplane
25307,3,"['frog', 'ship', 'automobile', 'airplane']",ship
25308,9,"['dog', 'frog', 'cat', 'airplane']",airplane
25309,3,"['frog', 'ship', 'automobile', 'airplane']",ship
25310,7,"['automobile', 'cat', 'airplane', 'frog']",airplane
25311,5,"['frog', 'ship', 'airplane', 'automobile']",ship
25312,2,"['ship', 'cat', 'automobile', 'airplane']",cat
25313,4,"['cat', 'automobile', 'frog', 'airplane']",automobile
25314,1,"['bird', 'dog', 'frog', 'cat', 'airplane']",airplane
25315,3,"['frog', 'ship', 'automobile', 'airplane']",ship
25316,0,"['horse', 'deer', 'frog', 'cat']",horse
25317,9,"['dog', 'frog', 'cat', 'airplane']",airplane
25318,0,"['horse', 'deer', 'frog', 'cat']",horse
25319,9,"['dog', 'frog', 'cat', 'airplane']",airplane
25320,8,"['horse', 'airplane', 'cat', 'frog']",horse
25321,6,"['automobile', 'horse', 'ship', 'airplane']",airplane
25322,7,"['automobile', 'cat', 'airplane', 'frog']",cat
25323,1,"['bird', 'dog', 'frog', 'cat', 'airplane']",airplane
25324,3,"['frog', 'ship', 'automobile', 'airplane']",ship
25325,9,"['dog', 'frog', 'cat', 'airplane']",airplane
25326,2,"['ship', 'cat', 'automobile', 'airplane']",cat
25327,8,"['horse', 'airplane', 'cat', 'frog']",horse
25328,7,"['automobile', 'cat', 'airplane', 'frog']",cat
25329,7,"['automobile', 'cat', 'airplane', 'frog']",airplane
25330,0,"['horse', 'deer', 'frog', 'cat']",horse
25331,1,"['bird', 'dog', 'frog', 'cat', 'airplane']",airplane
25332,4,"['cat', 'automobile', 'frog', 'airplane']",automobile
25333,5,"['frog', 'ship', 'airplane', 'automobile']",ship
25334,7,"['automobile', 'cat', 'airplane', 'frog']",cat
25335,4,"['cat', 'automobile', 'frog', 'airplane']",automobile
25336,8,"['horse', 'airplane', 'cat', 'frog']",horse
25337,0,"['horse', 'deer', 'frog', 'cat']",horse
25338,9,"['dog', 'frog', 'cat', 'airplane']",dog
25339,0,"['horse', 'deer', 'frog', 'cat']",horse
25340,6,"['automobile', 'horse', 'ship', 'airplane']",airplane
25341,2,"['ship', 'cat', 'automobile', 'airplane']",cat
25342,7,"['automobile', 'cat', 'airplane', 'frog']",cat
25343,7,"['automobile', 'cat', 'airplane', 'frog']",cat
25344,6,"['automobile', 'horse', 'ship', 'airplane']",ship
25345,6,"['automobile', 'horse', 'ship', 'airplane']",airplane
25346,4,"['cat', 'automobile', 'frog', 'airplane']",automobile
25347,4,"['cat', 'automobile', 'frog', 'airplane']",automobile
25348,8,"['horse', 'airplane', 'cat', 'frog']",horse
25349,7,"['automobile', 'cat', 'airplane', 'frog']",airplane
25350,0,"['horse', 'deer', 'frog', 'cat']",horse
25351,4,"['cat', 'automobile', 'frog', 'airplane']",automobile
25352,0,"['horse', 'deer', 'frog', 'cat']",horse
25353,5,"['frog', 'ship', 'airplane', 'automobile']",ship
25354,2,"['ship', 'cat', 'automobile', 'airplane']",cat
25355,4,"['cat', 'automobile', 'frog', 'airplane']",automobile
25356,5,"['frog', 'ship', 'airplane', 'automobile']",ship
25357,6,"['automobile', 'horse', 'ship', 'airplane']",horse
25358,6,"['automobile', 'horse', 'ship', 'airplane']",ship
25359,3,"['frog', 'ship', 'automobile', 'airplane']",ship
25360,9,"['dog', 'frog', 'cat', 'airplane']",dog
25361,9,"['dog', 'frog', 'cat', 'airplane']",airplane
25362,0,"['horse', 'deer', 'frog', 'cat']",horse
25363,1,"['bird', 'dog', 'frog', 'cat', 'airplane']",airplane
25364,8,"['horse', 'airplane', 'cat', 'frog']",horse
25365,7,"['automobile', 'cat', 'airplane', 'frog']",frog
25366,2,"['ship', 'cat', 'automobile', 'airplane']",cat
25367,2,"['ship', 'cat', 'automobile', 'airplane']",ship
25368,8,"['horse', 'airplane', 'cat', 'frog']",horse
25369,7,"['automobile', 'cat', 'airplane', 'frog']",cat
25370,7,"['automobile', 'cat', 'airplane', 'frog']",cat
25371,4,"['cat', 'automobile', 'frog', 'airplane']",automobile
25372,5,"['frog', 'ship', 'airplane', 'automobile']",ship
25373,6,"['automobile', 'horse', 'ship', 'airplane']",automobile
25374,8,"['horse', 'airplane', 'cat', 'frog']",horse
25375,9,"['dog', 'frog', 'cat', 'airplane']",dog
25376,3,"['frog', 'ship', 'automobile', 'airplane']",ship
25377,1,"['bird', 'dog', 'frog', 'cat', 'airplane']",airplane
25378,3,"['frog', 'ship', 'automobile', 'airplane']",frog
25379,2,"['ship', 'cat', 'automobile', 'airplane']",ship
25380,3,"['frog', 'ship', 'automobile', 'airplane']",ship
25381,2,"['ship', 'cat', 'automobile', 'airplane']",automobile
25382,6,"['automobile', 'horse', 'ship', 'airplane']",airplane
25383,4,"['cat', 'automobile', 'frog', 'airplane']",automobile
25384,3,"['frog', 'ship', 'automobile', 'airplane']",ship
25385,0,"['horse', 'deer', 'frog', 'cat']",horse
25386,8,"['horse', 'airplane', 'cat', 'frog']",horse
25387,9,"['dog', 'frog', 'cat', 'airplane']",dog
25388,1,"['bird', 'dog', 'frog', 'cat', 'airplane']",airplane
25389,1,"['bird', 'dog', 'frog', 'cat', 'airplane']",airplane
25390,5,"['frog', 'ship', 'airplane', 'automobile']",ship
25391,0,"['horse', 'deer', 'frog', 'cat']",horse
25392,8,"['horse', 'airplane', 'cat', 'frog']",horse
25393,9,"['dog', 'frog', 'cat', 'airplane']",airplane
25394,5,"['frog', 'ship', 'airplane', 'automobile']",frog
25395,8,"['horse', 'airplane', 'cat', 'frog']",horse
25396,6,"['automobile', 'horse', 'ship', 'airplane']",airplane
25397,6,"['automobile', 'horse', 'ship', 'airplane']",airplane
25398,2,"['ship', 'cat', 'automobile', 'airplane']",cat
25399,8,"['horse', 'airplane', 'cat', 'frog']",horse
25400,2,"['ship', 'cat', 'automobile', 'airplane']",cat
25401,4,"['cat', 'automobile', 'frog', 'airplane']",automobile
25402,4,"['cat', 'automobile', 'frog', 'airplane']",automobile
25403,4,"['cat', 'automobile', 'frog', 'airplane']",automobile
25404,9,"['dog', 'frog', 'cat', 'airplane']",airplane
25405,1,"['bird', 'dog', 'frog', 'cat', 'airplane']",airplane
25406,6,"['automobile', 'horse', 'ship', 'airplane']",airplane
25407,9,"['dog', 'frog', 'cat', 'airplane']",airplane
25408,5,"['frog', 'ship', 'airplane', 'automobile']",ship
25409,9,"['dog', 'frog', 'cat', 'airplane']",dog
25410,7,"['automobile', 'cat', 'airplane', 'frog']",airplane
25411,7,"['automobile', 'cat', 'airplane', 'frog']",cat
25412,8,"['horse', 'airplane', 'cat', 'frog']",horse
25413,7,"['automobile', 'cat', 'airplane', 'frog']",cat
25414,4,"['cat', 'automobile', 'frog', 'airplane']",automobile
25415,2,"['ship', 'cat', 'automobile', 'airplane']",cat
25416,6,"['automobile', 'horse', 'ship', 'airplane']",airplane
25417,6,"['automobile', 'horse', 'ship', 'airplane']",airplane
25418,5,"['frog', 'ship', 'airplane', 'automobile']",ship
25419,0,"['horse', 'deer', 'frog', 'cat']",horse
25420,0,"['horse', 'deer', 'frog', 'cat']",horse
25421,9,"['dog', 'frog', 'cat', 'airplane']",airplane
25422,0,"['horse', 'deer', 'frog', 'cat']",horse
25423,4,"['cat', 'automobile', 'frog', 'airplane']",automobile
25424,3,"['frog', 'ship', 'automobile', 'airplane']",ship
25425,5,"['frog', 'ship', 'airplane', 'automobile']",ship
25426,2,"['ship', 'cat', 'automobile', 'airplane']",cat
25427,2,"['ship', 'cat', 'automobile', 'airplane']",automobile
25428,1,"['bird', 'dog', 'frog', 'cat', 'airplane']",airplane
25429,4,"['cat', 'automobile', 'frog', 'airplane']",automobile
25430,6,"['automobile', 'horse', 'ship', 'airplane']",airplane
25431,0,"['horse', 'deer', 'frog', 'cat']",horse
25432,5,"['frog', 'ship', 'airplane', 'automobile']",ship
25433,9,"['dog', 'frog', 'cat', 'airplane']",airplane
25434,4,"['cat', 'automobile', 'frog', 'airplane']",automobile
25435,4,"['cat', 'automobile', 'frog', 'airplane']",automobile
25436,4,"['cat', 'automobile', 'frog', 'airplane']",automobile
25437,4,"['cat', 'automobile', 'frog', 'airplane']",automobile
25438,1,"['bird', 'dog', 'frog', 'cat', 'airplane']",airplane
25439,0,"['horse', 'deer', 'frog', 'cat']",horse
25440,2,"['ship', 'cat', 'automobile', 'airplane']",cat
25441,4,"['cat', 'automobile', 'frog', 'airplane']",automobile
25442,6,"['automobile', 'horse', 'ship', 'airplane']",automobile
25443,3,"['frog', 'ship', 'automobile', 'airplane']",ship
25444,4,"['cat', 'automobile', 'frog', 'airplane']",automobile
25445,5,"['frog', 'ship', 'airplane', 'automobile']",ship
25446,2,"['ship', 'cat', 'automobile', 'airplane']",automobile
25447,3,"['frog', 'ship', 'automobile', 'airplane']",ship
25448,6,"['automobile', 'horse', 'ship', 'airplane']",airplane
25449,2,"['ship', 'cat', 'automobile', 'airplane']",cat
25450,8,"['horse', 'airplane', 'cat', 'frog']",horse
25451,7,"['automobile', 'cat', 'airplane', 'frog']",cat
25452,5,"['frog', 'ship', 'airplane', 'automobile']",ship
25453,7,"['automobile', 'cat', 'airplane', 'frog']",cat
25454,7,"['automobile', 'cat', 'airplane', 'frog']",airplane
25455,2,"['ship', 'cat', 'automobile', 'airplane']",ship
25456,6,"['automobile', 'horse', 'ship', 'airplane']",airplane
25457,0,"['horse', 'deer', 'frog', 'cat']",horse
25458,4,"['cat', 'automobile', 'frog', 'airplane']",automobile
25459,1,"['bird', 'dog', 'frog', 'cat', 'airplane']",airplane
25460,0,"['horse', 'deer', 'frog', 'cat']",horse
25461,9,"['dog', 'frog', 'cat', 'airplane']",airplane
25462,0,"['horse', 'deer', 'frog', 'cat']",horse
25463,1,"['bird', 'dog', 'frog', 'cat', 'airplane']",airplane
25464,7,"['automobile', 'cat', 'airplane', 'frog']",airplane
25465,5,"['frog', 'ship', 'airplane', 'automobile']",ship
25466,7,"['automobile', 'cat', 'airplane', 'frog']",airplane
25467,2,"['ship', 'cat', 'automobile', 'airplane']",cat
25468,9,"['dog', 'frog', 'cat', 'airplane']",airplane
25469,6,"['automobile', 'horse', 'ship', 'airplane']",airplane
25470,8,"['horse', 'airplane', 'cat', 'frog']",horse
25471,3,"['frog', 'ship', 'automobile', 'airplane']",ship
25472,8,"['horse', 'airplane', 'cat', 'frog']",horse
25473,6,"['automobile', 'horse', 'ship', 'airplane']",airplane
25474,4,"['cat', 'automobile', 'frog', 'airplane']",automobile
25475,6,"['automobile', 'horse', 'ship', 'airplane']",ship
25476,9,"['dog', 'frog', 'cat', 'airplane']",airplane
25477,0,"['horse', 'deer', 'frog', 'cat']",horse
25478,2,"['ship', 'cat', 'automobile', 'airplane']",cat
25479,1,"['bird', 'dog', 'frog', 'cat', 'airplane']",airplane
25480,4,"['cat', 'automobile', 'frog', 'airplane']",automobile
25481,4,"['cat', 'automobile', 'frog', 'airplane']",automobile
25482,6,"['automobile', 'horse', 'ship', 'airplane']",automobile
25483,9,"['dog', 'frog', 'cat', 'airplane']",airplane
25484,2,"['ship', 'cat', 'automobile', 'airplane']",cat
25485,7,"['automobile', 'cat', 'airplane', 'frog']",cat
25486,9,"['dog', 'frog', 'cat', 'airplane']",dog
25487,8,"['horse', 'airplane', 'cat', 'frog']",horse
25488,1,"['bird', 'dog', 'frog', 'cat', 'airplane']",airplane
25489,0,"['horse', 'deer', 'frog', 'cat']",horse
25490,3,"['frog', 'ship', 'automobile', 'airplane']",ship
25491,2,"['ship', 'cat', 'automobile', 'airplane']",cat
25492,3,"['frog', 'ship', 'automobile', 'airplane']",ship
25493,6,"['automobile', 'horse', 'ship', 'airplane']",airplane
25494,4,"['cat', 'automobile', 'frog', 'airplane']",automobile
25495,2,"['ship', 'cat', 'automobile', 'airplane']",cat
25496,2,"['ship', 'cat', 'automobile', 'airplane']",cat
25497,7,"['automobile', 'cat', 'airplane', 'frog']",cat
25498,4,"['cat', 'automobile', 'frog', 'airplane']",automobile
25499,9,"['dog', 'frog', 'cat', 'airplane']",airplane
25500,6,"['automobile', 'horse', 'ship', 'airplane']",ship
25501,8,"['horse', 'airplane', 'cat', 'frog']",horse
25502,0,"['horse', 'deer', 'frog', 'cat']",horse
25503,8,"['horse', 'airplane', 'cat', 'frog']",horse
25504,3,"['frog', 'ship', 'automobile', 'airplane']",ship
25505,5,"['frog', 'ship', 'airplane', 'automobile']",ship
25506,9,"['dog', 'frog', 'cat', 'airplane']",airplane
25507,9,"['dog', 'frog', 'cat', 'airplane']",airplane
25508,8,"['horse', 'airplane', 'cat', 'frog']",horse
25509,3,"['frog', 'ship', 'automobile', 'airplane']",ship
25510,9,"['dog', 'frog', 'cat', 'airplane']",dog
25511,6,"['automobile', 'horse', 'ship', 'airplane']",horse
25512,2,"['ship', 'cat', 'automobile', 'airplane']",automobile
25513,8,"['horse', 'airplane', 'cat', 'frog']",horse
25514,0,"['horse', 'deer', 'frog', 'cat']",horse
25515,5,"['frog', 'ship', 'airplane', 'automobile']",ship
25516,2,"['ship', 'cat', 'automobile', 'airplane']",cat
25517,5,"['frog', 'ship', 'airplane', 'automobile']",ship
25518,8,"['horse', 'airplane', 'cat', 'frog']",horse
25519,6,"['automobile', 'horse', 'ship', 'airplane']",ship
25520,3,"['frog', 'ship', 'automobile', 'airplane']",ship
25521,8,"['horse', 'airplane', 'cat', 'frog']",horse
25522,5,"['frog', 'ship', 'airplane', 'automobile']",ship
25523,1,"['bird', 'dog', 'frog', 'cat', 'airplane']",airplane
25524,8,"['horse', 'airplane', 'cat', 'frog']",horse
25525,4,"['cat', 'automobile', 'frog', 'airplane']",automobile
25526,6,"['automobile', 'horse', 'ship', 'airplane']",automobile
25527,3,"['frog', 'ship', 'automobile', 'airplane']",ship
25528,2,"['ship', 'cat', 'automobile', 'airplane']",cat
25529,4,"['cat', 'automobile', 'frog', 'airplane']",automobile
25530,2,"['ship', 'cat', 'automobile', 'airplane']",cat
25531,0,"['horse', 'deer', 'frog', 'cat']",horse
25532,0,"['horse', 'deer', 'frog', 'cat']",horse
25533,8,"['horse', 'airplane', 'cat', 'frog']",horse
25534,1,"['bird', 'dog', 'frog', 'cat', 'airplane']",airplane
25535,3,"['frog', 'ship', 'automobile', 'airplane']",ship
25536,2,"['ship', 'cat', 'automobile', 'airplane']",automobile
25537,7,"['automobile', 'cat', 'airplane', 'frog']",cat
25538,0,"['horse', 'deer', 'frog', 'cat']",horse
25539,7,"['automobile', 'cat', 'airplane', 'frog']",cat
25540,8,"['horse', 'airplane', 'cat', 'frog']",horse
25541,3,"['frog', 'ship', 'automobile', 'airplane']",ship
25542,9,"['dog', 'frog', 'cat', 'airplane']",airplane
25543,2,"['ship', 'cat', 'automobile', 'airplane']",cat
25544,1,"['bird', 'dog', 'frog', 'cat', 'airplane']",airplane
25545,3,"['frog', 'ship', 'automobile', 'airplane']",ship
25546,0,"['horse', 'deer', 'frog', 'cat']",horse
25547,3,"['frog', 'ship', 'automobile', 'airplane']",ship
25548,9,"['dog', 'frog', 'cat', 'airplane']",airplane
25549,0,"['horse', 'deer', 'frog', 'cat']",horse
25550,5,"['frog', 'ship', 'airplane', 'automobile']",ship
25551,6,"['automobile', 'horse', 'ship', 'airplane']",airplane
25552,5,"['frog', 'ship', 'airplane', 'automobile']",ship
25553,7,"['automobile', 'cat', 'airplane', 'frog']",cat
25554,7,"['automobile', 'cat', 'airplane', 'frog']",cat
25555,5,"['frog', 'ship', 'airplane', 'automobile']",ship
25556,4,"['cat', 'automobile', 'frog', 'airplane']",automobile
25557,8,"['horse', 'airplane', 'cat', 'frog']",horse
25558,1,"['bird', 'dog', 'frog', 'cat', 'airplane']",airplane
25559,3,"['frog', 'ship', 'automobile', 'airplane']",ship
25560,9,"['dog', 'frog', 'cat', 'airplane']",airplane
25561,3,"['frog', 'ship', 'automobile', 'airplane']",ship
25562,7,"['automobile', 'cat', 'airplane', 'frog']",frog
25563,3,"['frog', 'ship', 'automobile', 'airplane']",ship
25564,2,"['ship', 'cat', 'automobile', 'airplane']",cat
25565,6,"['automobile', 'horse', 'ship', 'airplane']",horse
25566,8,"['horse', 'airplane', 'cat', 'frog']",horse
25567,1,"['bird', 'dog', 'frog', 'cat', 'airplane']",airplane
25568,7,"['automobile', 'cat', 'airplane', 'frog']",airplane
25569,6,"['automobile', 'horse', 'ship', 'airplane']",airplane
25570,3,"['frog', 'ship', 'automobile', 'airplane']",ship
25571,0,"['horse', 'deer', 'frog', 'cat']",horse
25572,7,"['automobile', 'cat', 'airplane', 'frog']",cat
25573,8,"['horse', 'airplane', 'cat', 'frog']",horse
25574,0,"['horse', 'deer', 'frog', 'cat']",frog
25575,7,"['automobile', 'cat', 'airplane', 'frog']",cat
25576,4,"['cat', 'automobile', 'frog', 'airplane']",automobile
25577,8,"['horse', 'airplane', 'cat', 'frog']",horse
25578,0,"['horse', 'deer', 'frog', 'cat']",horse
25579,4,"['cat', 'automobile', 'frog', 'airplane']",airplane
25580,8,"['horse', 'airplane', 'cat', 'frog']",horse
25581,0,"['horse', 'deer', 'frog', 'cat']",horse
25582,1,"['bird', 'dog', 'frog', 'cat', 'airplane']",airplane
25583,5,"['frog', 'ship', 'airplane', 'automobile']",ship
25584,7,"['automobile', 'cat', 'airplane', 'frog']",airplane
25585,4,"['cat', 'automobile', 'frog', 'airplane']",automobile
25586,9,"['dog', 'frog', 'cat', 'airplane']",airplane
25587,2,"['ship', 'cat', 'automobile', 'airplane']",cat
25588,5,"['frog', 'ship', 'airplane', 'automobile']",ship
25589,5,"['frog', 'ship', 'airplane', 'automobile']",ship
25590,9,"['dog', 'frog', 'cat', 'airplane']",airplane
25591,2,"['ship', 'cat', 'automobile', 'airplane']",automobile
25592,7,"['automobile', 'cat', 'airplane', 'frog']",cat
25593,2,"['ship', 'cat', 'automobile', 'airplane']",ship
25594,7,"['automobile', 'cat', 'airplane', 'frog']",cat
25595,6,"['automobile', 'horse', 'ship', 'airplane']",airplane
25596,1,"['bird', 'dog', 'frog', 'cat', 'airplane']",airplane
25597,5,"['frog', 'ship', 'airplane', 'automobile']",ship
25598,7,"['automobile', 'cat', 'airplane', 'frog']",cat
25599,0,"['horse', 'deer', 'frog', 'cat']",horse
25600,1,"['bird', 'dog', 'frog', 'cat', 'airplane']",airplane
25601,7,"['automobile', 'cat', 'airplane', 'frog']",cat
25602,2,"['ship', 'cat', 'automobile', 'airplane']",ship
25603,5,"['frog', 'ship', 'airplane', 'automobile']",ship
25604,9,"['dog', 'frog', 'cat', 'airplane']",airplane
25605,0,"['horse', 'deer', 'frog', 'cat']",horse
25606,5,"['frog', 'ship', 'airplane', 'automobile']",ship
25607,5,"['frog', 'ship', 'airplane', 'automobile']",ship
25608,1,"['bird', 'dog', 'frog', 'cat', 'airplane']",airplane
25609,0,"['horse', 'deer', 'frog', 'cat']",horse
25610,5,"['frog', 'ship', 'airplane', 'automobile']",ship
25611,1,"['bird', 'dog', 'frog', 'cat', 'airplane']",airplane
25612,6,"['automobile', 'horse', 'ship', 'airplane']",airplane
25613,7,"['automobile', 'cat', 'airplane', 'frog']",cat
25614,1,"['bird', 'dog', 'frog', 'cat', 'airplane']",airplane
25615,0,"['horse', 'deer', 'frog', 'cat']",horse
25616,0,"['horse', 'deer', 'frog', 'cat']",horse
25617,7,"['automobile', 'cat', 'airplane', 'frog']",airplane
25618,8,"['horse', 'airplane', 'cat', 'frog']",horse
25619,1,"['bird', 'dog', 'frog', 'cat', 'airplane']",airplane
25620,4,"['cat', 'automobile', 'frog', 'airplane']",airplane
25621,1,"['bird', 'dog', 'frog', 'cat', 'airplane']",airplane
25622,6,"['automobile', 'horse', 'ship', 'airplane']",ship
25623,9,"['dog', 'frog', 'cat', 'airplane']",airplane
25624,0,"['horse', 'deer', 'frog', 'cat']",horse
25625,1,"['bird', 'dog', 'frog', 'cat', 'airplane']",airplane
25626,2,"['ship', 'cat', 'automobile', 'airplane']",cat
25627,3,"['frog', 'ship', 'automobile', 'airplane']",ship
25628,2,"['ship', 'cat', 'automobile', 'airplane']",cat
25629,8,"['horse', 'airplane', 'cat', 'frog']",horse
25630,9,"['dog', 'frog', 'cat', 'airplane']",dog
25631,9,"['dog', 'frog', 'cat', 'airplane']",airplane
25632,8,"['horse', 'airplane', 'cat', 'frog']",horse
25633,3,"['frog', 'ship', 'automobile', 'airplane']",ship
25634,5,"['frog', 'ship', 'airplane', 'automobile']",frog
25635,4,"['cat', 'automobile', 'frog', 'airplane']",automobile
25636,4,"['cat', 'automobile', 'frog', 'airplane']",automobile
25637,7,"['automobile', 'cat', 'airplane', 'frog']",frog
25638,6,"['automobile', 'horse', 'ship', 'airplane']",airplane
25639,3,"['frog', 'ship', 'automobile', 'airplane']",ship
25640,3,"['frog', 'ship', 'automobile', 'airplane']",ship
25641,6,"['automobile', 'horse', 'ship', 'airplane']",automobile
25642,3,"['frog', 'ship', 'automobile', 'airplane']",ship
25643,4,"['cat', 'automobile', 'frog', 'airplane']",automobile
25644,0,"['horse', 'deer', 'frog', 'cat']",horse
25645,6,"['automobile', 'horse', 'ship', 'airplane']",airplane
25646,2,"['ship', 'cat', 'automobile', 'airplane']",cat
25647,9,"['dog', 'frog', 'cat', 'airplane']",airplane
25648,9,"['dog', 'frog', 'cat', 'airplane']",dog
25649,3,"['frog', 'ship', 'automobile', 'airplane']",ship
25650,2,"['ship', 'cat', 'automobile', 'airplane']",cat
25651,0,"['horse', 'deer', 'frog', 'cat']",horse
25652,1,"['bird', 'dog', 'frog', 'cat', 'airplane']",airplane
25653,8,"['horse', 'airplane', 'cat', 'frog']",horse
25654,9,"['dog', 'frog', 'cat', 'airplane']",airplane
25655,5,"['frog', 'ship', 'airplane', 'automobile']",ship
25656,5,"['frog', 'ship', 'airplane', 'automobile']",ship
25657,6,"['automobile', 'horse', 'ship', 'airplane']",horse
25658,5,"['frog', 'ship', 'airplane', 'automobile']",ship
25659,0,"['horse', 'deer', 'frog', 'cat']",horse
25660,8,"['horse', 'airplane', 'cat', 'frog']",horse
25661,5,"['frog', 'ship', 'airplane', 'automobile']",ship
25662,5,"['frog', 'ship', 'airplane', 'automobile']",ship
25663,3,"['frog', 'ship', 'automobile', 'airplane']",ship
25664,3,"['frog', 'ship', 'automobile', 'airplane']",ship
25665,2,"['ship', 'cat', 'automobile', 'airplane']",automobile
25666,4,"['cat', 'automobile', 'frog', 'airplane']",automobile
25667,3,"['frog', 'ship', 'automobile', 'airplane']",ship
25668,0,"['horse', 'deer', 'frog', 'cat']",cat
25669,8,"['horse', 'airplane', 'cat', 'frog']",horse
25670,5,"['frog', 'ship', 'airplane', 'automobile']",ship
25671,2,"['ship', 'cat', 'automobile', 'airplane']",ship
25672,4,"['cat', 'automobile', 'frog', 'airplane']",automobile
25673,3,"['frog', 'ship', 'automobile', 'airplane']",ship
25674,4,"['cat', 'automobile', 'frog', 'airplane']",automobile
25675,4,"['cat', 'automobile', 'frog', 'airplane']",automobile
25676,3,"['frog', 'ship', 'automobile', 'airplane']",ship
25677,5,"['frog', 'ship', 'airplane', 'automobile']",ship
25678,6,"['automobile', 'horse', 'ship', 'airplane']",airplane
25679,7,"['automobile', 'cat', 'airplane', 'frog']",airplane
25680,6,"['automobile', 'horse', 'ship', 'airplane']",airplane
25681,6,"['automobile', 'horse', 'ship', 'airplane']",airplane
25682,1,"['bird', 'dog', 'frog', 'cat', 'airplane']",airplane
25683,3,"['frog', 'ship', 'automobile', 'airplane']",ship
25684,3,"['frog', 'ship', 'automobile', 'airplane']",ship
25685,1,"['bird', 'dog', 'frog', 'cat', 'airplane']",airplane
25686,3,"['frog', 'ship', 'automobile', 'airplane']",ship
25687,3,"['frog', 'ship', 'automobile', 'airplane']",frog
25688,3,"['frog', 'ship', 'automobile', 'airplane']",ship
25689,1,"['bird', 'dog', 'frog', 'cat', 'airplane']",airplane
25690,4,"['cat', 'automobile', 'frog', 'airplane']",automobile
25691,8,"['horse', 'airplane', 'cat', 'frog']",horse
25692,4,"['cat', 'automobile', 'frog', 'airplane']",automobile
25693,5,"['frog', 'ship', 'airplane', 'automobile']",ship
25694,8,"['horse', 'airplane', 'cat', 'frog']",horse
25695,2,"['ship', 'cat', 'automobile', 'airplane']",automobile
25696,0,"['horse', 'deer', 'frog', 'cat']",horse
25697,1,"['bird', 'dog', 'frog', 'cat', 'airplane']",airplane
25698,5,"['frog', 'ship', 'airplane', 'automobile']",ship
25699,5,"['frog', 'ship', 'airplane', 'automobile']",ship
25700,1,"['bird', 'dog', 'frog', 'cat', 'airplane']",airplane
25701,7,"['automobile', 'cat', 'airplane', 'frog']",airplane
25702,5,"['frog', 'ship', 'airplane', 'automobile']",ship
25703,4,"['cat', 'automobile', 'frog', 'airplane']",automobile
25704,6,"['automobile', 'horse', 'ship', 'airplane']",automobile
25705,3,"['frog', 'ship', 'automobile', 'airplane']",ship
25706,3,"['frog', 'ship', 'automobile', 'airplane']",ship
25707,5,"['frog', 'ship', 'airplane', 'automobile']",ship
25708,9,"['dog', 'frog', 'cat', 'airplane']",airplane
25709,6,"['automobile', 'horse', 'ship', 'airplane']",airplane
25710,1,"['bird', 'dog', 'frog', 'cat', 'airplane']",airplane
25711,7,"['automobile', 'cat', 'airplane', 'frog']",cat
25712,0,"['horse', 'deer', 'frog', 'cat']",horse
25713,3,"['frog', 'ship', 'automobile', 'airplane']",ship
25714,0,"['horse', 'deer', 'frog', 'cat']",horse
25715,4,"['cat', 'automobile', 'frog', 'airplane']",airplane
25716,3,"['frog', 'ship', 'automobile', 'airplane']",ship
25717,8,"['horse', 'airplane', 'cat', 'frog']",horse
25718,1,"['bird', 'dog', 'frog', 'cat', 'airplane']",airplane
25719,0,"['horse', 'deer', 'frog', 'cat']",horse
25720,5,"['frog', 'ship', 'airplane', 'automobile']",ship
25721,8,"['horse', 'airplane', 'cat', 'frog']",horse
25722,5,"['frog', 'ship', 'airplane', 'automobile']",ship
25723,6,"['automobile', 'horse', 'ship', 'airplane']",airplane
25724,7,"['automobile', 'cat', 'airplane', 'frog']",frog
25725,8,"['horse', 'airplane', 'cat', 'frog']",horse
25726,3,"['frog', 'ship', 'automobile', 'airplane']",ship
25727,5,"['frog', 'ship', 'airplane', 'automobile']",ship
25728,8,"['horse', 'airplane', 'cat', 'frog']",horse
25729,6,"['automobile', 'horse', 'ship', 'airplane']",ship
25730,5,"['frog', 'ship', 'airplane', 'automobile']",ship
25731,1,"['bird', 'dog', 'frog', 'cat', 'airplane']",airplane
25732,5,"['frog', 'ship', 'airplane', 'automobile']",ship
25733,5,"['frog', 'ship', 'airplane', 'automobile']",ship
25734,2,"['ship', 'cat', 'automobile', 'airplane']",cat
25735,5,"['frog', 'ship', 'airplane', 'automobile']",ship
25736,9,"['dog', 'frog', 'cat', 'airplane']",airplane
25737,8,"['horse', 'airplane', 'cat', 'frog']",horse
25738,3,"['frog', 'ship', 'automobile', 'airplane']",ship
25739,9,"['dog', 'frog', 'cat', 'airplane']",airplane
25740,5,"['frog', 'ship', 'airplane', 'automobile']",ship
25741,7,"['automobile', 'cat', 'airplane', 'frog']",frog
25742,7,"['automobile', 'cat', 'airplane', 'frog']",frog
25743,2,"['ship', 'cat', 'automobile', 'airplane']",automobile
25744,8,"['horse', 'airplane', 'cat', 'frog']",horse
25745,3,"['frog', 'ship', 'automobile', 'airplane']",ship
25746,0,"['horse', 'deer', 'frog', 'cat']",horse
25747,6,"['automobile', 'horse', 'ship', 'airplane']",airplane
25748,0,"['horse', 'deer', 'frog', 'cat']",horse
25749,8,"['horse', 'airplane', 'cat', 'frog']",horse
25750,1,"['bird', 'dog', 'frog', 'cat', 'airplane']",airplane
25751,5,"['frog', 'ship', 'airplane', 'automobile']",ship
25752,9,"['dog', 'frog', 'cat', 'airplane']",airplane
25753,4,"['cat', 'automobile', 'frog', 'airplane']",automobile
25754,8,"['horse', 'airplane', 'cat', 'frog']",horse
25755,7,"['automobile', 'cat', 'airplane', 'frog']",cat
25756,8,"['horse', 'airplane', 'cat', 'frog']",horse
25757,2,"['ship', 'cat', 'automobile', 'airplane']",cat
25758,8,"['horse', 'airplane', 'cat', 'frog']",horse
25759,9,"['dog', 'frog', 'cat', 'airplane']",airplane
25760,8,"['horse', 'airplane', 'cat', 'frog']",horse
25761,6,"['automobile', 'horse', 'ship', 'airplane']",airplane
25762,0,"['horse', 'deer', 'frog', 'cat']",horse
25763,0,"['horse', 'deer', 'frog', 'cat']",horse
25764,7,"['automobile', 'cat', 'airplane', 'frog']",frog
25765,3,"['frog', 'ship', 'automobile', 'airplane']",ship
25766,9,"['dog', 'frog', 'cat', 'airplane']",dog
25767,4,"['cat', 'automobile', 'frog', 'airplane']",automobile
25768,4,"['cat', 'automobile', 'frog', 'airplane']",automobile
25769,3,"['frog', 'ship', 'automobile', 'airplane']",ship
25770,7,"['automobile', 'cat', 'airplane', 'frog']",airplane
25771,3,"['frog', 'ship', 'automobile', 'airplane']",ship
25772,3,"['frog', 'ship', 'automobile', 'airplane']",ship
25773,3,"['frog', 'ship', 'automobile', 'airplane']",ship
25774,5,"['frog', 'ship', 'airplane', 'automobile']",ship
25775,5,"['frog', 'ship', 'airplane', 'automobile']",ship
25776,4,"['cat', 'automobile', 'frog', 'airplane']",automobile
25777,5,"['frog', 'ship', 'airplane', 'automobile']",ship
25778,7,"['automobile', 'cat', 'airplane', 'frog']",cat
25779,4,"['cat', 'automobile', 'frog', 'airplane']",automobile
25780,8,"['horse', 'airplane', 'cat', 'frog']",horse
25781,4,"['cat', 'automobile', 'frog', 'airplane']",automobile
25782,3,"['frog', 'ship', 'automobile', 'airplane']",frog
25783,8,"['horse', 'airplane', 'cat', 'frog']",horse
25784,9,"['dog', 'frog', 'cat', 'airplane']",dog
25785,4,"['cat', 'automobile', 'frog', 'airplane']",automobile
25786,0,"['horse', 'deer', 'frog', 'cat']",horse
25787,0,"['horse', 'deer', 'frog', 'cat']",horse
25788,7,"['automobile', 'cat', 'airplane', 'frog']",cat
25789,0,"['horse', 'deer', 'frog', 'cat']",horse
25790,8,"['horse', 'airplane', 'cat', 'frog']",horse
25791,7,"['automobile', 'cat', 'airplane', 'frog']",cat
25792,0,"['horse', 'deer', 'frog', 'cat']",horse
25793,6,"['automobile', 'horse', 'ship', 'airplane']",ship
25794,8,"['horse', 'airplane', 'cat', 'frog']",horse
25795,6,"['automobile', 'horse', 'ship', 'airplane']",airplane
25796,8,"['horse', 'airplane', 'cat', 'frog']",horse
25797,0,"['horse', 'deer', 'frog', 'cat']",horse
25798,4,"['cat', 'automobile', 'frog', 'airplane']",automobile
25799,1,"['bird', 'dog', 'frog', 'cat', 'airplane']",airplane
25800,9,"['dog', 'frog', 'cat', 'airplane']",airplane
25801,2,"['ship', 'cat', 'automobile', 'airplane']",cat
25802,3,"['frog', 'ship', 'automobile', 'airplane']",ship
25803,4,"['cat', 'automobile', 'frog', 'airplane']",automobile
25804,7,"['automobile', 'cat', 'airplane', 'frog']",cat
25805,5,"['frog', 'ship', 'airplane', 'automobile']",ship
25806,4,"['cat', 'automobile', 'frog', 'airplane']",automobile
25807,0,"['horse', 'deer', 'frog', 'cat']",horse
25808,0,"['horse', 'deer', 'frog', 'cat']",horse
25809,7,"['automobile', 'cat', 'airplane', 'frog']",airplane
25810,0,"['horse', 'deer', 'frog', 'cat']",horse
25811,7,"['automobile', 'cat', 'airplane', 'frog']",cat
25812,3,"['frog', 'ship', 'automobile', 'airplane']",ship
25813,4,"['cat', 'automobile', 'frog', 'airplane']",automobile
25814,0,"['horse', 'deer', 'frog', 'cat']",horse
25815,6,"['automobile', 'horse', 'ship', 'airplane']",airplane
25816,0,"['horse', 'deer', 'frog', 'cat']",horse
25817,1,"['bird', 'dog', 'frog', 'cat', 'airplane']",airplane
25818,4,"['cat', 'automobile', 'frog', 'airplane']",automobile
25819,6,"['automobile', 'horse', 'ship', 'airplane']",airplane
25820,0,"['horse', 'deer', 'frog', 'cat']",horse
25821,5,"['frog', 'ship', 'airplane', 'automobile']",ship
25822,2,"['ship', 'cat', 'automobile', 'airplane']",cat
25823,8,"['horse', 'airplane', 'cat', 'frog']",horse
25824,5,"['frog', 'ship', 'airplane', 'automobile']",ship
25825,3,"['frog', 'ship', 'automobile', 'airplane']",ship
25826,5,"['frog', 'ship', 'airplane', 'automobile']",ship
25827,1,"['bird', 'dog', 'frog', 'cat', 'airplane']",airplane
25828,6,"['automobile', 'horse', 'ship', 'airplane']",airplane
25829,6,"['automobile', 'horse', 'ship', 'airplane']",airplane
25830,2,"['ship', 'cat', 'automobile', 'airplane']",cat
25831,2,"['ship', 'cat', 'automobile', 'airplane']",automobile
25832,9,"['dog', 'frog', 'cat', 'airplane']",airplane
25833,2,"['ship', 'cat', 'automobile', 'airplane']",cat
25834,4,"['cat', 'automobile', 'frog', 'airplane']",automobile
25835,6,"['automobile', 'horse', 'ship', 'airplane']",ship
25836,7,"['automobile', 'cat', 'airplane', 'frog']",airplane
25837,9,"['dog', 'frog', 'cat', 'airplane']",airplane
25838,0,"['horse', 'deer', 'frog', 'cat']",horse
25839,9,"['dog', 'frog', 'cat', 'airplane']",airplane
25840,5,"['frog', 'ship', 'airplane', 'automobile']",ship
25841,6,"['automobile', 'horse', 'ship', 'airplane']",airplane
25842,1,"['bird', 'dog', 'frog', 'cat', 'airplane']",airplane
25843,0,"['horse', 'deer', 'frog', 'cat']",horse
25844,6,"['automobile', 'horse', 'ship', 'airplane']",automobile
25845,5,"['frog', 'ship', 'airplane', 'automobile']",ship
25846,4,"['cat', 'automobile', 'frog', 'airplane']",automobile
25847,2,"['ship', 'cat', 'automobile', 'airplane']",automobile
25848,7,"['automobile', 'cat', 'airplane', 'frog']",airplane
25849,5,"['frog', 'ship', 'airplane', 'automobile']",ship
25850,6,"['automobile', 'horse', 'ship', 'airplane']",airplane
25851,6,"['automobile', 'horse', 'ship', 'airplane']",airplane
25852,1,"['bird', 'dog', 'frog', 'cat', 'airplane']",airplane
25853,0,"['horse', 'deer', 'frog', 'cat']",horse
25854,5,"['frog', 'ship', 'airplane', 'automobile']",ship
25855,8,"['horse', 'airplane', 'cat', 'frog']",horse
25856,1,"['bird', 'dog', 'frog', 'cat', 'airplane']",airplane
25857,1,"['bird', 'dog', 'frog', 'cat', 'airplane']",airplane
25858,5,"['frog', 'ship', 'airplane', 'automobile']",ship
25859,2,"['ship', 'cat', 'automobile', 'airplane']",cat
25860,4,"['cat', 'automobile', 'frog', 'airplane']",automobile
25861,2,"['ship', 'cat', 'automobile', 'airplane']",cat
25862,0,"['horse', 'deer', 'frog', 'cat']",horse
25863,4,"['cat', 'automobile', 'frog', 'airplane']",automobile
25864,5,"['frog', 'ship', 'airplane', 'automobile']",ship
25865,7,"['automobile', 'cat', 'airplane', 'frog']",airplane
25866,6,"['automobile', 'horse', 'ship', 'airplane']",airplane
25867,9,"['dog', 'frog', 'cat', 'airplane']",airplane
25868,7,"['automobile', 'cat', 'airplane', 'frog']",cat
25869,8,"['horse', 'airplane', 'cat', 'frog']",horse
25870,5,"['frog', 'ship', 'airplane', 'automobile']",ship
25871,4,"['cat', 'automobile', 'frog', 'airplane']",automobile
25872,1,"['bird', 'dog', 'frog', 'cat', 'airplane']",airplane
25873,7,"['automobile', 'cat', 'airplane', 'frog']",cat
25874,1,"['bird', 'dog', 'frog', 'cat', 'airplane']",airplane
25875,5,"['frog', 'ship', 'airplane', 'automobile']",ship
25876,7,"['automobile', 'cat', 'airplane', 'frog']",cat
25877,6,"['automobile', 'horse', 'ship', 'airplane']",airplane
25878,6,"['automobile', 'horse', 'ship', 'airplane']",airplane
25879,4,"['cat', 'automobile', 'frog', 'airplane']",automobile
25880,0,"['horse', 'deer', 'frog', 'cat']",horse
25881,1,"['bird', 'dog', 'frog', 'cat', 'airplane']",airplane
25882,3,"['frog', 'ship', 'automobile', 'airplane']",ship
25883,9,"['dog', 'frog', 'cat', 'airplane']",dog
25884,2,"['ship', 'cat', 'automobile', 'airplane']",cat
25885,3,"['frog', 'ship', 'automobile', 'airplane']",ship
25886,5,"['frog', 'ship', 'airplane', 'automobile']",ship
25887,2,"['ship', 'cat', 'automobile', 'airplane']",automobile
25888,8,"['horse', 'airplane', 'cat', 'frog']",horse
25889,7,"['automobile', 'cat', 'airplane', 'frog']",cat
25890,7,"['automobile', 'cat', 'airplane', 'frog']",cat
25891,0,"['horse', 'deer', 'frog', 'cat']",horse
25892,6,"['automobile', 'horse', 'ship', 'airplane']",airplane
25893,4,"['cat', 'automobile', 'frog', 'airplane']",automobile
25894,5,"['frog', 'ship', 'airplane', 'automobile']",ship
25895,7,"['automobile', 'cat', 'airplane', 'frog']",cat
25896,7,"['automobile', 'cat', 'airplane', 'frog']",cat
25897,9,"['dog', 'frog', 'cat', 'airplane']",airplane
25898,4,"['cat', 'automobile', 'frog', 'airplane']",automobile
25899,3,"['frog', 'ship', 'automobile', 'airplane']",ship
25900,6,"['automobile', 'horse', 'ship', 'airplane']",airplane
25901,2,"['ship', 'cat', 'automobile', 'airplane']",cat
25902,8,"['horse', 'airplane', 'cat', 'frog']",horse
25903,5,"['frog', 'ship', 'airplane', 'automobile']",ship
25904,6,"['automobile', 'horse', 'ship', 'airplane']",automobile
25905,0,"['horse', 'deer', 'frog', 'cat']",horse
25906,8,"['horse', 'airplane', 'cat', 'frog']",horse
25907,9,"['dog', 'frog', 'cat', 'airplane']",airplane
25908,8,"['horse', 'airplane', 'cat', 'frog']",horse
25909,1,"['bird', 'dog', 'frog', 'cat', 'airplane']",airplane
25910,1,"['bird', 'dog', 'frog', 'cat', 'airplane']",airplane
25911,2,"['ship', 'cat', 'automobile', 'airplane']",cat
25912,2,"['ship', 'cat', 'automobile', 'airplane']",cat
25913,6,"['automobile', 'horse', 'ship', 'airplane']",airplane
25914,6,"['automobile', 'horse', 'ship', 'airplane']",airplane
25915,1,"['bird', 'dog', 'frog', 'cat', 'airplane']",airplane
25916,7,"['automobile', 'cat', 'airplane', 'frog']",cat
25917,7,"['automobile', 'cat', 'airplane', 'frog']",cat
25918,5,"['frog', 'ship', 'airplane', 'automobile']",ship
25919,5,"['frog', 'ship', 'airplane', 'automobile']",ship
25920,0,"['horse', 'deer', 'frog', 'cat']",horse
25921,2,"['ship', 'cat', 'automobile', 'airplane']",cat
25922,3,"['frog', 'ship', 'automobile', 'airplane']",ship
25923,3,"['frog', 'ship', 'automobile', 'airplane']",ship
25924,8,"['horse', 'airplane', 'cat', 'frog']",horse
25925,5,"['frog', 'ship', 'airplane', 'automobile']",ship
25926,1,"['bird', 'dog', 'frog', 'cat', 'airplane']",airplane
25927,7,"['automobile', 'cat', 'airplane', 'frog']",cat
25928,2,"['ship', 'cat', 'automobile', 'airplane']",automobile
25929,2,"['ship', 'cat', 'automobile', 'airplane']",ship
25930,0,"['horse', 'deer', 'frog', 'cat']",horse
25931,4,"['cat', 'automobile', 'frog', 'airplane']",automobile
25932,6,"['automobile', 'horse', 'ship', 'airplane']",horse
25933,3,"['frog', 'ship', 'automobile', 'airplane']",frog
25934,3,"['frog', 'ship', 'automobile', 'airplane']",ship
25935,6,"['automobile', 'horse', 'ship', 'airplane']",ship
25936,9,"['dog', 'frog', 'cat', 'airplane']",airplane
25937,7,"['automobile', 'cat', 'airplane', 'frog']",airplane
25938,8,"['horse', 'airplane', 'cat', 'frog']",horse
25939,2,"['ship', 'cat', 'automobile', 'airplane']",cat
25940,6,"['automobile', 'horse', 'ship', 'airplane']",ship
25941,4,"['cat', 'automobile', 'frog', 'airplane']",automobile
25942,0,"['horse', 'deer', 'frog', 'cat']",horse
25943,3,"['frog', 'ship', 'automobile', 'airplane']",ship
25944,8,"['horse', 'airplane', 'cat', 'frog']",horse
25945,9,"['dog', 'frog', 'cat', 'airplane']",airplane
25946,9,"['dog', 'frog', 'cat', 'airplane']",airplane
25947,3,"['frog', 'ship', 'automobile', 'airplane']",ship
25948,7,"['automobile', 'cat', 'airplane', 'frog']",airplane
25949,4,"['cat', 'automobile', 'frog', 'airplane']",automobile
25950,3,"['frog', 'ship', 'automobile', 'airplane']",ship
25951,8,"['horse', 'airplane', 'cat', 'frog']",horse
25952,7,"['automobile', 'cat', 'airplane', 'frog']",airplane
25953,3,"['frog', 'ship', 'automobile', 'airplane']",ship
25954,4,"['cat', 'automobile', 'frog', 'airplane']",automobile
25955,4,"['cat', 'automobile', 'frog', 'airplane']",airplane
25956,2,"['ship', 'cat', 'automobile', 'airplane']",cat
25957,7,"['automobile', 'cat', 'airplane', 'frog']",cat
25958,3,"['frog', 'ship', 'automobile', 'airplane']",ship
25959,4,"['cat', 'automobile', 'frog', 'airplane']",automobile
25960,9,"['dog', 'frog', 'cat', 'airplane']",airplane
25961,1,"['bird', 'dog', 'frog', 'cat', 'airplane']",airplane
25962,4,"['cat', 'automobile', 'frog', 'airplane']",automobile
25963,9,"['dog', 'frog', 'cat', 'airplane']",airplane
25964,6,"['automobile', 'horse', 'ship', 'airplane']",airplane
25965,9,"['dog', 'frog', 'cat', 'airplane']",airplane
25966,6,"['automobile', 'horse', 'ship', 'airplane']",airplane
25967,6,"['automobile', 'horse', 'ship', 'airplane']",airplane
25968,7,"['automobile', 'cat', 'airplane', 'frog']",airplane
25969,0,"['horse', 'deer', 'frog', 'cat']",horse
25970,0,"['horse', 'deer', 'frog', 'cat']",horse
25971,3,"['frog', 'ship', 'automobile', 'airplane']",ship
25972,6,"['automobile', 'horse', 'ship', 'airplane']",airplane
25973,9,"['dog', 'frog', 'cat', 'airplane']",airplane
25974,1,"['bird', 'dog', 'frog', 'cat', 'airplane']",airplane
25975,1,"['bird', 'dog', 'frog', 'cat', 'airplane']",airplane
25976,0,"['horse', 'deer', 'frog', 'cat']",horse
25977,4,"['cat', 'automobile', 'frog', 'airplane']",automobile
25978,9,"['dog', 'frog', 'cat', 'airplane']",airplane
25979,6,"['automobile', 'horse', 'ship', 'airplane']",airplane
25980,5,"['frog', 'ship', 'airplane', 'automobile']",ship
25981,5,"['frog', 'ship', 'airplane', 'automobile']",ship
25982,2,"['ship', 'cat', 'automobile', 'airplane']",cat
25983,3,"['frog', 'ship', 'automobile', 'airplane']",ship
25984,2,"['ship', 'cat', 'automobile', 'airplane']",cat
25985,6,"['automobile', 'horse', 'ship', 'airplane']",automobile
25986,3,"['frog', 'ship', 'automobile', 'airplane']",ship
25987,8,"['horse', 'airplane', 'cat', 'frog']",horse
25988,9,"['dog', 'frog', 'cat', 'airplane']",dog
25989,2,"['ship', 'cat', 'automobile', 'airplane']",cat
25990,6,"['automobile', 'horse', 'ship', 'airplane']",airplane
25991,9,"['dog', 'frog', 'cat', 'airplane']",airplane
25992,4,"['cat', 'automobile', 'frog', 'airplane']",automobile
25993,1,"['bird', 'dog', 'frog', 'cat', 'airplane']",airplane
25994,9,"['dog', 'frog', 'cat', 'airplane']",airplane
25995,0,"['horse', 'deer', 'frog', 'cat']",horse
25996,3,"['frog', 'ship', 'automobile', 'airplane']",ship
25997,3,"['frog', 'ship', 'automobile', 'airplane']",ship
25998,2,"['ship', 'cat', 'automobile', 'airplane']",automobile
25999,6,"['automobile', 'horse', 'ship', 'airplane']",airplane
26000,0,"['horse', 'deer', 'frog', 'cat']",horse
26001,2,"['ship', 'cat', 'automobile', 'airplane']",cat
26002,9,"['dog', 'frog', 'cat', 'airplane']",airplane
26003,0,"['horse', 'deer', 'frog', 'cat']",horse
26004,8,"['horse', 'airplane', 'cat', 'frog']",horse
26005,3,"['frog', 'ship', 'automobile', 'airplane']",ship
26006,7,"['automobile', 'cat', 'airplane', 'frog']",cat
26007,0,"['horse', 'deer', 'frog', 'cat']",horse
26008,1,"['bird', 'dog', 'frog', 'cat', 'airplane']",airplane
26009,3,"['frog', 'ship', 'automobile', 'airplane']",ship
26010,5,"['frog', 'ship', 'airplane', 'automobile']",ship
26011,9,"['dog', 'frog', 'cat', 'airplane']",airplane
26012,9,"['dog', 'frog', 'cat', 'airplane']",airplane
26013,9,"['dog', 'frog', 'cat', 'airplane']",dog
26014,5,"['frog', 'ship', 'airplane', 'automobile']",ship
26015,8,"['horse', 'airplane', 'cat', 'frog']",horse
26016,9,"['dog', 'frog', 'cat', 'airplane']",dog
26017,7,"['automobile', 'cat', 'airplane', 'frog']",airplane
26018,0,"['horse', 'deer', 'frog', 'cat']",horse
26019,2,"['ship', 'cat', 'automobile', 'airplane']",cat
26020,6,"['automobile', 'horse', 'ship', 'airplane']",airplane
26021,9,"['dog', 'frog', 'cat', 'airplane']",dog
26022,3,"['frog', 'ship', 'automobile', 'airplane']",ship
26023,4,"['cat', 'automobile', 'frog', 'airplane']",automobile
26024,5,"['frog', 'ship', 'airplane', 'automobile']",ship
26025,6,"['automobile', 'horse', 'ship', 'airplane']",airplane
26026,1,"['bird', 'dog', 'frog', 'cat', 'airplane']",airplane
26027,0,"['horse', 'deer', 'frog', 'cat']",horse
26028,5,"['frog', 'ship', 'airplane', 'automobile']",ship
26029,3,"['frog', 'ship', 'automobile', 'airplane']",ship
26030,5,"['frog', 'ship', 'airplane', 'automobile']",ship
26031,7,"['automobile', 'cat', 'airplane', 'frog']",airplane
26032,7,"['automobile', 'cat', 'airplane', 'frog']",frog
26033,5,"['frog', 'ship', 'airplane', 'automobile']",ship
26034,2,"['ship', 'cat', 'automobile', 'airplane']",cat
26035,8,"['horse', 'airplane', 'cat', 'frog']",horse
26036,3,"['frog', 'ship', 'automobile', 'airplane']",ship
26037,7,"['automobile', 'cat', 'airplane', 'frog']",cat
26038,8,"['horse', 'airplane', 'cat', 'frog']",horse
26039,9,"['dog', 'frog', 'cat', 'airplane']",dog
26040,0,"['horse', 'deer', 'frog', 'cat']",horse
26041,9,"['dog', 'frog', 'cat', 'airplane']",dog
26042,6,"['automobile', 'horse', 'ship', 'airplane']",airplane
26043,3,"['frog', 'ship', 'automobile', 'airplane']",ship
26044,3,"['frog', 'ship', 'automobile', 'airplane']",ship
26045,0,"['horse', 'deer', 'frog', 'cat']",horse
26046,7,"['automobile', 'cat', 'airplane', 'frog']",cat
26047,4,"['cat', 'automobile', 'frog', 'airplane']",automobile
26048,4,"['cat', 'automobile', 'frog', 'airplane']",automobile
26049,0,"['horse', 'deer', 'frog', 'cat']",horse
26050,9,"['dog', 'frog', 'cat', 'airplane']",airplane
26051,2,"['ship', 'cat', 'automobile', 'airplane']",cat
26052,5,"['frog', 'ship', 'airplane', 'automobile']",ship
26053,9,"['dog', 'frog', 'cat', 'airplane']",airplane
26054,6,"['automobile', 'horse', 'ship', 'airplane']",ship
26055,8,"['horse', 'airplane', 'cat', 'frog']",horse
26056,7,"['automobile', 'cat', 'airplane', 'frog']",cat
26057,9,"['dog', 'frog', 'cat', 'airplane']",airplane
26058,2,"['ship', 'cat', 'automobile', 'airplane']",ship
26059,1,"['bird', 'dog', 'frog', 'cat', 'airplane']",airplane
26060,0,"['horse', 'deer', 'frog', 'cat']",horse
26061,9,"['dog', 'frog', 'cat', 'airplane']",airplane
26062,4,"['cat', 'automobile', 'frog', 'airplane']",automobile
26063,6,"['automobile', 'horse', 'ship', 'airplane']",airplane
26064,3,"['frog', 'ship', 'automobile', 'airplane']",ship
26065,1,"['bird', 'dog', 'frog', 'cat', 'airplane']",airplane
26066,6,"['automobile', 'horse', 'ship', 'airplane']",airplane
26067,7,"['automobile', 'cat', 'airplane', 'frog']",airplane
26068,4,"['cat', 'automobile', 'frog', 'airplane']",automobile
26069,9,"['dog', 'frog', 'cat', 'airplane']",dog
26070,2,"['ship', 'cat', 'automobile', 'airplane']",cat
26071,5,"['frog', 'ship', 'airplane', 'automobile']",ship
26072,5,"['frog', 'ship', 'airplane', 'automobile']",ship
26073,5,"['frog', 'ship', 'airplane', 'automobile']",ship
26074,1,"['bird', 'dog', 'frog', 'cat', 'airplane']",airplane
26075,6,"['automobile', 'horse', 'ship', 'airplane']",airplane
26076,0,"['horse', 'deer', 'frog', 'cat']",horse
26077,1,"['bird', 'dog', 'frog', 'cat', 'airplane']",airplane
26078,9,"['dog', 'frog', 'cat', 'airplane']",airplane
26079,5,"['frog', 'ship', 'airplane', 'automobile']",ship
26080,1,"['bird', 'dog', 'frog', 'cat', 'airplane']",airplane
26081,0,"['horse', 'deer', 'frog', 'cat']",frog
26082,1,"['bird', 'dog', 'frog', 'cat', 'airplane']",airplane
26083,0,"['horse', 'deer', 'frog', 'cat']",horse
26084,6,"['automobile', 'horse', 'ship', 'airplane']",airplane
26085,6,"['automobile', 'horse', 'ship', 'airplane']",airplane
26086,7,"['automobile', 'cat', 'airplane', 'frog']",airplane
26087,3,"['frog', 'ship', 'automobile', 'airplane']",ship
26088,0,"['horse', 'deer', 'frog', 'cat']",horse
26089,6,"['automobile', 'horse', 'ship', 'airplane']",airplane
26090,1,"['bird', 'dog', 'frog', 'cat', 'airplane']",airplane
26091,6,"['automobile', 'horse', 'ship', 'airplane']",airplane
26092,0,"['horse', 'deer', 'frog', 'cat']",horse
26093,1,"['bird', 'dog', 'frog', 'cat', 'airplane']",airplane
26094,8,"['horse', 'airplane', 'cat', 'frog']",horse
26095,5,"['frog', 'ship', 'airplane', 'automobile']",ship
26096,2,"['ship', 'cat', 'automobile', 'airplane']",cat
26097,3,"['frog', 'ship', 'automobile', 'airplane']",ship
26098,8,"['horse', 'airplane', 'cat', 'frog']",horse
26099,4,"['cat', 'automobile', 'frog', 'airplane']",automobile
26100,4,"['cat', 'automobile', 'frog', 'airplane']",automobile
26101,9,"['dog', 'frog', 'cat', 'airplane']",airplane
26102,5,"['frog', 'ship', 'airplane', 'automobile']",ship
26103,6,"['automobile', 'horse', 'ship', 'airplane']",airplane
26104,7,"['automobile', 'cat', 'airplane', 'frog']",airplane
26105,8,"['horse', 'airplane', 'cat', 'frog']",horse
26106,3,"['frog', 'ship', 'automobile', 'airplane']",ship
26107,7,"['automobile', 'cat', 'airplane', 'frog']",cat
26108,8,"['horse', 'airplane', 'cat', 'frog']",horse
26109,8,"['horse', 'airplane', 'cat', 'frog']",horse
26110,2,"['ship', 'cat', 'automobile', 'airplane']",cat
26111,3,"['frog', 'ship', 'automobile', 'airplane']",ship
26112,8,"['horse', 'airplane', 'cat', 'frog']",horse
26113,9,"['dog', 'frog', 'cat', 'airplane']",airplane
26114,4,"['cat', 'automobile', 'frog', 'airplane']",automobile
26115,1,"['bird', 'dog', 'frog', 'cat', 'airplane']",airplane
26116,3,"['frog', 'ship', 'automobile', 'airplane']",ship
26117,9,"['dog', 'frog', 'cat', 'airplane']",airplane
26118,4,"['cat', 'automobile', 'frog', 'airplane']",automobile
26119,2,"['ship', 'cat', 'automobile', 'airplane']",automobile
26120,6,"['automobile', 'horse', 'ship', 'airplane']",airplane
26121,9,"['dog', 'frog', 'cat', 'airplane']",airplane
26122,6,"['automobile', 'horse', 'ship', 'airplane']",ship
26123,3,"['frog', 'ship', 'automobile', 'airplane']",ship
26124,0,"['horse', 'deer', 'frog', 'cat']",horse
26125,5,"['frog', 'ship', 'airplane', 'automobile']",ship
26126,3,"['frog', 'ship', 'automobile', 'airplane']",ship
26127,1,"['bird', 'dog', 'frog', 'cat', 'airplane']",airplane
26128,2,"['ship', 'cat', 'automobile', 'airplane']",automobile
26129,4,"['cat', 'automobile', 'frog', 'airplane']",automobile
26130,4,"['cat', 'automobile', 'frog', 'airplane']",automobile
26131,8,"['horse', 'airplane', 'cat', 'frog']",horse
26132,3,"['frog', 'ship', 'automobile', 'airplane']",ship
26133,7,"['automobile', 'cat', 'airplane', 'frog']",cat
26134,5,"['frog', 'ship', 'airplane', 'automobile']",ship
26135,6,"['automobile', 'horse', 'ship', 'airplane']",airplane
26136,9,"['dog', 'frog', 'cat', 'airplane']",dog
26137,0,"['horse', 'deer', 'frog', 'cat']",horse
26138,5,"['frog', 'ship', 'airplane', 'automobile']",ship
26139,6,"['automobile', 'horse', 'ship', 'airplane']",airplane
26140,8,"['horse', 'airplane', 'cat', 'frog']",horse
26141,1,"['bird', 'dog', 'frog', 'cat', 'airplane']",airplane
26142,4,"['cat', 'automobile', 'frog', 'airplane']",automobile
26143,5,"['frog', 'ship', 'airplane', 'automobile']",ship
26144,0,"['horse', 'deer', 'frog', 'cat']",horse
26145,4,"['cat', 'automobile', 'frog', 'airplane']",automobile
26146,2,"['ship', 'cat', 'automobile', 'airplane']",cat
26147,8,"['horse', 'airplane', 'cat', 'frog']",horse
26148,2,"['ship', 'cat', 'automobile', 'airplane']",cat
26149,8,"['horse', 'airplane', 'cat', 'frog']",horse
26150,9,"['dog', 'frog', 'cat', 'airplane']",airplane
26151,6,"['automobile', 'horse', 'ship', 'airplane']",airplane
26152,9,"['dog', 'frog', 'cat', 'airplane']",dog
26153,5,"['frog', 'ship', 'airplane', 'automobile']",ship
26154,3,"['frog', 'ship', 'automobile', 'airplane']",ship
26155,2,"['ship', 'cat', 'automobile', 'airplane']",automobile
26156,8,"['horse', 'airplane', 'cat', 'frog']",horse
26157,6,"['automobile', 'horse', 'ship', 'airplane']",airplane
26158,1,"['bird', 'dog', 'frog', 'cat', 'airplane']",airplane
26159,9,"['dog', 'frog', 'cat', 'airplane']",airplane
26160,3,"['frog', 'ship', 'automobile', 'airplane']",ship
26161,3,"['frog', 'ship', 'automobile', 'airplane']",ship
26162,0,"['horse', 'deer', 'frog', 'cat']",horse
26163,7,"['automobile', 'cat', 'airplane', 'frog']",cat
26164,0,"['horse', 'deer', 'frog', 'cat']",horse
26165,7,"['automobile', 'cat', 'airplane', 'frog']",cat
26166,7,"['automobile', 'cat', 'airplane', 'frog']",cat
26167,5,"['frog', 'ship', 'airplane', 'automobile']",ship
26168,1,"['bird', 'dog', 'frog', 'cat', 'airplane']",airplane
26169,2,"['ship', 'cat', 'automobile', 'airplane']",cat
26170,8,"['horse', 'airplane', 'cat', 'frog']",horse
26171,5,"['frog', 'ship', 'airplane', 'automobile']",ship
26172,8,"['horse', 'airplane', 'cat', 'frog']",horse
26173,5,"['frog', 'ship', 'airplane', 'automobile']",ship
26174,5,"['frog', 'ship', 'airplane', 'automobile']",ship
26175,2,"['ship', 'cat', 'automobile', 'airplane']",cat
26176,2,"['ship', 'cat', 'automobile', 'airplane']",cat
26177,0,"['horse', 'deer', 'frog', 'cat']",horse
26178,0,"['horse', 'deer', 'frog', 'cat']",horse
26179,5,"['frog', 'ship', 'airplane', 'automobile']",ship
26180,1,"['bird', 'dog', 'frog', 'cat', 'airplane']",airplane
26181,2,"['ship', 'cat', 'automobile', 'airplane']",cat
26182,8,"['horse', 'airplane', 'cat', 'frog']",horse
26183,3,"['frog', 'ship', 'automobile', 'airplane']",ship
26184,0,"['horse', 'deer', 'frog', 'cat']",horse
26185,5,"['frog', 'ship', 'airplane', 'automobile']",ship
26186,2,"['ship', 'cat', 'automobile', 'airplane']",automobile
26187,2,"['ship', 'cat', 'automobile', 'airplane']",cat
26188,8,"['horse', 'airplane', 'cat', 'frog']",horse
26189,3,"['frog', 'ship', 'automobile', 'airplane']",ship
26190,6,"['automobile', 'horse', 'ship', 'airplane']",airplane
26191,8,"['horse', 'airplane', 'cat', 'frog']",horse
26192,6,"['automobile', 'horse', 'ship', 'airplane']",airplane
26193,7,"['automobile', 'cat', 'airplane', 'frog']",cat
26194,5,"['frog', 'ship', 'airplane', 'automobile']",ship
26195,8,"['horse', 'airplane', 'cat', 'frog']",horse
26196,7,"['automobile', 'cat', 'airplane', 'frog']",cat
26197,6,"['automobile', 'horse', 'ship', 'airplane']",airplane
26198,8,"['horse', 'airplane', 'cat', 'frog']",horse
26199,6,"['automobile', 'horse', 'ship', 'airplane']",automobile
26200,0,"['horse', 'deer', 'frog', 'cat']",horse
26201,9,"['dog', 'frog', 'cat', 'airplane']",dog
26202,3,"['frog', 'ship', 'automobile', 'airplane']",ship
26203,7,"['automobile', 'cat', 'airplane', 'frog']",cat
26204,2,"['ship', 'cat', 'automobile', 'airplane']",cat
26205,6,"['automobile', 'horse', 'ship', 'airplane']",airplane
26206,6,"['automobile', 'horse', 'ship', 'airplane']",airplane
26207,0,"['horse', 'deer', 'frog', 'cat']",horse
26208,7,"['automobile', 'cat', 'airplane', 'frog']",airplane
26209,9,"['dog', 'frog', 'cat', 'airplane']",airplane
26210,3,"['frog', 'ship', 'automobile', 'airplane']",ship
26211,6,"['automobile', 'horse', 'ship', 'airplane']",airplane
26212,4,"['cat', 'automobile', 'frog', 'airplane']",automobile
26213,2,"['ship', 'cat', 'automobile', 'airplane']",automobile
26214,8,"['horse', 'airplane', 'cat', 'frog']",horse
26215,2,"['ship', 'cat', 'automobile', 'airplane']",cat
26216,8,"['horse', 'airplane', 'cat', 'frog']",horse
26217,7,"['automobile', 'cat', 'airplane', 'frog']",airplane
26218,9,"['dog', 'frog', 'cat', 'airplane']",airplane
26219,2,"['ship', 'cat', 'automobile', 'airplane']",cat
26220,8,"['horse', 'airplane', 'cat', 'frog']",horse
26221,5,"['frog', 'ship', 'airplane', 'automobile']",ship
26222,9,"['dog', 'frog', 'cat', 'airplane']",airplane
26223,2,"['ship', 'cat', 'automobile', 'airplane']",cat
26224,3,"['frog', 'ship', 'automobile', 'airplane']",ship
26225,8,"['horse', 'airplane', 'cat', 'frog']",horse
26226,0,"['horse', 'deer', 'frog', 'cat']",horse
26227,9,"['dog', 'frog', 'cat', 'airplane']",airplane
26228,6,"['automobile', 'horse', 'ship', 'airplane']",automobile
26229,9,"['dog', 'frog', 'cat', 'airplane']",airplane
26230,1,"['bird', 'dog', 'frog', 'cat', 'airplane']",airplane
26231,6,"['automobile', 'horse', 'ship', 'airplane']",airplane
26232,6,"['automobile', 'horse', 'ship', 'airplane']",horse
26233,4,"['cat', 'automobile', 'frog', 'airplane']",automobile
26234,2,"['ship', 'cat', 'automobile', 'airplane']",cat
26235,6,"['automobile', 'horse', 'ship', 'airplane']",automobile
26236,5,"['frog', 'ship', 'airplane', 'automobile']",ship
26237,5,"['frog', 'ship', 'airplane', 'automobile']",ship
26238,8,"['horse', 'airplane', 'cat', 'frog']",horse
26239,8,"['horse', 'airplane', 'cat', 'frog']",horse
26240,6,"['automobile', 'horse', 'ship', 'airplane']",airplane
26241,1,"['bird', 'dog', 'frog', 'cat', 'airplane']",airplane
26242,2,"['ship', 'cat', 'automobile', 'airplane']",automobile
26243,6,"['automobile', 'horse', 'ship', 'airplane']",ship
26244,3,"['frog', 'ship', 'automobile', 'airplane']",ship
26245,6,"['automobile', 'horse', 'ship', 'airplane']",airplane
26246,8,"['horse', 'airplane', 'cat', 'frog']",horse
26247,6,"['automobile', 'horse', 'ship', 'airplane']",airplane
26248,1,"['bird', 'dog', 'frog', 'cat', 'airplane']",airplane
26249,7,"['automobile', 'cat', 'airplane', 'frog']",cat
26250,8,"['horse', 'airplane', 'cat', 'frog']",horse
26251,5,"['frog', 'ship', 'airplane', 'automobile']",ship
26252,9,"['dog', 'frog', 'cat', 'airplane']",dog
26253,3,"['frog', 'ship', 'automobile', 'airplane']",ship
26254,8,"['horse', 'airplane', 'cat', 'frog']",horse
26255,5,"['frog', 'ship', 'airplane', 'automobile']",ship
26256,7,"['automobile', 'cat', 'airplane', 'frog']",cat
26257,1,"['bird', 'dog', 'frog', 'cat', 'airplane']",airplane
26258,0,"['horse', 'deer', 'frog', 'cat']",horse
26259,7,"['automobile', 'cat', 'airplane', 'frog']",cat
26260,3,"['frog', 'ship', 'automobile', 'airplane']",ship
26261,3,"['frog', 'ship', 'automobile', 'airplane']",ship
26262,9,"['dog', 'frog', 'cat', 'airplane']",dog
26263,2,"['ship', 'cat', 'automobile', 'airplane']",automobile
26264,7,"['automobile', 'cat', 'airplane', 'frog']",airplane
26265,2,"['ship', 'cat', 'automobile', 'airplane']",automobile
26266,2,"['ship', 'cat', 'automobile', 'airplane']",automobile
26267,1,"['bird', 'dog', 'frog', 'cat', 'airplane']",airplane
26268,6,"['automobile', 'horse', 'ship', 'airplane']",horse
26269,0,"['horse', 'deer', 'frog', 'cat']",horse
26270,7,"['automobile', 'cat', 'airplane', 'frog']",cat
26271,2,"['ship', 'cat', 'automobile', 'airplane']",ship
26272,6,"['automobile', 'horse', 'ship', 'airplane']",airplane
26273,4,"['cat', 'automobile', 'frog', 'airplane']",automobile
26274,2,"['ship', 'cat', 'automobile', 'airplane']",cat
26275,6,"['automobile', 'horse', 'ship', 'airplane']",automobile
26276,7,"['automobile', 'cat', 'airplane', 'frog']",airplane
26277,5,"['frog', 'ship', 'airplane', 'automobile']",ship
26278,5,"['frog', 'ship', 'airplane', 'automobile']",ship
26279,2,"['ship', 'cat', 'automobile', 'airplane']",automobile
26280,5,"['frog', 'ship', 'airplane', 'automobile']",ship
26281,5,"['frog', 'ship', 'airplane', 'automobile']",ship
26282,2,"['ship', 'cat', 'automobile', 'airplane']",cat
26283,3,"['frog', 'ship', 'automobile', 'airplane']",ship
26284,9,"['dog', 'frog', 'cat', 'airplane']",airplane
26285,7,"['automobile', 'cat', 'airplane', 'frog']",airplane
26286,0,"['horse', 'deer', 'frog', 'cat']",horse
26287,2,"['ship', 'cat', 'automobile', 'airplane']",cat
26288,1,"['bird', 'dog', 'frog', 'cat', 'airplane']",airplane
26289,9,"['dog', 'frog', 'cat', 'airplane']",dog
26290,1,"['bird', 'dog', 'frog', 'cat', 'airplane']",airplane
26291,7,"['automobile', 'cat', 'airplane', 'frog']",airplane
26292,1,"['bird', 'dog', 'frog', 'cat', 'airplane']",airplane
26293,1,"['bird', 'dog', 'frog', 'cat', 'airplane']",airplane
26294,1,"['bird', 'dog', 'frog', 'cat', 'airplane']",airplane
26295,1,"['bird', 'dog', 'frog', 'cat', 'airplane']",airplane
26296,0,"['horse', 'deer', 'frog', 'cat']",horse
26297,4,"['cat', 'automobile', 'frog', 'airplane']",automobile
26298,1,"['bird', 'dog', 'frog', 'cat', 'airplane']",airplane
26299,2,"['ship', 'cat', 'automobile', 'airplane']",cat
26300,0,"['horse', 'deer', 'frog', 'cat']",horse
26301,4,"['cat', 'automobile', 'frog', 'airplane']",automobile
26302,3,"['frog', 'ship', 'automobile', 'airplane']",ship
26303,5,"['frog', 'ship', 'airplane', 'automobile']",ship
26304,1,"['bird', 'dog', 'frog', 'cat', 'airplane']",airplane
26305,2,"['ship', 'cat', 'automobile', 'airplane']",cat
26306,8,"['horse', 'airplane', 'cat', 'frog']",horse
26307,4,"['cat', 'automobile', 'frog', 'airplane']",automobile
26308,2,"['ship', 'cat', 'automobile', 'airplane']",automobile
26309,6,"['automobile', 'horse', 'ship', 'airplane']",airplane
26310,1,"['bird', 'dog', 'frog', 'cat', 'airplane']",airplane
26311,0,"['horse', 'deer', 'frog', 'cat']",horse
26312,0,"['horse', 'deer', 'frog', 'cat']",horse
26313,5,"['frog', 'ship', 'airplane', 'automobile']",ship
26314,7,"['automobile', 'cat', 'airplane', 'frog']",cat
26315,1,"['bird', 'dog', 'frog', 'cat', 'airplane']",airplane
26316,8,"['horse', 'airplane', 'cat', 'frog']",horse
26317,7,"['automobile', 'cat', 'airplane', 'frog']",airplane
26318,7,"['automobile', 'cat', 'airplane', 'frog']",cat
26319,6,"['automobile', 'horse', 'ship', 'airplane']",ship
26320,1,"['bird', 'dog', 'frog', 'cat', 'airplane']",airplane
26321,2,"['ship', 'cat', 'automobile', 'airplane']",cat
26322,0,"['horse', 'deer', 'frog', 'cat']",horse
26323,3,"['frog', 'ship', 'automobile', 'airplane']",ship
26324,6,"['automobile', 'horse', 'ship', 'airplane']",airplane
26325,5,"['frog', 'ship', 'airplane', 'automobile']",ship
26326,4,"['cat', 'automobile', 'frog', 'airplane']",automobile
26327,3,"['frog', 'ship', 'automobile', 'airplane']",ship
26328,8,"['horse', 'airplane', 'cat', 'frog']",horse
26329,4,"['cat', 'automobile', 'frog', 'airplane']",automobile
26330,5,"['frog', 'ship', 'airplane', 'automobile']",ship
26331,1,"['bird', 'dog', 'frog', 'cat', 'airplane']",airplane
26332,0,"['horse', 'deer', 'frog', 'cat']",horse
26333,6,"['automobile', 'horse', 'ship', 'airplane']",airplane
26334,8,"['horse', 'airplane', 'cat', 'frog']",horse
26335,6,"['automobile', 'horse', 'ship', 'airplane']",ship
26336,3,"['frog', 'ship', 'automobile', 'airplane']",ship
26337,8,"['horse', 'airplane', 'cat', 'frog']",horse
26338,8,"['horse', 'airplane', 'cat', 'frog']",horse
26339,6,"['automobile', 'horse', 'ship', 'airplane']",horse
26340,6,"['automobile', 'horse', 'ship', 'airplane']",airplane
26341,0,"['horse', 'deer', 'frog', 'cat']",horse
26342,0,"['horse', 'deer', 'frog', 'cat']",horse
26343,7,"['automobile', 'cat', 'airplane', 'frog']",airplane
26344,1,"['bird', 'dog', 'frog', 'cat', 'airplane']",airplane
26345,7,"['automobile', 'cat', 'airplane', 'frog']",airplane
26346,4,"['cat', 'automobile', 'frog', 'airplane']",automobile
26347,9,"['dog', 'frog', 'cat', 'airplane']",airplane
26348,9,"['dog', 'frog', 'cat', 'airplane']",dog
26349,5,"['frog', 'ship', 'airplane', 'automobile']",ship
26350,1,"['bird', 'dog', 'frog', 'cat', 'airplane']",airplane
26351,4,"['cat', 'automobile', 'frog', 'airplane']",airplane
26352,8,"['horse', 'airplane', 'cat', 'frog']",horse
26353,4,"['cat', 'automobile', 'frog', 'airplane']",automobile
26354,5,"['frog', 'ship', 'airplane', 'automobile']",ship
26355,6,"['automobile', 'horse', 'ship', 'airplane']",ship
26356,7,"['automobile', 'cat', 'airplane', 'frog']",cat
26357,3,"['frog', 'ship', 'automobile', 'airplane']",ship
26358,7,"['automobile', 'cat', 'airplane', 'frog']",cat
26359,7,"['automobile', 'cat', 'airplane', 'frog']",cat
26360,4,"['cat', 'automobile', 'frog', 'airplane']",automobile
26361,0,"['horse', 'deer', 'frog', 'cat']",horse
26362,1,"['bird', 'dog', 'frog', 'cat', 'airplane']",airplane
26363,5,"['frog', 'ship', 'airplane', 'automobile']",ship
26364,6,"['automobile', 'horse', 'ship', 'airplane']",airplane
26365,5,"['frog', 'ship', 'airplane', 'automobile']",ship
26366,6,"['automobile', 'horse', 'ship', 'airplane']",airplane
26367,4,"['cat', 'automobile', 'frog', 'airplane']",automobile
26368,1,"['bird', 'dog', 'frog', 'cat', 'airplane']",airplane
26369,8,"['horse', 'airplane', 'cat', 'frog']",horse
26370,5,"['frog', 'ship', 'airplane', 'automobile']",ship
26371,8,"['horse', 'airplane', 'cat', 'frog']",horse
26372,3,"['frog', 'ship', 'automobile', 'airplane']",ship
26373,9,"['dog', 'frog', 'cat', 'airplane']",airplane
26374,9,"['dog', 'frog', 'cat', 'airplane']",airplane
26375,1,"['bird', 'dog', 'frog', 'cat', 'airplane']",airplane
26376,0,"['horse', 'deer', 'frog', 'cat']",horse
26377,5,"['frog', 'ship', 'airplane', 'automobile']",ship
26378,4,"['cat', 'automobile', 'frog', 'airplane']",automobile
26379,6,"['automobile', 'horse', 'ship', 'airplane']",airplane
26380,4,"['cat', 'automobile', 'frog', 'airplane']",automobile
26381,8,"['horse', 'airplane', 'cat', 'frog']",horse
26382,5,"['frog', 'ship', 'airplane', 'automobile']",ship
26383,6,"['automobile', 'horse', 'ship', 'airplane']",airplane
26384,9,"['dog', 'frog', 'cat', 'airplane']",airplane
26385,9,"['dog', 'frog', 'cat', 'airplane']",airplane
26386,2,"['ship', 'cat', 'automobile', 'airplane']",cat
26387,6,"['automobile', 'horse', 'ship', 'airplane']",airplane
26388,5,"['frog', 'ship', 'airplane', 'automobile']",ship
26389,7,"['automobile', 'cat', 'airplane', 'frog']",cat
26390,2,"['ship', 'cat', 'automobile', 'airplane']",cat
26391,0,"['horse', 'deer', 'frog', 'cat']",horse
26392,7,"['automobile', 'cat', 'airplane', 'frog']",cat
26393,9,"['dog', 'frog', 'cat', 'airplane']",dog
26394,9,"['dog', 'frog', 'cat', 'airplane']",airplane
26395,6,"['automobile', 'horse', 'ship', 'airplane']",airplane
26396,2,"['ship', 'cat', 'automobile', 'airplane']",automobile
26397,7,"['automobile', 'cat', 'airplane', 'frog']",airplane
26398,2,"['ship', 'cat', 'automobile', 'airplane']",cat
26399,3,"['frog', 'ship', 'automobile', 'airplane']",ship
26400,2,"['ship', 'cat', 'automobile', 'airplane']",automobile
26401,7,"['automobile', 'cat', 'airplane', 'frog']",airplane
26402,8,"['horse', 'airplane', 'cat', 'frog']",horse
26403,6,"['automobile', 'horse', 'ship', 'airplane']",airplane
26404,1,"['bird', 'dog', 'frog', 'cat', 'airplane']",airplane
26405,1,"['bird', 'dog', 'frog', 'cat', 'airplane']",airplane
26406,7,"['automobile', 'cat', 'airplane', 'frog']",cat
26407,3,"['frog', 'ship', 'automobile', 'airplane']",ship
26408,3,"['frog', 'ship', 'automobile', 'airplane']",ship
26409,6,"['automobile', 'horse', 'ship', 'airplane']",airplane
26410,5,"['frog', 'ship', 'airplane', 'automobile']",ship
26411,7,"['automobile', 'cat', 'airplane', 'frog']",airplane
26412,0,"['horse', 'deer', 'frog', 'cat']",horse
26413,6,"['automobile', 'horse', 'ship', 'airplane']",horse
26414,2,"['ship', 'cat', 'automobile', 'airplane']",automobile
26415,6,"['automobile', 'horse', 'ship', 'airplane']",ship
26416,0,"['horse', 'deer', 'frog', 'cat']",horse
26417,4,"['cat', 'automobile', 'frog', 'airplane']",automobile
26418,5,"['frog', 'ship', 'airplane', 'automobile']",ship
26419,6,"['automobile', 'horse', 'ship', 'airplane']",horse
26420,7,"['automobile', 'cat', 'airplane', 'frog']",cat
26421,0,"['horse', 'deer', 'frog', 'cat']",horse
26422,7,"['automobile', 'cat', 'airplane', 'frog']",cat
26423,4,"['cat', 'automobile', 'frog', 'airplane']",automobile
26424,1,"['bird', 'dog', 'frog', 'cat', 'airplane']",airplane
26425,2,"['ship', 'cat', 'automobile', 'airplane']",automobile
26426,2,"['ship', 'cat', 'automobile', 'airplane']",automobile
26427,0,"['horse', 'deer', 'frog', 'cat']",horse
26428,6,"['automobile', 'horse', 'ship', 'airplane']",airplane
26429,6,"['automobile', 'horse', 'ship', 'airplane']",airplane
26430,0,"['horse', 'deer', 'frog', 'cat']",horse
26431,6,"['automobile', 'horse', 'ship', 'airplane']",airplane
26432,6,"['automobile', 'horse', 'ship', 'airplane']",horse
26433,1,"['bird', 'dog', 'frog', 'cat', 'airplane']",airplane
26434,4,"['cat', 'automobile', 'frog', 'airplane']",automobile
26435,9,"['dog', 'frog', 'cat', 'airplane']",airplane
26436,3,"['frog', 'ship', 'automobile', 'airplane']",ship
26437,8,"['horse', 'airplane', 'cat', 'frog']",horse
26438,8,"['horse', 'airplane', 'cat', 'frog']",horse
26439,9,"['dog', 'frog', 'cat', 'airplane']",airplane
26440,8,"['horse', 'airplane', 'cat', 'frog']",horse
26441,7,"['automobile', 'cat', 'airplane', 'frog']",cat
26442,2,"['ship', 'cat', 'automobile', 'airplane']",cat
26443,5,"['frog', 'ship', 'airplane', 'automobile']",ship
26444,7,"['automobile', 'cat', 'airplane', 'frog']",airplane
26445,9,"['dog', 'frog', 'cat', 'airplane']",airplane
26446,9,"['dog', 'frog', 'cat', 'airplane']",airplane
26447,9,"['dog', 'frog', 'cat', 'airplane']",airplane
26448,6,"['automobile', 'horse', 'ship', 'airplane']",ship
26449,2,"['ship', 'cat', 'automobile', 'airplane']",cat
26450,1,"['bird', 'dog', 'frog', 'cat', 'airplane']",airplane
26451,7,"['automobile', 'cat', 'airplane', 'frog']",cat
26452,1,"['bird', 'dog', 'frog', 'cat', 'airplane']",airplane
26453,3,"['frog', 'ship', 'automobile', 'airplane']",ship
26454,8,"['horse', 'airplane', 'cat', 'frog']",horse
26455,3,"['frog', 'ship', 'automobile', 'airplane']",ship
26456,1,"['bird', 'dog', 'frog', 'cat', 'airplane']",airplane
26457,8,"['horse', 'airplane', 'cat', 'frog']",horse
26458,9,"['dog', 'frog', 'cat', 'airplane']",airplane
26459,4,"['cat', 'automobile', 'frog', 'airplane']",automobile
26460,4,"['cat', 'automobile', 'frog', 'airplane']",automobile
26461,6,"['automobile', 'horse', 'ship', 'airplane']",airplane
26462,3,"['frog', 'ship', 'automobile', 'airplane']",ship
26463,8,"['horse', 'airplane', 'cat', 'frog']",horse
26464,7,"['automobile', 'cat', 'airplane', 'frog']",cat
26465,1,"['bird', 'dog', 'frog', 'cat', 'airplane']",airplane
26466,9,"['dog', 'frog', 'cat', 'airplane']",airplane
26467,1,"['bird', 'dog', 'frog', 'cat', 'airplane']",airplane
26468,9,"['dog', 'frog', 'cat', 'airplane']",airplane
26469,6,"['automobile', 'horse', 'ship', 'airplane']",airplane
26470,1,"['bird', 'dog', 'frog', 'cat', 'airplane']",airplane
26471,1,"['bird', 'dog', 'frog', 'cat', 'airplane']",airplane
26472,3,"['frog', 'ship', 'automobile', 'airplane']",ship
26473,5,"['frog', 'ship', 'airplane', 'automobile']",ship
26474,1,"['bird', 'dog', 'frog', 'cat', 'airplane']",airplane
26475,4,"['cat', 'automobile', 'frog', 'airplane']",automobile
26476,6,"['automobile', 'horse', 'ship', 'airplane']",airplane
26477,4,"['cat', 'automobile', 'frog', 'airplane']",automobile
26478,6,"['automobile', 'horse', 'ship', 'airplane']",airplane
26479,5,"['frog', 'ship', 'airplane', 'automobile']",ship
26480,9,"['dog', 'frog', 'cat', 'airplane']",airplane
26481,8,"['horse', 'airplane', 'cat', 'frog']",horse
26482,3,"['frog', 'ship', 'automobile', 'airplane']",ship
26483,9,"['dog', 'frog', 'cat', 'airplane']",airplane
26484,8,"['horse', 'airplane', 'cat', 'frog']",horse
26485,3,"['frog', 'ship', 'automobile', 'airplane']",ship
26486,5,"['frog', 'ship', 'airplane', 'automobile']",ship
26487,8,"['horse', 'airplane', 'cat', 'frog']",horse
26488,0,"['horse', 'deer', 'frog', 'cat']",horse
26489,9,"['dog', 'frog', 'cat', 'airplane']",airplane
26490,7,"['automobile', 'cat', 'airplane', 'frog']",cat
26491,1,"['bird', 'dog', 'frog', 'cat', 'airplane']",airplane
26492,6,"['automobile', 'horse', 'ship', 'airplane']",airplane
26493,0,"['horse', 'deer', 'frog', 'cat']",horse
26494,7,"['automobile', 'cat', 'airplane', 'frog']",cat
26495,0,"['horse', 'deer', 'frog', 'cat']",horse
26496,9,"['dog', 'frog', 'cat', 'airplane']",airplane
26497,4,"['cat', 'automobile', 'frog', 'airplane']",automobile
26498,1,"['bird', 'dog', 'frog', 'cat', 'airplane']",airplane
26499,0,"['horse', 'deer', 'frog', 'cat']",frog
26500,2,"['ship', 'cat', 'automobile', 'airplane']",cat
26501,5,"['frog', 'ship', 'airplane', 'automobile']",ship
26502,6,"['automobile', 'horse', 'ship', 'airplane']",airplane
26503,5,"['frog', 'ship', 'airplane', 'automobile']",ship
26504,5,"['frog', 'ship', 'airplane', 'automobile']",ship
26505,0,"['horse', 'deer', 'frog', 'cat']",horse
26506,9,"['dog', 'frog', 'cat', 'airplane']",dog
26507,0,"['horse', 'deer', 'frog', 'cat']",horse
26508,9,"['dog', 'frog', 'cat', 'airplane']",dog
26509,1,"['bird', 'dog', 'frog', 'cat', 'airplane']",airplane
26510,8,"['horse', 'airplane', 'cat', 'frog']",horse
26511,9,"['dog', 'frog', 'cat', 'airplane']",dog
26512,4,"['cat', 'automobile', 'frog', 'airplane']",automobile
26513,6,"['automobile', 'horse', 'ship', 'airplane']",airplane
26514,8,"['horse', 'airplane', 'cat', 'frog']",horse
26515,7,"['automobile', 'cat', 'airplane', 'frog']",cat
26516,6,"['automobile', 'horse', 'ship', 'airplane']",ship
26517,6,"['automobile', 'horse', 'ship', 'airplane']",airplane
26518,9,"['dog', 'frog', 'cat', 'airplane']",airplane
26519,1,"['bird', 'dog', 'frog', 'cat', 'airplane']",airplane
26520,5,"['frog', 'ship', 'airplane', 'automobile']",ship
26521,1,"['bird', 'dog', 'frog', 'cat', 'airplane']",airplane
26522,0,"['horse', 'deer', 'frog', 'cat']",horse
26523,2,"['ship', 'cat', 'automobile', 'airplane']",cat
26524,6,"['automobile', 'horse', 'ship', 'airplane']",airplane
26525,3,"['frog', 'ship', 'automobile', 'airplane']",ship
26526,1,"['bird', 'dog', 'frog', 'cat', 'airplane']",airplane
26527,2,"['ship', 'cat', 'automobile', 'airplane']",cat
26528,8,"['horse', 'airplane', 'cat', 'frog']",horse
26529,5,"['frog', 'ship', 'airplane', 'automobile']",ship
26530,9,"['dog', 'frog', 'cat', 'airplane']",airplane
26531,9,"['dog', 'frog', 'cat', 'airplane']",airplane
26532,1,"['bird', 'dog', 'frog', 'cat', 'airplane']",airplane
26533,7,"['automobile', 'cat', 'airplane', 'frog']",cat
26534,3,"['frog', 'ship', 'automobile', 'airplane']",ship
26535,3,"['frog', 'ship', 'automobile', 'airplane']",frog
26536,2,"['ship', 'cat', 'automobile', 'airplane']",automobile
26537,6,"['automobile', 'horse', 'ship', 'airplane']",airplane
26538,8,"['horse', 'airplane', 'cat', 'frog']",horse
26539,3,"['frog', 'ship', 'automobile', 'airplane']",ship
26540,4,"['cat', 'automobile', 'frog', 'airplane']",automobile
26541,2,"['ship', 'cat', 'automobile', 'airplane']",cat
26542,6,"['automobile', 'horse', 'ship', 'airplane']",airplane
26543,5,"['frog', 'ship', 'airplane', 'automobile']",ship
26544,3,"['frog', 'ship', 'automobile', 'airplane']",ship
26545,5,"['frog', 'ship', 'airplane', 'automobile']",ship
26546,0,"['horse', 'deer', 'frog', 'cat']",horse
26547,8,"['horse', 'airplane', 'cat', 'frog']",horse
26548,5,"['frog', 'ship', 'airplane', 'automobile']",ship
26549,2,"['ship', 'cat', 'automobile', 'airplane']",cat
26550,1,"['bird', 'dog', 'frog', 'cat', 'airplane']",airplane
26551,2,"['ship', 'cat', 'automobile', 'airplane']",cat
26552,0,"['horse', 'deer', 'frog', 'cat']",horse
26553,7,"['automobile', 'cat', 'airplane', 'frog']",airplane
26554,3,"['frog', 'ship', 'automobile', 'airplane']",ship
26555,4,"['cat', 'automobile', 'frog', 'airplane']",automobile
26556,3,"['frog', 'ship', 'automobile', 'airplane']",frog
26557,3,"['frog', 'ship', 'automobile', 'airplane']",ship
26558,3,"['frog', 'ship', 'automobile', 'airplane']",ship
26559,3,"['frog', 'ship', 'automobile', 'airplane']",ship
26560,5,"['frog', 'ship', 'airplane', 'automobile']",ship
26561,9,"['dog', 'frog', 'cat', 'airplane']",dog
26562,7,"['automobile', 'cat', 'airplane', 'frog']",cat
26563,8,"['horse', 'airplane', 'cat', 'frog']",horse
26564,3,"['frog', 'ship', 'automobile', 'airplane']",ship
26565,0,"['horse', 'deer', 'frog', 'cat']",horse
26566,6,"['automobile', 'horse', 'ship', 'airplane']",airplane
26567,7,"['automobile', 'cat', 'airplane', 'frog']",cat
26568,2,"['ship', 'cat', 'automobile', 'airplane']",automobile
26569,6,"['automobile', 'horse', 'ship', 'airplane']",airplane
26570,2,"['ship', 'cat', 'automobile', 'airplane']",cat
26571,0,"['horse', 'deer', 'frog', 'cat']",horse
26572,2,"['ship', 'cat', 'automobile', 'airplane']",cat
26573,3,"['frog', 'ship', 'automobile', 'airplane']",ship
26574,9,"['dog', 'frog', 'cat', 'airplane']",airplane
26575,3,"['frog', 'ship', 'automobile', 'airplane']",ship
26576,1,"['bird', 'dog', 'frog', 'cat', 'airplane']",airplane
26577,2,"['ship', 'cat', 'automobile', 'airplane']",automobile
26578,1,"['bird', 'dog', 'frog', 'cat', 'airplane']",airplane
26579,8,"['horse', 'airplane', 'cat', 'frog']",horse
26580,8,"['horse', 'airplane', 'cat', 'frog']",horse
26581,5,"['frog', 'ship', 'airplane', 'automobile']",ship
26582,8,"['horse', 'airplane', 'cat', 'frog']",horse
26583,8,"['horse', 'airplane', 'cat', 'frog']",horse
26584,4,"['cat', 'automobile', 'frog', 'airplane']",automobile
26585,9,"['dog', 'frog', 'cat', 'airplane']",airplane
26586,4,"['cat', 'automobile', 'frog', 'airplane']",automobile
26587,5,"['frog', 'ship', 'airplane', 'automobile']",ship
26588,2,"['ship', 'cat', 'automobile', 'airplane']",cat
26589,5,"['frog', 'ship', 'airplane', 'automobile']",ship
26590,8,"['horse', 'airplane', 'cat', 'frog']",horse
26591,5,"['frog', 'ship', 'airplane', 'automobile']",ship
26592,0,"['horse', 'deer', 'frog', 'cat']",horse
26593,2,"['ship', 'cat', 'automobile', 'airplane']",cat
26594,8,"['horse', 'airplane', 'cat', 'frog']",horse
26595,6,"['automobile', 'horse', 'ship', 'airplane']",ship
26596,9,"['dog', 'frog', 'cat', 'airplane']",airplane
26597,9,"['dog', 'frog', 'cat', 'airplane']",dog
26598,3,"['frog', 'ship', 'automobile', 'airplane']",ship
26599,0,"['horse', 'deer', 'frog', 'cat']",horse
26600,9,"['dog', 'frog', 'cat', 'airplane']",airplane
26601,1,"['bird', 'dog', 'frog', 'cat', 'airplane']",airplane
26602,4,"['cat', 'automobile', 'frog', 'airplane']",automobile
26603,8,"['horse', 'airplane', 'cat', 'frog']",horse
26604,8,"['horse', 'airplane', 'cat', 'frog']",horse
26605,2,"['ship', 'cat', 'automobile', 'airplane']",ship
26606,7,"['automobile', 'cat', 'airplane', 'frog']",cat
26607,0,"['horse', 'deer', 'frog', 'cat']",horse
26608,8,"['horse', 'airplane', 'cat', 'frog']",horse
26609,3,"['frog', 'ship', 'automobile', 'airplane']",ship
26610,9,"['dog', 'frog', 'cat', 'airplane']",airplane
26611,6,"['automobile', 'horse', 'ship', 'airplane']",automobile
26612,4,"['cat', 'automobile', 'frog', 'airplane']",automobile
26613,3,"['frog', 'ship', 'automobile', 'airplane']",ship
26614,1,"['bird', 'dog', 'frog', 'cat', 'airplane']",airplane
26615,7,"['automobile', 'cat', 'airplane', 'frog']",airplane
26616,9,"['dog', 'frog', 'cat', 'airplane']",frog
26617,1,"['bird', 'dog', 'frog', 'cat', 'airplane']",airplane
26618,6,"['automobile', 'horse', 'ship', 'airplane']",horse
26619,6,"['automobile', 'horse', 'ship', 'airplane']",airplane
26620,9,"['dog', 'frog', 'cat', 'airplane']",airplane
26621,8,"['horse', 'airplane', 'cat', 'frog']",horse
26622,9,"['dog', 'frog', 'cat', 'airplane']",airplane
26623,8,"['horse', 'airplane', 'cat', 'frog']",horse
26624,3,"['frog', 'ship', 'automobile', 'airplane']",ship
26625,9,"['dog', 'frog', 'cat', 'airplane']",airplane
26626,3,"['frog', 'ship', 'automobile', 'airplane']",ship
26627,9,"['dog', 'frog', 'cat', 'airplane']",dog
26628,7,"['automobile', 'cat', 'airplane', 'frog']",cat
26629,2,"['ship', 'cat', 'automobile', 'airplane']",cat
26630,2,"['ship', 'cat', 'automobile', 'airplane']",cat
26631,4,"['cat', 'automobile', 'frog', 'airplane']",automobile
26632,0,"['horse', 'deer', 'frog', 'cat']",horse
26633,7,"['automobile', 'cat', 'airplane', 'frog']",cat
26634,6,"['automobile', 'horse', 'ship', 'airplane']",airplane
26635,9,"['dog', 'frog', 'cat', 'airplane']",airplane
26636,1,"['bird', 'dog', 'frog', 'cat', 'airplane']",airplane
26637,1,"['bird', 'dog', 'frog', 'cat', 'airplane']",airplane
26638,4,"['cat', 'automobile', 'frog', 'airplane']",automobile
26639,8,"['horse', 'airplane', 'cat', 'frog']",horse
26640,5,"['frog', 'ship', 'airplane', 'automobile']",ship
26641,2,"['ship', 'cat', 'automobile', 'airplane']",automobile
26642,3,"['frog', 'ship', 'automobile', 'airplane']",ship
26643,8,"['horse', 'airplane', 'cat', 'frog']",horse
26644,0,"['horse', 'deer', 'frog', 'cat']",horse
26645,4,"['cat', 'automobile', 'frog', 'airplane']",automobile
26646,1,"['bird', 'dog', 'frog', 'cat', 'airplane']",airplane
26647,9,"['dog', 'frog', 'cat', 'airplane']",dog
26648,2,"['ship', 'cat', 'automobile', 'airplane']",cat
26649,4,"['cat', 'automobile', 'frog', 'airplane']",automobile
26650,9,"['dog', 'frog', 'cat', 'airplane']",airplane
26651,2,"['ship', 'cat', 'automobile', 'airplane']",cat
26652,1,"['bird', 'dog', 'frog', 'cat', 'airplane']",airplane
26653,4,"['cat', 'automobile', 'frog', 'airplane']",automobile
26654,9,"['dog', 'frog', 'cat', 'airplane']",airplane
26655,9,"['dog', 'frog', 'cat', 'airplane']",airplane
26656,0,"['horse', 'deer', 'frog', 'cat']",horse
26657,3,"['frog', 'ship', 'automobile', 'airplane']",ship
26658,9,"['dog', 'frog', 'cat', 'airplane']",dog
26659,9,"['dog', 'frog', 'cat', 'airplane']",airplane
26660,3,"['frog', 'ship', 'automobile', 'airplane']",ship
26661,7,"['automobile', 'cat', 'airplane', 'frog']",cat
26662,0,"['horse', 'deer', 'frog', 'cat']",horse
26663,2,"['ship', 'cat', 'automobile', 'airplane']",ship
26664,8,"['horse', 'airplane', 'cat', 'frog']",horse
26665,3,"['frog', 'ship', 'automobile', 'airplane']",ship
26666,8,"['horse', 'airplane', 'cat', 'frog']",horse
26667,0,"['horse', 'deer', 'frog', 'cat']",horse
26668,9,"['dog', 'frog', 'cat', 'airplane']",airplane
26669,7,"['automobile', 'cat', 'airplane', 'frog']",cat
26670,7,"['automobile', 'cat', 'airplane', 'frog']",cat
26671,8,"['horse', 'airplane', 'cat', 'frog']",horse
26672,8,"['horse', 'airplane', 'cat', 'frog']",horse
26673,7,"['automobile', 'cat', 'airplane', 'frog']",airplane
26674,9,"['dog', 'frog', 'cat', 'airplane']",airplane
26675,3,"['frog', 'ship', 'automobile', 'airplane']",ship
26676,5,"['frog', 'ship', 'airplane', 'automobile']",ship
26677,9,"['dog', 'frog', 'cat', 'airplane']",dog
26678,8,"['horse', 'airplane', 'cat', 'frog']",horse
26679,5,"['frog', 'ship', 'airplane', 'automobile']",ship
26680,5,"['frog', 'ship', 'airplane', 'automobile']",ship
26681,9,"['dog', 'frog', 'cat', 'airplane']",airplane
26682,5,"['frog', 'ship', 'airplane', 'automobile']",ship
26683,7,"['automobile', 'cat', 'airplane', 'frog']",airplane
26684,0,"['horse', 'deer', 'frog', 'cat']",horse
26685,6,"['automobile', 'horse', 'ship', 'airplane']",airplane
26686,5,"['frog', 'ship', 'airplane', 'automobile']",ship
26687,7,"['automobile', 'cat', 'airplane', 'frog']",cat
26688,3,"['frog', 'ship', 'automobile', 'airplane']",ship
26689,3,"['frog', 'ship', 'automobile', 'airplane']",ship
26690,3,"['frog', 'ship', 'automobile', 'airplane']",ship
26691,9,"['dog', 'frog', 'cat', 'airplane']",dog
26692,7,"['automobile', 'cat', 'airplane', 'frog']",cat
26693,0,"['horse', 'deer', 'frog', 'cat']",horse
26694,8,"['horse', 'airplane', 'cat', 'frog']",horse
26695,2,"['ship', 'cat', 'automobile', 'airplane']",automobile
26696,2,"['ship', 'cat', 'automobile', 'airplane']",cat
26697,7,"['automobile', 'cat', 'airplane', 'frog']",airplane
26698,6,"['automobile', 'horse', 'ship', 'airplane']",airplane
26699,7,"['automobile', 'cat', 'airplane', 'frog']",airplane
26700,5,"['frog', 'ship', 'airplane', 'automobile']",ship
26701,6,"['automobile', 'horse', 'ship', 'airplane']",horse
26702,7,"['automobile', 'cat', 'airplane', 'frog']",airplane
26703,8,"['horse', 'airplane', 'cat', 'frog']",horse
26704,0,"['horse', 'deer', 'frog', 'cat']",horse
26705,5,"['frog', 'ship', 'airplane', 'automobile']",ship
26706,4,"['cat', 'automobile', 'frog', 'airplane']",frog
26707,3,"['frog', 'ship', 'automobile', 'airplane']",ship
26708,0,"['horse', 'deer', 'frog', 'cat']",horse
26709,7,"['automobile', 'cat', 'airplane', 'frog']",airplane
26710,4,"['cat', 'automobile', 'frog', 'airplane']",automobile
26711,3,"['frog', 'ship', 'automobile', 'airplane']",ship
26712,1,"['bird', 'dog', 'frog', 'cat', 'airplane']",airplane
26713,4,"['cat', 'automobile', 'frog', 'airplane']",automobile
26714,8,"['horse', 'airplane', 'cat', 'frog']",horse
26715,4,"['cat', 'automobile', 'frog', 'airplane']",automobile
26716,3,"['frog', 'ship', 'automobile', 'airplane']",ship
26717,4,"['cat', 'automobile', 'frog', 'airplane']",automobile
26718,8,"['horse', 'airplane', 'cat', 'frog']",horse
26719,6,"['automobile', 'horse', 'ship', 'airplane']",airplane
26720,8,"['horse', 'airplane', 'cat', 'frog']",horse
26721,3,"['frog', 'ship', 'automobile', 'airplane']",ship
26722,0,"['horse', 'deer', 'frog', 'cat']",horse
26723,0,"['horse', 'deer', 'frog', 'cat']",horse
26724,0,"['horse', 'deer', 'frog', 'cat']",horse
26725,6,"['automobile', 'horse', 'ship', 'airplane']",horse
26726,3,"['frog', 'ship', 'automobile', 'airplane']",ship
26727,6,"['automobile', 'horse', 'ship', 'airplane']",automobile
26728,5,"['frog', 'ship', 'airplane', 'automobile']",ship
26729,1,"['bird', 'dog', 'frog', 'cat', 'airplane']",airplane
26730,2,"['ship', 'cat', 'automobile', 'airplane']",automobile
26731,5,"['frog', 'ship', 'airplane', 'automobile']",ship
26732,7,"['automobile', 'cat', 'airplane', 'frog']",airplane
26733,7,"['automobile', 'cat', 'airplane', 'frog']",airplane
26734,2,"['ship', 'cat', 'automobile', 'airplane']",cat
26735,5,"['frog', 'ship', 'airplane', 'automobile']",ship
26736,3,"['frog', 'ship', 'automobile', 'airplane']",ship
26737,1,"['bird', 'dog', 'frog', 'cat', 'airplane']",airplane
26738,5,"['frog', 'ship', 'airplane', 'automobile']",ship
26739,5,"['frog', 'ship', 'airplane', 'automobile']",ship
26740,1,"['bird', 'dog', 'frog', 'cat', 'airplane']",airplane
26741,1,"['bird', 'dog', 'frog', 'cat', 'airplane']",airplane
26742,1,"['bird', 'dog', 'frog', 'cat', 'airplane']",airplane
26743,0,"['horse', 'deer', 'frog', 'cat']",horse
26744,0,"['horse', 'deer', 'frog', 'cat']",horse
26745,4,"['cat', 'automobile', 'frog', 'airplane']",automobile
26746,1,"['bird', 'dog', 'frog', 'cat', 'airplane']",airplane
26747,5,"['frog', 'ship', 'airplane', 'automobile']",ship
26748,6,"['automobile', 'horse', 'ship', 'airplane']",airplane
26749,7,"['automobile', 'cat', 'airplane', 'frog']",cat
26750,2,"['ship', 'cat', 'automobile', 'airplane']",cat
26751,5,"['frog', 'ship', 'airplane', 'automobile']",ship
26752,7,"['automobile', 'cat', 'airplane', 'frog']",cat
26753,5,"['frog', 'ship', 'airplane', 'automobile']",ship
26754,4,"['cat', 'automobile', 'frog', 'airplane']",automobile
26755,5,"['frog', 'ship', 'airplane', 'automobile']",ship
26756,9,"['dog', 'frog', 'cat', 'airplane']",dog
26757,2,"['ship', 'cat', 'automobile', 'airplane']",cat
26758,2,"['ship', 'cat', 'automobile', 'airplane']",cat
26759,9,"['dog', 'frog', 'cat', 'airplane']",dog
26760,2,"['ship', 'cat', 'automobile', 'airplane']",cat
26761,0,"['horse', 'deer', 'frog', 'cat']",horse
26762,2,"['ship', 'cat', 'automobile', 'airplane']",cat
26763,9,"['dog', 'frog', 'cat', 'airplane']",dog
26764,0,"['horse', 'deer', 'frog', 'cat']",horse
26765,2,"['ship', 'cat', 'automobile', 'airplane']",cat
26766,9,"['dog', 'frog', 'cat', 'airplane']",dog
26767,7,"['automobile', 'cat', 'airplane', 'frog']",cat
26768,2,"['ship', 'cat', 'automobile', 'airplane']",automobile
26769,9,"['dog', 'frog', 'cat', 'airplane']",airplane
26770,3,"['frog', 'ship', 'automobile', 'airplane']",ship
26771,6,"['automobile', 'horse', 'ship', 'airplane']",airplane
26772,4,"['cat', 'automobile', 'frog', 'airplane']",automobile
26773,2,"['ship', 'cat', 'automobile', 'airplane']",automobile
26774,9,"['dog', 'frog', 'cat', 'airplane']",airplane
26775,5,"['frog', 'ship', 'airplane', 'automobile']",ship
26776,0,"['horse', 'deer', 'frog', 'cat']",horse
26777,8,"['horse', 'airplane', 'cat', 'frog']",horse
26778,0,"['horse', 'deer', 'frog', 'cat']",horse
26779,7,"['automobile', 'cat', 'airplane', 'frog']",cat
26780,9,"['dog', 'frog', 'cat', 'airplane']",dog
26781,4,"['cat', 'automobile', 'frog', 'airplane']",automobile
26782,6,"['automobile', 'horse', 'ship', 'airplane']",airplane
26783,0,"['horse', 'deer', 'frog', 'cat']",horse
26784,8,"['horse', 'airplane', 'cat', 'frog']",horse
26785,5,"['frog', 'ship', 'airplane', 'automobile']",ship
26786,2,"['ship', 'cat', 'automobile', 'airplane']",cat
26787,1,"['bird', 'dog', 'frog', 'cat', 'airplane']",airplane
26788,7,"['automobile', 'cat', 'airplane', 'frog']",cat
26789,1,"['bird', 'dog', 'frog', 'cat', 'airplane']",airplane
26790,9,"['dog', 'frog', 'cat', 'airplane']",airplane
26791,5,"['frog', 'ship', 'airplane', 'automobile']",ship
26792,2,"['ship', 'cat', 'automobile', 'airplane']",cat
26793,6,"['automobile', 'horse', 'ship', 'airplane']",airplane
26794,1,"['bird', 'dog', 'frog', 'cat', 'airplane']",airplane
26795,2,"['ship', 'cat', 'automobile', 'airplane']",cat
26796,7,"['automobile', 'cat', 'airplane', 'frog']",cat
26797,3,"['frog', 'ship', 'automobile', 'airplane']",ship
26798,6,"['automobile', 'horse', 'ship', 'airplane']",airplane
26799,5,"['frog', 'ship', 'airplane', 'automobile']",ship
26800,6,"['automobile', 'horse', 'ship', 'airplane']",automobile
26801,8,"['horse', 'airplane', 'cat', 'frog']",horse
26802,9,"['dog', 'frog', 'cat', 'airplane']",airplane
26803,2,"['ship', 'cat', 'automobile', 'airplane']",cat
26804,5,"['frog', 'ship', 'airplane', 'automobile']",ship
26805,9,"['dog', 'frog', 'cat', 'airplane']",dog
26806,8,"['horse', 'airplane', 'cat', 'frog']",horse
26807,2,"['ship', 'cat', 'automobile', 'airplane']",cat
26808,5,"['frog', 'ship', 'airplane', 'automobile']",ship
26809,4,"['cat', 'automobile', 'frog', 'airplane']",automobile
26810,7,"['automobile', 'cat', 'airplane', 'frog']",cat
26811,7,"['automobile', 'cat', 'airplane', 'frog']",cat
26812,4,"['cat', 'automobile', 'frog', 'airplane']",automobile
26813,3,"['frog', 'ship', 'automobile', 'airplane']",ship
26814,7,"['automobile', 'cat', 'airplane', 'frog']",cat
26815,0,"['horse', 'deer', 'frog', 'cat']",horse
26816,7,"['automobile', 'cat', 'airplane', 'frog']",cat
26817,9,"['dog', 'frog', 'cat', 'airplane']",airplane
26818,1,"['bird', 'dog', 'frog', 'cat', 'airplane']",airplane
26819,4,"['cat', 'automobile', 'frog', 'airplane']",automobile
26820,7,"['automobile', 'cat', 'airplane', 'frog']",airplane
26821,7,"['automobile', 'cat', 'airplane', 'frog']",cat
26822,9,"['dog', 'frog', 'cat', 'airplane']",dog
26823,4,"['cat', 'automobile', 'frog', 'airplane']",automobile
26824,0,"['horse', 'deer', 'frog', 'cat']",horse
26825,9,"['dog', 'frog', 'cat', 'airplane']",airplane
26826,7,"['automobile', 'cat', 'airplane', 'frog']",airplane
26827,5,"['frog', 'ship', 'airplane', 'automobile']",ship
26828,9,"['dog', 'frog', 'cat', 'airplane']",airplane
26829,6,"['automobile', 'horse', 'ship', 'airplane']",airplane
26830,4,"['cat', 'automobile', 'frog', 'airplane']",automobile
26831,7,"['automobile', 'cat', 'airplane', 'frog']",cat
26832,9,"['dog', 'frog', 'cat', 'airplane']",dog
26833,2,"['ship', 'cat', 'automobile', 'airplane']",automobile
26834,6,"['automobile', 'horse', 'ship', 'airplane']",airplane
26835,7,"['automobile', 'cat', 'airplane', 'frog']",cat
26836,5,"['frog', 'ship', 'airplane', 'automobile']",ship
26837,2,"['ship', 'cat', 'automobile', 'airplane']",cat
26838,4,"['cat', 'automobile', 'frog', 'airplane']",automobile
26839,9,"['dog', 'frog', 'cat', 'airplane']",airplane
26840,0,"['horse', 'deer', 'frog', 'cat']",horse
26841,6,"['automobile', 'horse', 'ship', 'airplane']",ship
26842,0,"['horse', 'deer', 'frog', 'cat']",horse
26843,1,"['bird', 'dog', 'frog', 'cat', 'airplane']",airplane
26844,4,"['cat', 'automobile', 'frog', 'airplane']",automobile
26845,5,"['frog', 'ship', 'airplane', 'automobile']",ship
26846,0,"['horse', 'deer', 'frog', 'cat']",horse
26847,9,"['dog', 'frog', 'cat', 'airplane']",dog
26848,9,"['dog', 'frog', 'cat', 'airplane']",dog
26849,3,"['frog', 'ship', 'automobile', 'airplane']",ship
26850,4,"['cat', 'automobile', 'frog', 'airplane']",automobile
26851,7,"['automobile', 'cat', 'airplane', 'frog']",cat
26852,9,"['dog', 'frog', 'cat', 'airplane']",airplane
26853,1,"['bird', 'dog', 'frog', 'cat', 'airplane']",airplane
26854,4,"['cat', 'automobile', 'frog', 'airplane']",automobile
26855,2,"['ship', 'cat', 'automobile', 'airplane']",cat
26856,8,"['horse', 'airplane', 'cat', 'frog']",horse
26857,5,"['frog', 'ship', 'airplane', 'automobile']",ship
26858,7,"['automobile', 'cat', 'airplane', 'frog']",airplane
26859,3,"['frog', 'ship', 'automobile', 'airplane']",ship
26860,4,"['cat', 'automobile', 'frog', 'airplane']",airplane
26861,7,"['automobile', 'cat', 'airplane', 'frog']",airplane
26862,3,"['frog', 'ship', 'automobile', 'airplane']",ship
26863,8,"['horse', 'airplane', 'cat', 'frog']",horse
26864,2,"['ship', 'cat', 'automobile', 'airplane']",ship
26865,4,"['cat', 'automobile', 'frog', 'airplane']",automobile
26866,7,"['automobile', 'cat', 'airplane', 'frog']",airplane
26867,5,"['frog', 'ship', 'airplane', 'automobile']",ship
26868,9,"['dog', 'frog', 'cat', 'airplane']",dog
26869,9,"['dog', 'frog', 'cat', 'airplane']",dog
26870,1,"['bird', 'dog', 'frog', 'cat', 'airplane']",airplane
26871,5,"['frog', 'ship', 'airplane', 'automobile']",ship
26872,6,"['automobile', 'horse', 'ship', 'airplane']",ship
26873,2,"['ship', 'cat', 'automobile', 'airplane']",cat
26874,5,"['frog', 'ship', 'airplane', 'automobile']",ship
26875,9,"['dog', 'frog', 'cat', 'airplane']",dog
26876,3,"['frog', 'ship', 'automobile', 'airplane']",ship
26877,1,"['bird', 'dog', 'frog', 'cat', 'airplane']",airplane
26878,1,"['bird', 'dog', 'frog', 'cat', 'airplane']",airplane
26879,0,"['horse', 'deer', 'frog', 'cat']",horse
26880,9,"['dog', 'frog', 'cat', 'airplane']",airplane
26881,1,"['bird', 'dog', 'frog', 'cat', 'airplane']",airplane
26882,4,"['cat', 'automobile', 'frog', 'airplane']",automobile
26883,3,"['frog', 'ship', 'automobile', 'airplane']",ship
26884,5,"['frog', 'ship', 'airplane', 'automobile']",ship
26885,6,"['automobile', 'horse', 'ship', 'airplane']",horse
26886,4,"['cat', 'automobile', 'frog', 'airplane']",automobile
26887,7,"['automobile', 'cat', 'airplane', 'frog']",cat
26888,9,"['dog', 'frog', 'cat', 'airplane']",dog
26889,5,"['frog', 'ship', 'airplane', 'automobile']",ship
26890,4,"['cat', 'automobile', 'frog', 'airplane']",automobile
26891,2,"['ship', 'cat', 'automobile', 'airplane']",automobile
26892,4,"['cat', 'automobile', 'frog', 'airplane']",automobile
26893,2,"['ship', 'cat', 'automobile', 'airplane']",cat
26894,4,"['cat', 'automobile', 'frog', 'airplane']",automobile
26895,7,"['automobile', 'cat', 'airplane', 'frog']",airplane
26896,5,"['frog', 'ship', 'airplane', 'automobile']",ship
26897,4,"['cat', 'automobile', 'frog', 'airplane']",automobile
26898,8,"['horse', 'airplane', 'cat', 'frog']",horse
26899,1,"['bird', 'dog', 'frog', 'cat', 'airplane']",airplane
26900,3,"['frog', 'ship', 'automobile', 'airplane']",ship
26901,7,"['automobile', 'cat', 'airplane', 'frog']",cat
26902,4,"['cat', 'automobile', 'frog', 'airplane']",automobile
26903,7,"['automobile', 'cat', 'airplane', 'frog']",cat
26904,3,"['frog', 'ship', 'automobile', 'airplane']",ship
26905,1,"['bird', 'dog', 'frog', 'cat', 'airplane']",airplane
26906,3,"['frog', 'ship', 'automobile', 'airplane']",ship
26907,3,"['frog', 'ship', 'automobile', 'airplane']",ship
26908,9,"['dog', 'frog', 'cat', 'airplane']",dog
26909,5,"['frog', 'ship', 'airplane', 'automobile']",ship
26910,7,"['automobile', 'cat', 'airplane', 'frog']",cat
26911,4,"['cat', 'automobile', 'frog', 'airplane']",automobile
26912,3,"['frog', 'ship', 'automobile', 'airplane']",ship
26913,0,"['horse', 'deer', 'frog', 'cat']",horse
26914,5,"['frog', 'ship', 'airplane', 'automobile']",ship
26915,1,"['bird', 'dog', 'frog', 'cat', 'airplane']",airplane
26916,7,"['automobile', 'cat', 'airplane', 'frog']",cat
26917,5,"['frog', 'ship', 'airplane', 'automobile']",ship
26918,0,"['horse', 'deer', 'frog', 'cat']",horse
26919,6,"['automobile', 'horse', 'ship', 'airplane']",airplane
26920,5,"['frog', 'ship', 'airplane', 'automobile']",ship
26921,6,"['automobile', 'horse', 'ship', 'airplane']",airplane
26922,0,"['horse', 'deer', 'frog', 'cat']",frog
26923,8,"['horse', 'airplane', 'cat', 'frog']",horse
26924,4,"['cat', 'automobile', 'frog', 'airplane']",automobile
26925,8,"['horse', 'airplane', 'cat', 'frog']",horse
26926,4,"['cat', 'automobile', 'frog', 'airplane']",automobile
26927,8,"['horse', 'airplane', 'cat', 'frog']",horse
26928,3,"['frog', 'ship', 'automobile', 'airplane']",ship
26929,4,"['cat', 'automobile', 'frog', 'airplane']",automobile
26930,1,"['bird', 'dog', 'frog', 'cat', 'airplane']",airplane
26931,7,"['automobile', 'cat', 'airplane', 'frog']",cat
26932,9,"['dog', 'frog', 'cat', 'airplane']",airplane
26933,5,"['frog', 'ship', 'airplane', 'automobile']",ship
26934,3,"['frog', 'ship', 'automobile', 'airplane']",ship
26935,1,"['bird', 'dog', 'frog', 'cat', 'airplane']",airplane
26936,4,"['cat', 'automobile', 'frog', 'airplane']",automobile
26937,1,"['bird', 'dog', 'frog', 'cat', 'airplane']",airplane
26938,8,"['horse', 'airplane', 'cat', 'frog']",horse
26939,3,"['frog', 'ship', 'automobile', 'airplane']",ship
26940,6,"['automobile', 'horse', 'ship', 'airplane']",airplane
26941,9,"['dog', 'frog', 'cat', 'airplane']",dog
26942,9,"['dog', 'frog', 'cat', 'airplane']",dog
26943,4,"['cat', 'automobile', 'frog', 'airplane']",automobile
26944,8,"['horse', 'airplane', 'cat', 'frog']",horse
26945,9,"['dog', 'frog', 'cat', 'airplane']",dog
26946,4,"['cat', 'automobile', 'frog', 'airplane']",automobile
26947,7,"['automobile', 'cat', 'airplane', 'frog']",airplane
26948,8,"['horse', 'airplane', 'cat', 'frog']",horse
26949,5,"['frog', 'ship', 'airplane', 'automobile']",ship
26950,1,"['bird', 'dog', 'frog', 'cat', 'airplane']",airplane
26951,8,"['horse', 'airplane', 'cat', 'frog']",horse
26952,9,"['dog', 'frog', 'cat', 'airplane']",airplane
26953,4,"['cat', 'automobile', 'frog', 'airplane']",automobile
26954,5,"['frog', 'ship', 'airplane', 'automobile']",ship
26955,9,"['dog', 'frog', 'cat', 'airplane']",dog
26956,2,"['ship', 'cat', 'automobile', 'airplane']",automobile
26957,2,"['ship', 'cat', 'automobile', 'airplane']",cat
26958,5,"['frog', 'ship', 'airplane', 'automobile']",ship
26959,4,"['cat', 'automobile', 'frog', 'airplane']",airplane
26960,2,"['ship', 'cat', 'automobile', 'airplane']",cat
26961,2,"['ship', 'cat', 'automobile', 'airplane']",automobile
26962,5,"['frog', 'ship', 'airplane', 'automobile']",ship
26963,7,"['automobile', 'cat', 'airplane', 'frog']",airplane
26964,3,"['frog', 'ship', 'automobile', 'airplane']",ship
26965,3,"['frog', 'ship', 'automobile', 'airplane']",ship
26966,6,"['automobile', 'horse', 'ship', 'airplane']",airplane
26967,8,"['horse', 'airplane', 'cat', 'frog']",horse
26968,2,"['ship', 'cat', 'automobile', 'airplane']",ship
26969,5,"['frog', 'ship', 'airplane', 'automobile']",ship
26970,9,"['dog', 'frog', 'cat', 'airplane']",dog
26971,5,"['frog', 'ship', 'airplane', 'automobile']",ship
26972,9,"['dog', 'frog', 'cat', 'airplane']",airplane
26973,7,"['automobile', 'cat', 'airplane', 'frog']",cat
26974,3,"['frog', 'ship', 'automobile', 'airplane']",ship
26975,4,"['cat', 'automobile', 'frog', 'airplane']",automobile
26976,2,"['ship', 'cat', 'automobile', 'airplane']",cat
26977,8,"['horse', 'airplane', 'cat', 'frog']",horse
26978,4,"['cat', 'automobile', 'frog', 'airplane']",automobile
26979,4,"['cat', 'automobile', 'frog', 'airplane']",automobile
26980,8,"['horse', 'airplane', 'cat', 'frog']",airplane
26981,8,"['horse', 'airplane', 'cat', 'frog']",horse
26982,2,"['ship', 'cat', 'automobile', 'airplane']",automobile
26983,7,"['automobile', 'cat', 'airplane', 'frog']",airplane
26984,7,"['automobile', 'cat', 'airplane', 'frog']",cat
26985,0,"['horse', 'deer', 'frog', 'cat']",horse
26986,1,"['bird', 'dog', 'frog', 'cat', 'airplane']",airplane
26987,5,"['frog', 'ship', 'airplane', 'automobile']",ship
26988,8,"['horse', 'airplane', 'cat', 'frog']",horse
26989,9,"['dog', 'frog', 'cat', 'airplane']",airplane
26990,2,"['ship', 'cat', 'automobile', 'airplane']",cat
26991,7,"['automobile', 'cat', 'airplane', 'frog']",airplane
26992,2,"['ship', 'cat', 'automobile', 'airplane']",automobile
26993,8,"['horse', 'airplane', 'cat', 'frog']",horse
26994,1,"['bird', 'dog', 'frog', 'cat', 'airplane']",airplane
26995,2,"['ship', 'cat', 'automobile', 'airplane']",cat
26996,5,"['frog', 'ship', 'airplane', 'automobile']",ship
26997,4,"['cat', 'automobile', 'frog', 'airplane']",automobile
26998,5,"['frog', 'ship', 'airplane', 'automobile']",ship
26999,2,"['ship', 'cat', 'automobile', 'airplane']",cat
27000,0,"['horse', 'deer', 'frog', 'cat']",horse
27001,2,"['ship', 'cat', 'automobile', 'airplane']",cat
27002,1,"['bird', 'dog', 'frog', 'cat', 'airplane']",airplane
27003,4,"['cat', 'automobile', 'frog', 'airplane']",automobile
27004,0,"['horse', 'deer', 'frog', 'cat']",horse
27005,9,"['dog', 'frog', 'cat', 'airplane']",airplane
27006,7,"['automobile', 'cat', 'airplane', 'frog']",airplane
27007,0,"['horse', 'deer', 'frog', 'cat']",horse
27008,6,"['automobile', 'horse', 'ship', 'airplane']",airplane
27009,1,"['bird', 'dog', 'frog', 'cat', 'airplane']",airplane
27010,6,"['automobile', 'horse', 'ship', 'airplane']",airplane
27011,9,"['dog', 'frog', 'cat', 'airplane']",airplane
27012,3,"['frog', 'ship', 'automobile', 'airplane']",ship
27013,3,"['frog', 'ship', 'automobile', 'airplane']",ship
27014,4,"['cat', 'automobile', 'frog', 'airplane']",automobile
27015,7,"['automobile', 'cat', 'airplane', 'frog']",cat
27016,5,"['frog', 'ship', 'airplane', 'automobile']",ship
27017,4,"['cat', 'automobile', 'frog', 'airplane']",automobile
27018,9,"['dog', 'frog', 'cat', 'airplane']",dog
27019,1,"['bird', 'dog', 'frog', 'cat', 'airplane']",airplane
27020,3,"['frog', 'ship', 'automobile', 'airplane']",ship
27021,3,"['frog', 'ship', 'automobile', 'airplane']",frog
27022,6,"['automobile', 'horse', 'ship', 'airplane']",airplane
27023,4,"['cat', 'automobile', 'frog', 'airplane']",automobile
27024,1,"['bird', 'dog', 'frog', 'cat', 'airplane']",airplane
27025,9,"['dog', 'frog', 'cat', 'airplane']",dog
27026,0,"['horse', 'deer', 'frog', 'cat']",horse
27027,8,"['horse', 'airplane', 'cat', 'frog']",horse
27028,4,"['cat', 'automobile', 'frog', 'airplane']",automobile
27029,4,"['cat', 'automobile', 'frog', 'airplane']",automobile
27030,9,"['dog', 'frog', 'cat', 'airplane']",dog
27031,4,"['cat', 'automobile', 'frog', 'airplane']",automobile
27032,5,"['frog', 'ship', 'airplane', 'automobile']",ship
27033,8,"['horse', 'airplane', 'cat', 'frog']",horse
27034,8,"['horse', 'airplane', 'cat', 'frog']",horse
27035,7,"['automobile', 'cat', 'airplane', 'frog']",airplane
27036,7,"['automobile', 'cat', 'airplane', 'frog']",airplane
27037,1,"['bird', 'dog', 'frog', 'cat', 'airplane']",airplane
27038,7,"['automobile', 'cat', 'airplane', 'frog']",cat
27039,7,"['automobile', 'cat', 'airplane', 'frog']",cat
27040,9,"['dog', 'frog', 'cat', 'airplane']",airplane
27041,9,"['dog', 'frog', 'cat', 'airplane']",dog
27042,0,"['horse', 'deer', 'frog', 'cat']",horse
27043,7,"['automobile', 'cat', 'airplane', 'frog']",frog
27044,4,"['cat', 'automobile', 'frog', 'airplane']",automobile
27045,9,"['dog', 'frog', 'cat', 'airplane']",dog
27046,2,"['ship', 'cat', 'automobile', 'airplane']",automobile
27047,0,"['horse', 'deer', 'frog', 'cat']",horse
27048,0,"['horse', 'deer', 'frog', 'cat']",horse
27049,2,"['ship', 'cat', 'automobile', 'airplane']",ship
27050,4,"['cat', 'automobile', 'frog', 'airplane']",automobile
27051,6,"['automobile', 'horse', 'ship', 'airplane']",ship
27052,1,"['bird', 'dog', 'frog', 'cat', 'airplane']",airplane
27053,5,"['frog', 'ship', 'airplane', 'automobile']",ship
27054,7,"['automobile', 'cat', 'airplane', 'frog']",cat
27055,7,"['automobile', 'cat', 'airplane', 'frog']",cat
27056,8,"['horse', 'airplane', 'cat', 'frog']",horse
27057,8,"['horse', 'airplane', 'cat', 'frog']",horse
27058,9,"['dog', 'frog', 'cat', 'airplane']",airplane
27059,0,"['horse', 'deer', 'frog', 'cat']",horse
27060,7,"['automobile', 'cat', 'airplane', 'frog']",airplane
27061,8,"['horse', 'airplane', 'cat', 'frog']",horse
27062,4,"['cat', 'automobile', 'frog', 'airplane']",automobile
27063,4,"['cat', 'automobile', 'frog', 'airplane']",automobile
27064,3,"['frog', 'ship', 'automobile', 'airplane']",ship
27065,5,"['frog', 'ship', 'airplane', 'automobile']",ship
27066,5,"['frog', 'ship', 'airplane', 'automobile']",ship
27067,8,"['horse', 'airplane', 'cat', 'frog']",horse
27068,8,"['horse', 'airplane', 'cat', 'frog']",horse
27069,3,"['frog', 'ship', 'automobile', 'airplane']",ship
27070,9,"['dog', 'frog', 'cat', 'airplane']",dog
27071,0,"['horse', 'deer', 'frog', 'cat']",horse
27072,2,"['ship', 'cat', 'automobile', 'airplane']",cat
27073,1,"['bird', 'dog', 'frog', 'cat', 'airplane']",airplane
27074,4,"['cat', 'automobile', 'frog', 'airplane']",automobile
27075,0,"['horse', 'deer', 'frog', 'cat']",horse
27076,2,"['ship', 'cat', 'automobile', 'airplane']",ship
27077,3,"['frog', 'ship', 'automobile', 'airplane']",ship
27078,7,"['automobile', 'cat', 'airplane', 'frog']",frog
27079,7,"['automobile', 'cat', 'airplane', 'frog']",cat
27080,0,"['horse', 'deer', 'frog', 'cat']",horse
27081,2,"['ship', 'cat', 'automobile', 'airplane']",cat
27082,6,"['automobile', 'horse', 'ship', 'airplane']",airplane
27083,9,"['dog', 'frog', 'cat', 'airplane']",dog
27084,1,"['bird', 'dog', 'frog', 'cat', 'airplane']",airplane
27085,9,"['dog', 'frog', 'cat', 'airplane']",airplane
27086,7,"['automobile', 'cat', 'airplane', 'frog']",frog
27087,6,"['automobile', 'horse', 'ship', 'airplane']",airplane
27088,6,"['automobile', 'horse', 'ship', 'airplane']",airplane
27089,1,"['bird', 'dog', 'frog', 'cat', 'airplane']",airplane
27090,3,"['frog', 'ship', 'automobile', 'airplane']",ship
27091,2,"['ship', 'cat', 'automobile', 'airplane']",cat
27092,5,"['frog', 'ship', 'airplane', 'automobile']",ship
27093,5,"['frog', 'ship', 'airplane', 'automobile']",ship
27094,5,"['frog', 'ship', 'airplane', 'automobile']",ship
27095,6,"['automobile', 'horse', 'ship', 'airplane']",airplane
27096,3,"['frog', 'ship', 'automobile', 'airplane']",ship
27097,2,"['ship', 'cat', 'automobile', 'airplane']",ship
27098,7,"['automobile', 'cat', 'airplane', 'frog']",cat
27099,1,"['bird', 'dog', 'frog', 'cat', 'airplane']",airplane
27100,4,"['cat', 'automobile', 'frog', 'airplane']",automobile
27101,1,"['bird', 'dog', 'frog', 'cat', 'airplane']",airplane
27102,6,"['automobile', 'horse', 'ship', 'airplane']",airplane
27103,2,"['ship', 'cat', 'automobile', 'airplane']",cat
27104,0,"['horse', 'deer', 'frog', 'cat']",horse
27105,4,"['cat', 'automobile', 'frog', 'airplane']",automobile
27106,4,"['cat', 'automobile', 'frog', 'airplane']",automobile
27107,5,"['frog', 'ship', 'airplane', 'automobile']",ship
27108,3,"['frog', 'ship', 'automobile', 'airplane']",ship
27109,5,"['frog', 'ship', 'airplane', 'automobile']",ship
27110,2,"['ship', 'cat', 'automobile', 'airplane']",cat
27111,9,"['dog', 'frog', 'cat', 'airplane']",airplane
27112,9,"['dog', 'frog', 'cat', 'airplane']",airplane
27113,7,"['automobile', 'cat', 'airplane', 'frog']",cat
27114,3,"['frog', 'ship', 'automobile', 'airplane']",ship
27115,3,"['frog', 'ship', 'automobile', 'airplane']",ship
27116,7,"['automobile', 'cat', 'airplane', 'frog']",airplane
27117,6,"['automobile', 'horse', 'ship', 'airplane']",airplane
27118,3,"['frog', 'ship', 'automobile', 'airplane']",ship
27119,9,"['dog', 'frog', 'cat', 'airplane']",dog
27120,6,"['automobile', 'horse', 'ship', 'airplane']",airplane
27121,2,"['ship', 'cat', 'automobile', 'airplane']",automobile
27122,9,"['dog', 'frog', 'cat', 'airplane']",airplane
27123,7,"['automobile', 'cat', 'airplane', 'frog']",cat
27124,8,"['horse', 'airplane', 'cat', 'frog']",airplane
27125,5,"['frog', 'ship', 'airplane', 'automobile']",ship
27126,6,"['automobile', 'horse', 'ship', 'airplane']",horse
27127,6,"['automobile', 'horse', 'ship', 'airplane']",airplane
27128,0,"['horse', 'deer', 'frog', 'cat']",horse
27129,1,"['bird', 'dog', 'frog', 'cat', 'airplane']",airplane
27130,1,"['bird', 'dog', 'frog', 'cat', 'airplane']",airplane
27131,2,"['ship', 'cat', 'automobile', 'airplane']",ship
27132,1,"['bird', 'dog', 'frog', 'cat', 'airplane']",airplane
27133,9,"['dog', 'frog', 'cat', 'airplane']",airplane
27134,6,"['automobile', 'horse', 'ship', 'airplane']",airplane
27135,4,"['cat', 'automobile', 'frog', 'airplane']",automobile
27136,3,"['frog', 'ship', 'automobile', 'airplane']",ship
27137,0,"['horse', 'deer', 'frog', 'cat']",horse
27138,3,"['frog', 'ship', 'automobile', 'airplane']",ship
27139,4,"['cat', 'automobile', 'frog', 'airplane']",automobile
27140,5,"['frog', 'ship', 'airplane', 'automobile']",ship
27141,5,"['frog', 'ship', 'airplane', 'automobile']",ship
27142,3,"['frog', 'ship', 'automobile', 'airplane']",ship
27143,1,"['bird', 'dog', 'frog', 'cat', 'airplane']",airplane
27144,4,"['cat', 'automobile', 'frog', 'airplane']",automobile
27145,7,"['automobile', 'cat', 'airplane', 'frog']",airplane
27146,9,"['dog', 'frog', 'cat', 'airplane']",dog
27147,0,"['horse', 'deer', 'frog', 'cat']",horse
27148,9,"['dog', 'frog', 'cat', 'airplane']",airplane
27149,2,"['ship', 'cat', 'automobile', 'airplane']",cat
27150,5,"['frog', 'ship', 'airplane', 'automobile']",ship
27151,9,"['dog', 'frog', 'cat', 'airplane']",dog
27152,3,"['frog', 'ship', 'automobile', 'airplane']",ship
27153,8,"['horse', 'airplane', 'cat', 'frog']",horse
27154,6,"['automobile', 'horse', 'ship', 'airplane']",ship
27155,0,"['horse', 'deer', 'frog', 'cat']",horse
27156,3,"['frog', 'ship', 'automobile', 'airplane']",ship
27157,7,"['automobile', 'cat', 'airplane', 'frog']",airplane
27158,5,"['frog', 'ship', 'airplane', 'automobile']",ship
27159,5,"['frog', 'ship', 'airplane', 'automobile']",ship
27160,9,"['dog', 'frog', 'cat', 'airplane']",airplane
27161,7,"['automobile', 'cat', 'airplane', 'frog']",airplane
27162,9,"['dog', 'frog', 'cat', 'airplane']",airplane
27163,2,"['ship', 'cat', 'automobile', 'airplane']",ship
27164,6,"['automobile', 'horse', 'ship', 'airplane']",automobile
27165,3,"['frog', 'ship', 'automobile', 'airplane']",ship
27166,4,"['cat', 'automobile', 'frog', 'airplane']",automobile
27167,4,"['cat', 'automobile', 'frog', 'airplane']",automobile
27168,9,"['dog', 'frog', 'cat', 'airplane']",airplane
27169,2,"['ship', 'cat', 'automobile', 'airplane']",cat
27170,0,"['horse', 'deer', 'frog', 'cat']",horse
27171,8,"['horse', 'airplane', 'cat', 'frog']",horse
27172,7,"['automobile', 'cat', 'airplane', 'frog']",cat
27173,4,"['cat', 'automobile', 'frog', 'airplane']",automobile
27174,1,"['bird', 'dog', 'frog', 'cat', 'airplane']",airplane
27175,0,"['horse', 'deer', 'frog', 'cat']",horse
27176,0,"['horse', 'deer', 'frog', 'cat']",horse
27177,6,"['automobile', 'horse', 'ship', 'airplane']",automobile
27178,1,"['bird', 'dog', 'frog', 'cat', 'airplane']",airplane
27179,0,"['horse', 'deer', 'frog', 'cat']",horse
27180,4,"['cat', 'automobile', 'frog', 'airplane']",automobile
27181,4,"['cat', 'automobile', 'frog', 'airplane']",automobile
27182,7,"['automobile', 'cat', 'airplane', 'frog']",cat
27183,6,"['automobile', 'horse', 'ship', 'airplane']",automobile
27184,9,"['dog', 'frog', 'cat', 'airplane']",airplane
27185,2,"['ship', 'cat', 'automobile', 'airplane']",cat
27186,2,"['ship', 'cat', 'automobile', 'airplane']",cat
27187,7,"['automobile', 'cat', 'airplane', 'frog']",cat
27188,5,"['frog', 'ship', 'airplane', 'automobile']",ship
27189,7,"['automobile', 'cat', 'airplane', 'frog']",cat
27190,9,"['dog', 'frog', 'cat', 'airplane']",dog
27191,2,"['ship', 'cat', 'automobile', 'airplane']",cat
27192,2,"['ship', 'cat', 'automobile', 'airplane']",cat
27193,4,"['cat', 'automobile', 'frog', 'airplane']",automobile
27194,1,"['bird', 'dog', 'frog', 'cat', 'airplane']",airplane
27195,1,"['bird', 'dog', 'frog', 'cat', 'airplane']",airplane
27196,9,"['dog', 'frog', 'cat', 'airplane']",frog
27197,2,"['ship', 'cat', 'automobile', 'airplane']",cat
27198,9,"['dog', 'frog', 'cat', 'airplane']",airplane
27199,4,"['cat', 'automobile', 'frog', 'airplane']",automobile
27200,1,"['bird', 'dog', 'frog', 'cat', 'airplane']",airplane
27201,2,"['ship', 'cat', 'automobile', 'airplane']",cat
27202,0,"['horse', 'deer', 'frog', 'cat']",frog
27203,3,"['frog', 'ship', 'automobile', 'airplane']",ship
27204,2,"['ship', 'cat', 'automobile', 'airplane']",cat
27205,4,"['cat', 'automobile', 'frog', 'airplane']",automobile
27206,4,"['cat', 'automobile', 'frog', 'airplane']",automobile
27207,5,"['frog', 'ship', 'airplane', 'automobile']",ship
27208,3,"['frog', 'ship', 'automobile', 'airplane']",ship
27209,3,"['frog', 'ship', 'automobile', 'airplane']",ship
27210,3,"['frog', 'ship', 'automobile', 'airplane']",ship
27211,0,"['horse', 'deer', 'frog', 'cat']",horse
27212,3,"['frog', 'ship', 'automobile', 'airplane']",ship
27213,4,"['cat', 'automobile', 'frog', 'airplane']",automobile
27214,4,"['cat', 'automobile', 'frog', 'airplane']",automobile
27215,1,"['bird', 'dog', 'frog', 'cat', 'airplane']",airplane
27216,0,"['horse', 'deer', 'frog', 'cat']",horse
27217,7,"['automobile', 'cat', 'airplane', 'frog']",airplane
27218,6,"['automobile', 'horse', 'ship', 'airplane']",airplane
27219,5,"['frog', 'ship', 'airplane', 'automobile']",ship
27220,4,"['cat', 'automobile', 'frog', 'airplane']",automobile
27221,4,"['cat', 'automobile', 'frog', 'airplane']",automobile
27222,3,"['frog', 'ship', 'automobile', 'airplane']",ship
27223,5,"['frog', 'ship', 'airplane', 'automobile']",ship
27224,5,"['frog', 'ship', 'airplane', 'automobile']",ship
27225,5,"['frog', 'ship', 'airplane', 'automobile']",ship
27226,7,"['automobile', 'cat', 'airplane', 'frog']",airplane
27227,4,"['cat', 'automobile', 'frog', 'airplane']",automobile
27228,1,"['bird', 'dog', 'frog', 'cat', 'airplane']",airplane
27229,6,"['automobile', 'horse', 'ship', 'airplane']",airplane
27230,7,"['automobile', 'cat', 'airplane', 'frog']",cat
27231,0,"['horse', 'deer', 'frog', 'cat']",horse
27232,7,"['automobile', 'cat', 'airplane', 'frog']",airplane
27233,3,"['frog', 'ship', 'automobile', 'airplane']",ship
27234,4,"['cat', 'automobile', 'frog', 'airplane']",automobile
27235,3,"['frog', 'ship', 'automobile', 'airplane']",ship
27236,4,"['cat', 'automobile', 'frog', 'airplane']",automobile
27237,9,"['dog', 'frog', 'cat', 'airplane']",airplane
27238,1,"['bird', 'dog', 'frog', 'cat', 'airplane']",airplane
27239,2,"['ship', 'cat', 'automobile', 'airplane']",cat
27240,6,"['automobile', 'horse', 'ship', 'airplane']",airplane
27241,8,"['horse', 'airplane', 'cat', 'frog']",horse
27242,7,"['automobile', 'cat', 'airplane', 'frog']",cat
27243,8,"['horse', 'airplane', 'cat', 'frog']",horse
27244,7,"['automobile', 'cat', 'airplane', 'frog']",cat
27245,9,"['dog', 'frog', 'cat', 'airplane']",airplane
27246,3,"['frog', 'ship', 'automobile', 'airplane']",ship
27247,4,"['cat', 'automobile', 'frog', 'airplane']",automobile
27248,7,"['automobile', 'cat', 'airplane', 'frog']",cat
27249,9,"['dog', 'frog', 'cat', 'airplane']",airplane
27250,3,"['frog', 'ship', 'automobile', 'airplane']",ship
27251,1,"['bird', 'dog', 'frog', 'cat', 'airplane']",airplane
27252,8,"['horse', 'airplane', 'cat', 'frog']",horse
27253,2,"['ship', 'cat', 'automobile', 'airplane']",automobile
27254,3,"['frog', 'ship', 'automobile', 'airplane']",ship
27255,7,"['automobile', 'cat', 'airplane', 'frog']",cat
27256,9,"['dog', 'frog', 'cat', 'airplane']",airplane
27257,5,"['frog', 'ship', 'airplane', 'automobile']",ship
27258,4,"['cat', 'automobile', 'frog', 'airplane']",automobile
27259,4,"['cat', 'automobile', 'frog', 'airplane']",automobile
27260,1,"['bird', 'dog', 'frog', 'cat', 'airplane']",airplane
27261,8,"['horse', 'airplane', 'cat', 'frog']",horse
27262,1,"['bird', 'dog', 'frog', 'cat', 'airplane']",airplane
27263,3,"['frog', 'ship', 'automobile', 'airplane']",ship
27264,2,"['ship', 'cat', 'automobile', 'airplane']",cat
27265,5,"['frog', 'ship', 'airplane', 'automobile']",ship
27266,2,"['ship', 'cat', 'automobile', 'airplane']",cat
27267,0,"['horse', 'deer', 'frog', 'cat']",horse
27268,1,"['bird', 'dog', 'frog', 'cat', 'airplane']",airplane
27269,5,"['frog', 'ship', 'airplane', 'automobile']",ship
27270,3,"['frog', 'ship', 'automobile', 'airplane']",ship
27271,8,"['horse', 'airplane', 'cat', 'frog']",horse
27272,1,"['bird', 'dog', 'frog', 'cat', 'airplane']",airplane
27273,1,"['bird', 'dog', 'frog', 'cat', 'airplane']",airplane
27274,3,"['frog', 'ship', 'automobile', 'airplane']",ship
27275,3,"['frog', 'ship', 'automobile', 'airplane']",ship
27276,4,"['cat', 'automobile', 'frog', 'airplane']",automobile
27277,9,"['dog', 'frog', 'cat', 'airplane']",airplane
27278,0,"['horse', 'deer', 'frog', 'cat']",horse
27279,5,"['frog', 'ship', 'airplane', 'automobile']",ship
27280,0,"['horse', 'deer', 'frog', 'cat']",horse
27281,8,"['horse', 'airplane', 'cat', 'frog']",horse
27282,4,"['cat', 'automobile', 'frog', 'airplane']",automobile
27283,5,"['frog', 'ship', 'airplane', 'automobile']",ship
27284,1,"['bird', 'dog', 'frog', 'cat', 'airplane']",airplane
27285,4,"['cat', 'automobile', 'frog', 'airplane']",automobile
27286,0,"['horse', 'deer', 'frog', 'cat']",horse
27287,9,"['dog', 'frog', 'cat', 'airplane']",airplane
27288,7,"['automobile', 'cat', 'airplane', 'frog']",airplane
27289,5,"['frog', 'ship', 'airplane', 'automobile']",ship
27290,5,"['frog', 'ship', 'airplane', 'automobile']",ship
27291,9,"['dog', 'frog', 'cat', 'airplane']",dog
27292,5,"['frog', 'ship', 'airplane', 'automobile']",ship
27293,8,"['horse', 'airplane', 'cat', 'frog']",horse
27294,7,"['automobile', 'cat', 'airplane', 'frog']",cat
27295,6,"['automobile', 'horse', 'ship', 'airplane']",airplane
27296,7,"['automobile', 'cat', 'airplane', 'frog']",cat
27297,3,"['frog', 'ship', 'automobile', 'airplane']",ship
27298,3,"['frog', 'ship', 'automobile', 'airplane']",ship
27299,9,"['dog', 'frog', 'cat', 'airplane']",dog
27300,5,"['frog', 'ship', 'airplane', 'automobile']",ship
27301,0,"['horse', 'deer', 'frog', 'cat']",horse
27302,4,"['cat', 'automobile', 'frog', 'airplane']",automobile
27303,4,"['cat', 'automobile', 'frog', 'airplane']",automobile
27304,3,"['frog', 'ship', 'automobile', 'airplane']",ship
27305,5,"['frog', 'ship', 'airplane', 'automobile']",ship
27306,1,"['bird', 'dog', 'frog', 'cat', 'airplane']",airplane
27307,9,"['dog', 'frog', 'cat', 'airplane']",airplane
27308,2,"['ship', 'cat', 'automobile', 'airplane']",cat
27309,2,"['ship', 'cat', 'automobile', 'airplane']",cat
27310,8,"['horse', 'airplane', 'cat', 'frog']",horse
27311,9,"['dog', 'frog', 'cat', 'airplane']",airplane
27312,0,"['horse', 'deer', 'frog', 'cat']",horse
27313,4,"['cat', 'automobile', 'frog', 'airplane']",automobile
27314,2,"['ship', 'cat', 'automobile', 'airplane']",cat
27315,0,"['horse', 'deer', 'frog', 'cat']",horse
27316,5,"['frog', 'ship', 'airplane', 'automobile']",ship
27317,3,"['frog', 'ship', 'automobile', 'airplane']",ship
27318,1,"['bird', 'dog', 'frog', 'cat', 'airplane']",airplane
27319,1,"['bird', 'dog', 'frog', 'cat', 'airplane']",airplane
27320,7,"['automobile', 'cat', 'airplane', 'frog']",airplane
27321,1,"['bird', 'dog', 'frog', 'cat', 'airplane']",airplane
27322,4,"['cat', 'automobile', 'frog', 'airplane']",automobile
27323,0,"['horse', 'deer', 'frog', 'cat']",horse
27324,0,"['horse', 'deer', 'frog', 'cat']",horse
27325,2,"['ship', 'cat', 'automobile', 'airplane']",cat
27326,2,"['ship', 'cat', 'automobile', 'airplane']",cat
27327,7,"['automobile', 'cat', 'airplane', 'frog']",cat
27328,2,"['ship', 'cat', 'automobile', 'airplane']",automobile
27329,6,"['automobile', 'horse', 'ship', 'airplane']",airplane
27330,1,"['bird', 'dog', 'frog', 'cat', 'airplane']",airplane
27331,3,"['frog', 'ship', 'automobile', 'airplane']",ship
27332,6,"['automobile', 'horse', 'ship', 'airplane']",ship
27333,2,"['ship', 'cat', 'automobile', 'airplane']",automobile
27334,4,"['cat', 'automobile', 'frog', 'airplane']",automobile
27335,7,"['automobile', 'cat', 'airplane', 'frog']",airplane
27336,9,"['dog', 'frog', 'cat', 'airplane']",dog
27337,8,"['horse', 'airplane', 'cat', 'frog']",horse
27338,0,"['horse', 'deer', 'frog', 'cat']",horse
27339,8,"['horse', 'airplane', 'cat', 'frog']",horse
27340,9,"['dog', 'frog', 'cat', 'airplane']",dog
27341,9,"['dog', 'frog', 'cat', 'airplane']",dog
27342,4,"['cat', 'automobile', 'frog', 'airplane']",automobile
27343,9,"['dog', 'frog', 'cat', 'airplane']",airplane
27344,9,"['dog', 'frog', 'cat', 'airplane']",airplane
27345,5,"['frog', 'ship', 'airplane', 'automobile']",ship
27346,6,"['automobile', 'horse', 'ship', 'airplane']",airplane
27347,5,"['frog', 'ship', 'airplane', 'automobile']",ship
27348,5,"['frog', 'ship', 'airplane', 'automobile']",ship
27349,5,"['frog', 'ship', 'airplane', 'automobile']",ship
27350,9,"['dog', 'frog', 'cat', 'airplane']",airplane
27351,3,"['frog', 'ship', 'automobile', 'airplane']",ship
27352,8,"['horse', 'airplane', 'cat', 'frog']",horse
27353,6,"['automobile', 'horse', 'ship', 'airplane']",automobile
27354,1,"['bird', 'dog', 'frog', 'cat', 'airplane']",airplane
27355,5,"['frog', 'ship', 'airplane', 'automobile']",ship
27356,2,"['ship', 'cat', 'automobile', 'airplane']",cat
27357,6,"['automobile', 'horse', 'ship', 'airplane']",airplane
27358,0,"['horse', 'deer', 'frog', 'cat']",horse
27359,5,"['frog', 'ship', 'airplane', 'automobile']",ship
27360,9,"['dog', 'frog', 'cat', 'airplane']",dog
27361,3,"['frog', 'ship', 'automobile', 'airplane']",ship
27362,6,"['automobile', 'horse', 'ship', 'airplane']",automobile
27363,7,"['automobile', 'cat', 'airplane', 'frog']",cat
27364,8,"['horse', 'airplane', 'cat', 'frog']",horse
27365,9,"['dog', 'frog', 'cat', 'airplane']",dog
27366,4,"['cat', 'automobile', 'frog', 'airplane']",automobile
27367,6,"['automobile', 'horse', 'ship', 'airplane']",airplane
27368,2,"['ship', 'cat', 'automobile', 'airplane']",cat
27369,9,"['dog', 'frog', 'cat', 'airplane']",dog
27370,8,"['horse', 'airplane', 'cat', 'frog']",horse
27371,1,"['bird', 'dog', 'frog', 'cat', 'airplane']",airplane
27372,4,"['cat', 'automobile', 'frog', 'airplane']",automobile
27373,2,"['ship', 'cat', 'automobile', 'airplane']",automobile
27374,7,"['automobile', 'cat', 'airplane', 'frog']",cat
27375,0,"['horse', 'deer', 'frog', 'cat']",horse
27376,6,"['automobile', 'horse', 'ship', 'airplane']",automobile
27377,5,"['frog', 'ship', 'airplane', 'automobile']",ship
27378,8,"['horse', 'airplane', 'cat', 'frog']",horse
27379,6,"['automobile', 'horse', 'ship', 'airplane']",airplane
27380,9,"['dog', 'frog', 'cat', 'airplane']",airplane
27381,7,"['automobile', 'cat', 'airplane', 'frog']",cat
27382,1,"['bird', 'dog', 'frog', 'cat', 'airplane']",airplane
27383,5,"['frog', 'ship', 'airplane', 'automobile']",ship
27384,4,"['cat', 'automobile', 'frog', 'airplane']",automobile
27385,6,"['automobile', 'horse', 'ship', 'airplane']",airplane
27386,8,"['horse', 'airplane', 'cat', 'frog']",horse
27387,5,"['frog', 'ship', 'airplane', 'automobile']",ship
27388,4,"['cat', 'automobile', 'frog', 'airplane']",automobile
27389,6,"['automobile', 'horse', 'ship', 'airplane']",automobile
27390,4,"['cat', 'automobile', 'frog', 'airplane']",automobile
27391,4,"['cat', 'automobile', 'frog', 'airplane']",automobile
27392,5,"['frog', 'ship', 'airplane', 'automobile']",ship
27393,2,"['ship', 'cat', 'automobile', 'airplane']",automobile
27394,4,"['cat', 'automobile', 'frog', 'airplane']",automobile
27395,9,"['dog', 'frog', 'cat', 'airplane']",airplane
27396,7,"['automobile', 'cat', 'airplane', 'frog']",cat
27397,5,"['frog', 'ship', 'airplane', 'automobile']",frog
27398,8,"['horse', 'airplane', 'cat', 'frog']",horse
27399,2,"['ship', 'cat', 'automobile', 'airplane']",cat
27400,7,"['automobile', 'cat', 'airplane', 'frog']",airplane
27401,5,"['frog', 'ship', 'airplane', 'automobile']",ship
27402,1,"['bird', 'dog', 'frog', 'cat', 'airplane']",airplane
27403,6,"['automobile', 'horse', 'ship', 'airplane']",airplane
27404,1,"['bird', 'dog', 'frog', 'cat', 'airplane']",airplane
27405,1,"['bird', 'dog', 'frog', 'cat', 'airplane']",airplane
27406,7,"['automobile', 'cat', 'airplane', 'frog']",airplane
27407,3,"['frog', 'ship', 'automobile', 'airplane']",ship
27408,5,"['frog', 'ship', 'airplane', 'automobile']",ship
27409,4,"['cat', 'automobile', 'frog', 'airplane']",automobile
27410,8,"['horse', 'airplane', 'cat', 'frog']",horse
27411,7,"['automobile', 'cat', 'airplane', 'frog']",cat
27412,4,"['cat', 'automobile', 'frog', 'airplane']",automobile
27413,3,"['frog', 'ship', 'automobile', 'airplane']",ship
27414,6,"['automobile', 'horse', 'ship', 'airplane']",airplane
27415,0,"['horse', 'deer', 'frog', 'cat']",horse
27416,2,"['ship', 'cat', 'automobile', 'airplane']",cat
27417,4,"['cat', 'automobile', 'frog', 'airplane']",automobile
27418,3,"['frog', 'ship', 'automobile', 'airplane']",ship
27419,1,"['bird', 'dog', 'frog', 'cat', 'airplane']",airplane
27420,9,"['dog', 'frog', 'cat', 'airplane']",airplane
27421,7,"['automobile', 'cat', 'airplane', 'frog']",cat
27422,5,"['frog', 'ship', 'airplane', 'automobile']",ship
27423,7,"['automobile', 'cat', 'airplane', 'frog']",cat
27424,3,"['frog', 'ship', 'automobile', 'airplane']",ship
27425,0,"['horse', 'deer', 'frog', 'cat']",horse
27426,0,"['horse', 'deer', 'frog', 'cat']",horse
27427,0,"['horse', 'deer', 'frog', 'cat']",horse
27428,4,"['cat', 'automobile', 'frog', 'airplane']",automobile
27429,4,"['cat', 'automobile', 'frog', 'airplane']",automobile
27430,2,"['ship', 'cat', 'automobile', 'airplane']",automobile
27431,0,"['horse', 'deer', 'frog', 'cat']",horse
27432,3,"['frog', 'ship', 'automobile', 'airplane']",ship
27433,3,"['frog', 'ship', 'automobile', 'airplane']",ship
27434,0,"['horse', 'deer', 'frog', 'cat']",horse
27435,9,"['dog', 'frog', 'cat', 'airplane']",airplane
27436,8,"['horse', 'airplane', 'cat', 'frog']",horse
27437,6,"['automobile', 'horse', 'ship', 'airplane']",airplane
27438,0,"['horse', 'deer', 'frog', 'cat']",horse
27439,9,"['dog', 'frog', 'cat', 'airplane']",airplane
27440,0,"['horse', 'deer', 'frog', 'cat']",horse
27441,3,"['frog', 'ship', 'automobile', 'airplane']",ship
27442,1,"['bird', 'dog', 'frog', 'cat', 'airplane']",airplane
27443,5,"['frog', 'ship', 'airplane', 'automobile']",ship
27444,0,"['horse', 'deer', 'frog', 'cat']",horse
27445,5,"['frog', 'ship', 'airplane', 'automobile']",ship
27446,4,"['cat', 'automobile', 'frog', 'airplane']",automobile
27447,1,"['bird', 'dog', 'frog', 'cat', 'airplane']",airplane
27448,9,"['dog', 'frog', 'cat', 'airplane']",airplane
27449,8,"['horse', 'airplane', 'cat', 'frog']",horse
27450,6,"['automobile', 'horse', 'ship', 'airplane']",airplane
27451,7,"['automobile', 'cat', 'airplane', 'frog']",airplane
27452,7,"['automobile', 'cat', 'airplane', 'frog']",airplane
27453,4,"['cat', 'automobile', 'frog', 'airplane']",automobile
27454,6,"['automobile', 'horse', 'ship', 'airplane']",ship
27455,4,"['cat', 'automobile', 'frog', 'airplane']",automobile
27456,5,"['frog', 'ship', 'airplane', 'automobile']",ship
27457,9,"['dog', 'frog', 'cat', 'airplane']",airplane
27458,8,"['horse', 'airplane', 'cat', 'frog']",horse
27459,5,"['frog', 'ship', 'airplane', 'automobile']",ship
27460,0,"['horse', 'deer', 'frog', 'cat']",horse
27461,4,"['cat', 'automobile', 'frog', 'airplane']",automobile
27462,5,"['frog', 'ship', 'airplane', 'automobile']",ship
27463,5,"['frog', 'ship', 'airplane', 'automobile']",ship
27464,6,"['automobile', 'horse', 'ship', 'airplane']",ship
27465,1,"['bird', 'dog', 'frog', 'cat', 'airplane']",airplane
27466,4,"['cat', 'automobile', 'frog', 'airplane']",automobile
27467,3,"['frog', 'ship', 'automobile', 'airplane']",ship
27468,4,"['cat', 'automobile', 'frog', 'airplane']",automobile
27469,4,"['cat', 'automobile', 'frog', 'airplane']",automobile
27470,2,"['ship', 'cat', 'automobile', 'airplane']",cat
27471,9,"['dog', 'frog', 'cat', 'airplane']",airplane
27472,5,"['frog', 'ship', 'airplane', 'automobile']",ship
27473,6,"['automobile', 'horse', 'ship', 'airplane']",airplane
27474,6,"['automobile', 'horse', 'ship', 'airplane']",airplane
27475,3,"['frog', 'ship', 'automobile', 'airplane']",ship
27476,2,"['ship', 'cat', 'automobile', 'airplane']",automobile
27477,2,"['ship', 'cat', 'automobile', 'airplane']",ship
27478,6,"['automobile', 'horse', 'ship', 'airplane']",ship
27479,4,"['cat', 'automobile', 'frog', 'airplane']",automobile
27480,2,"['ship', 'cat', 'automobile', 'airplane']",cat
27481,7,"['automobile', 'cat', 'airplane', 'frog']",cat
27482,2,"['ship', 'cat', 'automobile', 'airplane']",cat
27483,9,"['dog', 'frog', 'cat', 'airplane']",airplane
27484,2,"['ship', 'cat', 'automobile', 'airplane']",automobile
27485,3,"['frog', 'ship', 'automobile', 'airplane']",ship
27486,6,"['automobile', 'horse', 'ship', 'airplane']",airplane
27487,0,"['horse', 'deer', 'frog', 'cat']",horse
27488,1,"['bird', 'dog', 'frog', 'cat', 'airplane']",airplane
27489,4,"['cat', 'automobile', 'frog', 'airplane']",automobile
27490,8,"['horse', 'airplane', 'cat', 'frog']",horse
27491,4,"['cat', 'automobile', 'frog', 'airplane']",automobile
27492,2,"['ship', 'cat', 'automobile', 'airplane']",automobile
27493,4,"['cat', 'automobile', 'frog', 'airplane']",automobile
27494,4,"['cat', 'automobile', 'frog', 'airplane']",automobile
27495,5,"['frog', 'ship', 'airplane', 'automobile']",ship
27496,8,"['horse', 'airplane', 'cat', 'frog']",horse
27497,0,"['horse', 'deer', 'frog', 'cat']",horse
27498,2,"['ship', 'cat', 'automobile', 'airplane']",ship
27499,2,"['ship', 'cat', 'automobile', 'airplane']",ship
27500,4,"['cat', 'automobile', 'frog', 'airplane']",automobile
27501,4,"['cat', 'automobile', 'frog', 'airplane']",automobile
27502,0,"['horse', 'deer', 'frog', 'cat']",horse
27503,6,"['automobile', 'horse', 'ship', 'airplane']",airplane
27504,6,"['automobile', 'horse', 'ship', 'airplane']",airplane
27505,7,"['automobile', 'cat', 'airplane', 'frog']",cat
27506,1,"['bird', 'dog', 'frog', 'cat', 'airplane']",airplane
27507,8,"['horse', 'airplane', 'cat', 'frog']",horse
27508,6,"['automobile', 'horse', 'ship', 'airplane']",airplane
27509,1,"['bird', 'dog', 'frog', 'cat', 'airplane']",airplane
27510,1,"['bird', 'dog', 'frog', 'cat', 'airplane']",airplane
27511,7,"['automobile', 'cat', 'airplane', 'frog']",airplane
27512,1,"['bird', 'dog', 'frog', 'cat', 'airplane']",airplane
27513,4,"['cat', 'automobile', 'frog', 'airplane']",automobile
27514,5,"['frog', 'ship', 'airplane', 'automobile']",ship
27515,8,"['horse', 'airplane', 'cat', 'frog']",horse
27516,0,"['horse', 'deer', 'frog', 'cat']",horse
27517,2,"['ship', 'cat', 'automobile', 'airplane']",automobile
27518,4,"['cat', 'automobile', 'frog', 'airplane']",airplane
27519,4,"['cat', 'automobile', 'frog', 'airplane']",airplane
27520,5,"['frog', 'ship', 'airplane', 'automobile']",ship
27521,2,"['ship', 'cat', 'automobile', 'airplane']",cat
27522,0,"['horse', 'deer', 'frog', 'cat']",horse
27523,9,"['dog', 'frog', 'cat', 'airplane']",airplane
27524,9,"['dog', 'frog', 'cat', 'airplane']",dog
27525,3,"['frog', 'ship', 'automobile', 'airplane']",frog
27526,6,"['automobile', 'horse', 'ship', 'airplane']",airplane
27527,9,"['dog', 'frog', 'cat', 'airplane']",airplane
27528,5,"['frog', 'ship', 'airplane', 'automobile']",ship
27529,7,"['automobile', 'cat', 'airplane', 'frog']",cat
27530,5,"['frog', 'ship', 'airplane', 'automobile']",ship
27531,4,"['cat', 'automobile', 'frog', 'airplane']",automobile
27532,8,"['horse', 'airplane', 'cat', 'frog']",horse
27533,0,"['horse', 'deer', 'frog', 'cat']",horse
27534,4,"['cat', 'automobile', 'frog', 'airplane']",airplane
27535,4,"['cat', 'automobile', 'frog', 'airplane']",automobile
27536,8,"['horse', 'airplane', 'cat', 'frog']",horse
27537,0,"['horse', 'deer', 'frog', 'cat']",horse
27538,1,"['bird', 'dog', 'frog', 'cat', 'airplane']",airplane
27539,7,"['automobile', 'cat', 'airplane', 'frog']",frog
27540,3,"['frog', 'ship', 'automobile', 'airplane']",ship
27541,8,"['horse', 'airplane', 'cat', 'frog']",horse
27542,2,"['ship', 'cat', 'automobile', 'airplane']",cat
27543,8,"['horse', 'airplane', 'cat', 'frog']",horse
27544,3,"['frog', 'ship', 'automobile', 'airplane']",ship
27545,1,"['bird', 'dog', 'frog', 'cat', 'airplane']",airplane
27546,2,"['ship', 'cat', 'automobile', 'airplane']",cat
27547,4,"['cat', 'automobile', 'frog', 'airplane']",automobile
27548,9,"['dog', 'frog', 'cat', 'airplane']",dog
27549,2,"['ship', 'cat', 'automobile', 'airplane']",automobile
27550,8,"['horse', 'airplane', 'cat', 'frog']",horse
27551,9,"['dog', 'frog', 'cat', 'airplane']",airplane
27552,0,"['horse', 'deer', 'frog', 'cat']",horse
27553,0,"['horse', 'deer', 'frog', 'cat']",horse
27554,6,"['automobile', 'horse', 'ship', 'airplane']",automobile
27555,2,"['ship', 'cat', 'automobile', 'airplane']",automobile
27556,3,"['frog', 'ship', 'automobile', 'airplane']",ship
27557,2,"['ship', 'cat', 'automobile', 'airplane']",cat
27558,4,"['cat', 'automobile', 'frog', 'airplane']",automobile
27559,3,"['frog', 'ship', 'automobile', 'airplane']",ship
27560,2,"['ship', 'cat', 'automobile', 'airplane']",ship
27561,8,"['horse', 'airplane', 'cat', 'frog']",horse
27562,0,"['horse', 'deer', 'frog', 'cat']",horse
27563,6,"['automobile', 'horse', 'ship', 'airplane']",airplane
27564,9,"['dog', 'frog', 'cat', 'airplane']",airplane
27565,7,"['automobile', 'cat', 'airplane', 'frog']",airplane
27566,9,"['dog', 'frog', 'cat', 'airplane']",airplane
27567,6,"['automobile', 'horse', 'ship', 'airplane']",airplane
27568,7,"['automobile', 'cat', 'airplane', 'frog']",airplane
27569,9,"['dog', 'frog', 'cat', 'airplane']",dog
27570,9,"['dog', 'frog', 'cat', 'airplane']",airplane
27571,0,"['horse', 'deer', 'frog', 'cat']",horse
27572,4,"['cat', 'automobile', 'frog', 'airplane']",automobile
27573,7,"['automobile', 'cat', 'airplane', 'frog']",airplane
27574,7,"['automobile', 'cat', 'airplane', 'frog']",frog
27575,9,"['dog', 'frog', 'cat', 'airplane']",dog
27576,1,"['bird', 'dog', 'frog', 'cat', 'airplane']",airplane
27577,6,"['automobile', 'horse', 'ship', 'airplane']",airplane
27578,2,"['ship', 'cat', 'automobile', 'airplane']",cat
27579,4,"['cat', 'automobile', 'frog', 'airplane']",automobile
27580,2,"['ship', 'cat', 'automobile', 'airplane']",ship
27581,9,"['dog', 'frog', 'cat', 'airplane']",airplane
27582,1,"['bird', 'dog', 'frog', 'cat', 'airplane']",airplane
27583,7,"['automobile', 'cat', 'airplane', 'frog']",frog
27584,1,"['bird', 'dog', 'frog', 'cat', 'airplane']",airplane
27585,3,"['frog', 'ship', 'automobile', 'airplane']",ship
27586,3,"['frog', 'ship', 'automobile', 'airplane']",ship
27587,2,"['ship', 'cat', 'automobile', 'airplane']",cat
27588,9,"['dog', 'frog', 'cat', 'airplane']",airplane
27589,9,"['dog', 'frog', 'cat', 'airplane']",airplane
27590,5,"['frog', 'ship', 'airplane', 'automobile']",ship
27591,9,"['dog', 'frog', 'cat', 'airplane']",airplane
27592,2,"['ship', 'cat', 'automobile', 'airplane']",ship
27593,9,"['dog', 'frog', 'cat', 'airplane']",airplane
27594,2,"['ship', 'cat', 'automobile', 'airplane']",automobile
27595,6,"['automobile', 'horse', 'ship', 'airplane']",airplane
27596,4,"['cat', 'automobile', 'frog', 'airplane']",airplane
27597,2,"['ship', 'cat', 'automobile', 'airplane']",cat
27598,5,"['frog', 'ship', 'airplane', 'automobile']",ship
27599,2,"['ship', 'cat', 'automobile', 'airplane']",automobile
27600,7,"['automobile', 'cat', 'airplane', 'frog']",cat
27601,1,"['bird', 'dog', 'frog', 'cat', 'airplane']",airplane
27602,6,"['automobile', 'horse', 'ship', 'airplane']",airplane
27603,9,"['dog', 'frog', 'cat', 'airplane']",airplane
27604,4,"['cat', 'automobile', 'frog', 'airplane']",automobile
27605,3,"['frog', 'ship', 'automobile', 'airplane']",ship
27606,6,"['automobile', 'horse', 'ship', 'airplane']",airplane
27607,1,"['bird', 'dog', 'frog', 'cat', 'airplane']",airplane
27608,3,"['frog', 'ship', 'automobile', 'airplane']",ship
27609,0,"['horse', 'deer', 'frog', 'cat']",horse
27610,6,"['automobile', 'horse', 'ship', 'airplane']",airplane
27611,6,"['automobile', 'horse', 'ship', 'airplane']",ship
27612,8,"['horse', 'airplane', 'cat', 'frog']",horse
27613,4,"['cat', 'automobile', 'frog', 'airplane']",automobile
27614,4,"['cat', 'automobile', 'frog', 'airplane']",automobile
27615,8,"['horse', 'airplane', 'cat', 'frog']",horse
27616,9,"['dog', 'frog', 'cat', 'airplane']",airplane
27617,9,"['dog', 'frog', 'cat', 'airplane']",dog
27618,8,"['horse', 'airplane', 'cat', 'frog']",horse
27619,3,"['frog', 'ship', 'automobile', 'airplane']",ship
27620,3,"['frog', 'ship', 'automobile', 'airplane']",ship
27621,8,"['horse', 'airplane', 'cat', 'frog']",horse
27622,9,"['dog', 'frog', 'cat', 'airplane']",dog
27623,0,"['horse', 'deer', 'frog', 'cat']",horse
27624,4,"['cat', 'automobile', 'frog', 'airplane']",automobile
27625,1,"['bird', 'dog', 'frog', 'cat', 'airplane']",airplane
27626,6,"['automobile', 'horse', 'ship', 'airplane']",automobile
27627,1,"['bird', 'dog', 'frog', 'cat', 'airplane']",airplane
27628,3,"['frog', 'ship', 'automobile', 'airplane']",ship
27629,4,"['cat', 'automobile', 'frog', 'airplane']",frog
27630,4,"['cat', 'automobile', 'frog', 'airplane']",automobile
27631,4,"['cat', 'automobile', 'frog', 'airplane']",automobile
27632,6,"['automobile', 'horse', 'ship', 'airplane']",airplane
27633,5,"['frog', 'ship', 'airplane', 'automobile']",ship
27634,7,"['automobile', 'cat', 'airplane', 'frog']",airplane
27635,7,"['automobile', 'cat', 'airplane', 'frog']",cat
27636,1,"['bird', 'dog', 'frog', 'cat', 'airplane']",airplane
27637,7,"['automobile', 'cat', 'airplane', 'frog']",cat
27638,0,"['horse', 'deer', 'frog', 'cat']",horse
27639,0,"['horse', 'deer', 'frog', 'cat']",horse
27640,8,"['horse', 'airplane', 'cat', 'frog']",horse
27641,3,"['frog', 'ship', 'automobile', 'airplane']",ship
27642,1,"['bird', 'dog', 'frog', 'cat', 'airplane']",airplane
27643,8,"['horse', 'airplane', 'cat', 'frog']",horse
27644,4,"['cat', 'automobile', 'frog', 'airplane']",automobile
27645,0,"['horse', 'deer', 'frog', 'cat']",horse
27646,0,"['horse', 'deer', 'frog', 'cat']",horse
27647,4,"['cat', 'automobile', 'frog', 'airplane']",automobile
27648,6,"['automobile', 'horse', 'ship', 'airplane']",ship
27649,4,"['cat', 'automobile', 'frog', 'airplane']",automobile
27650,1,"['bird', 'dog', 'frog', 'cat', 'airplane']",airplane
27651,6,"['automobile', 'horse', 'ship', 'airplane']",airplane
27652,3,"['frog', 'ship', 'automobile', 'airplane']",ship
27653,5,"['frog', 'ship', 'airplane', 'automobile']",ship
27654,9,"['dog', 'frog', 'cat', 'airplane']",dog
27655,8,"['horse', 'airplane', 'cat', 'frog']",horse
27656,1,"['bird', 'dog', 'frog', 'cat', 'airplane']",airplane
27657,7,"['automobile', 'cat', 'airplane', 'frog']",cat
27658,3,"['frog', 'ship', 'automobile', 'airplane']",ship
27659,4,"['cat', 'automobile', 'frog', 'airplane']",automobile
27660,6,"['automobile', 'horse', 'ship', 'airplane']",airplane
27661,8,"['horse', 'airplane', 'cat', 'frog']",horse
27662,3,"['frog', 'ship', 'automobile', 'airplane']",ship
27663,4,"['cat', 'automobile', 'frog', 'airplane']",automobile
27664,5,"['frog', 'ship', 'airplane', 'automobile']",ship
27665,3,"['frog', 'ship', 'automobile', 'airplane']",ship
27666,5,"['frog', 'ship', 'airplane', 'automobile']",ship
27667,6,"['automobile', 'horse', 'ship', 'airplane']",airplane
27668,9,"['dog', 'frog', 'cat', 'airplane']",airplane
27669,8,"['horse', 'airplane', 'cat', 'frog']",horse
27670,8,"['horse', 'airplane', 'cat', 'frog']",horse
27671,5,"['frog', 'ship', 'airplane', 'automobile']",ship
27672,7,"['automobile', 'cat', 'airplane', 'frog']",cat
27673,3,"['frog', 'ship', 'automobile', 'airplane']",ship
27674,8,"['horse', 'airplane', 'cat', 'frog']",horse
27675,9,"['dog', 'frog', 'cat', 'airplane']",dog
27676,2,"['ship', 'cat', 'automobile', 'airplane']",cat
27677,5,"['frog', 'ship', 'airplane', 'automobile']",ship
27678,6,"['automobile', 'horse', 'ship', 'airplane']",airplane
27679,5,"['frog', 'ship', 'airplane', 'automobile']",ship
27680,6,"['automobile', 'horse', 'ship', 'airplane']",airplane
27681,0,"['horse', 'deer', 'frog', 'cat']",horse
27682,7,"['automobile', 'cat', 'airplane', 'frog']",cat
27683,3,"['frog', 'ship', 'automobile', 'airplane']",ship
27684,2,"['ship', 'cat', 'automobile', 'airplane']",cat
27685,2,"['ship', 'cat', 'automobile', 'airplane']",ship
27686,0,"['horse', 'deer', 'frog', 'cat']",horse
27687,6,"['automobile', 'horse', 'ship', 'airplane']",airplane
27688,6,"['automobile', 'horse', 'ship', 'airplane']",ship
27689,5,"['frog', 'ship', 'airplane', 'automobile']",ship
27690,5,"['frog', 'ship', 'airplane', 'automobile']",ship
27691,5,"['frog', 'ship', 'airplane', 'automobile']",ship
27692,8,"['horse', 'airplane', 'cat', 'frog']",horse
27693,9,"['dog', 'frog', 'cat', 'airplane']",dog
27694,9,"['dog', 'frog', 'cat', 'airplane']",airplane
27695,9,"['dog', 'frog', 'cat', 'airplane']",dog
27696,2,"['ship', 'cat', 'automobile', 'airplane']",cat
27697,7,"['automobile', 'cat', 'airplane', 'frog']",cat
27698,3,"['frog', 'ship', 'automobile', 'airplane']",ship
27699,8,"['horse', 'airplane', 'cat', 'frog']",horse
27700,1,"['bird', 'dog', 'frog', 'cat', 'airplane']",airplane
27701,5,"['frog', 'ship', 'airplane', 'automobile']",ship
27702,3,"['frog', 'ship', 'automobile', 'airplane']",ship
27703,0,"['horse', 'deer', 'frog', 'cat']",horse
27704,2,"['ship', 'cat', 'automobile', 'airplane']",automobile
27705,2,"['ship', 'cat', 'automobile', 'airplane']",automobile
27706,0,"['horse', 'deer', 'frog', 'cat']",frog
27707,9,"['dog', 'frog', 'cat', 'airplane']",airplane
27708,6,"['automobile', 'horse', 'ship', 'airplane']",airplane
27709,1,"['bird', 'dog', 'frog', 'cat', 'airplane']",airplane
27710,0,"['horse', 'deer', 'frog', 'cat']",horse
27711,5,"['frog', 'ship', 'airplane', 'automobile']",ship
27712,7,"['automobile', 'cat', 'airplane', 'frog']",cat
27713,5,"['frog', 'ship', 'airplane', 'automobile']",ship
27714,3,"['frog', 'ship', 'automobile', 'airplane']",ship
27715,8,"['horse', 'airplane', 'cat', 'frog']",airplane
27716,1,"['bird', 'dog', 'frog', 'cat', 'airplane']",airplane
27717,9,"['dog', 'frog', 'cat', 'airplane']",airplane
27718,4,"['cat', 'automobile', 'frog', 'airplane']",automobile
27719,9,"['dog', 'frog', 'cat', 'airplane']",airplane
27720,5,"['frog', 'ship', 'airplane', 'automobile']",ship
27721,2,"['ship', 'cat', 'automobile', 'airplane']",automobile
27722,3,"['frog', 'ship', 'automobile', 'airplane']",ship
27723,4,"['cat', 'automobile', 'frog', 'airplane']",automobile
27724,0,"['horse', 'deer', 'frog', 'cat']",horse
27725,4,"['cat', 'automobile', 'frog', 'airplane']",automobile
27726,7,"['automobile', 'cat', 'airplane', 'frog']",cat
27727,8,"['horse', 'airplane', 'cat', 'frog']",horse
27728,8,"['horse', 'airplane', 'cat', 'frog']",horse
27729,2,"['ship', 'cat', 'automobile', 'airplane']",cat
27730,1,"['bird', 'dog', 'frog', 'cat', 'airplane']",airplane
27731,1,"['bird', 'dog', 'frog', 'cat', 'airplane']",airplane
27732,5,"['frog', 'ship', 'airplane', 'automobile']",ship
27733,9,"['dog', 'frog', 'cat', 'airplane']",dog
27734,3,"['frog', 'ship', 'automobile', 'airplane']",ship
27735,3,"['frog', 'ship', 'automobile', 'airplane']",ship
27736,9,"['dog', 'frog', 'cat', 'airplane']",dog
27737,2,"['ship', 'cat', 'automobile', 'airplane']",cat
27738,2,"['ship', 'cat', 'automobile', 'airplane']",cat
27739,6,"['automobile', 'horse', 'ship', 'airplane']",ship
27740,9,"['dog', 'frog', 'cat', 'airplane']",dog
27741,6,"['automobile', 'horse', 'ship', 'airplane']",airplane
27742,3,"['frog', 'ship', 'automobile', 'airplane']",ship
27743,2,"['ship', 'cat', 'automobile', 'airplane']",cat
27744,2,"['ship', 'cat', 'automobile', 'airplane']",cat
27745,1,"['bird', 'dog', 'frog', 'cat', 'airplane']",airplane
27746,2,"['ship', 'cat', 'automobile', 'airplane']",ship
27747,8,"['horse', 'airplane', 'cat', 'frog']",horse
27748,7,"['automobile', 'cat', 'airplane', 'frog']",cat
27749,0,"['horse', 'deer', 'frog', 'cat']",horse
27750,2,"['ship', 'cat', 'automobile', 'airplane']",automobile
27751,0,"['horse', 'deer', 'frog', 'cat']",horse
27752,9,"['dog', 'frog', 'cat', 'airplane']",dog
27753,3,"['frog', 'ship', 'automobile', 'airplane']",frog
27754,4,"['cat', 'automobile', 'frog', 'airplane']",automobile
27755,9,"['dog', 'frog', 'cat', 'airplane']",airplane
27756,7,"['automobile', 'cat', 'airplane', 'frog']",cat
27757,4,"['cat', 'automobile', 'frog', 'airplane']",automobile
27758,0,"['horse', 'deer', 'frog', 'cat']",horse
27759,3,"['frog', 'ship', 'automobile', 'airplane']",ship
27760,0,"['horse', 'deer', 'frog', 'cat']",horse
27761,3,"['frog', 'ship', 'automobile', 'airplane']",ship
27762,4,"['cat', 'automobile', 'frog', 'airplane']",automobile
27763,7,"['automobile', 'cat', 'airplane', 'frog']",cat
27764,2,"['ship', 'cat', 'automobile', 'airplane']",automobile
27765,6,"['automobile', 'horse', 'ship', 'airplane']",airplane
27766,3,"['frog', 'ship', 'automobile', 'airplane']",ship
27767,6,"['automobile', 'horse', 'ship', 'airplane']",airplane
27768,0,"['horse', 'deer', 'frog', 'cat']",horse
27769,1,"['bird', 'dog', 'frog', 'cat', 'airplane']",airplane
27770,5,"['frog', 'ship', 'airplane', 'automobile']",ship
27771,5,"['frog', 'ship', 'airplane', 'automobile']",ship
27772,3,"['frog', 'ship', 'automobile', 'airplane']",ship
27773,1,"['bird', 'dog', 'frog', 'cat', 'airplane']",airplane
27774,7,"['automobile', 'cat', 'airplane', 'frog']",airplane
27775,7,"['automobile', 'cat', 'airplane', 'frog']",airplane
27776,5,"['frog', 'ship', 'airplane', 'automobile']",ship
27777,0,"['horse', 'deer', 'frog', 'cat']",horse
27778,7,"['automobile', 'cat', 'airplane', 'frog']",cat
27779,3,"['frog', 'ship', 'automobile', 'airplane']",ship
27780,0,"['horse', 'deer', 'frog', 'cat']",horse
27781,7,"['automobile', 'cat', 'airplane', 'frog']",airplane
27782,7,"['automobile', 'cat', 'airplane', 'frog']",airplane
27783,8,"['horse', 'airplane', 'cat', 'frog']",horse
27784,9,"['dog', 'frog', 'cat', 'airplane']",airplane
27785,9,"['dog', 'frog', 'cat', 'airplane']",airplane
27786,3,"['frog', 'ship', 'automobile', 'airplane']",ship
27787,4,"['cat', 'automobile', 'frog', 'airplane']",automobile
27788,9,"['dog', 'frog', 'cat', 'airplane']",airplane
27789,4,"['cat', 'automobile', 'frog', 'airplane']",automobile
27790,4,"['cat', 'automobile', 'frog', 'airplane']",automobile
27791,9,"['dog', 'frog', 'cat', 'airplane']",airplane
27792,1,"['bird', 'dog', 'frog', 'cat', 'airplane']",airplane
27793,6,"['automobile', 'horse', 'ship', 'airplane']",airplane
27794,1,"['bird', 'dog', 'frog', 'cat', 'airplane']",airplane
27795,2,"['ship', 'cat', 'automobile', 'airplane']",cat
27796,3,"['frog', 'ship', 'automobile', 'airplane']",ship
27797,5,"['frog', 'ship', 'airplane', 'automobile']",ship
27798,9,"['dog', 'frog', 'cat', 'airplane']",dog
27799,9,"['dog', 'frog', 'cat', 'airplane']",airplane
27800,2,"['ship', 'cat', 'automobile', 'airplane']",cat
27801,4,"['cat', 'automobile', 'frog', 'airplane']",automobile
27802,1,"['bird', 'dog', 'frog', 'cat', 'airplane']",airplane
27803,6,"['automobile', 'horse', 'ship', 'airplane']",ship
27804,5,"['frog', 'ship', 'airplane', 'automobile']",ship
27805,5,"['frog', 'ship', 'airplane', 'automobile']",ship
27806,5,"['frog', 'ship', 'airplane', 'automobile']",ship
27807,9,"['dog', 'frog', 'cat', 'airplane']",dog
27808,8,"['horse', 'airplane', 'cat', 'frog']",horse
27809,1,"['bird', 'dog', 'frog', 'cat', 'airplane']",airplane
27810,9,"['dog', 'frog', 'cat', 'airplane']",airplane
27811,9,"['dog', 'frog', 'cat', 'airplane']",airplane
27812,4,"['cat', 'automobile', 'frog', 'airplane']",automobile
27813,0,"['horse', 'deer', 'frog', 'cat']",horse
27814,1,"['bird', 'dog', 'frog', 'cat', 'airplane']",airplane
27815,9,"['dog', 'frog', 'cat', 'airplane']",dog
27816,2,"['ship', 'cat', 'automobile', 'airplane']",cat
27817,4,"['cat', 'automobile', 'frog', 'airplane']",automobile
27818,9,"['dog', 'frog', 'cat', 'airplane']",airplane
27819,5,"['frog', 'ship', 'airplane', 'automobile']",ship
27820,8,"['horse', 'airplane', 'cat', 'frog']",horse
27821,9,"['dog', 'frog', 'cat', 'airplane']",airplane
27822,7,"['automobile', 'cat', 'airplane', 'frog']",cat
27823,2,"['ship', 'cat', 'automobile', 'airplane']",cat
27824,7,"['automobile', 'cat', 'airplane', 'frog']",cat
27825,2,"['ship', 'cat', 'automobile', 'airplane']",cat
27826,3,"['frog', 'ship', 'automobile', 'airplane']",ship
27827,7,"['automobile', 'cat', 'airplane', 'frog']",cat
27828,5,"['frog', 'ship', 'airplane', 'automobile']",ship
27829,1,"['bird', 'dog', 'frog', 'cat', 'airplane']",airplane
27830,6,"['automobile', 'horse', 'ship', 'airplane']",automobile
27831,3,"['frog', 'ship', 'automobile', 'airplane']",ship
27832,0,"['horse', 'deer', 'frog', 'cat']",horse
27833,5,"['frog', 'ship', 'airplane', 'automobile']",ship
27834,6,"['automobile', 'horse', 'ship', 'airplane']",airplane
27835,5,"['frog', 'ship', 'airplane', 'automobile']",ship
27836,7,"['automobile', 'cat', 'airplane', 'frog']",cat
27837,9,"['dog', 'frog', 'cat', 'airplane']",dog
27838,5,"['frog', 'ship', 'airplane', 'automobile']",ship
27839,8,"['horse', 'airplane', 'cat', 'frog']",horse
27840,7,"['automobile', 'cat', 'airplane', 'frog']",cat
27841,8,"['horse', 'airplane', 'cat', 'frog']",airplane
27842,8,"['horse', 'airplane', 'cat', 'frog']",horse
27843,6,"['automobile', 'horse', 'ship', 'airplane']",automobile
27844,5,"['frog', 'ship', 'airplane', 'automobile']",ship
27845,2,"['ship', 'cat', 'automobile', 'airplane']",cat
27846,8,"['horse', 'airplane', 'cat', 'frog']",horse
27847,4,"['cat', 'automobile', 'frog', 'airplane']",automobile
27848,4,"['cat', 'automobile', 'frog', 'airplane']",automobile
27849,7,"['automobile', 'cat', 'airplane', 'frog']",airplane
27850,0,"['horse', 'deer', 'frog', 'cat']",horse
27851,8,"['horse', 'airplane', 'cat', 'frog']",horse
27852,4,"['cat', 'automobile', 'frog', 'airplane']",automobile
27853,4,"['cat', 'automobile', 'frog', 'airplane']",automobile
27854,8,"['horse', 'airplane', 'cat', 'frog']",horse
27855,0,"['horse', 'deer', 'frog', 'cat']",horse
27856,6,"['automobile', 'horse', 'ship', 'airplane']",airplane
27857,8,"['horse', 'airplane', 'cat', 'frog']",horse
27858,8,"['horse', 'airplane', 'cat', 'frog']",horse
27859,5,"['frog', 'ship', 'airplane', 'automobile']",ship
27860,4,"['cat', 'automobile', 'frog', 'airplane']",automobile
27861,8,"['horse', 'airplane', 'cat', 'frog']",horse
27862,0,"['horse', 'deer', 'frog', 'cat']",horse
27863,2,"['ship', 'cat', 'automobile', 'airplane']",cat
27864,8,"['horse', 'airplane', 'cat', 'frog']",horse
27865,2,"['ship', 'cat', 'automobile', 'airplane']",cat
27866,8,"['horse', 'airplane', 'cat', 'frog']",horse
27867,0,"['horse', 'deer', 'frog', 'cat']",horse
27868,1,"['bird', 'dog', 'frog', 'cat', 'airplane']",airplane
27869,5,"['frog', 'ship', 'airplane', 'automobile']",ship
27870,8,"['horse', 'airplane', 'cat', 'frog']",horse
27871,1,"['bird', 'dog', 'frog', 'cat', 'airplane']",airplane
27872,6,"['automobile', 'horse', 'ship', 'airplane']",airplane
27873,0,"['horse', 'deer', 'frog', 'cat']",horse
27874,2,"['ship', 'cat', 'automobile', 'airplane']",automobile
27875,4,"['cat', 'automobile', 'frog', 'airplane']",automobile
27876,3,"['frog', 'ship', 'automobile', 'airplane']",ship
27877,2,"['ship', 'cat', 'automobile', 'airplane']",ship
27878,2,"['ship', 'cat', 'automobile', 'airplane']",automobile
27879,5,"['frog', 'ship', 'airplane', 'automobile']",ship
27880,3,"['frog', 'ship', 'automobile', 'airplane']",ship
27881,6,"['automobile', 'horse', 'ship', 'airplane']",airplane
27882,4,"['cat', 'automobile', 'frog', 'airplane']",automobile
27883,7,"['automobile', 'cat', 'airplane', 'frog']",cat
27884,2,"['ship', 'cat', 'automobile', 'airplane']",automobile
27885,5,"['frog', 'ship', 'airplane', 'automobile']",ship
27886,8,"['horse', 'airplane', 'cat', 'frog']",horse
27887,8,"['horse', 'airplane', 'cat', 'frog']",horse
27888,4,"['cat', 'automobile', 'frog', 'airplane']",automobile
27889,9,"['dog', 'frog', 'cat', 'airplane']",dog
27890,5,"['frog', 'ship', 'airplane', 'automobile']",ship
27891,4,"['cat', 'automobile', 'frog', 'airplane']",automobile
27892,5,"['frog', 'ship', 'airplane', 'automobile']",ship
27893,5,"['frog', 'ship', 'airplane', 'automobile']",ship
27894,7,"['automobile', 'cat', 'airplane', 'frog']",airplane
27895,2,"['ship', 'cat', 'automobile', 'airplane']",cat
27896,8,"['horse', 'airplane', 'cat', 'frog']",horse
27897,4,"['cat', 'automobile', 'frog', 'airplane']",automobile
27898,4,"['cat', 'automobile', 'frog', 'airplane']",automobile
27899,9,"['dog', 'frog', 'cat', 'airplane']",dog
27900,9,"['dog', 'frog', 'cat', 'airplane']",airplane
27901,0,"['horse', 'deer', 'frog', 'cat']",horse
27902,8,"['horse', 'airplane', 'cat', 'frog']",horse
27903,5,"['frog', 'ship', 'airplane', 'automobile']",ship
27904,3,"['frog', 'ship', 'automobile', 'airplane']",ship
27905,1,"['bird', 'dog', 'frog', 'cat', 'airplane']",airplane
27906,3,"['frog', 'ship', 'automobile', 'airplane']",ship
27907,9,"['dog', 'frog', 'cat', 'airplane']",airplane
27908,0,"['horse', 'deer', 'frog', 'cat']",horse
27909,3,"['frog', 'ship', 'automobile', 'airplane']",ship
27910,7,"['automobile', 'cat', 'airplane', 'frog']",cat
27911,0,"['horse', 'deer', 'frog', 'cat']",horse
27912,5,"['frog', 'ship', 'airplane', 'automobile']",ship
27913,7,"['automobile', 'cat', 'airplane', 'frog']",airplane
27914,4,"['cat', 'automobile', 'frog', 'airplane']",automobile
27915,7,"['automobile', 'cat', 'airplane', 'frog']",cat
27916,7,"['automobile', 'cat', 'airplane', 'frog']",frog
27917,9,"['dog', 'frog', 'cat', 'airplane']",dog
27918,5,"['frog', 'ship', 'airplane', 'automobile']",ship
27919,8,"['horse', 'airplane', 'cat', 'frog']",horse
27920,3,"['frog', 'ship', 'automobile', 'airplane']",ship
27921,4,"['cat', 'automobile', 'frog', 'airplane']",automobile
27922,5,"['frog', 'ship', 'airplane', 'automobile']",ship
27923,4,"['cat', 'automobile', 'frog', 'airplane']",automobile
27924,8,"['horse', 'airplane', 'cat', 'frog']",horse
27925,5,"['frog', 'ship', 'airplane', 'automobile']",ship
27926,6,"['automobile', 'horse', 'ship', 'airplane']",airplane
27927,6,"['automobile', 'horse', 'ship', 'airplane']",ship
27928,6,"['automobile', 'horse', 'ship', 'airplane']",airplane
27929,7,"['automobile', 'cat', 'airplane', 'frog']",cat
27930,7,"['automobile', 'cat', 'airplane', 'frog']",cat
27931,0,"['horse', 'deer', 'frog', 'cat']",horse
27932,8,"['horse', 'airplane', 'cat', 'frog']",horse
27933,6,"['automobile', 'horse', 'ship', 'airplane']",airplane
27934,0,"['horse', 'deer', 'frog', 'cat']",horse
27935,4,"['cat', 'automobile', 'frog', 'airplane']",automobile
27936,7,"['automobile', 'cat', 'airplane', 'frog']",cat
27937,6,"['automobile', 'horse', 'ship', 'airplane']",airplane
27938,3,"['frog', 'ship', 'automobile', 'airplane']",ship
27939,4,"['cat', 'automobile', 'frog', 'airplane']",automobile
27940,0,"['horse', 'deer', 'frog', 'cat']",horse
27941,5,"['frog', 'ship', 'airplane', 'automobile']",ship
27942,1,"['bird', 'dog', 'frog', 'cat', 'airplane']",airplane
27943,5,"['frog', 'ship', 'airplane', 'automobile']",ship
27944,0,"['horse', 'deer', 'frog', 'cat']",horse
27945,5,"['frog', 'ship', 'airplane', 'automobile']",ship
27946,4,"['cat', 'automobile', 'frog', 'airplane']",automobile
27947,5,"['frog', 'ship', 'airplane', 'automobile']",ship
27948,2,"['ship', 'cat', 'automobile', 'airplane']",automobile
27949,9,"['dog', 'frog', 'cat', 'airplane']",airplane
27950,5,"['frog', 'ship', 'airplane', 'automobile']",ship
27951,7,"['automobile', 'cat', 'airplane', 'frog']",cat
27952,7,"['automobile', 'cat', 'airplane', 'frog']",cat
27953,1,"['bird', 'dog', 'frog', 'cat', 'airplane']",airplane
27954,0,"['horse', 'deer', 'frog', 'cat']",horse
27955,8,"['horse', 'airplane', 'cat', 'frog']",horse
27956,5,"['frog', 'ship', 'airplane', 'automobile']",ship
27957,9,"['dog', 'frog', 'cat', 'airplane']",dog
27958,8,"['horse', 'airplane', 'cat', 'frog']",horse
27959,9,"['dog', 'frog', 'cat', 'airplane']",airplane
27960,8,"['horse', 'airplane', 'cat', 'frog']",horse
27961,0,"['horse', 'deer', 'frog', 'cat']",horse
27962,0,"['horse', 'deer', 'frog', 'cat']",horse
27963,3,"['frog', 'ship', 'automobile', 'airplane']",ship
27964,4,"['cat', 'automobile', 'frog', 'airplane']",automobile
27965,9,"['dog', 'frog', 'cat', 'airplane']",dog
27966,2,"['ship', 'cat', 'automobile', 'airplane']",cat
27967,3,"['frog', 'ship', 'automobile', 'airplane']",ship
27968,5,"['frog', 'ship', 'airplane', 'automobile']",ship
27969,7,"['automobile', 'cat', 'airplane', 'frog']",frog
27970,1,"['bird', 'dog', 'frog', 'cat', 'airplane']",airplane
27971,6,"['automobile', 'horse', 'ship', 'airplane']",horse
27972,9,"['dog', 'frog', 'cat', 'airplane']",dog
27973,2,"['ship', 'cat', 'automobile', 'airplane']",cat
27974,5,"['frog', 'ship', 'airplane', 'automobile']",ship
27975,9,"['dog', 'frog', 'cat', 'airplane']",airplane
27976,8,"['horse', 'airplane', 'cat', 'frog']",horse
27977,5,"['frog', 'ship', 'airplane', 'automobile']",ship
27978,8,"['horse', 'airplane', 'cat', 'frog']",horse
27979,9,"['dog', 'frog', 'cat', 'airplane']",airplane
27980,2,"['ship', 'cat', 'automobile', 'airplane']",cat
27981,0,"['horse', 'deer', 'frog', 'cat']",horse
27982,8,"['horse', 'airplane', 'cat', 'frog']",horse
27983,9,"['dog', 'frog', 'cat', 'airplane']",dog
27984,2,"['ship', 'cat', 'automobile', 'airplane']",cat
27985,7,"['automobile', 'cat', 'airplane', 'frog']",cat
27986,0,"['horse', 'deer', 'frog', 'cat']",horse
27987,7,"['automobile', 'cat', 'airplane', 'frog']",cat
27988,8,"['horse', 'airplane', 'cat', 'frog']",horse
27989,1,"['bird', 'dog', 'frog', 'cat', 'airplane']",airplane
27990,4,"['cat', 'automobile', 'frog', 'airplane']",automobile
27991,5,"['frog', 'ship', 'airplane', 'automobile']",ship
27992,6,"['automobile', 'horse', 'ship', 'airplane']",airplane
27993,3,"['frog', 'ship', 'automobile', 'airplane']",ship
27994,1,"['bird', 'dog', 'frog', 'cat', 'airplane']",airplane
27995,9,"['dog', 'frog', 'cat', 'airplane']",airplane
27996,6,"['automobile', 'horse', 'ship', 'airplane']",ship
27997,9,"['dog', 'frog', 'cat', 'airplane']",airplane
27998,7,"['automobile', 'cat', 'airplane', 'frog']",cat
27999,5,"['frog', 'ship', 'airplane', 'automobile']",ship
28000,0,"['horse', 'deer', 'frog', 'cat']",horse
28001,1,"['bird', 'dog', 'frog', 'cat', 'airplane']",airplane
28002,4,"['cat', 'automobile', 'frog', 'airplane']",automobile
28003,0,"['horse', 'deer', 'frog', 'cat']",horse
28004,9,"['dog', 'frog', 'cat', 'airplane']",airplane
28005,1,"['bird', 'dog', 'frog', 'cat', 'airplane']",airplane
28006,8,"['horse', 'airplane', 'cat', 'frog']",horse
28007,5,"['frog', 'ship', 'airplane', 'automobile']",ship
28008,1,"['bird', 'dog', 'frog', 'cat', 'airplane']",airplane
28009,0,"['horse', 'deer', 'frog', 'cat']",horse
28010,9,"['dog', 'frog', 'cat', 'airplane']",airplane
28011,6,"['automobile', 'horse', 'ship', 'airplane']",ship
28012,8,"['horse', 'airplane', 'cat', 'frog']",horse
28013,4,"['cat', 'automobile', 'frog', 'airplane']",automobile
28014,0,"['horse', 'deer', 'frog', 'cat']",horse
28015,7,"['automobile', 'cat', 'airplane', 'frog']",cat
28016,8,"['horse', 'airplane', 'cat', 'frog']",horse
28017,0,"['horse', 'deer', 'frog', 'cat']",horse
28018,1,"['bird', 'dog', 'frog', 'cat', 'airplane']",airplane
28019,9,"['dog', 'frog', 'cat', 'airplane']",airplane
28020,3,"['frog', 'ship', 'automobile', 'airplane']",ship
28021,6,"['automobile', 'horse', 'ship', 'airplane']",airplane
28022,5,"['frog', 'ship', 'airplane', 'automobile']",ship
28023,7,"['automobile', 'cat', 'airplane', 'frog']",frog
28024,1,"['bird', 'dog', 'frog', 'cat', 'airplane']",airplane
28025,0,"['horse', 'deer', 'frog', 'cat']",horse
28026,2,"['ship', 'cat', 'automobile', 'airplane']",cat
28027,1,"['bird', 'dog', 'frog', 'cat', 'airplane']",airplane
28028,3,"['frog', 'ship', 'automobile', 'airplane']",ship
28029,3,"['frog', 'ship', 'automobile', 'airplane']",ship
28030,7,"['automobile', 'cat', 'airplane', 'frog']",cat
28031,2,"['ship', 'cat', 'automobile', 'airplane']",cat
28032,6,"['automobile', 'horse', 'ship', 'airplane']",ship
28033,0,"['horse', 'deer', 'frog', 'cat']",horse
28034,3,"['frog', 'ship', 'automobile', 'airplane']",ship
28035,0,"['horse', 'deer', 'frog', 'cat']",horse
28036,0,"['horse', 'deer', 'frog', 'cat']",horse
28037,8,"['horse', 'airplane', 'cat', 'frog']",horse
28038,1,"['bird', 'dog', 'frog', 'cat', 'airplane']",airplane
28039,4,"['cat', 'automobile', 'frog', 'airplane']",automobile
28040,4,"['cat', 'automobile', 'frog', 'airplane']",automobile
28041,1,"['bird', 'dog', 'frog', 'cat', 'airplane']",airplane
28042,6,"['automobile', 'horse', 'ship', 'airplane']",automobile
28043,2,"['ship', 'cat', 'automobile', 'airplane']",cat
28044,7,"['automobile', 'cat', 'airplane', 'frog']",cat
28045,1,"['bird', 'dog', 'frog', 'cat', 'airplane']",airplane
28046,9,"['dog', 'frog', 'cat', 'airplane']",airplane
28047,5,"['frog', 'ship', 'airplane', 'automobile']",ship
28048,7,"['automobile', 'cat', 'airplane', 'frog']",cat
28049,4,"['cat', 'automobile', 'frog', 'airplane']",automobile
28050,3,"['frog', 'ship', 'automobile', 'airplane']",ship
28051,2,"['ship', 'cat', 'automobile', 'airplane']",cat
28052,0,"['horse', 'deer', 'frog', 'cat']",horse
28053,9,"['dog', 'frog', 'cat', 'airplane']",dog
28054,1,"['bird', 'dog', 'frog', 'cat', 'airplane']",airplane
28055,3,"['frog', 'ship', 'automobile', 'airplane']",ship
28056,6,"['automobile', 'horse', 'ship', 'airplane']",airplane
28057,2,"['ship', 'cat', 'automobile', 'airplane']",cat
28058,3,"['frog', 'ship', 'automobile', 'airplane']",ship
28059,1,"['bird', 'dog', 'frog', 'cat', 'airplane']",airplane
28060,6,"['automobile', 'horse', 'ship', 'airplane']",airplane
28061,6,"['automobile', 'horse', 'ship', 'airplane']",ship
28062,5,"['frog', 'ship', 'airplane', 'automobile']",ship
28063,0,"['horse', 'deer', 'frog', 'cat']",horse
28064,1,"['bird', 'dog', 'frog', 'cat', 'airplane']",airplane
28065,9,"['dog', 'frog', 'cat', 'airplane']",airplane
28066,8,"['horse', 'airplane', 'cat', 'frog']",horse
28067,3,"['frog', 'ship', 'automobile', 'airplane']",ship
28068,0,"['horse', 'deer', 'frog', 'cat']",horse
28069,5,"['frog', 'ship', 'airplane', 'automobile']",ship
28070,5,"['frog', 'ship', 'airplane', 'automobile']",ship
28071,9,"['dog', 'frog', 'cat', 'airplane']",dog
28072,4,"['cat', 'automobile', 'frog', 'airplane']",airplane
28073,7,"['automobile', 'cat', 'airplane', 'frog']",cat
28074,4,"['cat', 'automobile', 'frog', 'airplane']",automobile
28075,3,"['frog', 'ship', 'automobile', 'airplane']",ship
28076,4,"['cat', 'automobile', 'frog', 'airplane']",automobile
28077,1,"['bird', 'dog', 'frog', 'cat', 'airplane']",airplane
28078,3,"['frog', 'ship', 'automobile', 'airplane']",ship
28079,5,"['frog', 'ship', 'airplane', 'automobile']",ship
28080,0,"['horse', 'deer', 'frog', 'cat']",horse
28081,1,"['bird', 'dog', 'frog', 'cat', 'airplane']",airplane
28082,7,"['automobile', 'cat', 'airplane', 'frog']",frog
28083,3,"['frog', 'ship', 'automobile', 'airplane']",ship
28084,4,"['cat', 'automobile', 'frog', 'airplane']",automobile
28085,8,"['horse', 'airplane', 'cat', 'frog']",horse
28086,1,"['bird', 'dog', 'frog', 'cat', 'airplane']",airplane
28087,7,"['automobile', 'cat', 'airplane', 'frog']",cat
28088,6,"['automobile', 'horse', 'ship', 'airplane']",airplane
28089,1,"['bird', 'dog', 'frog', 'cat', 'airplane']",airplane
28090,5,"['frog', 'ship', 'airplane', 'automobile']",ship
28091,3,"['frog', 'ship', 'automobile', 'airplane']",ship
28092,0,"['horse', 'deer', 'frog', 'cat']",horse
28093,5,"['frog', 'ship', 'airplane', 'automobile']",ship
28094,5,"['frog', 'ship', 'airplane', 'automobile']",ship
28095,2,"['ship', 'cat', 'automobile', 'airplane']",cat
28096,1,"['bird', 'dog', 'frog', 'cat', 'airplane']",airplane
28097,4,"['cat', 'automobile', 'frog', 'airplane']",automobile
28098,1,"['bird', 'dog', 'frog', 'cat', 'airplane']",airplane
28099,5,"['frog', 'ship', 'airplane', 'automobile']",ship
28100,4,"['cat', 'automobile', 'frog', 'airplane']",automobile
28101,7,"['automobile', 'cat', 'airplane', 'frog']",cat
28102,7,"['automobile', 'cat', 'airplane', 'frog']",airplane
28103,8,"['horse', 'airplane', 'cat', 'frog']",horse
28104,7,"['automobile', 'cat', 'airplane', 'frog']",cat
28105,1,"['bird', 'dog', 'frog', 'cat', 'airplane']",airplane
28106,6,"['automobile', 'horse', 'ship', 'airplane']",airplane
28107,2,"['ship', 'cat', 'automobile', 'airplane']",ship
28108,2,"['ship', 'cat', 'automobile', 'airplane']",automobile
28109,3,"['frog', 'ship', 'automobile', 'airplane']",ship
28110,1,"['bird', 'dog', 'frog', 'cat', 'airplane']",airplane
28111,7,"['automobile', 'cat', 'airplane', 'frog']",airplane
28112,2,"['ship', 'cat', 'automobile', 'airplane']",cat
28113,0,"['horse', 'deer', 'frog', 'cat']",horse
28114,2,"['ship', 'cat', 'automobile', 'airplane']",cat
28115,8,"['horse', 'airplane', 'cat', 'frog']",horse
28116,2,"['ship', 'cat', 'automobile', 'airplane']",ship
28117,7,"['automobile', 'cat', 'airplane', 'frog']",cat
28118,7,"['automobile', 'cat', 'airplane', 'frog']",cat
28119,9,"['dog', 'frog', 'cat', 'airplane']",airplane
28120,9,"['dog', 'frog', 'cat', 'airplane']",airplane
28121,3,"['frog', 'ship', 'automobile', 'airplane']",ship
28122,1,"['bird', 'dog', 'frog', 'cat', 'airplane']",airplane
28123,9,"['dog', 'frog', 'cat', 'airplane']",airplane
28124,2,"['ship', 'cat', 'automobile', 'airplane']",cat
28125,8,"['horse', 'airplane', 'cat', 'frog']",horse
28126,0,"['horse', 'deer', 'frog', 'cat']",horse
28127,1,"['bird', 'dog', 'frog', 'cat', 'airplane']",airplane
28128,8,"['horse', 'airplane', 'cat', 'frog']",horse
28129,9,"['dog', 'frog', 'cat', 'airplane']",dog
28130,5,"['frog', 'ship', 'airplane', 'automobile']",ship
28131,3,"['frog', 'ship', 'automobile', 'airplane']",ship
28132,7,"['automobile', 'cat', 'airplane', 'frog']",cat
28133,0,"['horse', 'deer', 'frog', 'cat']",horse
28134,8,"['horse', 'airplane', 'cat', 'frog']",horse
28135,3,"['frog', 'ship', 'automobile', 'airplane']",ship
28136,6,"['automobile', 'horse', 'ship', 'airplane']",airplane
28137,1,"['bird', 'dog', 'frog', 'cat', 'airplane']",airplane
28138,0,"['horse', 'deer', 'frog', 'cat']",horse
28139,6,"['automobile', 'horse', 'ship', 'airplane']",airplane
28140,0,"['horse', 'deer', 'frog', 'cat']",horse
28141,9,"['dog', 'frog', 'cat', 'airplane']",airplane
28142,3,"['frog', 'ship', 'automobile', 'airplane']",ship
28143,6,"['automobile', 'horse', 'ship', 'airplane']",airplane
28144,5,"['frog', 'ship', 'airplane', 'automobile']",ship
28145,7,"['automobile', 'cat', 'airplane', 'frog']",frog
28146,4,"['cat', 'automobile', 'frog', 'airplane']",automobile
28147,5,"['frog', 'ship', 'airplane', 'automobile']",ship
28148,1,"['bird', 'dog', 'frog', 'cat', 'airplane']",airplane
28149,3,"['frog', 'ship', 'automobile', 'airplane']",ship
28150,7,"['automobile', 'cat', 'airplane', 'frog']",cat
28151,4,"['cat', 'automobile', 'frog', 'airplane']",automobile
28152,7,"['automobile', 'cat', 'airplane', 'frog']",cat
28153,8,"['horse', 'airplane', 'cat', 'frog']",horse
28154,8,"['horse', 'airplane', 'cat', 'frog']",horse
28155,3,"['frog', 'ship', 'automobile', 'airplane']",ship
28156,7,"['automobile', 'cat', 'airplane', 'frog']",cat
28157,3,"['frog', 'ship', 'automobile', 'airplane']",ship
28158,2,"['ship', 'cat', 'automobile', 'airplane']",cat
28159,9,"['dog', 'frog', 'cat', 'airplane']",dog
28160,4,"['cat', 'automobile', 'frog', 'airplane']",automobile
28161,2,"['ship', 'cat', 'automobile', 'airplane']",automobile
28162,3,"['frog', 'ship', 'automobile', 'airplane']",ship
28163,1,"['bird', 'dog', 'frog', 'cat', 'airplane']",airplane
28164,2,"['ship', 'cat', 'automobile', 'airplane']",automobile
28165,4,"['cat', 'automobile', 'frog', 'airplane']",automobile
28166,9,"['dog', 'frog', 'cat', 'airplane']",airplane
28167,4,"['cat', 'automobile', 'frog', 'airplane']",automobile
28168,7,"['automobile', 'cat', 'airplane', 'frog']",cat
28169,6,"['automobile', 'horse', 'ship', 'airplane']",airplane
28170,4,"['cat', 'automobile', 'frog', 'airplane']",automobile
28171,6,"['automobile', 'horse', 'ship', 'airplane']",airplane
28172,5,"['frog', 'ship', 'airplane', 'automobile']",ship
28173,2,"['ship', 'cat', 'automobile', 'airplane']",cat
28174,4,"['cat', 'automobile', 'frog', 'airplane']",frog
28175,1,"['bird', 'dog', 'frog', 'cat', 'airplane']",airplane
28176,2,"['ship', 'cat', 'automobile', 'airplane']",cat
28177,6,"['automobile', 'horse', 'ship', 'airplane']",airplane
28178,0,"['horse', 'deer', 'frog', 'cat']",horse
28179,0,"['horse', 'deer', 'frog', 'cat']",horse
28180,8,"['horse', 'airplane', 'cat', 'frog']",horse
28181,6,"['automobile', 'horse', 'ship', 'airplane']",airplane
28182,7,"['automobile', 'cat', 'airplane', 'frog']",cat
28183,1,"['bird', 'dog', 'frog', 'cat', 'airplane']",airplane
28184,7,"['automobile', 'cat', 'airplane', 'frog']",airplane
28185,0,"['horse', 'deer', 'frog', 'cat']",horse
28186,4,"['cat', 'automobile', 'frog', 'airplane']",automobile
28187,1,"['bird', 'dog', 'frog', 'cat', 'airplane']",airplane
28188,6,"['automobile', 'horse', 'ship', 'airplane']",airplane
28189,9,"['dog', 'frog', 'cat', 'airplane']",dog
28190,3,"['frog', 'ship', 'automobile', 'airplane']",ship
28191,4,"['cat', 'automobile', 'frog', 'airplane']",automobile
28192,1,"['bird', 'dog', 'frog', 'cat', 'airplane']",airplane
28193,1,"['bird', 'dog', 'frog', 'cat', 'airplane']",airplane
28194,6,"['automobile', 'horse', 'ship', 'airplane']",airplane
28195,7,"['automobile', 'cat', 'airplane', 'frog']",airplane
28196,1,"['bird', 'dog', 'frog', 'cat', 'airplane']",airplane
28197,7,"['automobile', 'cat', 'airplane', 'frog']",cat
28198,7,"['automobile', 'cat', 'airplane', 'frog']",cat
28199,9,"['dog', 'frog', 'cat', 'airplane']",airplane
28200,4,"['cat', 'automobile', 'frog', 'airplane']",automobile
28201,7,"['automobile', 'cat', 'airplane', 'frog']",airplane
28202,7,"['automobile', 'cat', 'airplane', 'frog']",cat
28203,6,"['automobile', 'horse', 'ship', 'airplane']",airplane
28204,8,"['horse', 'airplane', 'cat', 'frog']",horse
28205,8,"['horse', 'airplane', 'cat', 'frog']",horse
28206,7,"['automobile', 'cat', 'airplane', 'frog']",cat
28207,9,"['dog', 'frog', 'cat', 'airplane']",airplane
28208,0,"['horse', 'deer', 'frog', 'cat']",horse
28209,3,"['frog', 'ship', 'automobile', 'airplane']",ship
28210,1,"['bird', 'dog', 'frog', 'cat', 'airplane']",airplane
28211,7,"['automobile', 'cat', 'airplane', 'frog']",cat
28212,0,"['horse', 'deer', 'frog', 'cat']",horse
28213,4,"['cat', 'automobile', 'frog', 'airplane']",automobile
28214,3,"['frog', 'ship', 'automobile', 'airplane']",frog
28215,9,"['dog', 'frog', 'cat', 'airplane']",airplane
28216,0,"['horse', 'deer', 'frog', 'cat']",horse
28217,5,"['frog', 'ship', 'airplane', 'automobile']",ship
28218,5,"['frog', 'ship', 'airplane', 'automobile']",ship
28219,4,"['cat', 'automobile', 'frog', 'airplane']",automobile
28220,1,"['bird', 'dog', 'frog', 'cat', 'airplane']",airplane
28221,5,"['frog', 'ship', 'airplane', 'automobile']",ship
28222,6,"['automobile', 'horse', 'ship', 'airplane']",ship
28223,0,"['horse', 'deer', 'frog', 'cat']",horse
28224,2,"['ship', 'cat', 'automobile', 'airplane']",cat
28225,2,"['ship', 'cat', 'automobile', 'airplane']",cat
28226,4,"['cat', 'automobile', 'frog', 'airplane']",automobile
28227,2,"['ship', 'cat', 'automobile', 'airplane']",cat
28228,4,"['cat', 'automobile', 'frog', 'airplane']",automobile
28229,9,"['dog', 'frog', 'cat', 'airplane']",dog
28230,8,"['horse', 'airplane', 'cat', 'frog']",airplane
28231,0,"['horse', 'deer', 'frog', 'cat']",horse
28232,4,"['cat', 'automobile', 'frog', 'airplane']",airplane
28233,9,"['dog', 'frog', 'cat', 'airplane']",airplane
28234,7,"['automobile', 'cat', 'airplane', 'frog']",cat
28235,9,"['dog', 'frog', 'cat', 'airplane']",airplane
28236,6,"['automobile', 'horse', 'ship', 'airplane']",airplane
28237,3,"['frog', 'ship', 'automobile', 'airplane']",ship
28238,2,"['ship', 'cat', 'automobile', 'airplane']",cat
28239,8,"['horse', 'airplane', 'cat', 'frog']",horse
28240,7,"['automobile', 'cat', 'airplane', 'frog']",cat
28241,5,"['frog', 'ship', 'airplane', 'automobile']",ship
28242,3,"['frog', 'ship', 'automobile', 'airplane']",ship
28243,7,"['automobile', 'cat', 'airplane', 'frog']",airplane
28244,1,"['bird', 'dog', 'frog', 'cat', 'airplane']",airplane
28245,1,"['bird', 'dog', 'frog', 'cat', 'airplane']",airplane
28246,4,"['cat', 'automobile', 'frog', 'airplane']",automobile
28247,5,"['frog', 'ship', 'airplane', 'automobile']",ship
28248,1,"['bird', 'dog', 'frog', 'cat', 'airplane']",airplane
28249,7,"['automobile', 'cat', 'airplane', 'frog']",cat
28250,4,"['cat', 'automobile', 'frog', 'airplane']",automobile
28251,5,"['frog', 'ship', 'airplane', 'automobile']",ship
28252,6,"['automobile', 'horse', 'ship', 'airplane']",airplane
28253,3,"['frog', 'ship', 'automobile', 'airplane']",ship
28254,6,"['automobile', 'horse', 'ship', 'airplane']",airplane
28255,4,"['cat', 'automobile', 'frog', 'airplane']",automobile
28256,7,"['automobile', 'cat', 'airplane', 'frog']",cat
28257,7,"['automobile', 'cat', 'airplane', 'frog']",airplane
28258,6,"['automobile', 'horse', 'ship', 'airplane']",airplane
28259,9,"['dog', 'frog', 'cat', 'airplane']",dog
28260,4,"['cat', 'automobile', 'frog', 'airplane']",automobile
28261,9,"['dog', 'frog', 'cat', 'airplane']",dog
28262,7,"['automobile', 'cat', 'airplane', 'frog']",frog
28263,5,"['frog', 'ship', 'airplane', 'automobile']",ship
28264,7,"['automobile', 'cat', 'airplane', 'frog']",cat
28265,1,"['bird', 'dog', 'frog', 'cat', 'airplane']",airplane
28266,8,"['horse', 'airplane', 'cat', 'frog']",horse
28267,0,"['horse', 'deer', 'frog', 'cat']",horse
28268,1,"['bird', 'dog', 'frog', 'cat', 'airplane']",airplane
28269,8,"['horse', 'airplane', 'cat', 'frog']",horse
28270,0,"['horse', 'deer', 'frog', 'cat']",horse
28271,4,"['cat', 'automobile', 'frog', 'airplane']",airplane
28272,0,"['horse', 'deer', 'frog', 'cat']",horse
28273,0,"['horse', 'deer', 'frog', 'cat']",horse
28274,1,"['bird', 'dog', 'frog', 'cat', 'airplane']",airplane
28275,6,"['automobile', 'horse', 'ship', 'airplane']",airplane
28276,1,"['bird', 'dog', 'frog', 'cat', 'airplane']",airplane
28277,6,"['automobile', 'horse', 'ship', 'airplane']",airplane
28278,4,"['cat', 'automobile', 'frog', 'airplane']",automobile
28279,8,"['horse', 'airplane', 'cat', 'frog']",horse
28280,1,"['bird', 'dog', 'frog', 'cat', 'airplane']",airplane
28281,2,"['ship', 'cat', 'automobile', 'airplane']",cat
28282,5,"['frog', 'ship', 'airplane', 'automobile']",ship
28283,5,"['frog', 'ship', 'airplane', 'automobile']",ship
28284,8,"['horse', 'airplane', 'cat', 'frog']",horse
28285,9,"['dog', 'frog', 'cat', 'airplane']",airplane
28286,5,"['frog', 'ship', 'airplane', 'automobile']",ship
28287,8,"['horse', 'airplane', 'cat', 'frog']",horse
28288,1,"['bird', 'dog', 'frog', 'cat', 'airplane']",airplane
28289,4,"['cat', 'automobile', 'frog', 'airplane']",automobile
28290,4,"['cat', 'automobile', 'frog', 'airplane']",automobile
28291,2,"['ship', 'cat', 'automobile', 'airplane']",cat
28292,1,"['bird', 'dog', 'frog', 'cat', 'airplane']",airplane
28293,7,"['automobile', 'cat', 'airplane', 'frog']",airplane
28294,5,"['frog', 'ship', 'airplane', 'automobile']",ship
28295,8,"['horse', 'airplane', 'cat', 'frog']",horse
28296,7,"['automobile', 'cat', 'airplane', 'frog']",cat
28297,1,"['bird', 'dog', 'frog', 'cat', 'airplane']",airplane
28298,1,"['bird', 'dog', 'frog', 'cat', 'airplane']",airplane
28299,5,"['frog', 'ship', 'airplane', 'automobile']",ship
28300,0,"['horse', 'deer', 'frog', 'cat']",horse
28301,2,"['ship', 'cat', 'automobile', 'airplane']",automobile
28302,0,"['horse', 'deer', 'frog', 'cat']",horse
28303,6,"['automobile', 'horse', 'ship', 'airplane']",automobile
28304,9,"['dog', 'frog', 'cat', 'airplane']",airplane
28305,0,"['horse', 'deer', 'frog', 'cat']",horse
28306,5,"['frog', 'ship', 'airplane', 'automobile']",ship
28307,2,"['ship', 'cat', 'automobile', 'airplane']",automobile
28308,3,"['frog', 'ship', 'automobile', 'airplane']",ship
28309,9,"['dog', 'frog', 'cat', 'airplane']",airplane
28310,8,"['horse', 'airplane', 'cat', 'frog']",horse
28311,0,"['horse', 'deer', 'frog', 'cat']",horse
28312,3,"['frog', 'ship', 'automobile', 'airplane']",ship
28313,4,"['cat', 'automobile', 'frog', 'airplane']",automobile
28314,1,"['bird', 'dog', 'frog', 'cat', 'airplane']",airplane
28315,4,"['cat', 'automobile', 'frog', 'airplane']",automobile
28316,3,"['frog', 'ship', 'automobile', 'airplane']",ship
28317,4,"['cat', 'automobile', 'frog', 'airplane']",automobile
28318,9,"['dog', 'frog', 'cat', 'airplane']",dog
28319,4,"['cat', 'automobile', 'frog', 'airplane']",automobile
28320,0,"['horse', 'deer', 'frog', 'cat']",horse
28321,5,"['frog', 'ship', 'airplane', 'automobile']",ship
28322,6,"['automobile', 'horse', 'ship', 'airplane']",automobile
28323,8,"['horse', 'airplane', 'cat', 'frog']",airplane
28324,8,"['horse', 'airplane', 'cat', 'frog']",horse
28325,6,"['automobile', 'horse', 'ship', 'airplane']",ship
28326,1,"['bird', 'dog', 'frog', 'cat', 'airplane']",airplane
28327,2,"['ship', 'cat', 'automobile', 'airplane']",cat
28328,7,"['automobile', 'cat', 'airplane', 'frog']",airplane
28329,9,"['dog', 'frog', 'cat', 'airplane']",airplane
28330,3,"['frog', 'ship', 'automobile', 'airplane']",ship
28331,3,"['frog', 'ship', 'automobile', 'airplane']",ship
28332,8,"['horse', 'airplane', 'cat', 'frog']",horse
28333,2,"['ship', 'cat', 'automobile', 'airplane']",automobile
28334,4,"['cat', 'automobile', 'frog', 'airplane']",automobile
28335,1,"['bird', 'dog', 'frog', 'cat', 'airplane']",airplane
28336,5,"['frog', 'ship', 'airplane', 'automobile']",ship
28337,9,"['dog', 'frog', 'cat', 'airplane']",airplane
28338,4,"['cat', 'automobile', 'frog', 'airplane']",automobile
28339,5,"['frog', 'ship', 'airplane', 'automobile']",ship
28340,5,"['frog', 'ship', 'airplane', 'automobile']",ship
28341,5,"['frog', 'ship', 'airplane', 'automobile']",ship
28342,5,"['frog', 'ship', 'airplane', 'automobile']",ship
28343,2,"['ship', 'cat', 'automobile', 'airplane']",cat
28344,1,"['bird', 'dog', 'frog', 'cat', 'airplane']",airplane
28345,2,"['ship', 'cat', 'automobile', 'airplane']",cat
28346,4,"['cat', 'automobile', 'frog', 'airplane']",automobile
28347,1,"['bird', 'dog', 'frog', 'cat', 'airplane']",airplane
28348,2,"['ship', 'cat', 'automobile', 'airplane']",automobile
28349,4,"['cat', 'automobile', 'frog', 'airplane']",automobile
28350,5,"['frog', 'ship', 'airplane', 'automobile']",ship
28351,9,"['dog', 'frog', 'cat', 'airplane']",airplane
28352,1,"['bird', 'dog', 'frog', 'cat', 'airplane']",airplane
28353,9,"['dog', 'frog', 'cat', 'airplane']",airplane
28354,0,"['horse', 'deer', 'frog', 'cat']",frog
28355,6,"['automobile', 'horse', 'ship', 'airplane']",airplane
28356,3,"['frog', 'ship', 'automobile', 'airplane']",ship
28357,2,"['ship', 'cat', 'automobile', 'airplane']",ship
28358,9,"['dog', 'frog', 'cat', 'airplane']",dog
28359,9,"['dog', 'frog', 'cat', 'airplane']",airplane
28360,0,"['horse', 'deer', 'frog', 'cat']",horse
28361,3,"['frog', 'ship', 'automobile', 'airplane']",ship
28362,1,"['bird', 'dog', 'frog', 'cat', 'airplane']",airplane
28363,0,"['horse', 'deer', 'frog', 'cat']",horse
28364,7,"['automobile', 'cat', 'airplane', 'frog']",cat
28365,9,"['dog', 'frog', 'cat', 'airplane']",dog
28366,7,"['automobile', 'cat', 'airplane', 'frog']",cat
28367,6,"['automobile', 'horse', 'ship', 'airplane']",airplane
28368,3,"['frog', 'ship', 'automobile', 'airplane']",ship
28369,7,"['automobile', 'cat', 'airplane', 'frog']",cat
28370,6,"['automobile', 'horse', 'ship', 'airplane']",airplane
28371,9,"['dog', 'frog', 'cat', 'airplane']",airplane
28372,4,"['cat', 'automobile', 'frog', 'airplane']",automobile
28373,3,"['frog', 'ship', 'automobile', 'airplane']",ship
28374,6,"['automobile', 'horse', 'ship', 'airplane']",airplane
28375,4,"['cat', 'automobile', 'frog', 'airplane']",automobile
28376,9,"['dog', 'frog', 'cat', 'airplane']",dog
28377,2,"['ship', 'cat', 'automobile', 'airplane']",cat
28378,6,"['automobile', 'horse', 'ship', 'airplane']",airplane
28379,9,"['dog', 'frog', 'cat', 'airplane']",airplane
28380,0,"['horse', 'deer', 'frog', 'cat']",horse
28381,1,"['bird', 'dog', 'frog', 'cat', 'airplane']",airplane
28382,6,"['automobile', 'horse', 'ship', 'airplane']",airplane
28383,1,"['bird', 'dog', 'frog', 'cat', 'airplane']",airplane
28384,8,"['horse', 'airplane', 'cat', 'frog']",horse
28385,7,"['automobile', 'cat', 'airplane', 'frog']",cat
28386,5,"['frog', 'ship', 'airplane', 'automobile']",ship
28387,4,"['cat', 'automobile', 'frog', 'airplane']",airplane
28388,4,"['cat', 'automobile', 'frog', 'airplane']",automobile
28389,5,"['frog', 'ship', 'airplane', 'automobile']",ship
28390,9,"['dog', 'frog', 'cat', 'airplane']",dog
28391,9,"['dog', 'frog', 'cat', 'airplane']",airplane
28392,7,"['automobile', 'cat', 'airplane', 'frog']",cat
28393,1,"['bird', 'dog', 'frog', 'cat', 'airplane']",airplane
28394,1,"['bird', 'dog', 'frog', 'cat', 'airplane']",airplane
28395,6,"['automobile', 'horse', 'ship', 'airplane']",airplane
28396,8,"['horse', 'airplane', 'cat', 'frog']",horse
28397,2,"['ship', 'cat', 'automobile', 'airplane']",automobile
28398,7,"['automobile', 'cat', 'airplane', 'frog']",cat
28399,2,"['ship', 'cat', 'automobile', 'airplane']",cat
28400,0,"['horse', 'deer', 'frog', 'cat']",horse
28401,0,"['horse', 'deer', 'frog', 'cat']",horse
28402,0,"['horse', 'deer', 'frog', 'cat']",horse
28403,2,"['ship', 'cat', 'automobile', 'airplane']",cat
28404,5,"['frog', 'ship', 'airplane', 'automobile']",ship
28405,9,"['dog', 'frog', 'cat', 'airplane']",dog
28406,9,"['dog', 'frog', 'cat', 'airplane']",airplane
28407,4,"['cat', 'automobile', 'frog', 'airplane']",automobile
28408,0,"['horse', 'deer', 'frog', 'cat']",horse
28409,5,"['frog', 'ship', 'airplane', 'automobile']",ship
28410,2,"['ship', 'cat', 'automobile', 'airplane']",cat
28411,5,"['frog', 'ship', 'airplane', 'automobile']",ship
28412,8,"['horse', 'airplane', 'cat', 'frog']",horse
28413,6,"['automobile', 'horse', 'ship', 'airplane']",airplane
28414,4,"['cat', 'automobile', 'frog', 'airplane']",automobile
28415,9,"['dog', 'frog', 'cat', 'airplane']",dog
28416,6,"['automobile', 'horse', 'ship', 'airplane']",automobile
28417,1,"['bird', 'dog', 'frog', 'cat', 'airplane']",airplane
28418,8,"['horse', 'airplane', 'cat', 'frog']",horse
28419,3,"['frog', 'ship', 'automobile', 'airplane']",ship
28420,1,"['bird', 'dog', 'frog', 'cat', 'airplane']",airplane
28421,6,"['automobile', 'horse', 'ship', 'airplane']",airplane
28422,2,"['ship', 'cat', 'automobile', 'airplane']",automobile
28423,3,"['frog', 'ship', 'automobile', 'airplane']",ship
28424,8,"['horse', 'airplane', 'cat', 'frog']",horse
28425,5,"['frog', 'ship', 'airplane', 'automobile']",ship
28426,2,"['ship', 'cat', 'automobile', 'airplane']",cat
28427,5,"['frog', 'ship', 'airplane', 'automobile']",ship
28428,0,"['horse', 'deer', 'frog', 'cat']",horse
28429,7,"['automobile', 'cat', 'airplane', 'frog']",cat
28430,5,"['frog', 'ship', 'airplane', 'automobile']",ship
28431,8,"['horse', 'airplane', 'cat', 'frog']",horse
28432,6,"['automobile', 'horse', 'ship', 'airplane']",airplane
28433,3,"['frog', 'ship', 'automobile', 'airplane']",ship
28434,1,"['bird', 'dog', 'frog', 'cat', 'airplane']",airplane
28435,8,"['horse', 'airplane', 'cat', 'frog']",horse
28436,8,"['horse', 'airplane', 'cat', 'frog']",horse
28437,3,"['frog', 'ship', 'automobile', 'airplane']",ship
28438,5,"['frog', 'ship', 'airplane', 'automobile']",ship
28439,5,"['frog', 'ship', 'airplane', 'automobile']",ship
28440,5,"['frog', 'ship', 'airplane', 'automobile']",ship
28441,1,"['bird', 'dog', 'frog', 'cat', 'airplane']",airplane
28442,5,"['frog', 'ship', 'airplane', 'automobile']",ship
28443,2,"['ship', 'cat', 'automobile', 'airplane']",cat
28444,0,"['horse', 'deer', 'frog', 'cat']",horse
28445,6,"['automobile', 'horse', 'ship', 'airplane']",airplane
28446,7,"['automobile', 'cat', 'airplane', 'frog']",airplane
28447,3,"['frog', 'ship', 'automobile', 'airplane']",ship
28448,9,"['dog', 'frog', 'cat', 'airplane']",airplane
28449,0,"['horse', 'deer', 'frog', 'cat']",horse
28450,8,"['horse', 'airplane', 'cat', 'frog']",horse
28451,9,"['dog', 'frog', 'cat', 'airplane']",dog
28452,2,"['ship', 'cat', 'automobile', 'airplane']",automobile
28453,7,"['automobile', 'cat', 'airplane', 'frog']",cat
28454,6,"['automobile', 'horse', 'ship', 'airplane']",airplane
28455,7,"['automobile', 'cat', 'airplane', 'frog']",airplane
28456,0,"['horse', 'deer', 'frog', 'cat']",horse
28457,3,"['frog', 'ship', 'automobile', 'airplane']",ship
28458,2,"['ship', 'cat', 'automobile', 'airplane']",ship
28459,9,"['dog', 'frog', 'cat', 'airplane']",airplane
28460,5,"['frog', 'ship', 'airplane', 'automobile']",ship
28461,8,"['horse', 'airplane', 'cat', 'frog']",horse
28462,6,"['automobile', 'horse', 'ship', 'airplane']",airplane
28463,7,"['automobile', 'cat', 'airplane', 'frog']",frog
28464,4,"['cat', 'automobile', 'frog', 'airplane']",automobile
28465,7,"['automobile', 'cat', 'airplane', 'frog']",frog
28466,6,"['automobile', 'horse', 'ship', 'airplane']",airplane
28467,0,"['horse', 'deer', 'frog', 'cat']",horse
28468,7,"['automobile', 'cat', 'airplane', 'frog']",cat
28469,0,"['horse', 'deer', 'frog', 'cat']",horse
28470,4,"['cat', 'automobile', 'frog', 'airplane']",automobile
28471,5,"['frog', 'ship', 'airplane', 'automobile']",ship
28472,3,"['frog', 'ship', 'automobile', 'airplane']",ship
28473,7,"['automobile', 'cat', 'airplane', 'frog']",cat
28474,1,"['bird', 'dog', 'frog', 'cat', 'airplane']",airplane
28475,5,"['frog', 'ship', 'airplane', 'automobile']",ship
28476,1,"['bird', 'dog', 'frog', 'cat', 'airplane']",airplane
28477,3,"['frog', 'ship', 'automobile', 'airplane']",ship
28478,4,"['cat', 'automobile', 'frog', 'airplane']",automobile
28479,2,"['ship', 'cat', 'automobile', 'airplane']",cat
28480,7,"['automobile', 'cat', 'airplane', 'frog']",cat
28481,6,"['automobile', 'horse', 'ship', 'airplane']",airplane
28482,6,"['automobile', 'horse', 'ship', 'airplane']",airplane
28483,9,"['dog', 'frog', 'cat', 'airplane']",airplane
28484,5,"['frog', 'ship', 'airplane', 'automobile']",ship
28485,4,"['cat', 'automobile', 'frog', 'airplane']",automobile
28486,7,"['automobile', 'cat', 'airplane', 'frog']",cat
28487,0,"['horse', 'deer', 'frog', 'cat']",horse
28488,3,"['frog', 'ship', 'automobile', 'airplane']",ship
28489,4,"['cat', 'automobile', 'frog', 'airplane']",automobile
28490,6,"['automobile', 'horse', 'ship', 'airplane']",airplane
28491,8,"['horse', 'airplane', 'cat', 'frog']",horse
28492,6,"['automobile', 'horse', 'ship', 'airplane']",airplane
28493,8,"['horse', 'airplane', 'cat', 'frog']",horse
28494,6,"['automobile', 'horse', 'ship', 'airplane']",horse
28495,9,"['dog', 'frog', 'cat', 'airplane']",airplane
28496,7,"['automobile', 'cat', 'airplane', 'frog']",cat
28497,2,"['ship', 'cat', 'automobile', 'airplane']",cat
28498,7,"['automobile', 'cat', 'airplane', 'frog']",cat
28499,8,"['horse', 'airplane', 'cat', 'frog']",horse
28500,4,"['cat', 'automobile', 'frog', 'airplane']",automobile
28501,6,"['automobile', 'horse', 'ship', 'airplane']",airplane
28502,7,"['automobile', 'cat', 'airplane', 'frog']",cat
28503,6,"['automobile', 'horse', 'ship', 'airplane']",airplane
28504,6,"['automobile', 'horse', 'ship', 'airplane']",airplane
28505,5,"['frog', 'ship', 'airplane', 'automobile']",ship
28506,6,"['automobile', 'horse', 'ship', 'airplane']",horse
28507,8,"['horse', 'airplane', 'cat', 'frog']",horse
28508,5,"['frog', 'ship', 'airplane', 'automobile']",ship
28509,4,"['cat', 'automobile', 'frog', 'airplane']",automobile
28510,5,"['frog', 'ship', 'airplane', 'automobile']",ship
28511,9,"['dog', 'frog', 'cat', 'airplane']",airplane
28512,0,"['horse', 'deer', 'frog', 'cat']",horse
28513,3,"['frog', 'ship', 'automobile', 'airplane']",ship
28514,9,"['dog', 'frog', 'cat', 'airplane']",airplane
28515,0,"['horse', 'deer', 'frog', 'cat']",horse
28516,5,"['frog', 'ship', 'airplane', 'automobile']",ship
28517,2,"['ship', 'cat', 'automobile', 'airplane']",cat
28518,2,"['ship', 'cat', 'automobile', 'airplane']",cat
28519,5,"['frog', 'ship', 'airplane', 'automobile']",ship
28520,7,"['automobile', 'cat', 'airplane', 'frog']",frog
28521,2,"['ship', 'cat', 'automobile', 'airplane']",cat
28522,4,"['cat', 'automobile', 'frog', 'airplane']",automobile
28523,3,"['frog', 'ship', 'automobile', 'airplane']",ship
28524,7,"['automobile', 'cat', 'airplane', 'frog']",airplane
28525,0,"['horse', 'deer', 'frog', 'cat']",horse
28526,1,"['bird', 'dog', 'frog', 'cat', 'airplane']",airplane
28527,9,"['dog', 'frog', 'cat', 'airplane']",dog
28528,7,"['automobile', 'cat', 'airplane', 'frog']",cat
28529,3,"['frog', 'ship', 'automobile', 'airplane']",ship
28530,1,"['bird', 'dog', 'frog', 'cat', 'airplane']",airplane
28531,5,"['frog', 'ship', 'airplane', 'automobile']",ship
28532,1,"['bird', 'dog', 'frog', 'cat', 'airplane']",airplane
28533,6,"['automobile', 'horse', 'ship', 'airplane']",airplane
28534,9,"['dog', 'frog', 'cat', 'airplane']",dog
28535,1,"['bird', 'dog', 'frog', 'cat', 'airplane']",airplane
28536,5,"['frog', 'ship', 'airplane', 'automobile']",ship
28537,8,"['horse', 'airplane', 'cat', 'frog']",horse
28538,1,"['bird', 'dog', 'frog', 'cat', 'airplane']",airplane
28539,1,"['bird', 'dog', 'frog', 'cat', 'airplane']",airplane
28540,6,"['automobile', 'horse', 'ship', 'airplane']",airplane
28541,1,"['bird', 'dog', 'frog', 'cat', 'airplane']",airplane
28542,6,"['automobile', 'horse', 'ship', 'airplane']",airplane
28543,9,"['dog', 'frog', 'cat', 'airplane']",dog
28544,9,"['dog', 'frog', 'cat', 'airplane']",airplane
28545,2,"['ship', 'cat', 'automobile', 'airplane']",cat
28546,8,"['horse', 'airplane', 'cat', 'frog']",horse
28547,9,"['dog', 'frog', 'cat', 'airplane']",airplane
28548,0,"['horse', 'deer', 'frog', 'cat']",horse
28549,9,"['dog', 'frog', 'cat', 'airplane']",dog
28550,5,"['frog', 'ship', 'airplane', 'automobile']",ship
28551,2,"['ship', 'cat', 'automobile', 'airplane']",cat
28552,1,"['bird', 'dog', 'frog', 'cat', 'airplane']",airplane
28553,7,"['automobile', 'cat', 'airplane', 'frog']",cat
28554,3,"['frog', 'ship', 'automobile', 'airplane']",ship
28555,4,"['cat', 'automobile', 'frog', 'airplane']",automobile
28556,3,"['frog', 'ship', 'automobile', 'airplane']",ship
28557,2,"['ship', 'cat', 'automobile', 'airplane']",ship
28558,0,"['horse', 'deer', 'frog', 'cat']",horse
28559,1,"['bird', 'dog', 'frog', 'cat', 'airplane']",airplane
28560,9,"['dog', 'frog', 'cat', 'airplane']",airplane
28561,4,"['cat', 'automobile', 'frog', 'airplane']",automobile
28562,8,"['horse', 'airplane', 'cat', 'frog']",horse
28563,3,"['frog', 'ship', 'automobile', 'airplane']",ship
28564,2,"['ship', 'cat', 'automobile', 'airplane']",cat
28565,6,"['automobile', 'horse', 'ship', 'airplane']",airplane
28566,7,"['automobile', 'cat', 'airplane', 'frog']",airplane
28567,9,"['dog', 'frog', 'cat', 'airplane']",airplane
28568,2,"['ship', 'cat', 'automobile', 'airplane']",cat
28569,7,"['automobile', 'cat', 'airplane', 'frog']",cat
28570,0,"['horse', 'deer', 'frog', 'cat']",horse
28571,9,"['dog', 'frog', 'cat', 'airplane']",airplane
28572,9,"['dog', 'frog', 'cat', 'airplane']",airplane
28573,7,"['automobile', 'cat', 'airplane', 'frog']",cat
28574,3,"['frog', 'ship', 'automobile', 'airplane']",ship
28575,5,"['frog', 'ship', 'airplane', 'automobile']",ship
28576,4,"['cat', 'automobile', 'frog', 'airplane']",automobile
28577,4,"['cat', 'automobile', 'frog', 'airplane']",airplane
28578,7,"['automobile', 'cat', 'airplane', 'frog']",airplane
28579,7,"['automobile', 'cat', 'airplane', 'frog']",cat
28580,1,"['bird', 'dog', 'frog', 'cat', 'airplane']",airplane
28581,9,"['dog', 'frog', 'cat', 'airplane']",airplane
28582,3,"['frog', 'ship', 'automobile', 'airplane']",ship
28583,4,"['cat', 'automobile', 'frog', 'airplane']",automobile
28584,0,"['horse', 'deer', 'frog', 'cat']",horse
28585,1,"['bird', 'dog', 'frog', 'cat', 'airplane']",airplane
28586,8,"['horse', 'airplane', 'cat', 'frog']",horse
28587,3,"['frog', 'ship', 'automobile', 'airplane']",ship
28588,6,"['automobile', 'horse', 'ship', 'airplane']",airplane
28589,7,"['automobile', 'cat', 'airplane', 'frog']",frog
28590,4,"['cat', 'automobile', 'frog', 'airplane']",airplane
28591,9,"['dog', 'frog', 'cat', 'airplane']",dog
28592,3,"['frog', 'ship', 'automobile', 'airplane']",ship
28593,2,"['ship', 'cat', 'automobile', 'airplane']",cat
28594,2,"['ship', 'cat', 'automobile', 'airplane']",cat
28595,5,"['frog', 'ship', 'airplane', 'automobile']",ship
28596,4,"['cat', 'automobile', 'frog', 'airplane']",automobile
28597,3,"['frog', 'ship', 'automobile', 'airplane']",ship
28598,1,"['bird', 'dog', 'frog', 'cat', 'airplane']",airplane
28599,8,"['horse', 'airplane', 'cat', 'frog']",horse
28600,4,"['cat', 'automobile', 'frog', 'airplane']",automobile
28601,9,"['dog', 'frog', 'cat', 'airplane']",airplane
28602,5,"['frog', 'ship', 'airplane', 'automobile']",ship
28603,4,"['cat', 'automobile', 'frog', 'airplane']",automobile
28604,9,"['dog', 'frog', 'cat', 'airplane']",dog
28605,1,"['bird', 'dog', 'frog', 'cat', 'airplane']",airplane
28606,6,"['automobile', 'horse', 'ship', 'airplane']",airplane
28607,6,"['automobile', 'horse', 'ship', 'airplane']",airplane
28608,3,"['frog', 'ship', 'automobile', 'airplane']",ship
28609,3,"['frog', 'ship', 'automobile', 'airplane']",ship
28610,6,"['automobile', 'horse', 'ship', 'airplane']",horse
28611,2,"['ship', 'cat', 'automobile', 'airplane']",cat
28612,5,"['frog', 'ship', 'airplane', 'automobile']",ship
28613,4,"['cat', 'automobile', 'frog', 'airplane']",automobile
28614,4,"['cat', 'automobile', 'frog', 'airplane']",automobile
28615,1,"['bird', 'dog', 'frog', 'cat', 'airplane']",airplane
28616,5,"['frog', 'ship', 'airplane', 'automobile']",ship
28617,1,"['bird', 'dog', 'frog', 'cat', 'airplane']",airplane
28618,2,"['ship', 'cat', 'automobile', 'airplane']",cat
28619,0,"['horse', 'deer', 'frog', 'cat']",horse
28620,4,"['cat', 'automobile', 'frog', 'airplane']",automobile
28621,6,"['automobile', 'horse', 'ship', 'airplane']",airplane
28622,1,"['bird', 'dog', 'frog', 'cat', 'airplane']",airplane
28623,1,"['bird', 'dog', 'frog', 'cat', 'airplane']",airplane
28624,9,"['dog', 'frog', 'cat', 'airplane']",dog
28625,0,"['horse', 'deer', 'frog', 'cat']",horse
28626,1,"['bird', 'dog', 'frog', 'cat', 'airplane']",airplane
28627,0,"['horse', 'deer', 'frog', 'cat']",horse
28628,2,"['ship', 'cat', 'automobile', 'airplane']",cat
28629,5,"['frog', 'ship', 'airplane', 'automobile']",ship
28630,6,"['automobile', 'horse', 'ship', 'airplane']",airplane
28631,3,"['frog', 'ship', 'automobile', 'airplane']",ship
28632,5,"['frog', 'ship', 'airplane', 'automobile']",ship
28633,5,"['frog', 'ship', 'airplane', 'automobile']",ship
28634,1,"['bird', 'dog', 'frog', 'cat', 'airplane']",airplane
28635,9,"['dog', 'frog', 'cat', 'airplane']",airplane
28636,0,"['horse', 'deer', 'frog', 'cat']",horse
28637,7,"['automobile', 'cat', 'airplane', 'frog']",airplane
28638,7,"['automobile', 'cat', 'airplane', 'frog']",cat
28639,7,"['automobile', 'cat', 'airplane', 'frog']",airplane
28640,1,"['bird', 'dog', 'frog', 'cat', 'airplane']",airplane
28641,2,"['ship', 'cat', 'automobile', 'airplane']",cat
28642,8,"['horse', 'airplane', 'cat', 'frog']",horse
28643,1,"['bird', 'dog', 'frog', 'cat', 'airplane']",airplane
28644,6,"['automobile', 'horse', 'ship', 'airplane']",airplane
28645,2,"['ship', 'cat', 'automobile', 'airplane']",cat
28646,2,"['ship', 'cat', 'automobile', 'airplane']",automobile
28647,4,"['cat', 'automobile', 'frog', 'airplane']",automobile
28648,2,"['ship', 'cat', 'automobile', 'airplane']",cat
28649,4,"['cat', 'automobile', 'frog', 'airplane']",automobile
28650,0,"['horse', 'deer', 'frog', 'cat']",horse
28651,6,"['automobile', 'horse', 'ship', 'airplane']",airplane
28652,5,"['frog', 'ship', 'airplane', 'automobile']",ship
28653,0,"['horse', 'deer', 'frog', 'cat']",horse
28654,4,"['cat', 'automobile', 'frog', 'airplane']",automobile
28655,1,"['bird', 'dog', 'frog', 'cat', 'airplane']",airplane
28656,9,"['dog', 'frog', 'cat', 'airplane']",dog
28657,3,"['frog', 'ship', 'automobile', 'airplane']",ship
28658,4,"['cat', 'automobile', 'frog', 'airplane']",automobile
28659,5,"['frog', 'ship', 'airplane', 'automobile']",ship
28660,5,"['frog', 'ship', 'airplane', 'automobile']",ship
28661,5,"['frog', 'ship', 'airplane', 'automobile']",ship
28662,2,"['ship', 'cat', 'automobile', 'airplane']",cat
28663,6,"['automobile', 'horse', 'ship', 'airplane']",airplane
28664,2,"['ship', 'cat', 'automobile', 'airplane']",automobile
28665,0,"['horse', 'deer', 'frog', 'cat']",horse
28666,4,"['cat', 'automobile', 'frog', 'airplane']",automobile
28667,2,"['ship', 'cat', 'automobile', 'airplane']",automobile
28668,6,"['automobile', 'horse', 'ship', 'airplane']",airplane
28669,3,"['frog', 'ship', 'automobile', 'airplane']",ship
28670,7,"['automobile', 'cat', 'airplane', 'frog']",cat
28671,1,"['bird', 'dog', 'frog', 'cat', 'airplane']",airplane
28672,6,"['automobile', 'horse', 'ship', 'airplane']",airplane
28673,2,"['ship', 'cat', 'automobile', 'airplane']",cat
28674,9,"['dog', 'frog', 'cat', 'airplane']",dog
28675,0,"['horse', 'deer', 'frog', 'cat']",horse
28676,4,"['cat', 'automobile', 'frog', 'airplane']",automobile
28677,5,"['frog', 'ship', 'airplane', 'automobile']",ship
28678,6,"['automobile', 'horse', 'ship', 'airplane']",automobile
28679,5,"['frog', 'ship', 'airplane', 'automobile']",ship
28680,2,"['ship', 'cat', 'automobile', 'airplane']",automobile
28681,0,"['horse', 'deer', 'frog', 'cat']",horse
28682,8,"['horse', 'airplane', 'cat', 'frog']",horse
28683,8,"['horse', 'airplane', 'cat', 'frog']",horse
28684,9,"['dog', 'frog', 'cat', 'airplane']",airplane
28685,1,"['bird', 'dog', 'frog', 'cat', 'airplane']",airplane
28686,2,"['ship', 'cat', 'automobile', 'airplane']",cat
28687,8,"['horse', 'airplane', 'cat', 'frog']",horse
28688,1,"['bird', 'dog', 'frog', 'cat', 'airplane']",airplane
28689,2,"['ship', 'cat', 'automobile', 'airplane']",cat
28690,6,"['automobile', 'horse', 'ship', 'airplane']",airplane
28691,5,"['frog', 'ship', 'airplane', 'automobile']",ship
28692,6,"['automobile', 'horse', 'ship', 'airplane']",airplane
28693,5,"['frog', 'ship', 'airplane', 'automobile']",ship
28694,1,"['bird', 'dog', 'frog', 'cat', 'airplane']",airplane
28695,7,"['automobile', 'cat', 'airplane', 'frog']",cat
28696,4,"['cat', 'automobile', 'frog', 'airplane']",automobile
28697,3,"['frog', 'ship', 'automobile', 'airplane']",ship
28698,3,"['frog', 'ship', 'automobile', 'airplane']",ship
28699,0,"['horse', 'deer', 'frog', 'cat']",horse
28700,3,"['frog', 'ship', 'automobile', 'airplane']",ship
28701,9,"['dog', 'frog', 'cat', 'airplane']",dog
28702,9,"['dog', 'frog', 'cat', 'airplane']",dog
28703,0,"['horse', 'deer', 'frog', 'cat']",horse
28704,3,"['frog', 'ship', 'automobile', 'airplane']",ship
28705,2,"['ship', 'cat', 'automobile', 'airplane']",ship
28706,8,"['horse', 'airplane', 'cat', 'frog']",horse
28707,8,"['horse', 'airplane', 'cat', 'frog']",horse
28708,2,"['ship', 'cat', 'automobile', 'airplane']",automobile
28709,9,"['dog', 'frog', 'cat', 'airplane']",airplane
28710,7,"['automobile', 'cat', 'airplane', 'frog']",airplane
28711,4,"['cat', 'automobile', 'frog', 'airplane']",automobile
28712,3,"['frog', 'ship', 'automobile', 'airplane']",ship
28713,9,"['dog', 'frog', 'cat', 'airplane']",airplane
28714,9,"['dog', 'frog', 'cat', 'airplane']",airplane
28715,7,"['automobile', 'cat', 'airplane', 'frog']",cat
28716,0,"['horse', 'deer', 'frog', 'cat']",horse
28717,3,"['frog', 'ship', 'automobile', 'airplane']",ship
28718,5,"['frog', 'ship', 'airplane', 'automobile']",ship
28719,7,"['automobile', 'cat', 'airplane', 'frog']",cat
28720,5,"['frog', 'ship', 'airplane', 'automobile']",ship
28721,7,"['automobile', 'cat', 'airplane', 'frog']",cat
28722,6,"['automobile', 'horse', 'ship', 'airplane']",horse
28723,5,"['frog', 'ship', 'airplane', 'automobile']",ship
28724,0,"['horse', 'deer', 'frog', 'cat']",horse
28725,3,"['frog', 'ship', 'automobile', 'airplane']",ship
28726,5,"['frog', 'ship', 'airplane', 'automobile']",ship
28727,7,"['automobile', 'cat', 'airplane', 'frog']",cat
28728,8,"['horse', 'airplane', 'cat', 'frog']",horse
28729,4,"['cat', 'automobile', 'frog', 'airplane']",automobile
28730,5,"['frog', 'ship', 'airplane', 'automobile']",ship
28731,3,"['frog', 'ship', 'automobile', 'airplane']",ship
28732,6,"['automobile', 'horse', 'ship', 'airplane']",airplane
28733,0,"['horse', 'deer', 'frog', 'cat']",horse
28734,2,"['ship', 'cat', 'automobile', 'airplane']",automobile
28735,7,"['automobile', 'cat', 'airplane', 'frog']",cat
28736,5,"['frog', 'ship', 'airplane', 'automobile']",ship
28737,6,"['automobile', 'horse', 'ship', 'airplane']",airplane
28738,3,"['frog', 'ship', 'automobile', 'airplane']",ship
28739,4,"['cat', 'automobile', 'frog', 'airplane']",automobile
28740,5,"['frog', 'ship', 'airplane', 'automobile']",ship
28741,5,"['frog', 'ship', 'airplane', 'automobile']",ship
28742,0,"['horse', 'deer', 'frog', 'cat']",horse
28743,8,"['horse', 'airplane', 'cat', 'frog']",horse
28744,4,"['cat', 'automobile', 'frog', 'airplane']",automobile
28745,6,"['automobile', 'horse', 'ship', 'airplane']",airplane
28746,5,"['frog', 'ship', 'airplane', 'automobile']",ship
28747,9,"['dog', 'frog', 'cat', 'airplane']",dog
28748,2,"['ship', 'cat', 'automobile', 'airplane']",cat
28749,6,"['automobile', 'horse', 'ship', 'airplane']",airplane
28750,0,"['horse', 'deer', 'frog', 'cat']",horse
28751,4,"['cat', 'automobile', 'frog', 'airplane']",automobile
28752,4,"['cat', 'automobile', 'frog', 'airplane']",automobile
28753,9,"['dog', 'frog', 'cat', 'airplane']",airplane
28754,5,"['frog', 'ship', 'airplane', 'automobile']",ship
28755,4,"['cat', 'automobile', 'frog', 'airplane']",automobile
28756,5,"['frog', 'ship', 'airplane', 'automobile']",ship
28757,5,"['frog', 'ship', 'airplane', 'automobile']",ship
28758,5,"['frog', 'ship', 'airplane', 'automobile']",ship
28759,7,"['automobile', 'cat', 'airplane', 'frog']",airplane
28760,6,"['automobile', 'horse', 'ship', 'airplane']",airplane
28761,1,"['bird', 'dog', 'frog', 'cat', 'airplane']",airplane
28762,8,"['horse', 'airplane', 'cat', 'frog']",horse
28763,1,"['bird', 'dog', 'frog', 'cat', 'airplane']",airplane
28764,7,"['automobile', 'cat', 'airplane', 'frog']",airplane
28765,0,"['horse', 'deer', 'frog', 'cat']",horse
28766,4,"['cat', 'automobile', 'frog', 'airplane']",automobile
28767,0,"['horse', 'deer', 'frog', 'cat']",horse
28768,8,"['horse', 'airplane', 'cat', 'frog']",horse
28769,4,"['cat', 'automobile', 'frog', 'airplane']",automobile
28770,2,"['ship', 'cat', 'automobile', 'airplane']",cat
28771,7,"['automobile', 'cat', 'airplane', 'frog']",cat
28772,3,"['frog', 'ship', 'automobile', 'airplane']",ship
28773,3,"['frog', 'ship', 'automobile', 'airplane']",ship
28774,9,"['dog', 'frog', 'cat', 'airplane']",airplane
28775,8,"['horse', 'airplane', 'cat', 'frog']",horse
28776,6,"['automobile', 'horse', 'ship', 'airplane']",ship
28777,5,"['frog', 'ship', 'airplane', 'automobile']",ship
28778,9,"['dog', 'frog', 'cat', 'airplane']",airplane
28779,5,"['frog', 'ship', 'airplane', 'automobile']",ship
28780,1,"['bird', 'dog', 'frog', 'cat', 'airplane']",airplane
28781,9,"['dog', 'frog', 'cat', 'airplane']",dog
28782,8,"['horse', 'airplane', 'cat', 'frog']",horse
28783,9,"['dog', 'frog', 'cat', 'airplane']",dog
28784,1,"['bird', 'dog', 'frog', 'cat', 'airplane']",airplane
28785,4,"['cat', 'automobile', 'frog', 'airplane']",automobile
28786,3,"['frog', 'ship', 'automobile', 'airplane']",ship
28787,3,"['frog', 'ship', 'automobile', 'airplane']",ship
28788,2,"['ship', 'cat', 'automobile', 'airplane']",cat
28789,4,"['cat', 'automobile', 'frog', 'airplane']",automobile
28790,1,"['bird', 'dog', 'frog', 'cat', 'airplane']",airplane
28791,0,"['horse', 'deer', 'frog', 'cat']",horse
28792,3,"['frog', 'ship', 'automobile', 'airplane']",ship
28793,4,"['cat', 'automobile', 'frog', 'airplane']",automobile
28794,0,"['horse', 'deer', 'frog', 'cat']",horse
28795,4,"['cat', 'automobile', 'frog', 'airplane']",automobile
28796,4,"['cat', 'automobile', 'frog', 'airplane']",automobile
28797,4,"['cat', 'automobile', 'frog', 'airplane']",automobile
28798,1,"['bird', 'dog', 'frog', 'cat', 'airplane']",airplane
28799,4,"['cat', 'automobile', 'frog', 'airplane']",automobile
28800,8,"['horse', 'airplane', 'cat', 'frog']",horse
28801,7,"['automobile', 'cat', 'airplane', 'frog']",cat
28802,2,"['ship', 'cat', 'automobile', 'airplane']",automobile
28803,4,"['cat', 'automobile', 'frog', 'airplane']",automobile
28804,1,"['bird', 'dog', 'frog', 'cat', 'airplane']",airplane
28805,1,"['bird', 'dog', 'frog', 'cat', 'airplane']",airplane
28806,6,"['automobile', 'horse', 'ship', 'airplane']",airplane
28807,8,"['horse', 'airplane', 'cat', 'frog']",horse
28808,3,"['frog', 'ship', 'automobile', 'airplane']",ship
28809,4,"['cat', 'automobile', 'frog', 'airplane']",automobile
28810,1,"['bird', 'dog', 'frog', 'cat', 'airplane']",airplane
28811,3,"['frog', 'ship', 'automobile', 'airplane']",ship
28812,7,"['automobile', 'cat', 'airplane', 'frog']",frog
28813,3,"['frog', 'ship', 'automobile', 'airplane']",ship
28814,2,"['ship', 'cat', 'automobile', 'airplane']",cat
28815,7,"['automobile', 'cat', 'airplane', 'frog']",airplane
28816,6,"['automobile', 'horse', 'ship', 'airplane']",airplane
28817,0,"['horse', 'deer', 'frog', 'cat']",horse
28818,1,"['bird', 'dog', 'frog', 'cat', 'airplane']",airplane
28819,3,"['frog', 'ship', 'automobile', 'airplane']",ship
28820,6,"['automobile', 'horse', 'ship', 'airplane']",horse
28821,1,"['bird', 'dog', 'frog', 'cat', 'airplane']",airplane
28822,1,"['bird', 'dog', 'frog', 'cat', 'airplane']",airplane
28823,4,"['cat', 'automobile', 'frog', 'airplane']",automobile
28824,3,"['frog', 'ship', 'automobile', 'airplane']",ship
28825,5,"['frog', 'ship', 'airplane', 'automobile']",ship
28826,0,"['horse', 'deer', 'frog', 'cat']",horse
28827,2,"['ship', 'cat', 'automobile', 'airplane']",ship
28828,0,"['horse', 'deer', 'frog', 'cat']",horse
28829,8,"['horse', 'airplane', 'cat', 'frog']",horse
28830,4,"['cat', 'automobile', 'frog', 'airplane']",automobile
28831,5,"['frog', 'ship', 'airplane', 'automobile']",ship
28832,7,"['automobile', 'cat', 'airplane', 'frog']",frog
28833,0,"['horse', 'deer', 'frog', 'cat']",horse
28834,2,"['ship', 'cat', 'automobile', 'airplane']",cat
28835,3,"['frog', 'ship', 'automobile', 'airplane']",ship
28836,7,"['automobile', 'cat', 'airplane', 'frog']",cat
28837,4,"['cat', 'automobile', 'frog', 'airplane']",automobile
28838,3,"['frog', 'ship', 'automobile', 'airplane']",ship
28839,3,"['frog', 'ship', 'automobile', 'airplane']",ship
28840,1,"['bird', 'dog', 'frog', 'cat', 'airplane']",airplane
28841,8,"['horse', 'airplane', 'cat', 'frog']",horse
28842,8,"['horse', 'airplane', 'cat', 'frog']",horse
28843,5,"['frog', 'ship', 'airplane', 'automobile']",ship
28844,1,"['bird', 'dog', 'frog', 'cat', 'airplane']",airplane
28845,5,"['frog', 'ship', 'airplane', 'automobile']",ship
28846,9,"['dog', 'frog', 'cat', 'airplane']",airplane
28847,1,"['bird', 'dog', 'frog', 'cat', 'airplane']",airplane
28848,1,"['bird', 'dog', 'frog', 'cat', 'airplane']",airplane
28849,2,"['ship', 'cat', 'automobile', 'airplane']",cat
28850,9,"['dog', 'frog', 'cat', 'airplane']",airplane
28851,5,"['frog', 'ship', 'airplane', 'automobile']",ship
28852,5,"['frog', 'ship', 'airplane', 'automobile']",ship
28853,7,"['automobile', 'cat', 'airplane', 'frog']",cat
28854,5,"['frog', 'ship', 'airplane', 'automobile']",ship
28855,8,"['horse', 'airplane', 'cat', 'frog']",horse
28856,2,"['ship', 'cat', 'automobile', 'airplane']",automobile
28857,5,"['frog', 'ship', 'airplane', 'automobile']",ship
28858,1,"['bird', 'dog', 'frog', 'cat', 'airplane']",airplane
28859,6,"['automobile', 'horse', 'ship', 'airplane']",airplane
28860,6,"['automobile', 'horse', 'ship', 'airplane']",airplane
28861,1,"['bird', 'dog', 'frog', 'cat', 'airplane']",airplane
28862,2,"['ship', 'cat', 'automobile', 'airplane']",cat
28863,9,"['dog', 'frog', 'cat', 'airplane']",dog
28864,3,"['frog', 'ship', 'automobile', 'airplane']",ship
28865,0,"['horse', 'deer', 'frog', 'cat']",horse
28866,0,"['horse', 'deer', 'frog', 'cat']",horse
28867,2,"['ship', 'cat', 'automobile', 'airplane']",cat
28868,7,"['automobile', 'cat', 'airplane', 'frog']",cat
28869,6,"['automobile', 'horse', 'ship', 'airplane']",airplane
28870,5,"['frog', 'ship', 'airplane', 'automobile']",ship
28871,9,"['dog', 'frog', 'cat', 'airplane']",airplane
28872,2,"['ship', 'cat', 'automobile', 'airplane']",cat
28873,1,"['bird', 'dog', 'frog', 'cat', 'airplane']",airplane
28874,8,"['horse', 'airplane', 'cat', 'frog']",horse
28875,4,"['cat', 'automobile', 'frog', 'airplane']",automobile
28876,1,"['bird', 'dog', 'frog', 'cat', 'airplane']",airplane
28877,5,"['frog', 'ship', 'airplane', 'automobile']",ship
28878,2,"['ship', 'cat', 'automobile', 'airplane']",cat
28879,9,"['dog', 'frog', 'cat', 'airplane']",airplane
28880,3,"['frog', 'ship', 'automobile', 'airplane']",ship
28881,4,"['cat', 'automobile', 'frog', 'airplane']",automobile
28882,1,"['bird', 'dog', 'frog', 'cat', 'airplane']",airplane
28883,0,"['horse', 'deer', 'frog', 'cat']",horse
28884,7,"['automobile', 'cat', 'airplane', 'frog']",cat
28885,4,"['cat', 'automobile', 'frog', 'airplane']",automobile
28886,9,"['dog', 'frog', 'cat', 'airplane']",dog
28887,0,"['horse', 'deer', 'frog', 'cat']",horse
28888,9,"['dog', 'frog', 'cat', 'airplane']",airplane
28889,5,"['frog', 'ship', 'airplane', 'automobile']",ship
28890,2,"['ship', 'cat', 'automobile', 'airplane']",automobile
28891,3,"['frog', 'ship', 'automobile', 'airplane']",ship
28892,4,"['cat', 'automobile', 'frog', 'airplane']",automobile
28893,2,"['ship', 'cat', 'automobile', 'airplane']",cat
28894,7,"['automobile', 'cat', 'airplane', 'frog']",cat
28895,7,"['automobile', 'cat', 'airplane', 'frog']",cat
28896,1,"['bird', 'dog', 'frog', 'cat', 'airplane']",airplane
28897,0,"['horse', 'deer', 'frog', 'cat']",horse
28898,8,"['horse', 'airplane', 'cat', 'frog']",horse
28899,9,"['dog', 'frog', 'cat', 'airplane']",airplane
28900,5,"['frog', 'ship', 'airplane', 'automobile']",ship
28901,9,"['dog', 'frog', 'cat', 'airplane']",airplane
28902,5,"['frog', 'ship', 'airplane', 'automobile']",ship
28903,4,"['cat', 'automobile', 'frog', 'airplane']",automobile
28904,4,"['cat', 'automobile', 'frog', 'airplane']",automobile
28905,7,"['automobile', 'cat', 'airplane', 'frog']",cat
28906,1,"['bird', 'dog', 'frog', 'cat', 'airplane']",airplane
28907,9,"['dog', 'frog', 'cat', 'airplane']",airplane
28908,9,"['dog', 'frog', 'cat', 'airplane']",airplane
28909,5,"['frog', 'ship', 'airplane', 'automobile']",ship
28910,1,"['bird', 'dog', 'frog', 'cat', 'airplane']",airplane
28911,7,"['automobile', 'cat', 'airplane', 'frog']",cat
28912,0,"['horse', 'deer', 'frog', 'cat']",horse
28913,4,"['cat', 'automobile', 'frog', 'airplane']",automobile
28914,7,"['automobile', 'cat', 'airplane', 'frog']",cat
28915,9,"['dog', 'frog', 'cat', 'airplane']",dog
28916,7,"['automobile', 'cat', 'airplane', 'frog']",cat
28917,0,"['horse', 'deer', 'frog', 'cat']",horse
28918,8,"['horse', 'airplane', 'cat', 'frog']",horse
28919,0,"['horse', 'deer', 'frog', 'cat']",horse
28920,7,"['automobile', 'cat', 'airplane', 'frog']",cat
28921,0,"['horse', 'deer', 'frog', 'cat']",horse
28922,8,"['horse', 'airplane', 'cat', 'frog']",horse
28923,7,"['automobile', 'cat', 'airplane', 'frog']",cat
28924,0,"['horse', 'deer', 'frog', 'cat']",horse
28925,6,"['automobile', 'horse', 'ship', 'airplane']",automobile
28926,1,"['bird', 'dog', 'frog', 'cat', 'airplane']",airplane
28927,2,"['ship', 'cat', 'automobile', 'airplane']",cat
28928,8,"['horse', 'airplane', 'cat', 'frog']",horse
28929,8,"['horse', 'airplane', 'cat', 'frog']",horse
28930,0,"['horse', 'deer', 'frog', 'cat']",horse
28931,9,"['dog', 'frog', 'cat', 'airplane']",airplane
28932,9,"['dog', 'frog', 'cat', 'airplane']",airplane
28933,2,"['ship', 'cat', 'automobile', 'airplane']",automobile
28934,2,"['ship', 'cat', 'automobile', 'airplane']",automobile
28935,2,"['ship', 'cat', 'automobile', 'airplane']",cat
28936,7,"['automobile', 'cat', 'airplane', 'frog']",cat
28937,1,"['bird', 'dog', 'frog', 'cat', 'airplane']",airplane
28938,1,"['bird', 'dog', 'frog', 'cat', 'airplane']",airplane
28939,4,"['cat', 'automobile', 'frog', 'airplane']",automobile
28940,8,"['horse', 'airplane', 'cat', 'frog']",airplane
28941,1,"['bird', 'dog', 'frog', 'cat', 'airplane']",airplane
28942,3,"['frog', 'ship', 'automobile', 'airplane']",ship
28943,6,"['automobile', 'horse', 'ship', 'airplane']",airplane
28944,2,"['ship', 'cat', 'automobile', 'airplane']",cat
28945,7,"['automobile', 'cat', 'airplane', 'frog']",cat
28946,5,"['frog', 'ship', 'airplane', 'automobile']",ship
28947,5,"['frog', 'ship', 'airplane', 'automobile']",ship
28948,2,"['ship', 'cat', 'automobile', 'airplane']",automobile
28949,9,"['dog', 'frog', 'cat', 'airplane']",dog
28950,8,"['horse', 'airplane', 'cat', 'frog']",horse
28951,7,"['automobile', 'cat', 'airplane', 'frog']",airplane
28952,5,"['frog', 'ship', 'airplane', 'automobile']",ship
28953,3,"['frog', 'ship', 'automobile', 'airplane']",ship
28954,8,"['horse', 'airplane', 'cat', 'frog']",horse
28955,8,"['horse', 'airplane', 'cat', 'frog']",horse
28956,6,"['automobile', 'horse', 'ship', 'airplane']",airplane
28957,1,"['bird', 'dog', 'frog', 'cat', 'airplane']",airplane
28958,1,"['bird', 'dog', 'frog', 'cat', 'airplane']",airplane
28959,9,"['dog', 'frog', 'cat', 'airplane']",dog
28960,9,"['dog', 'frog', 'cat', 'airplane']",dog
28961,5,"['frog', 'ship', 'airplane', 'automobile']",ship
28962,4,"['cat', 'automobile', 'frog', 'airplane']",automobile
28963,1,"['bird', 'dog', 'frog', 'cat', 'airplane']",airplane
28964,3,"['frog', 'ship', 'automobile', 'airplane']",ship
28965,7,"['automobile', 'cat', 'airplane', 'frog']",airplane
28966,0,"['horse', 'deer', 'frog', 'cat']",horse
28967,5,"['frog', 'ship', 'airplane', 'automobile']",ship
28968,9,"['dog', 'frog', 'cat', 'airplane']",airplane
28969,7,"['automobile', 'cat', 'airplane', 'frog']",airplane
28970,2,"['ship', 'cat', 'automobile', 'airplane']",cat
28971,4,"['cat', 'automobile', 'frog', 'airplane']",automobile
28972,0,"['horse', 'deer', 'frog', 'cat']",horse
28973,5,"['frog', 'ship', 'airplane', 'automobile']",ship
28974,9,"['dog', 'frog', 'cat', 'airplane']",dog
28975,1,"['bird', 'dog', 'frog', 'cat', 'airplane']",airplane
28976,5,"['frog', 'ship', 'airplane', 'automobile']",ship
28977,7,"['automobile', 'cat', 'airplane', 'frog']",airplane
28978,0,"['horse', 'deer', 'frog', 'cat']",horse
28979,8,"['horse', 'airplane', 'cat', 'frog']",horse
28980,6,"['automobile', 'horse', 'ship', 'airplane']",ship
28981,1,"['bird', 'dog', 'frog', 'cat', 'airplane']",airplane
28982,5,"['frog', 'ship', 'airplane', 'automobile']",ship
28983,3,"['frog', 'ship', 'automobile', 'airplane']",ship
28984,3,"['frog', 'ship', 'automobile', 'airplane']",ship
28985,8,"['horse', 'airplane', 'cat', 'frog']",horse
28986,6,"['automobile', 'horse', 'ship', 'airplane']",airplane
28987,7,"['automobile', 'cat', 'airplane', 'frog']",cat
28988,9,"['dog', 'frog', 'cat', 'airplane']",airplane
28989,1,"['bird', 'dog', 'frog', 'cat', 'airplane']",airplane
28990,6,"['automobile', 'horse', 'ship', 'airplane']",airplane
28991,3,"['frog', 'ship', 'automobile', 'airplane']",ship
28992,6,"['automobile', 'horse', 'ship', 'airplane']",automobile
28993,6,"['automobile', 'horse', 'ship', 'airplane']",airplane
28994,2,"['ship', 'cat', 'automobile', 'airplane']",automobile
28995,5,"['frog', 'ship', 'airplane', 'automobile']",ship
28996,3,"['frog', 'ship', 'automobile', 'airplane']",ship
28997,5,"['frog', 'ship', 'airplane', 'automobile']",ship
28998,6,"['automobile', 'horse', 'ship', 'airplane']",automobile
28999,5,"['frog', 'ship', 'airplane', 'automobile']",ship
29000,9,"['dog', 'frog', 'cat', 'airplane']",airplane
29001,3,"['frog', 'ship', 'automobile', 'airplane']",ship
29002,9,"['dog', 'frog', 'cat', 'airplane']",dog
29003,0,"['horse', 'deer', 'frog', 'cat']",horse
29004,3,"['frog', 'ship', 'automobile', 'airplane']",ship
29005,2,"['ship', 'cat', 'automobile', 'airplane']",cat
29006,5,"['frog', 'ship', 'airplane', 'automobile']",ship
29007,1,"['bird', 'dog', 'frog', 'cat', 'airplane']",airplane
29008,4,"['cat', 'automobile', 'frog', 'airplane']",automobile
29009,6,"['automobile', 'horse', 'ship', 'airplane']",ship
29010,3,"['frog', 'ship', 'automobile', 'airplane']",ship
29011,3,"['frog', 'ship', 'automobile', 'airplane']",ship
29012,3,"['frog', 'ship', 'automobile', 'airplane']",ship
29013,9,"['dog', 'frog', 'cat', 'airplane']",dog
29014,8,"['horse', 'airplane', 'cat', 'frog']",horse
29015,3,"['frog', 'ship', 'automobile', 'airplane']",ship
29016,7,"['automobile', 'cat', 'airplane', 'frog']",cat
29017,7,"['automobile', 'cat', 'airplane', 'frog']",cat
29018,7,"['automobile', 'cat', 'airplane', 'frog']",cat
29019,1,"['bird', 'dog', 'frog', 'cat', 'airplane']",airplane
29020,5,"['frog', 'ship', 'airplane', 'automobile']",ship
29021,3,"['frog', 'ship', 'automobile', 'airplane']",ship
29022,5,"['frog', 'ship', 'airplane', 'automobile']",ship
29023,1,"['bird', 'dog', 'frog', 'cat', 'airplane']",airplane
29024,4,"['cat', 'automobile', 'frog', 'airplane']",automobile
29025,9,"['dog', 'frog', 'cat', 'airplane']",airplane
29026,7,"['automobile', 'cat', 'airplane', 'frog']",cat
29027,8,"['horse', 'airplane', 'cat', 'frog']",horse
29028,3,"['frog', 'ship', 'automobile', 'airplane']",ship
29029,1,"['bird', 'dog', 'frog', 'cat', 'airplane']",airplane
29030,8,"['horse', 'airplane', 'cat', 'frog']",horse
29031,5,"['frog', 'ship', 'airplane', 'automobile']",ship
29032,5,"['frog', 'ship', 'airplane', 'automobile']",ship
29033,2,"['ship', 'cat', 'automobile', 'airplane']",cat
29034,4,"['cat', 'automobile', 'frog', 'airplane']",automobile
29035,7,"['automobile', 'cat', 'airplane', 'frog']",cat
29036,7,"['automobile', 'cat', 'airplane', 'frog']",airplane
29037,5,"['frog', 'ship', 'airplane', 'automobile']",ship
29038,3,"['frog', 'ship', 'automobile', 'airplane']",ship
29039,0,"['horse', 'deer', 'frog', 'cat']",horse
29040,5,"['frog', 'ship', 'airplane', 'automobile']",ship
29041,4,"['cat', 'automobile', 'frog', 'airplane']",airplane
29042,2,"['ship', 'cat', 'automobile', 'airplane']",cat
29043,9,"['dog', 'frog', 'cat', 'airplane']",airplane
29044,1,"['bird', 'dog', 'frog', 'cat', 'airplane']",airplane
29045,9,"['dog', 'frog', 'cat', 'airplane']",dog
29046,4,"['cat', 'automobile', 'frog', 'airplane']",automobile
29047,7,"['automobile', 'cat', 'airplane', 'frog']",cat
29048,2,"['ship', 'cat', 'automobile', 'airplane']",automobile
29049,1,"['bird', 'dog', 'frog', 'cat', 'airplane']",airplane
29050,3,"['frog', 'ship', 'automobile', 'airplane']",ship
29051,8,"['horse', 'airplane', 'cat', 'frog']",horse
29052,4,"['cat', 'automobile', 'frog', 'airplane']",automobile
29053,0,"['horse', 'deer', 'frog', 'cat']",horse
29054,9,"['dog', 'frog', 'cat', 'airplane']",airplane
29055,8,"['horse', 'airplane', 'cat', 'frog']",airplane
29056,8,"['horse', 'airplane', 'cat', 'frog']",horse
29057,0,"['horse', 'deer', 'frog', 'cat']",horse
29058,2,"['ship', 'cat', 'automobile', 'airplane']",cat
29059,9,"['dog', 'frog', 'cat', 'airplane']",airplane
29060,0,"['horse', 'deer', 'frog', 'cat']",horse
29061,5,"['frog', 'ship', 'airplane', 'automobile']",ship
29062,7,"['automobile', 'cat', 'airplane', 'frog']",cat
29063,6,"['automobile', 'horse', 'ship', 'airplane']",automobile
29064,7,"['automobile', 'cat', 'airplane', 'frog']",cat
29065,4,"['cat', 'automobile', 'frog', 'airplane']",automobile
29066,1,"['bird', 'dog', 'frog', 'cat', 'airplane']",airplane
29067,8,"['horse', 'airplane', 'cat', 'frog']",horse
29068,1,"['bird', 'dog', 'frog', 'cat', 'airplane']",airplane
29069,4,"['cat', 'automobile', 'frog', 'airplane']",automobile
29070,4,"['cat', 'automobile', 'frog', 'airplane']",automobile
29071,4,"['cat', 'automobile', 'frog', 'airplane']",automobile
29072,9,"['dog', 'frog', 'cat', 'airplane']",dog
29073,9,"['dog', 'frog', 'cat', 'airplane']",dog
29074,3,"['frog', 'ship', 'automobile', 'airplane']",ship
29075,8,"['horse', 'airplane', 'cat', 'frog']",horse
29076,2,"['ship', 'cat', 'automobile', 'airplane']",cat
29077,5,"['frog', 'ship', 'airplane', 'automobile']",ship
29078,8,"['horse', 'airplane', 'cat', 'frog']",horse
29079,2,"['ship', 'cat', 'automobile', 'airplane']",cat
29080,6,"['automobile', 'horse', 'ship', 'airplane']",airplane
29081,7,"['automobile', 'cat', 'airplane', 'frog']",airplane
29082,3,"['frog', 'ship', 'automobile', 'airplane']",ship
29083,4,"['cat', 'automobile', 'frog', 'airplane']",automobile
29084,3,"['frog', 'ship', 'automobile', 'airplane']",ship
29085,9,"['dog', 'frog', 'cat', 'airplane']",dog
29086,4,"['cat', 'automobile', 'frog', 'airplane']",automobile
29087,2,"['ship', 'cat', 'automobile', 'airplane']",cat
29088,1,"['bird', 'dog', 'frog', 'cat', 'airplane']",airplane
29089,6,"['automobile', 'horse', 'ship', 'airplane']",ship
29090,2,"['ship', 'cat', 'automobile', 'airplane']",cat
29091,9,"['dog', 'frog', 'cat', 'airplane']",airplane
29092,0,"['horse', 'deer', 'frog', 'cat']",horse
29093,6,"['automobile', 'horse', 'ship', 'airplane']",ship
29094,9,"['dog', 'frog', 'cat', 'airplane']",airplane
29095,6,"['automobile', 'horse', 'ship', 'airplane']",airplane
29096,3,"['frog', 'ship', 'automobile', 'airplane']",ship
29097,6,"['automobile', 'horse', 'ship', 'airplane']",airplane
29098,4,"['cat', 'automobile', 'frog', 'airplane']",automobile
29099,0,"['horse', 'deer', 'frog', 'cat']",horse
29100,4,"['cat', 'automobile', 'frog', 'airplane']",automobile
29101,4,"['cat', 'automobile', 'frog', 'airplane']",automobile
29102,4,"['cat', 'automobile', 'frog', 'airplane']",automobile
29103,6,"['automobile', 'horse', 'ship', 'airplane']",airplane
29104,0,"['horse', 'deer', 'frog', 'cat']",horse
29105,9,"['dog', 'frog', 'cat', 'airplane']",dog
29106,6,"['automobile', 'horse', 'ship', 'airplane']",automobile
29107,6,"['automobile', 'horse', 'ship', 'airplane']",horse
29108,6,"['automobile', 'horse', 'ship', 'airplane']",airplane
29109,3,"['frog', 'ship', 'automobile', 'airplane']",ship
29110,5,"['frog', 'ship', 'airplane', 'automobile']",ship
29111,4,"['cat', 'automobile', 'frog', 'airplane']",automobile
29112,9,"['dog', 'frog', 'cat', 'airplane']",dog
29113,3,"['frog', 'ship', 'automobile', 'airplane']",ship
29114,9,"['dog', 'frog', 'cat', 'airplane']",dog
29115,9,"['dog', 'frog', 'cat', 'airplane']",airplane
29116,9,"['dog', 'frog', 'cat', 'airplane']",dog
29117,1,"['bird', 'dog', 'frog', 'cat', 'airplane']",airplane
29118,0,"['horse', 'deer', 'frog', 'cat']",horse
29119,6,"['automobile', 'horse', 'ship', 'airplane']",horse
29120,1,"['bird', 'dog', 'frog', 'cat', 'airplane']",airplane
29121,1,"['bird', 'dog', 'frog', 'cat', 'airplane']",airplane
29122,9,"['dog', 'frog', 'cat', 'airplane']",dog
29123,6,"['automobile', 'horse', 'ship', 'airplane']",horse
29124,7,"['automobile', 'cat', 'airplane', 'frog']",cat
29125,4,"['cat', 'automobile', 'frog', 'airplane']",automobile
29126,2,"['ship', 'cat', 'automobile', 'airplane']",cat
29127,5,"['frog', 'ship', 'airplane', 'automobile']",ship
29128,4,"['cat', 'automobile', 'frog', 'airplane']",automobile
29129,4,"['cat', 'automobile', 'frog', 'airplane']",automobile
29130,9,"['dog', 'frog', 'cat', 'airplane']",dog
29131,4,"['cat', 'automobile', 'frog', 'airplane']",automobile
29132,5,"['frog', 'ship', 'airplane', 'automobile']",ship
29133,1,"['bird', 'dog', 'frog', 'cat', 'airplane']",airplane
29134,8,"['horse', 'airplane', 'cat', 'frog']",horse
29135,2,"['ship', 'cat', 'automobile', 'airplane']",cat
29136,6,"['automobile', 'horse', 'ship', 'airplane']",airplane
29137,7,"['automobile', 'cat', 'airplane', 'frog']",airplane
29138,4,"['cat', 'automobile', 'frog', 'airplane']",automobile
29139,3,"['frog', 'ship', 'automobile', 'airplane']",ship
29140,0,"['horse', 'deer', 'frog', 'cat']",horse
29141,6,"['automobile', 'horse', 'ship', 'airplane']",airplane
29142,9,"['dog', 'frog', 'cat', 'airplane']",airplane
29143,1,"['bird', 'dog', 'frog', 'cat', 'airplane']",airplane
29144,5,"['frog', 'ship', 'airplane', 'automobile']",ship
29145,5,"['frog', 'ship', 'airplane', 'automobile']",ship
29146,1,"['bird', 'dog', 'frog', 'cat', 'airplane']",airplane
29147,8,"['horse', 'airplane', 'cat', 'frog']",horse
29148,9,"['dog', 'frog', 'cat', 'airplane']",dog
29149,1,"['bird', 'dog', 'frog', 'cat', 'airplane']",airplane
29150,2,"['ship', 'cat', 'automobile', 'airplane']",cat
29151,0,"['horse', 'deer', 'frog', 'cat']",horse
29152,4,"['cat', 'automobile', 'frog', 'airplane']",automobile
29153,0,"['horse', 'deer', 'frog', 'cat']",horse
29154,3,"['frog', 'ship', 'automobile', 'airplane']",ship
29155,7,"['automobile', 'cat', 'airplane', 'frog']",cat
29156,2,"['ship', 'cat', 'automobile', 'airplane']",automobile
29157,9,"['dog', 'frog', 'cat', 'airplane']",dog
29158,7,"['automobile', 'cat', 'airplane', 'frog']",airplane
29159,3,"['frog', 'ship', 'automobile', 'airplane']",ship
29160,0,"['horse', 'deer', 'frog', 'cat']",horse
29161,4,"['cat', 'automobile', 'frog', 'airplane']",automobile
29162,2,"['ship', 'cat', 'automobile', 'airplane']",automobile
29163,4,"['cat', 'automobile', 'frog', 'airplane']",automobile
29164,6,"['automobile', 'horse', 'ship', 'airplane']",automobile
29165,3,"['frog', 'ship', 'automobile', 'airplane']",ship
29166,7,"['automobile', 'cat', 'airplane', 'frog']",cat
29167,9,"['dog', 'frog', 'cat', 'airplane']",dog
29168,9,"['dog', 'frog', 'cat', 'airplane']",dog
29169,9,"['dog', 'frog', 'cat', 'airplane']",airplane
29170,8,"['horse', 'airplane', 'cat', 'frog']",horse
29171,1,"['bird', 'dog', 'frog', 'cat', 'airplane']",airplane
29172,4,"['cat', 'automobile', 'frog', 'airplane']",automobile
29173,0,"['horse', 'deer', 'frog', 'cat']",horse
29174,0,"['horse', 'deer', 'frog', 'cat']",horse
29175,8,"['horse', 'airplane', 'cat', 'frog']",horse
29176,1,"['bird', 'dog', 'frog', 'cat', 'airplane']",airplane
29177,3,"['frog', 'ship', 'automobile', 'airplane']",ship
29178,7,"['automobile', 'cat', 'airplane', 'frog']",frog
29179,9,"['dog', 'frog', 'cat', 'airplane']",airplane
29180,2,"['ship', 'cat', 'automobile', 'airplane']",cat
29181,2,"['ship', 'cat', 'automobile', 'airplane']",cat
29182,9,"['dog', 'frog', 'cat', 'airplane']",dog
29183,4,"['cat', 'automobile', 'frog', 'airplane']",automobile
29184,4,"['cat', 'automobile', 'frog', 'airplane']",automobile
29185,7,"['automobile', 'cat', 'airplane', 'frog']",cat
29186,9,"['dog', 'frog', 'cat', 'airplane']",airplane
29187,3,"['frog', 'ship', 'automobile', 'airplane']",ship
29188,1,"['bird', 'dog', 'frog', 'cat', 'airplane']",airplane
29189,0,"['horse', 'deer', 'frog', 'cat']",horse
29190,0,"['horse', 'deer', 'frog', 'cat']",horse
29191,6,"['automobile', 'horse', 'ship', 'airplane']",airplane
29192,4,"['cat', 'automobile', 'frog', 'airplane']",automobile
29193,9,"['dog', 'frog', 'cat', 'airplane']",airplane
29194,6,"['automobile', 'horse', 'ship', 'airplane']",horse
29195,7,"['automobile', 'cat', 'airplane', 'frog']",cat
29196,7,"['automobile', 'cat', 'airplane', 'frog']",cat
29197,9,"['dog', 'frog', 'cat', 'airplane']",dog
29198,2,"['ship', 'cat', 'automobile', 'airplane']",cat
29199,8,"['horse', 'airplane', 'cat', 'frog']",horse
29200,3,"['frog', 'ship', 'automobile', 'airplane']",ship
29201,3,"['frog', 'ship', 'automobile', 'airplane']",ship
29202,4,"['cat', 'automobile', 'frog', 'airplane']",automobile
29203,1,"['bird', 'dog', 'frog', 'cat', 'airplane']",airplane
29204,5,"['frog', 'ship', 'airplane', 'automobile']",ship
29205,1,"['bird', 'dog', 'frog', 'cat', 'airplane']",airplane
29206,7,"['automobile', 'cat', 'airplane', 'frog']",airplane
29207,9,"['dog', 'frog', 'cat', 'airplane']",airplane
29208,7,"['automobile', 'cat', 'airplane', 'frog']",frog
29209,1,"['bird', 'dog', 'frog', 'cat', 'airplane']",airplane
29210,9,"['dog', 'frog', 'cat', 'airplane']",dog
29211,7,"['automobile', 'cat', 'airplane', 'frog']",cat
29212,1,"['bird', 'dog', 'frog', 'cat', 'airplane']",airplane
29213,3,"['frog', 'ship', 'automobile', 'airplane']",ship
29214,6,"['automobile', 'horse', 'ship', 'airplane']",ship
29215,3,"['frog', 'ship', 'automobile', 'airplane']",ship
29216,6,"['automobile', 'horse', 'ship', 'airplane']",airplane
29217,6,"['automobile', 'horse', 'ship', 'airplane']",airplane
29218,4,"['cat', 'automobile', 'frog', 'airplane']",automobile
29219,0,"['horse', 'deer', 'frog', 'cat']",horse
29220,2,"['ship', 'cat', 'automobile', 'airplane']",cat
29221,9,"['dog', 'frog', 'cat', 'airplane']",frog
29222,9,"['dog', 'frog', 'cat', 'airplane']",airplane
29223,6,"['automobile', 'horse', 'ship', 'airplane']",airplane
29224,9,"['dog', 'frog', 'cat', 'airplane']",airplane
29225,0,"['horse', 'deer', 'frog', 'cat']",horse
29226,1,"['bird', 'dog', 'frog', 'cat', 'airplane']",airplane
29227,8,"['horse', 'airplane', 'cat', 'frog']",horse
29228,9,"['dog', 'frog', 'cat', 'airplane']",dog
29229,2,"['ship', 'cat', 'automobile', 'airplane']",cat
29230,1,"['bird', 'dog', 'frog', 'cat', 'airplane']",airplane
29231,1,"['bird', 'dog', 'frog', 'cat', 'airplane']",airplane
29232,0,"['horse', 'deer', 'frog', 'cat']",horse
29233,6,"['automobile', 'horse', 'ship', 'airplane']",airplane
29234,9,"['dog', 'frog', 'cat', 'airplane']",dog
29235,3,"['frog', 'ship', 'automobile', 'airplane']",ship
29236,7,"['automobile', 'cat', 'airplane', 'frog']",airplane
29237,4,"['cat', 'automobile', 'frog', 'airplane']",automobile
29238,9,"['dog', 'frog', 'cat', 'airplane']",dog
29239,8,"['horse', 'airplane', 'cat', 'frog']",horse
29240,4,"['cat', 'automobile', 'frog', 'airplane']",automobile
29241,6,"['automobile', 'horse', 'ship', 'airplane']",airplane
29242,5,"['frog', 'ship', 'airplane', 'automobile']",ship
29243,2,"['ship', 'cat', 'automobile', 'airplane']",automobile
29244,0,"['horse', 'deer', 'frog', 'cat']",horse
29245,7,"['automobile', 'cat', 'airplane', 'frog']",cat
29246,0,"['horse', 'deer', 'frog', 'cat']",horse
29247,3,"['frog', 'ship', 'automobile', 'airplane']",ship
29248,9,"['dog', 'frog', 'cat', 'airplane']",airplane
29249,2,"['ship', 'cat', 'automobile', 'airplane']",cat
29250,4,"['cat', 'automobile', 'frog', 'airplane']",airplane
29251,5,"['frog', 'ship', 'airplane', 'automobile']",ship
29252,1,"['bird', 'dog', 'frog', 'cat', 'airplane']",airplane
29253,6,"['automobile', 'horse', 'ship', 'airplane']",airplane
29254,4,"['cat', 'automobile', 'frog', 'airplane']",automobile
29255,3,"['frog', 'ship', 'automobile', 'airplane']",ship
29256,5,"['frog', 'ship', 'airplane', 'automobile']",ship
29257,0,"['horse', 'deer', 'frog', 'cat']",horse
29258,9,"['dog', 'frog', 'cat', 'airplane']",airplane
29259,6,"['automobile', 'horse', 'ship', 'airplane']",airplane
29260,3,"['frog', 'ship', 'automobile', 'airplane']",ship
29261,1,"['bird', 'dog', 'frog', 'cat', 'airplane']",airplane
29262,8,"['horse', 'airplane', 'cat', 'frog']",horse
29263,3,"['frog', 'ship', 'automobile', 'airplane']",ship
29264,1,"['bird', 'dog', 'frog', 'cat', 'airplane']",airplane
29265,4,"['cat', 'automobile', 'frog', 'airplane']",automobile
29266,5,"['frog', 'ship', 'airplane', 'automobile']",ship
29267,4,"['cat', 'automobile', 'frog', 'airplane']",automobile
29268,5,"['frog', 'ship', 'airplane', 'automobile']",ship
29269,2,"['ship', 'cat', 'automobile', 'airplane']",ship
29270,1,"['bird', 'dog', 'frog', 'cat', 'airplane']",airplane
29271,5,"['frog', 'ship', 'airplane', 'automobile']",ship
29272,7,"['automobile', 'cat', 'airplane', 'frog']",cat
29273,3,"['frog', 'ship', 'automobile', 'airplane']",ship
29274,0,"['horse', 'deer', 'frog', 'cat']",horse
29275,1,"['bird', 'dog', 'frog', 'cat', 'airplane']",airplane
29276,5,"['frog', 'ship', 'airplane', 'automobile']",ship
29277,1,"['bird', 'dog', 'frog', 'cat', 'airplane']",airplane
29278,4,"['cat', 'automobile', 'frog', 'airplane']",automobile
29279,6,"['automobile', 'horse', 'ship', 'airplane']",airplane
29280,0,"['horse', 'deer', 'frog', 'cat']",horse
29281,7,"['automobile', 'cat', 'airplane', 'frog']",cat
29282,6,"['automobile', 'horse', 'ship', 'airplane']",airplane
29283,1,"['bird', 'dog', 'frog', 'cat', 'airplane']",airplane
29284,6,"['automobile', 'horse', 'ship', 'airplane']",ship
29285,1,"['bird', 'dog', 'frog', 'cat', 'airplane']",airplane
29286,0,"['horse', 'deer', 'frog', 'cat']",horse
29287,8,"['horse', 'airplane', 'cat', 'frog']",horse
29288,1,"['bird', 'dog', 'frog', 'cat', 'airplane']",airplane
29289,0,"['horse', 'deer', 'frog', 'cat']",horse
29290,1,"['bird', 'dog', 'frog', 'cat', 'airplane']",airplane
29291,4,"['cat', 'automobile', 'frog', 'airplane']",automobile
29292,6,"['automobile', 'horse', 'ship', 'airplane']",airplane
29293,0,"['horse', 'deer', 'frog', 'cat']",horse
29294,6,"['automobile', 'horse', 'ship', 'airplane']",airplane
29295,0,"['horse', 'deer', 'frog', 'cat']",horse
29296,6,"['automobile', 'horse', 'ship', 'airplane']",airplane
29297,2,"['ship', 'cat', 'automobile', 'airplane']",automobile
29298,2,"['ship', 'cat', 'automobile', 'airplane']",automobile
29299,1,"['bird', 'dog', 'frog', 'cat', 'airplane']",airplane
29300,2,"['ship', 'cat', 'automobile', 'airplane']",automobile
29301,9,"['dog', 'frog', 'cat', 'airplane']",airplane
29302,5,"['frog', 'ship', 'airplane', 'automobile']",ship
29303,2,"['ship', 'cat', 'automobile', 'airplane']",cat
29304,5,"['frog', 'ship', 'airplane', 'automobile']",ship
29305,7,"['automobile', 'cat', 'airplane', 'frog']",cat
29306,9,"['dog', 'frog', 'cat', 'airplane']",airplane
29307,0,"['horse', 'deer', 'frog', 'cat']",horse
29308,1,"['bird', 'dog', 'frog', 'cat', 'airplane']",airplane
29309,1,"['bird', 'dog', 'frog', 'cat', 'airplane']",airplane
29310,6,"['automobile', 'horse', 'ship', 'airplane']",airplane
29311,1,"['bird', 'dog', 'frog', 'cat', 'airplane']",airplane
29312,7,"['automobile', 'cat', 'airplane', 'frog']",airplane
29313,3,"['frog', 'ship', 'automobile', 'airplane']",ship
29314,1,"['bird', 'dog', 'frog', 'cat', 'airplane']",airplane
29315,1,"['bird', 'dog', 'frog', 'cat', 'airplane']",airplane
29316,8,"['horse', 'airplane', 'cat', 'frog']",horse
29317,8,"['horse', 'airplane', 'cat', 'frog']",horse
29318,1,"['bird', 'dog', 'frog', 'cat', 'airplane']",airplane
29319,8,"['horse', 'airplane', 'cat', 'frog']",horse
29320,7,"['automobile', 'cat', 'airplane', 'frog']",airplane
29321,5,"['frog', 'ship', 'airplane', 'automobile']",ship
29322,3,"['frog', 'ship', 'automobile', 'airplane']",ship
29323,7,"['automobile', 'cat', 'airplane', 'frog']",cat
29324,3,"['frog', 'ship', 'automobile', 'airplane']",ship
29325,1,"['bird', 'dog', 'frog', 'cat', 'airplane']",airplane
29326,7,"['automobile', 'cat', 'airplane', 'frog']",airplane
29327,6,"['automobile', 'horse', 'ship', 'airplane']",airplane
29328,8,"['horse', 'airplane', 'cat', 'frog']",horse
29329,4,"['cat', 'automobile', 'frog', 'airplane']",automobile
29330,1,"['bird', 'dog', 'frog', 'cat', 'airplane']",airplane
29331,7,"['automobile', 'cat', 'airplane', 'frog']",airplane
29332,6,"['automobile', 'horse', 'ship', 'airplane']",ship
29333,8,"['horse', 'airplane', 'cat', 'frog']",horse
29334,9,"['dog', 'frog', 'cat', 'airplane']",dog
29335,9,"['dog', 'frog', 'cat', 'airplane']",airplane
29336,0,"['horse', 'deer', 'frog', 'cat']",horse
29337,3,"['frog', 'ship', 'automobile', 'airplane']",ship
29338,0,"['horse', 'deer', 'frog', 'cat']",horse
29339,6,"['automobile', 'horse', 'ship', 'airplane']",airplane
29340,8,"['horse', 'airplane', 'cat', 'frog']",horse
29341,0,"['horse', 'deer', 'frog', 'cat']",horse
29342,5,"['frog', 'ship', 'airplane', 'automobile']",ship
29343,0,"['horse', 'deer', 'frog', 'cat']",horse
29344,8,"['horse', 'airplane', 'cat', 'frog']",horse
29345,2,"['ship', 'cat', 'automobile', 'airplane']",cat
29346,1,"['bird', 'dog', 'frog', 'cat', 'airplane']",airplane
29347,1,"['bird', 'dog', 'frog', 'cat', 'airplane']",airplane
29348,0,"['horse', 'deer', 'frog', 'cat']",horse
29349,9,"['dog', 'frog', 'cat', 'airplane']",airplane
29350,7,"['automobile', 'cat', 'airplane', 'frog']",cat
29351,2,"['ship', 'cat', 'automobile', 'airplane']",automobile
29352,9,"['dog', 'frog', 'cat', 'airplane']",dog
29353,4,"['cat', 'automobile', 'frog', 'airplane']",automobile
29354,2,"['ship', 'cat', 'automobile', 'airplane']",cat
29355,7,"['automobile', 'cat', 'airplane', 'frog']",airplane
29356,9,"['dog', 'frog', 'cat', 'airplane']",airplane
29357,6,"['automobile', 'horse', 'ship', 'airplane']",automobile
29358,5,"['frog', 'ship', 'airplane', 'automobile']",ship
29359,7,"['automobile', 'cat', 'airplane', 'frog']",cat
29360,6,"['automobile', 'horse', 'ship', 'airplane']",airplane
29361,4,"['cat', 'automobile', 'frog', 'airplane']",automobile
29362,8,"['horse', 'airplane', 'cat', 'frog']",horse
29363,2,"['ship', 'cat', 'automobile', 'airplane']",cat
29364,0,"['horse', 'deer', 'frog', 'cat']",horse
29365,7,"['automobile', 'cat', 'airplane', 'frog']",frog
29366,4,"['cat', 'automobile', 'frog', 'airplane']",automobile
29367,0,"['horse', 'deer', 'frog', 'cat']",frog
29368,4,"['cat', 'automobile', 'frog', 'airplane']",automobile
29369,7,"['automobile', 'cat', 'airplane', 'frog']",cat
29370,7,"['automobile', 'cat', 'airplane', 'frog']",airplane
29371,8,"['horse', 'airplane', 'cat', 'frog']",horse
29372,6,"['automobile', 'horse', 'ship', 'airplane']",ship
29373,5,"['frog', 'ship', 'airplane', 'automobile']",ship
29374,2,"['ship', 'cat', 'automobile', 'airplane']",automobile
29375,6,"['automobile', 'horse', 'ship', 'airplane']",airplane
29376,4,"['cat', 'automobile', 'frog', 'airplane']",automobile
29377,4,"['cat', 'automobile', 'frog', 'airplane']",automobile
29378,0,"['horse', 'deer', 'frog', 'cat']",horse
29379,2,"['ship', 'cat', 'automobile', 'airplane']",cat
29380,0,"['horse', 'deer', 'frog', 'cat']",horse
29381,6,"['automobile', 'horse', 'ship', 'airplane']",airplane
29382,5,"['frog', 'ship', 'airplane', 'automobile']",ship
29383,6,"['automobile', 'horse', 'ship', 'airplane']",airplane
29384,9,"['dog', 'frog', 'cat', 'airplane']",airplane
29385,6,"['automobile', 'horse', 'ship', 'airplane']",automobile
29386,5,"['frog', 'ship', 'airplane', 'automobile']",ship
29387,7,"['automobile', 'cat', 'airplane', 'frog']",airplane
29388,6,"['automobile', 'horse', 'ship', 'airplane']",airplane
29389,2,"['ship', 'cat', 'automobile', 'airplane']",cat
29390,5,"['frog', 'ship', 'airplane', 'automobile']",ship
29391,6,"['automobile', 'horse', 'ship', 'airplane']",airplane
29392,5,"['frog', 'ship', 'airplane', 'automobile']",ship
29393,5,"['frog', 'ship', 'airplane', 'automobile']",ship
29394,1,"['bird', 'dog', 'frog', 'cat', 'airplane']",airplane
29395,3,"['frog', 'ship', 'automobile', 'airplane']",ship
29396,4,"['cat', 'automobile', 'frog', 'airplane']",automobile
29397,3,"['frog', 'ship', 'automobile', 'airplane']",ship
29398,5,"['frog', 'ship', 'airplane', 'automobile']",ship
29399,8,"['horse', 'airplane', 'cat', 'frog']",horse
29400,0,"['horse', 'deer', 'frog', 'cat']",horse
29401,9,"['dog', 'frog', 'cat', 'airplane']",airplane
29402,5,"['frog', 'ship', 'airplane', 'automobile']",ship
29403,2,"['ship', 'cat', 'automobile', 'airplane']",cat
29404,4,"['cat', 'automobile', 'frog', 'airplane']",airplane
29405,4,"['cat', 'automobile', 'frog', 'airplane']",automobile
29406,7,"['automobile', 'cat', 'airplane', 'frog']",airplane
29407,8,"['horse', 'airplane', 'cat', 'frog']",horse
29408,6,"['automobile', 'horse', 'ship', 'airplane']",airplane
29409,1,"['bird', 'dog', 'frog', 'cat', 'airplane']",airplane
29410,1,"['bird', 'dog', 'frog', 'cat', 'airplane']",airplane
29411,5,"['frog', 'ship', 'airplane', 'automobile']",ship
29412,0,"['horse', 'deer', 'frog', 'cat']",horse
29413,0,"['horse', 'deer', 'frog', 'cat']",horse
29414,8,"['horse', 'airplane', 'cat', 'frog']",airplane
29415,2,"['ship', 'cat', 'automobile', 'airplane']",cat
29416,7,"['automobile', 'cat', 'airplane', 'frog']",airplane
29417,2,"['ship', 'cat', 'automobile', 'airplane']",automobile
29418,9,"['dog', 'frog', 'cat', 'airplane']",dog
29419,4,"['cat', 'automobile', 'frog', 'airplane']",automobile
29420,4,"['cat', 'automobile', 'frog', 'airplane']",automobile
29421,8,"['horse', 'airplane', 'cat', 'frog']",horse
29422,5,"['frog', 'ship', 'airplane', 'automobile']",ship
29423,3,"['frog', 'ship', 'automobile', 'airplane']",ship
29424,2,"['ship', 'cat', 'automobile', 'airplane']",cat
29425,5,"['frog', 'ship', 'airplane', 'automobile']",ship
29426,6,"['automobile', 'horse', 'ship', 'airplane']",airplane
29427,6,"['automobile', 'horse', 'ship', 'airplane']",airplane
29428,8,"['horse', 'airplane', 'cat', 'frog']",horse
29429,1,"['bird', 'dog', 'frog', 'cat', 'airplane']",airplane
29430,1,"['bird', 'dog', 'frog', 'cat', 'airplane']",airplane
29431,9,"['dog', 'frog', 'cat', 'airplane']",airplane
29432,5,"['frog', 'ship', 'airplane', 'automobile']",ship
29433,2,"['ship', 'cat', 'automobile', 'airplane']",automobile
29434,6,"['automobile', 'horse', 'ship', 'airplane']",airplane
29435,9,"['dog', 'frog', 'cat', 'airplane']",airplane
29436,6,"['automobile', 'horse', 'ship', 'airplane']",airplane
29437,8,"['horse', 'airplane', 'cat', 'frog']",horse
29438,9,"['dog', 'frog', 'cat', 'airplane']",dog
29439,3,"['frog', 'ship', 'automobile', 'airplane']",ship
29440,9,"['dog', 'frog', 'cat', 'airplane']",dog
29441,7,"['automobile', 'cat', 'airplane', 'frog']",cat
29442,3,"['frog', 'ship', 'automobile', 'airplane']",ship
29443,7,"['automobile', 'cat', 'airplane', 'frog']",airplane
29444,0,"['horse', 'deer', 'frog', 'cat']",horse
29445,4,"['cat', 'automobile', 'frog', 'airplane']",automobile
29446,8,"['horse', 'airplane', 'cat', 'frog']",horse
29447,1,"['bird', 'dog', 'frog', 'cat', 'airplane']",airplane
29448,2,"['ship', 'cat', 'automobile', 'airplane']",cat
29449,3,"['frog', 'ship', 'automobile', 'airplane']",ship
29450,5,"['frog', 'ship', 'airplane', 'automobile']",ship
29451,3,"['frog', 'ship', 'automobile', 'airplane']",ship
29452,5,"['frog', 'ship', 'airplane', 'automobile']",ship
29453,7,"['automobile', 'cat', 'airplane', 'frog']",cat
29454,5,"['frog', 'ship', 'airplane', 'automobile']",ship
29455,8,"['horse', 'airplane', 'cat', 'frog']",horse
29456,6,"['automobile', 'horse', 'ship', 'airplane']",airplane
29457,6,"['automobile', 'horse', 'ship', 'airplane']",airplane
29458,9,"['dog', 'frog', 'cat', 'airplane']",airplane
29459,5,"['frog', 'ship', 'airplane', 'automobile']",ship
29460,3,"['frog', 'ship', 'automobile', 'airplane']",ship
29461,7,"['automobile', 'cat', 'airplane', 'frog']",cat
29462,9,"['dog', 'frog', 'cat', 'airplane']",airplane
29463,5,"['frog', 'ship', 'airplane', 'automobile']",ship
29464,3,"['frog', 'ship', 'automobile', 'airplane']",ship
29465,6,"['automobile', 'horse', 'ship', 'airplane']",airplane
29466,4,"['cat', 'automobile', 'frog', 'airplane']",automobile
29467,3,"['frog', 'ship', 'automobile', 'airplane']",ship
29468,0,"['horse', 'deer', 'frog', 'cat']",horse
29469,1,"['bird', 'dog', 'frog', 'cat', 'airplane']",airplane
29470,2,"['ship', 'cat', 'automobile', 'airplane']",cat
29471,4,"['cat', 'automobile', 'frog', 'airplane']",automobile
29472,9,"['dog', 'frog', 'cat', 'airplane']",airplane
29473,1,"['bird', 'dog', 'frog', 'cat', 'airplane']",airplane
29474,5,"['frog', 'ship', 'airplane', 'automobile']",ship
29475,8,"['horse', 'airplane', 'cat', 'frog']",horse
29476,8,"['horse', 'airplane', 'cat', 'frog']",horse
29477,8,"['horse', 'airplane', 'cat', 'frog']",horse
29478,3,"['frog', 'ship', 'automobile', 'airplane']",ship
29479,8,"['horse', 'airplane', 'cat', 'frog']",airplane
29480,0,"['horse', 'deer', 'frog', 'cat']",frog
29481,7,"['automobile', 'cat', 'airplane', 'frog']",cat
29482,5,"['frog', 'ship', 'airplane', 'automobile']",ship
29483,2,"['ship', 'cat', 'automobile', 'airplane']",cat
29484,3,"['frog', 'ship', 'automobile', 'airplane']",ship
29485,1,"['bird', 'dog', 'frog', 'cat', 'airplane']",airplane
29486,7,"['automobile', 'cat', 'airplane', 'frog']",cat
29487,0,"['horse', 'deer', 'frog', 'cat']",horse
29488,3,"['frog', 'ship', 'automobile', 'airplane']",ship
29489,4,"['cat', 'automobile', 'frog', 'airplane']",automobile
29490,8,"['horse', 'airplane', 'cat', 'frog']",horse
29491,5,"['frog', 'ship', 'airplane', 'automobile']",ship
29492,0,"['horse', 'deer', 'frog', 'cat']",horse
29493,8,"['horse', 'airplane', 'cat', 'frog']",horse
29494,1,"['bird', 'dog', 'frog', 'cat', 'airplane']",airplane
29495,9,"['dog', 'frog', 'cat', 'airplane']",airplane
29496,4,"['cat', 'automobile', 'frog', 'airplane']",automobile
29497,0,"['horse', 'deer', 'frog', 'cat']",horse
29498,3,"['frog', 'ship', 'automobile', 'airplane']",ship
29499,7,"['automobile', 'cat', 'airplane', 'frog']",cat
29500,8,"['horse', 'airplane', 'cat', 'frog']",horse
29501,2,"['ship', 'cat', 'automobile', 'airplane']",automobile
29502,3,"['frog', 'ship', 'automobile', 'airplane']",ship
29503,2,"['ship', 'cat', 'automobile', 'airplane']",automobile
29504,9,"['dog', 'frog', 'cat', 'airplane']",airplane
29505,0,"['horse', 'deer', 'frog', 'cat']",horse
29506,6,"['automobile', 'horse', 'ship', 'airplane']",airplane
29507,9,"['dog', 'frog', 'cat', 'airplane']",dog
29508,5,"['frog', 'ship', 'airplane', 'automobile']",ship
29509,5,"['frog', 'ship', 'airplane', 'automobile']",ship
29510,8,"['horse', 'airplane', 'cat', 'frog']",horse
29511,2,"['ship', 'cat', 'automobile', 'airplane']",cat
29512,1,"['bird', 'dog', 'frog', 'cat', 'airplane']",airplane
29513,0,"['horse', 'deer', 'frog', 'cat']",horse
29514,9,"['dog', 'frog', 'cat', 'airplane']",dog
29515,0,"['horse', 'deer', 'frog', 'cat']",horse
29516,6,"['automobile', 'horse', 'ship', 'airplane']",airplane
29517,2,"['ship', 'cat', 'automobile', 'airplane']",automobile
29518,0,"['horse', 'deer', 'frog', 'cat']",horse
29519,9,"['dog', 'frog', 'cat', 'airplane']",airplane
29520,3,"['frog', 'ship', 'automobile', 'airplane']",ship
29521,5,"['frog', 'ship', 'airplane', 'automobile']",ship
29522,1,"['bird', 'dog', 'frog', 'cat', 'airplane']",airplane
29523,3,"['frog', 'ship', 'automobile', 'airplane']",frog
29524,8,"['horse', 'airplane', 'cat', 'frog']",horse
29525,4,"['cat', 'automobile', 'frog', 'airplane']",automobile
29526,7,"['automobile', 'cat', 'airplane', 'frog']",frog
29527,1,"['bird', 'dog', 'frog', 'cat', 'airplane']",airplane
29528,4,"['cat', 'automobile', 'frog', 'airplane']",automobile
29529,9,"['dog', 'frog', 'cat', 'airplane']",airplane
29530,8,"['horse', 'airplane', 'cat', 'frog']",cat
29531,2,"['ship', 'cat', 'automobile', 'airplane']",automobile
29532,2,"['ship', 'cat', 'automobile', 'airplane']",cat
29533,7,"['automobile', 'cat', 'airplane', 'frog']",cat
29534,7,"['automobile', 'cat', 'airplane', 'frog']",airplane
29535,7,"['automobile', 'cat', 'airplane', 'frog']",cat
29536,1,"['bird', 'dog', 'frog', 'cat', 'airplane']",airplane
29537,8,"['horse', 'airplane', 'cat', 'frog']",horse
29538,6,"['automobile', 'horse', 'ship', 'airplane']",airplane
29539,4,"['cat', 'automobile', 'frog', 'airplane']",automobile
29540,0,"['horse', 'deer', 'frog', 'cat']",horse
29541,2,"['ship', 'cat', 'automobile', 'airplane']",ship
29542,0,"['horse', 'deer', 'frog', 'cat']",horse
29543,1,"['bird', 'dog', 'frog', 'cat', 'airplane']",airplane
29544,0,"['horse', 'deer', 'frog', 'cat']",horse
29545,1,"['bird', 'dog', 'frog', 'cat', 'airplane']",airplane
29546,1,"['bird', 'dog', 'frog', 'cat', 'airplane']",airplane
29547,6,"['automobile', 'horse', 'ship', 'airplane']",automobile
29548,2,"['ship', 'cat', 'automobile', 'airplane']",cat
29549,5,"['frog', 'ship', 'airplane', 'automobile']",ship
29550,6,"['automobile', 'horse', 'ship', 'airplane']",airplane
29551,9,"['dog', 'frog', 'cat', 'airplane']",airplane
29552,1,"['bird', 'dog', 'frog', 'cat', 'airplane']",airplane
29553,8,"['horse', 'airplane', 'cat', 'frog']",horse
29554,5,"['frog', 'ship', 'airplane', 'automobile']",ship
29555,1,"['bird', 'dog', 'frog', 'cat', 'airplane']",airplane
29556,8,"['horse', 'airplane', 'cat', 'frog']",horse
29557,7,"['automobile', 'cat', 'airplane', 'frog']",cat
29558,5,"['frog', 'ship', 'airplane', 'automobile']",ship
29559,8,"['horse', 'airplane', 'cat', 'frog']",horse
29560,6,"['automobile', 'horse', 'ship', 'airplane']",airplane
29561,3,"['frog', 'ship', 'automobile', 'airplane']",ship
29562,5,"['frog', 'ship', 'airplane', 'automobile']",ship
29563,2,"['ship', 'cat', 'automobile', 'airplane']",cat
29564,8,"['horse', 'airplane', 'cat', 'frog']",horse
29565,9,"['dog', 'frog', 'cat', 'airplane']",airplane
29566,5,"['frog', 'ship', 'airplane', 'automobile']",ship
29567,3,"['frog', 'ship', 'automobile', 'airplane']",ship
29568,6,"['automobile', 'horse', 'ship', 'airplane']",airplane
29569,3,"['frog', 'ship', 'automobile', 'airplane']",ship
29570,2,"['ship', 'cat', 'automobile', 'airplane']",cat
29571,1,"['bird', 'dog', 'frog', 'cat', 'airplane']",airplane
29572,6,"['automobile', 'horse', 'ship', 'airplane']",airplane
29573,6,"['automobile', 'horse', 'ship', 'airplane']",airplane
29574,9,"['dog', 'frog', 'cat', 'airplane']",airplane
29575,5,"['frog', 'ship', 'airplane', 'automobile']",ship
29576,1,"['bird', 'dog', 'frog', 'cat', 'airplane']",airplane
29577,5,"['frog', 'ship', 'airplane', 'automobile']",ship
29578,0,"['horse', 'deer', 'frog', 'cat']",horse
29579,5,"['frog', 'ship', 'airplane', 'automobile']",ship
29580,9,"['dog', 'frog', 'cat', 'airplane']",airplane
29581,2,"['ship', 'cat', 'automobile', 'airplane']",automobile
29582,4,"['cat', 'automobile', 'frog', 'airplane']",automobile
29583,3,"['frog', 'ship', 'automobile', 'airplane']",ship
29584,8,"['horse', 'airplane', 'cat', 'frog']",horse
29585,9,"['dog', 'frog', 'cat', 'airplane']",airplane
29586,7,"['automobile', 'cat', 'airplane', 'frog']",frog
29587,0,"['horse', 'deer', 'frog', 'cat']",horse
29588,7,"['automobile', 'cat', 'airplane', 'frog']",cat
29589,1,"['bird', 'dog', 'frog', 'cat', 'airplane']",airplane
29590,9,"['dog', 'frog', 'cat', 'airplane']",dog
29591,1,"['bird', 'dog', 'frog', 'cat', 'airplane']",airplane
29592,7,"['automobile', 'cat', 'airplane', 'frog']",airplane
29593,0,"['horse', 'deer', 'frog', 'cat']",horse
29594,2,"['ship', 'cat', 'automobile', 'airplane']",cat
29595,2,"['ship', 'cat', 'automobile', 'airplane']",automobile
29596,0,"['horse', 'deer', 'frog', 'cat']",horse
29597,4,"['cat', 'automobile', 'frog', 'airplane']",automobile
29598,8,"['horse', 'airplane', 'cat', 'frog']",horse
29599,0,"['horse', 'deer', 'frog', 'cat']",horse
29600,8,"['horse', 'airplane', 'cat', 'frog']",horse
29601,8,"['horse', 'airplane', 'cat', 'frog']",horse
29602,9,"['dog', 'frog', 'cat', 'airplane']",airplane
29603,5,"['frog', 'ship', 'airplane', 'automobile']",ship
29604,9,"['dog', 'frog', 'cat', 'airplane']",dog
29605,4,"['cat', 'automobile', 'frog', 'airplane']",automobile
29606,0,"['horse', 'deer', 'frog', 'cat']",horse
29607,3,"['frog', 'ship', 'automobile', 'airplane']",ship
29608,5,"['frog', 'ship', 'airplane', 'automobile']",ship
29609,9,"['dog', 'frog', 'cat', 'airplane']",airplane
29610,4,"['cat', 'automobile', 'frog', 'airplane']",automobile
29611,2,"['ship', 'cat', 'automobile', 'airplane']",cat
29612,2,"['ship', 'cat', 'automobile', 'airplane']",cat
29613,4,"['cat', 'automobile', 'frog', 'airplane']",automobile
29614,7,"['automobile', 'cat', 'airplane', 'frog']",cat
29615,5,"['frog', 'ship', 'airplane', 'automobile']",ship
29616,1,"['bird', 'dog', 'frog', 'cat', 'airplane']",airplane
29617,8,"['horse', 'airplane', 'cat', 'frog']",horse
29618,7,"['automobile', 'cat', 'airplane', 'frog']",airplane
29619,7,"['automobile', 'cat', 'airplane', 'frog']",airplane
29620,0,"['horse', 'deer', 'frog', 'cat']",horse
29621,7,"['automobile', 'cat', 'airplane', 'frog']",cat
29622,7,"['automobile', 'cat', 'airplane', 'frog']",cat
29623,0,"['horse', 'deer', 'frog', 'cat']",horse
29624,5,"['frog', 'ship', 'airplane', 'automobile']",ship
29625,2,"['ship', 'cat', 'automobile', 'airplane']",cat
29626,7,"['automobile', 'cat', 'airplane', 'frog']",airplane
29627,6,"['automobile', 'horse', 'ship', 'airplane']",airplane
29628,9,"['dog', 'frog', 'cat', 'airplane']",dog
29629,4,"['cat', 'automobile', 'frog', 'airplane']",automobile
29630,5,"['frog', 'ship', 'airplane', 'automobile']",ship
29631,5,"['frog', 'ship', 'airplane', 'automobile']",ship
29632,4,"['cat', 'automobile', 'frog', 'airplane']",automobile
29633,1,"['bird', 'dog', 'frog', 'cat', 'airplane']",airplane
29634,0,"['horse', 'deer', 'frog', 'cat']",horse
29635,4,"['cat', 'automobile', 'frog', 'airplane']",automobile
29636,2,"['ship', 'cat', 'automobile', 'airplane']",cat
29637,2,"['ship', 'cat', 'automobile', 'airplane']",automobile
29638,3,"['frog', 'ship', 'automobile', 'airplane']",ship
29639,1,"['bird', 'dog', 'frog', 'cat', 'airplane']",airplane
29640,6,"['automobile', 'horse', 'ship', 'airplane']",ship
29641,0,"['horse', 'deer', 'frog', 'cat']",horse
29642,9,"['dog', 'frog', 'cat', 'airplane']",dog
29643,3,"['frog', 'ship', 'automobile', 'airplane']",ship
29644,7,"['automobile', 'cat', 'airplane', 'frog']",cat
29645,2,"['ship', 'cat', 'automobile', 'airplane']",cat
29646,7,"['automobile', 'cat', 'airplane', 'frog']",cat
29647,8,"['horse', 'airplane', 'cat', 'frog']",horse
29648,7,"['automobile', 'cat', 'airplane', 'frog']",airplane
29649,5,"['frog', 'ship', 'airplane', 'automobile']",ship
29650,2,"['ship', 'cat', 'automobile', 'airplane']",cat
29651,9,"['dog', 'frog', 'cat', 'airplane']",airplane
29652,7,"['automobile', 'cat', 'airplane', 'frog']",cat
29653,0,"['horse', 'deer', 'frog', 'cat']",horse
29654,3,"['frog', 'ship', 'automobile', 'airplane']",ship
29655,0,"['horse', 'deer', 'frog', 'cat']",horse
29656,7,"['automobile', 'cat', 'airplane', 'frog']",frog
29657,4,"['cat', 'automobile', 'frog', 'airplane']",airplane
29658,2,"['ship', 'cat', 'automobile', 'airplane']",automobile
29659,0,"['horse', 'deer', 'frog', 'cat']",horse
29660,5,"['frog', 'ship', 'airplane', 'automobile']",ship
29661,8,"['horse', 'airplane', 'cat', 'frog']",horse
29662,3,"['frog', 'ship', 'automobile', 'airplane']",ship
29663,4,"['cat', 'automobile', 'frog', 'airplane']",automobile
29664,7,"['automobile', 'cat', 'airplane', 'frog']",airplane
29665,0,"['horse', 'deer', 'frog', 'cat']",horse
29666,0,"['horse', 'deer', 'frog', 'cat']",horse
29667,7,"['automobile', 'cat', 'airplane', 'frog']",cat
29668,9,"['dog', 'frog', 'cat', 'airplane']",dog
29669,7,"['automobile', 'cat', 'airplane', 'frog']",cat
29670,4,"['cat', 'automobile', 'frog', 'airplane']",automobile
29671,7,"['automobile', 'cat', 'airplane', 'frog']",cat
29672,9,"['dog', 'frog', 'cat', 'airplane']",dog
29673,2,"['ship', 'cat', 'automobile', 'airplane']",automobile
29674,8,"['horse', 'airplane', 'cat', 'frog']",horse
29675,1,"['bird', 'dog', 'frog', 'cat', 'airplane']",airplane
29676,8,"['horse', 'airplane', 'cat', 'frog']",horse
29677,6,"['automobile', 'horse', 'ship', 'airplane']",airplane
29678,2,"['ship', 'cat', 'automobile', 'airplane']",automobile
29679,4,"['cat', 'automobile', 'frog', 'airplane']",automobile
29680,6,"['automobile', 'horse', 'ship', 'airplane']",airplane
29681,2,"['ship', 'cat', 'automobile', 'airplane']",automobile
29682,2,"['ship', 'cat', 'automobile', 'airplane']",automobile
29683,5,"['frog', 'ship', 'airplane', 'automobile']",ship
29684,3,"['frog', 'ship', 'automobile', 'airplane']",ship
29685,3,"['frog', 'ship', 'automobile', 'airplane']",ship
29686,7,"['automobile', 'cat', 'airplane', 'frog']",frog
29687,6,"['automobile', 'horse', 'ship', 'airplane']",airplane
29688,7,"['automobile', 'cat', 'airplane', 'frog']",frog
29689,8,"['horse', 'airplane', 'cat', 'frog']",horse
29690,8,"['horse', 'airplane', 'cat', 'frog']",airplane
29691,6,"['automobile', 'horse', 'ship', 'airplane']",airplane
29692,3,"['frog', 'ship', 'automobile', 'airplane']",ship
29693,1,"['bird', 'dog', 'frog', 'cat', 'airplane']",airplane
29694,8,"['horse', 'airplane', 'cat', 'frog']",horse
29695,8,"['horse', 'airplane', 'cat', 'frog']",horse
29696,6,"['automobile', 'horse', 'ship', 'airplane']",airplane
29697,9,"['dog', 'frog', 'cat', 'airplane']",airplane
29698,4,"['cat', 'automobile', 'frog', 'airplane']",automobile
29699,1,"['bird', 'dog', 'frog', 'cat', 'airplane']",airplane
29700,9,"['dog', 'frog', 'cat', 'airplane']",dog
29701,3,"['frog', 'ship', 'automobile', 'airplane']",ship
29702,7,"['automobile', 'cat', 'airplane', 'frog']",airplane
29703,1,"['bird', 'dog', 'frog', 'cat', 'airplane']",airplane
29704,0,"['horse', 'deer', 'frog', 'cat']",horse
29705,3,"['frog', 'ship', 'automobile', 'airplane']",ship
29706,2,"['ship', 'cat', 'automobile', 'airplane']",cat
29707,2,"['ship', 'cat', 'automobile', 'airplane']",cat
29708,8,"['horse', 'airplane', 'cat', 'frog']",horse
29709,2,"['ship', 'cat', 'automobile', 'airplane']",automobile
29710,1,"['bird', 'dog', 'frog', 'cat', 'airplane']",airplane
29711,1,"['bird', 'dog', 'frog', 'cat', 'airplane']",airplane
29712,5,"['frog', 'ship', 'airplane', 'automobile']",ship
29713,5,"['frog', 'ship', 'airplane', 'automobile']",ship
29714,2,"['ship', 'cat', 'automobile', 'airplane']",ship
29715,2,"['ship', 'cat', 'automobile', 'airplane']",cat
29716,1,"['bird', 'dog', 'frog', 'cat', 'airplane']",airplane
29717,0,"['horse', 'deer', 'frog', 'cat']",horse
29718,7,"['automobile', 'cat', 'airplane', 'frog']",cat
29719,7,"['automobile', 'cat', 'airplane', 'frog']",cat
29720,6,"['automobile', 'horse', 'ship', 'airplane']",airplane
29721,9,"['dog', 'frog', 'cat', 'airplane']",dog
29722,8,"['horse', 'airplane', 'cat', 'frog']",horse
29723,4,"['cat', 'automobile', 'frog', 'airplane']",automobile
29724,0,"['horse', 'deer', 'frog', 'cat']",horse
29725,8,"['horse', 'airplane', 'cat', 'frog']",horse
29726,8,"['horse', 'airplane', 'cat', 'frog']",horse
29727,7,"['automobile', 'cat', 'airplane', 'frog']",cat
29728,2,"['ship', 'cat', 'automobile', 'airplane']",cat
29729,0,"['horse', 'deer', 'frog', 'cat']",horse
29730,2,"['ship', 'cat', 'automobile', 'airplane']",cat
29731,6,"['automobile', 'horse', 'ship', 'airplane']",airplane
29732,0,"['horse', 'deer', 'frog', 'cat']",deer
29733,7,"['automobile', 'cat', 'airplane', 'frog']",cat
29734,8,"['horse', 'airplane', 'cat', 'frog']",horse
29735,0,"['horse', 'deer', 'frog', 'cat']",horse
29736,6,"['automobile', 'horse', 'ship', 'airplane']",airplane
29737,4,"['cat', 'automobile', 'frog', 'airplane']",automobile
29738,4,"['cat', 'automobile', 'frog', 'airplane']",automobile
29739,9,"['dog', 'frog', 'cat', 'airplane']",airplane
29740,7,"['automobile', 'cat', 'airplane', 'frog']",airplane
29741,7,"['automobile', 'cat', 'airplane', 'frog']",airplane
29742,2,"['ship', 'cat', 'automobile', 'airplane']",automobile
29743,4,"['cat', 'automobile', 'frog', 'airplane']",automobile
29744,1,"['bird', 'dog', 'frog', 'cat', 'airplane']",airplane
29745,7,"['automobile', 'cat', 'airplane', 'frog']",cat
29746,8,"['horse', 'airplane', 'cat', 'frog']",horse
29747,8,"['horse', 'airplane', 'cat', 'frog']",horse
29748,0,"['horse', 'deer', 'frog', 'cat']",horse
29749,6,"['automobile', 'horse', 'ship', 'airplane']",automobile
29750,9,"['dog', 'frog', 'cat', 'airplane']",airplane
29751,6,"['automobile', 'horse', 'ship', 'airplane']",airplane
29752,6,"['automobile', 'horse', 'ship', 'airplane']",airplane
29753,9,"['dog', 'frog', 'cat', 'airplane']",dog
29754,0,"['horse', 'deer', 'frog', 'cat']",horse
29755,5,"['frog', 'ship', 'airplane', 'automobile']",ship
29756,4,"['cat', 'automobile', 'frog', 'airplane']",automobile
29757,5,"['frog', 'ship', 'airplane', 'automobile']",ship
29758,5,"['frog', 'ship', 'airplane', 'automobile']",ship
29759,0,"['horse', 'deer', 'frog', 'cat']",horse
29760,5,"['frog', 'ship', 'airplane', 'automobile']",ship
29761,1,"['bird', 'dog', 'frog', 'cat', 'airplane']",airplane
29762,8,"['horse', 'airplane', 'cat', 'frog']",horse
29763,1,"['bird', 'dog', 'frog', 'cat', 'airplane']",airplane
29764,8,"['horse', 'airplane', 'cat', 'frog']",horse
29765,1,"['bird', 'dog', 'frog', 'cat', 'airplane']",airplane
29766,8,"['horse', 'airplane', 'cat', 'frog']",horse
29767,6,"['automobile', 'horse', 'ship', 'airplane']",airplane
29768,3,"['frog', 'ship', 'automobile', 'airplane']",ship
29769,5,"['frog', 'ship', 'airplane', 'automobile']",ship
29770,4,"['cat', 'automobile', 'frog', 'airplane']",automobile
29771,4,"['cat', 'automobile', 'frog', 'airplane']",automobile
29772,0,"['horse', 'deer', 'frog', 'cat']",horse
29773,8,"['horse', 'airplane', 'cat', 'frog']",horse
29774,5,"['frog', 'ship', 'airplane', 'automobile']",ship
29775,5,"['frog', 'ship', 'airplane', 'automobile']",ship
29776,9,"['dog', 'frog', 'cat', 'airplane']",airplane
29777,1,"['bird', 'dog', 'frog', 'cat', 'airplane']",airplane
29778,7,"['automobile', 'cat', 'airplane', 'frog']",cat
29779,2,"['ship', 'cat', 'automobile', 'airplane']",cat
29780,3,"['frog', 'ship', 'automobile', 'airplane']",ship
29781,8,"['horse', 'airplane', 'cat', 'frog']",horse
29782,8,"['horse', 'airplane', 'cat', 'frog']",horse
29783,0,"['horse', 'deer', 'frog', 'cat']",horse
29784,9,"['dog', 'frog', 'cat', 'airplane']",dog
29785,5,"['frog', 'ship', 'airplane', 'automobile']",ship
29786,8,"['horse', 'airplane', 'cat', 'frog']",horse
29787,4,"['cat', 'automobile', 'frog', 'airplane']",automobile
29788,8,"['horse', 'airplane', 'cat', 'frog']",horse
29789,7,"['automobile', 'cat', 'airplane', 'frog']",airplane
29790,6,"['automobile', 'horse', 'ship', 'airplane']",airplane
29791,1,"['bird', 'dog', 'frog', 'cat', 'airplane']",airplane
29792,1,"['bird', 'dog', 'frog', 'cat', 'airplane']",airplane
29793,3,"['frog', 'ship', 'automobile', 'airplane']",frog
29794,1,"['bird', 'dog', 'frog', 'cat', 'airplane']",airplane
29795,5,"['frog', 'ship', 'airplane', 'automobile']",ship
29796,5,"['frog', 'ship', 'airplane', 'automobile']",ship
29797,6,"['automobile', 'horse', 'ship', 'airplane']",airplane
29798,6,"['automobile', 'horse', 'ship', 'airplane']",airplane
29799,4,"['cat', 'automobile', 'frog', 'airplane']",automobile
29800,7,"['automobile', 'cat', 'airplane', 'frog']",cat
29801,1,"['bird', 'dog', 'frog', 'cat', 'airplane']",airplane
29802,6,"['automobile', 'horse', 'ship', 'airplane']",airplane
29803,0,"['horse', 'deer', 'frog', 'cat']",horse
29804,5,"['frog', 'ship', 'airplane', 'automobile']",ship
29805,9,"['dog', 'frog', 'cat', 'airplane']",airplane
29806,1,"['bird', 'dog', 'frog', 'cat', 'airplane']",airplane
29807,1,"['bird', 'dog', 'frog', 'cat', 'airplane']",airplane
29808,1,"['bird', 'dog', 'frog', 'cat', 'airplane']",airplane
29809,1,"['bird', 'dog', 'frog', 'cat', 'airplane']",airplane
29810,3,"['frog', 'ship', 'automobile', 'airplane']",ship
29811,8,"['horse', 'airplane', 'cat', 'frog']",horse
29812,2,"['ship', 'cat', 'automobile', 'airplane']",cat
29813,1,"['bird', 'dog', 'frog', 'cat', 'airplane']",airplane
29814,2,"['ship', 'cat', 'automobile', 'airplane']",automobile
29815,6,"['automobile', 'horse', 'ship', 'airplane']",airplane
29816,5,"['frog', 'ship', 'airplane', 'automobile']",ship
29817,5,"['frog', 'ship', 'airplane', 'automobile']",ship
29818,5,"['frog', 'ship', 'airplane', 'automobile']",ship
29819,0,"['horse', 'deer', 'frog', 'cat']",horse
29820,9,"['dog', 'frog', 'cat', 'airplane']",dog
29821,4,"['cat', 'automobile', 'frog', 'airplane']",automobile
29822,1,"['bird', 'dog', 'frog', 'cat', 'airplane']",airplane
29823,7,"['automobile', 'cat', 'airplane', 'frog']",airplane
29824,7,"['automobile', 'cat', 'airplane', 'frog']",airplane
29825,9,"['dog', 'frog', 'cat', 'airplane']",airplane
29826,8,"['horse', 'airplane', 'cat', 'frog']",horse
29827,4,"['cat', 'automobile', 'frog', 'airplane']",automobile
29828,1,"['bird', 'dog', 'frog', 'cat', 'airplane']",airplane
29829,1,"['bird', 'dog', 'frog', 'cat', 'airplane']",airplane
29830,4,"['cat', 'automobile', 'frog', 'airplane']",automobile
29831,6,"['automobile', 'horse', 'ship', 'airplane']",ship
29832,5,"['frog', 'ship', 'airplane', 'automobile']",ship
29833,6,"['automobile', 'horse', 'ship', 'airplane']",airplane
29834,3,"['frog', 'ship', 'automobile', 'airplane']",frog
29835,4,"['cat', 'automobile', 'frog', 'airplane']",automobile
29836,5,"['frog', 'ship', 'airplane', 'automobile']",ship
29837,0,"['horse', 'deer', 'frog', 'cat']",horse
29838,6,"['automobile', 'horse', 'ship', 'airplane']",airplane
29839,3,"['frog', 'ship', 'automobile', 'airplane']",ship
29840,7,"['automobile', 'cat', 'airplane', 'frog']",cat
29841,4,"['cat', 'automobile', 'frog', 'airplane']",automobile
29842,5,"['frog', 'ship', 'airplane', 'automobile']",ship
29843,9,"['dog', 'frog', 'cat', 'airplane']",airplane
29844,0,"['horse', 'deer', 'frog', 'cat']",horse
29845,2,"['ship', 'cat', 'automobile', 'airplane']",cat
29846,6,"['automobile', 'horse', 'ship', 'airplane']",airplane
29847,6,"['automobile', 'horse', 'ship', 'airplane']",airplane
29848,3,"['frog', 'ship', 'automobile', 'airplane']",ship
29849,4,"['cat', 'automobile', 'frog', 'airplane']",automobile
29850,8,"['horse', 'airplane', 'cat', 'frog']",horse
29851,9,"['dog', 'frog', 'cat', 'airplane']",airplane
29852,4,"['cat', 'automobile', 'frog', 'airplane']",automobile
29853,2,"['ship', 'cat', 'automobile', 'airplane']",automobile
29854,0,"['horse', 'deer', 'frog', 'cat']",horse
29855,3,"['frog', 'ship', 'automobile', 'airplane']",ship
29856,0,"['horse', 'deer', 'frog', 'cat']",horse
29857,5,"['frog', 'ship', 'airplane', 'automobile']",ship
29858,5,"['frog', 'ship', 'airplane', 'automobile']",ship
29859,7,"['automobile', 'cat', 'airplane', 'frog']",frog
29860,0,"['horse', 'deer', 'frog', 'cat']",horse
29861,3,"['frog', 'ship', 'automobile', 'airplane']",ship
29862,4,"['cat', 'automobile', 'frog', 'airplane']",automobile
29863,8,"['horse', 'airplane', 'cat', 'frog']",horse
29864,0,"['horse', 'deer', 'frog', 'cat']",horse
29865,3,"['frog', 'ship', 'automobile', 'airplane']",ship
29866,3,"['frog', 'ship', 'automobile', 'airplane']",ship
29867,9,"['dog', 'frog', 'cat', 'airplane']",airplane
29868,8,"['horse', 'airplane', 'cat', 'frog']",airplane
29869,4,"['cat', 'automobile', 'frog', 'airplane']",automobile
29870,2,"['ship', 'cat', 'automobile', 'airplane']",cat
29871,3,"['frog', 'ship', 'automobile', 'airplane']",ship
29872,7,"['automobile', 'cat', 'airplane', 'frog']",cat
29873,8,"['horse', 'airplane', 'cat', 'frog']",horse
29874,1,"['bird', 'dog', 'frog', 'cat', 'airplane']",airplane
29875,1,"['bird', 'dog', 'frog', 'cat', 'airplane']",airplane
29876,1,"['bird', 'dog', 'frog', 'cat', 'airplane']",airplane
29877,8,"['horse', 'airplane', 'cat', 'frog']",horse
29878,6,"['automobile', 'horse', 'ship', 'airplane']",airplane
29879,0,"['horse', 'deer', 'frog', 'cat']",horse
29880,0,"['horse', 'deer', 'frog', 'cat']",horse
29881,0,"['horse', 'deer', 'frog', 'cat']",horse
29882,8,"['horse', 'airplane', 'cat', 'frog']",horse
29883,5,"['frog', 'ship', 'airplane', 'automobile']",ship
29884,0,"['horse', 'deer', 'frog', 'cat']",horse
29885,2,"['ship', 'cat', 'automobile', 'airplane']",cat
29886,7,"['automobile', 'cat', 'airplane', 'frog']",airplane
29887,3,"['frog', 'ship', 'automobile', 'airplane']",ship
29888,0,"['horse', 'deer', 'frog', 'cat']",horse
29889,6,"['automobile', 'horse', 'ship', 'airplane']",airplane
29890,5,"['frog', 'ship', 'airplane', 'automobile']",ship
29891,4,"['cat', 'automobile', 'frog', 'airplane']",automobile
29892,7,"['automobile', 'cat', 'airplane', 'frog']",cat
29893,0,"['horse', 'deer', 'frog', 'cat']",horse
29894,1,"['bird', 'dog', 'frog', 'cat', 'airplane']",airplane
29895,8,"['horse', 'airplane', 'cat', 'frog']",horse
29896,5,"['frog', 'ship', 'airplane', 'automobile']",ship
29897,2,"['ship', 'cat', 'automobile', 'airplane']",cat
29898,6,"['automobile', 'horse', 'ship', 'airplane']",airplane
29899,7,"['automobile', 'cat', 'airplane', 'frog']",airplane
29900,7,"['automobile', 'cat', 'airplane', 'frog']",cat
29901,1,"['bird', 'dog', 'frog', 'cat', 'airplane']",airplane
29902,2,"['ship', 'cat', 'automobile', 'airplane']",cat
29903,8,"['horse', 'airplane', 'cat', 'frog']",horse
29904,7,"['automobile', 'cat', 'airplane', 'frog']",airplane
29905,1,"['bird', 'dog', 'frog', 'cat', 'airplane']",airplane
29906,2,"['ship', 'cat', 'automobile', 'airplane']",ship
29907,2,"['ship', 'cat', 'automobile', 'airplane']",automobile
29908,1,"['bird', 'dog', 'frog', 'cat', 'airplane']",airplane
29909,9,"['dog', 'frog', 'cat', 'airplane']",airplane
29910,7,"['automobile', 'cat', 'airplane', 'frog']",airplane
29911,1,"['bird', 'dog', 'frog', 'cat', 'airplane']",airplane
29912,2,"['ship', 'cat', 'automobile', 'airplane']",cat
29913,6,"['automobile', 'horse', 'ship', 'airplane']",airplane
29914,7,"['automobile', 'cat', 'airplane', 'frog']",cat
29915,8,"['horse', 'airplane', 'cat', 'frog']",horse
29916,7,"['automobile', 'cat', 'airplane', 'frog']",cat
29917,0,"['horse', 'deer', 'frog', 'cat']",horse
29918,9,"['dog', 'frog', 'cat', 'airplane']",airplane
29919,8,"['horse', 'airplane', 'cat', 'frog']",horse
29920,2,"['ship', 'cat', 'automobile', 'airplane']",cat
29921,5,"['frog', 'ship', 'airplane', 'automobile']",ship
29922,4,"['cat', 'automobile', 'frog', 'airplane']",automobile
29923,3,"['frog', 'ship', 'automobile', 'airplane']",ship
29924,9,"['dog', 'frog', 'cat', 'airplane']",airplane
29925,2,"['ship', 'cat', 'automobile', 'airplane']",cat
29926,9,"['dog', 'frog', 'cat', 'airplane']",airplane
29927,0,"['horse', 'deer', 'frog', 'cat']",horse
29928,8,"['horse', 'airplane', 'cat', 'frog']",horse
29929,8,"['horse', 'airplane', 'cat', 'frog']",horse
29930,8,"['horse', 'airplane', 'cat', 'frog']",horse
29931,6,"['automobile', 'horse', 'ship', 'airplane']",airplane
29932,1,"['bird', 'dog', 'frog', 'cat', 'airplane']",airplane
29933,8,"['horse', 'airplane', 'cat', 'frog']",horse
29934,8,"['horse', 'airplane', 'cat', 'frog']",horse
29935,6,"['automobile', 'horse', 'ship', 'airplane']",automobile
29936,3,"['frog', 'ship', 'automobile', 'airplane']",ship
29937,7,"['automobile', 'cat', 'airplane', 'frog']",cat
29938,9,"['dog', 'frog', 'cat', 'airplane']",dog
29939,4,"['cat', 'automobile', 'frog', 'airplane']",automobile
29940,0,"['horse', 'deer', 'frog', 'cat']",horse
29941,0,"['horse', 'deer', 'frog', 'cat']",horse
29942,2,"['ship', 'cat', 'automobile', 'airplane']",automobile
29943,2,"['ship', 'cat', 'automobile', 'airplane']",automobile
29944,0,"['horse', 'deer', 'frog', 'cat']",horse
29945,5,"['frog', 'ship', 'airplane', 'automobile']",ship
29946,5,"['frog', 'ship', 'airplane', 'automobile']",ship
29947,4,"['cat', 'automobile', 'frog', 'airplane']",automobile
29948,2,"['ship', 'cat', 'automobile', 'airplane']",automobile
29949,8,"['horse', 'airplane', 'cat', 'frog']",horse
29950,3,"['frog', 'ship', 'automobile', 'airplane']",ship
29951,8,"['horse', 'airplane', 'cat', 'frog']",horse
29952,1,"['bird', 'dog', 'frog', 'cat', 'airplane']",airplane
29953,1,"['bird', 'dog', 'frog', 'cat', 'airplane']",airplane
29954,8,"['horse', 'airplane', 'cat', 'frog']",horse
29955,5,"['frog', 'ship', 'airplane', 'automobile']",ship
29956,9,"['dog', 'frog', 'cat', 'airplane']",airplane
29957,7,"['automobile', 'cat', 'airplane', 'frog']",frog
29958,6,"['automobile', 'horse', 'ship', 'airplane']",airplane
29959,1,"['bird', 'dog', 'frog', 'cat', 'airplane']",airplane
29960,3,"['frog', 'ship', 'automobile', 'airplane']",ship
29961,5,"['frog', 'ship', 'airplane', 'automobile']",ship
29962,7,"['automobile', 'cat', 'airplane', 'frog']",frog
29963,1,"['bird', 'dog', 'frog', 'cat', 'airplane']",airplane
29964,8,"['horse', 'airplane', 'cat', 'frog']",horse
29965,6,"['automobile', 'horse', 'ship', 'airplane']",horse
29966,1,"['bird', 'dog', 'frog', 'cat', 'airplane']",airplane
29967,1,"['bird', 'dog', 'frog', 'cat', 'airplane']",airplane
29968,8,"['horse', 'airplane', 'cat', 'frog']",horse
29969,5,"['frog', 'ship', 'airplane', 'automobile']",ship
29970,5,"['frog', 'ship', 'airplane', 'automobile']",ship
29971,6,"['automobile', 'horse', 'ship', 'airplane']",ship
29972,9,"['dog', 'frog', 'cat', 'airplane']",airplane
29973,6,"['automobile', 'horse', 'ship', 'airplane']",ship
29974,1,"['bird', 'dog', 'frog', 'cat', 'airplane']",airplane
29975,7,"['automobile', 'cat', 'airplane', 'frog']",cat
29976,6,"['automobile', 'horse', 'ship', 'airplane']",airplane
29977,0,"['horse', 'deer', 'frog', 'cat']",horse
29978,9,"['dog', 'frog', 'cat', 'airplane']",dog
29979,3,"['frog', 'ship', 'automobile', 'airplane']",ship
29980,0,"['horse', 'deer', 'frog', 'cat']",horse
29981,8,"['horse', 'airplane', 'cat', 'frog']",horse
29982,3,"['frog', 'ship', 'automobile', 'airplane']",ship
29983,4,"['cat', 'automobile', 'frog', 'airplane']",automobile
29984,8,"['horse', 'airplane', 'cat', 'frog']",horse
29985,9,"['dog', 'frog', 'cat', 'airplane']",airplane
29986,1,"['bird', 'dog', 'frog', 'cat', 'airplane']",airplane
29987,9,"['dog', 'frog', 'cat', 'airplane']",airplane
29988,2,"['ship', 'cat', 'automobile', 'airplane']",cat
29989,2,"['ship', 'cat', 'automobile', 'airplane']",cat
29990,9,"['dog', 'frog', 'cat', 'airplane']",airplane
29991,8,"['horse', 'airplane', 'cat', 'frog']",horse
29992,9,"['dog', 'frog', 'cat', 'airplane']",airplane
29993,7,"['automobile', 'cat', 'airplane', 'frog']",cat
29994,6,"['automobile', 'horse', 'ship', 'airplane']",automobile
29995,2,"['ship', 'cat', 'automobile', 'airplane']",cat
29996,5,"['frog', 'ship', 'airplane', 'automobile']",ship
29997,3,"['frog', 'ship', 'automobile', 'airplane']",ship
29998,7,"['automobile', 'cat', 'airplane', 'frog']",airplane
29999,1,"['bird', 'dog', 'frog', 'cat', 'airplane']",airplane
30000,0,"['horse', 'deer', 'frog', 'cat']",horse
30001,6,"['automobile', 'horse', 'ship', 'airplane']",ship
30002,0,"['horse', 'deer', 'frog', 'cat']",horse
30003,2,"['ship', 'cat', 'automobile', 'airplane']",automobile
30004,7,"['automobile', 'cat', 'airplane', 'frog']",airplane
30005,2,"['ship', 'cat', 'automobile', 'airplane']",cat
30006,1,"['bird', 'dog', 'frog', 'cat', 'airplane']",airplane
30007,2,"['ship', 'cat', 'automobile', 'airplane']",cat
30008,4,"['cat', 'automobile', 'frog', 'airplane']",automobile
30009,1,"['bird', 'dog', 'frog', 'cat', 'airplane']",airplane
30010,5,"['frog', 'ship', 'airplane', 'automobile']",ship
30011,6,"['automobile', 'horse', 'ship', 'airplane']",airplane
30012,6,"['automobile', 'horse', 'ship', 'airplane']",airplane
30013,3,"['frog', 'ship', 'automobile', 'airplane']",ship
30014,1,"['bird', 'dog', 'frog', 'cat', 'airplane']",airplane
30015,3,"['frog', 'ship', 'automobile', 'airplane']",ship
30016,5,"['frog', 'ship', 'airplane', 'automobile']",ship
30017,5,"['frog', 'ship', 'airplane', 'automobile']",ship
30018,8,"['horse', 'airplane', 'cat', 'frog']",horse
30019,1,"['bird', 'dog', 'frog', 'cat', 'airplane']",airplane
30020,4,"['cat', 'automobile', 'frog', 'airplane']",automobile
30021,2,"['ship', 'cat', 'automobile', 'airplane']",cat
30022,3,"['frog', 'ship', 'automobile', 'airplane']",ship
30023,2,"['ship', 'cat', 'automobile', 'airplane']",cat
30024,1,"['bird', 'dog', 'frog', 'cat', 'airplane']",airplane
30025,2,"['ship', 'cat', 'automobile', 'airplane']",cat
30026,8,"['horse', 'airplane', 'cat', 'frog']",horse
30027,9,"['dog', 'frog', 'cat', 'airplane']",airplane
30028,5,"['frog', 'ship', 'airplane', 'automobile']",ship
30029,0,"['horse', 'deer', 'frog', 'cat']",horse
30030,7,"['automobile', 'cat', 'airplane', 'frog']",airplane
30031,6,"['automobile', 'horse', 'ship', 'airplane']",ship
30032,7,"['automobile', 'cat', 'airplane', 'frog']",cat
30033,6,"['automobile', 'horse', 'ship', 'airplane']",airplane
30034,8,"['horse', 'airplane', 'cat', 'frog']",horse
30035,8,"['horse', 'airplane', 'cat', 'frog']",horse
30036,7,"['automobile', 'cat', 'airplane', 'frog']",airplane
30037,4,"['cat', 'automobile', 'frog', 'airplane']",automobile
30038,9,"['dog', 'frog', 'cat', 'airplane']",dog
30039,1,"['bird', 'dog', 'frog', 'cat', 'airplane']",airplane
30040,2,"['ship', 'cat', 'automobile', 'airplane']",cat
30041,6,"['automobile', 'horse', 'ship', 'airplane']",airplane
30042,5,"['frog', 'ship', 'airplane', 'automobile']",ship
30043,9,"['dog', 'frog', 'cat', 'airplane']",dog
30044,4,"['cat', 'automobile', 'frog', 'airplane']",automobile
30045,2,"['ship', 'cat', 'automobile', 'airplane']",cat
30046,5,"['frog', 'ship', 'airplane', 'automobile']",ship
30047,1,"['bird', 'dog', 'frog', 'cat', 'airplane']",airplane
30048,0,"['horse', 'deer', 'frog', 'cat']",horse
30049,1,"['bird', 'dog', 'frog', 'cat', 'airplane']",airplane
30050,1,"['bird', 'dog', 'frog', 'cat', 'airplane']",airplane
30051,9,"['dog', 'frog', 'cat', 'airplane']",airplane
30052,0,"['horse', 'deer', 'frog', 'cat']",horse
30053,7,"['automobile', 'cat', 'airplane', 'frog']",airplane
30054,5,"['frog', 'ship', 'airplane', 'automobile']",ship
30055,3,"['frog', 'ship', 'automobile', 'airplane']",ship
30056,9,"['dog', 'frog', 'cat', 'airplane']",dog
30057,6,"['automobile', 'horse', 'ship', 'airplane']",airplane
30058,3,"['frog', 'ship', 'automobile', 'airplane']",ship
30059,3,"['frog', 'ship', 'automobile', 'airplane']",ship
30060,3,"['frog', 'ship', 'automobile', 'airplane']",ship
30061,4,"['cat', 'automobile', 'frog', 'airplane']",automobile
30062,1,"['bird', 'dog', 'frog', 'cat', 'airplane']",airplane
30063,5,"['frog', 'ship', 'airplane', 'automobile']",ship
30064,9,"['dog', 'frog', 'cat', 'airplane']",airplane
30065,7,"['automobile', 'cat', 'airplane', 'frog']",cat
30066,7,"['automobile', 'cat', 'airplane', 'frog']",cat
30067,2,"['ship', 'cat', 'automobile', 'airplane']",cat
30068,9,"['dog', 'frog', 'cat', 'airplane']",airplane
30069,0,"['horse', 'deer', 'frog', 'cat']",horse
30070,2,"['ship', 'cat', 'automobile', 'airplane']",cat
30071,8,"['horse', 'airplane', 'cat', 'frog']",horse
30072,5,"['frog', 'ship', 'airplane', 'automobile']",ship
30073,9,"['dog', 'frog', 'cat', 'airplane']",airplane
30074,6,"['automobile', 'horse', 'ship', 'airplane']",airplane
30075,7,"['automobile', 'cat', 'airplane', 'frog']",cat
30076,8,"['horse', 'airplane', 'cat', 'frog']",horse
30077,4,"['cat', 'automobile', 'frog', 'airplane']",automobile
30078,0,"['horse', 'deer', 'frog', 'cat']",horse
30079,4,"['cat', 'automobile', 'frog', 'airplane']",automobile
30080,9,"['dog', 'frog', 'cat', 'airplane']",airplane
30081,2,"['ship', 'cat', 'automobile', 'airplane']",automobile
30082,7,"['automobile', 'cat', 'airplane', 'frog']",airplane
30083,1,"['bird', 'dog', 'frog', 'cat', 'airplane']",airplane
30084,0,"['horse', 'deer', 'frog', 'cat']",horse
30085,5,"['frog', 'ship', 'airplane', 'automobile']",ship
30086,1,"['bird', 'dog', 'frog', 'cat', 'airplane']",airplane
30087,8,"['horse', 'airplane', 'cat', 'frog']",horse
30088,1,"['bird', 'dog', 'frog', 'cat', 'airplane']",airplane
30089,6,"['automobile', 'horse', 'ship', 'airplane']",airplane
30090,5,"['frog', 'ship', 'airplane', 'automobile']",ship
30091,9,"['dog', 'frog', 'cat', 'airplane']",dog
30092,7,"['automobile', 'cat', 'airplane', 'frog']",cat
30093,0,"['horse', 'deer', 'frog', 'cat']",horse
30094,4,"['cat', 'automobile', 'frog', 'airplane']",automobile
30095,5,"['frog', 'ship', 'airplane', 'automobile']",ship
30096,2,"['ship', 'cat', 'automobile', 'airplane']",automobile
30097,3,"['frog', 'ship', 'automobile', 'airplane']",ship
30098,5,"['frog', 'ship', 'airplane', 'automobile']",ship
30099,5,"['frog', 'ship', 'airplane', 'automobile']",ship
30100,6,"['automobile', 'horse', 'ship', 'airplane']",airplane
30101,0,"['horse', 'deer', 'frog', 'cat']",horse
30102,2,"['ship', 'cat', 'automobile', 'airplane']",cat
30103,1,"['bird', 'dog', 'frog', 'cat', 'airplane']",airplane
30104,1,"['bird', 'dog', 'frog', 'cat', 'airplane']",airplane
30105,5,"['frog', 'ship', 'airplane', 'automobile']",ship
30106,8,"['horse', 'airplane', 'cat', 'frog']",horse
30107,5,"['frog', 'ship', 'airplane', 'automobile']",ship
30108,2,"['ship', 'cat', 'automobile', 'airplane']",automobile
30109,4,"['cat', 'automobile', 'frog', 'airplane']",automobile
30110,2,"['ship', 'cat', 'automobile', 'airplane']",cat
30111,2,"['ship', 'cat', 'automobile', 'airplane']",cat
30112,5,"['frog', 'ship', 'airplane', 'automobile']",ship
30113,3,"['frog', 'ship', 'automobile', 'airplane']",ship
30114,0,"['horse', 'deer', 'frog', 'cat']",horse
30115,3,"['frog', 'ship', 'automobile', 'airplane']",ship
30116,0,"['horse', 'deer', 'frog', 'cat']",horse
30117,2,"['ship', 'cat', 'automobile', 'airplane']",cat
30118,9,"['dog', 'frog', 'cat', 'airplane']",airplane
30119,1,"['bird', 'dog', 'frog', 'cat', 'airplane']",airplane
30120,1,"['bird', 'dog', 'frog', 'cat', 'airplane']",airplane
30121,7,"['automobile', 'cat', 'airplane', 'frog']",airplane
30122,3,"['frog', 'ship', 'automobile', 'airplane']",ship
30123,8,"['horse', 'airplane', 'cat', 'frog']",horse
30124,5,"['frog', 'ship', 'airplane', 'automobile']",ship
30125,4,"['cat', 'automobile', 'frog', 'airplane']",automobile
30126,5,"['frog', 'ship', 'airplane', 'automobile']",ship
30127,9,"['dog', 'frog', 'cat', 'airplane']",dog
30128,6,"['automobile', 'horse', 'ship', 'airplane']",ship
30129,5,"['frog', 'ship', 'airplane', 'automobile']",ship
30130,6,"['automobile', 'horse', 'ship', 'airplane']",automobile
30131,4,"['cat', 'automobile', 'frog', 'airplane']",automobile
30132,4,"['cat', 'automobile', 'frog', 'airplane']",automobile
30133,5,"['frog', 'ship', 'airplane', 'automobile']",ship
30134,5,"['frog', 'ship', 'airplane', 'automobile']",ship
30135,1,"['bird', 'dog', 'frog', 'cat', 'airplane']",airplane
30136,1,"['bird', 'dog', 'frog', 'cat', 'airplane']",airplane
30137,5,"['frog', 'ship', 'airplane', 'automobile']",ship
30138,6,"['automobile', 'horse', 'ship', 'airplane']",automobile
30139,2,"['ship', 'cat', 'automobile', 'airplane']",automobile
30140,5,"['frog', 'ship', 'airplane', 'automobile']",ship
30141,0,"['horse', 'deer', 'frog', 'cat']",horse
30142,8,"['horse', 'airplane', 'cat', 'frog']",horse
30143,6,"['automobile', 'horse', 'ship', 'airplane']",ship
30144,2,"['ship', 'cat', 'automobile', 'airplane']",ship
30145,2,"['ship', 'cat', 'automobile', 'airplane']",cat
30146,6,"['automobile', 'horse', 'ship', 'airplane']",airplane
30147,8,"['horse', 'airplane', 'cat', 'frog']",horse
30148,8,"['horse', 'airplane', 'cat', 'frog']",horse
30149,6,"['automobile', 'horse', 'ship', 'airplane']",airplane
30150,7,"['automobile', 'cat', 'airplane', 'frog']",cat
30151,4,"['cat', 'automobile', 'frog', 'airplane']",automobile
30152,0,"['horse', 'deer', 'frog', 'cat']",horse
30153,4,"['cat', 'automobile', 'frog', 'airplane']",automobile
30154,1,"['bird', 'dog', 'frog', 'cat', 'airplane']",airplane
30155,5,"['frog', 'ship', 'airplane', 'automobile']",ship
30156,4,"['cat', 'automobile', 'frog', 'airplane']",automobile
30157,2,"['ship', 'cat', 'automobile', 'airplane']",cat
30158,0,"['horse', 'deer', 'frog', 'cat']",horse
30159,3,"['frog', 'ship', 'automobile', 'airplane']",ship
30160,0,"['horse', 'deer', 'frog', 'cat']",horse
30161,9,"['dog', 'frog', 'cat', 'airplane']",airplane
30162,5,"['frog', 'ship', 'airplane', 'automobile']",ship
30163,7,"['automobile', 'cat', 'airplane', 'frog']",cat
30164,8,"['horse', 'airplane', 'cat', 'frog']",horse
30165,1,"['bird', 'dog', 'frog', 'cat', 'airplane']",airplane
30166,1,"['bird', 'dog', 'frog', 'cat', 'airplane']",airplane
30167,7,"['automobile', 'cat', 'airplane', 'frog']",airplane
30168,8,"['horse', 'airplane', 'cat', 'frog']",horse
30169,8,"['horse', 'airplane', 'cat', 'frog']",horse
30170,3,"['frog', 'ship', 'automobile', 'airplane']",ship
30171,0,"['horse', 'deer', 'frog', 'cat']",horse
30172,0,"['horse', 'deer', 'frog', 'cat']",horse
30173,4,"['cat', 'automobile', 'frog', 'airplane']",automobile
30174,7,"['automobile', 'cat', 'airplane', 'frog']",airplane
30175,9,"['dog', 'frog', 'cat', 'airplane']",dog
30176,6,"['automobile', 'horse', 'ship', 'airplane']",ship
30177,0,"['horse', 'deer', 'frog', 'cat']",horse
30178,9,"['dog', 'frog', 'cat', 'airplane']",airplane
30179,9,"['dog', 'frog', 'cat', 'airplane']",airplane
30180,9,"['dog', 'frog', 'cat', 'airplane']",dog
30181,2,"['ship', 'cat', 'automobile', 'airplane']",ship
30182,1,"['bird', 'dog', 'frog', 'cat', 'airplane']",airplane
30183,1,"['bird', 'dog', 'frog', 'cat', 'airplane']",airplane
30184,7,"['automobile', 'cat', 'airplane', 'frog']",cat
30185,4,"['cat', 'automobile', 'frog', 'airplane']",automobile
30186,3,"['frog', 'ship', 'automobile', 'airplane']",ship
30187,7,"['automobile', 'cat', 'airplane', 'frog']",cat
30188,5,"['frog', 'ship', 'airplane', 'automobile']",ship
30189,5,"['frog', 'ship', 'airplane', 'automobile']",ship
30190,7,"['automobile', 'cat', 'airplane', 'frog']",cat
30191,9,"['dog', 'frog', 'cat', 'airplane']",airplane
30192,3,"['frog', 'ship', 'automobile', 'airplane']",ship
30193,6,"['automobile', 'horse', 'ship', 'airplane']",horse
30194,9,"['dog', 'frog', 'cat', 'airplane']",airplane
30195,7,"['automobile', 'cat', 'airplane', 'frog']",cat
30196,5,"['frog', 'ship', 'airplane', 'automobile']",ship
30197,7,"['automobile', 'cat', 'airplane', 'frog']",airplane
30198,1,"['bird', 'dog', 'frog', 'cat', 'airplane']",airplane
30199,7,"['automobile', 'cat', 'airplane', 'frog']",cat
30200,0,"['horse', 'deer', 'frog', 'cat']",horse
30201,5,"['frog', 'ship', 'airplane', 'automobile']",ship
30202,6,"['automobile', 'horse', 'ship', 'airplane']",airplane
30203,7,"['automobile', 'cat', 'airplane', 'frog']",cat
30204,3,"['frog', 'ship', 'automobile', 'airplane']",ship
30205,0,"['horse', 'deer', 'frog', 'cat']",horse
30206,4,"['cat', 'automobile', 'frog', 'airplane']",airplane
30207,5,"['frog', 'ship', 'airplane', 'automobile']",ship
30208,1,"['bird', 'dog', 'frog', 'cat', 'airplane']",airplane
30209,1,"['bird', 'dog', 'frog', 'cat', 'airplane']",airplane
30210,8,"['horse', 'airplane', 'cat', 'frog']",horse
30211,8,"['horse', 'airplane', 'cat', 'frog']",horse
30212,6,"['automobile', 'horse', 'ship', 'airplane']",airplane
30213,3,"['frog', 'ship', 'automobile', 'airplane']",ship
30214,2,"['ship', 'cat', 'automobile', 'airplane']",cat
30215,9,"['dog', 'frog', 'cat', 'airplane']",dog
30216,7,"['automobile', 'cat', 'airplane', 'frog']",cat
30217,8,"['horse', 'airplane', 'cat', 'frog']",horse
30218,1,"['bird', 'dog', 'frog', 'cat', 'airplane']",airplane
30219,3,"['frog', 'ship', 'automobile', 'airplane']",ship
30220,9,"['dog', 'frog', 'cat', 'airplane']",dog
30221,8,"['horse', 'airplane', 'cat', 'frog']",horse
30222,6,"['automobile', 'horse', 'ship', 'airplane']",airplane
30223,9,"['dog', 'frog', 'cat', 'airplane']",airplane
30224,2,"['ship', 'cat', 'automobile', 'airplane']",automobile
30225,4,"['cat', 'automobile', 'frog', 'airplane']",automobile
30226,4,"['cat', 'automobile', 'frog', 'airplane']",automobile
30227,1,"['bird', 'dog', 'frog', 'cat', 'airplane']",airplane
30228,4,"['cat', 'automobile', 'frog', 'airplane']",automobile
30229,2,"['ship', 'cat', 'automobile', 'airplane']",ship
30230,4,"['cat', 'automobile', 'frog', 'airplane']",automobile
30231,5,"['frog', 'ship', 'airplane', 'automobile']",ship
30232,2,"['ship', 'cat', 'automobile', 'airplane']",cat
30233,0,"['horse', 'deer', 'frog', 'cat']",horse
30234,1,"['bird', 'dog', 'frog', 'cat', 'airplane']",airplane
30235,5,"['frog', 'ship', 'airplane', 'automobile']",ship
30236,1,"['bird', 'dog', 'frog', 'cat', 'airplane']",airplane
30237,2,"['ship', 'cat', 'automobile', 'airplane']",automobile
30238,1,"['bird', 'dog', 'frog', 'cat', 'airplane']",airplane
30239,2,"['ship', 'cat', 'automobile', 'airplane']",cat
30240,0,"['horse', 'deer', 'frog', 'cat']",horse
30241,2,"['ship', 'cat', 'automobile', 'airplane']",cat
30242,4,"['cat', 'automobile', 'frog', 'airplane']",automobile
30243,4,"['cat', 'automobile', 'frog', 'airplane']",airplane
30244,1,"['bird', 'dog', 'frog', 'cat', 'airplane']",airplane
30245,1,"['bird', 'dog', 'frog', 'cat', 'airplane']",airplane
30246,2,"['ship', 'cat', 'automobile', 'airplane']",cat
30247,9,"['dog', 'frog', 'cat', 'airplane']",dog
30248,5,"['frog', 'ship', 'airplane', 'automobile']",ship
30249,6,"['automobile', 'horse', 'ship', 'airplane']",airplane
30250,4,"['cat', 'automobile', 'frog', 'airplane']",automobile
30251,2,"['ship', 'cat', 'automobile', 'airplane']",cat
30252,8,"['horse', 'airplane', 'cat', 'frog']",horse
30253,7,"['automobile', 'cat', 'airplane', 'frog']",airplane
30254,2,"['ship', 'cat', 'automobile', 'airplane']",cat
30255,7,"['automobile', 'cat', 'airplane', 'frog']",airplane
30256,4,"['cat', 'automobile', 'frog', 'airplane']",automobile
30257,0,"['horse', 'deer', 'frog', 'cat']",horse
30258,2,"['ship', 'cat', 'automobile', 'airplane']",cat
30259,6,"['automobile', 'horse', 'ship', 'airplane']",airplane
30260,5,"['frog', 'ship', 'airplane', 'automobile']",ship
30261,8,"['horse', 'airplane', 'cat', 'frog']",horse
30262,8,"['horse', 'airplane', 'cat', 'frog']",horse
30263,9,"['dog', 'frog', 'cat', 'airplane']",airplane
30264,7,"['automobile', 'cat', 'airplane', 'frog']",cat
30265,7,"['automobile', 'cat', 'airplane', 'frog']",cat
30266,3,"['frog', 'ship', 'automobile', 'airplane']",ship
30267,0,"['horse', 'deer', 'frog', 'cat']",horse
30268,4,"['cat', 'automobile', 'frog', 'airplane']",automobile
30269,1,"['bird', 'dog', 'frog', 'cat', 'airplane']",airplane
30270,3,"['frog', 'ship', 'automobile', 'airplane']",ship
30271,0,"['horse', 'deer', 'frog', 'cat']",horse
30272,0,"['horse', 'deer', 'frog', 'cat']",horse
30273,8,"['horse', 'airplane', 'cat', 'frog']",horse
30274,7,"['automobile', 'cat', 'airplane', 'frog']",frog
30275,5,"['frog', 'ship', 'airplane', 'automobile']",ship
30276,9,"['dog', 'frog', 'cat', 'airplane']",airplane
30277,8,"['horse', 'airplane', 'cat', 'frog']",horse
30278,7,"['automobile', 'cat', 'airplane', 'frog']",cat
30279,5,"['frog', 'ship', 'airplane', 'automobile']",ship
30280,0,"['horse', 'deer', 'frog', 'cat']",horse
30281,1,"['bird', 'dog', 'frog', 'cat', 'airplane']",airplane
30282,4,"['cat', 'automobile', 'frog', 'airplane']",automobile
30283,5,"['frog', 'ship', 'airplane', 'automobile']",ship
30284,6,"['automobile', 'horse', 'ship', 'airplane']",airplane
30285,9,"['dog', 'frog', 'cat', 'airplane']",airplane
30286,2,"['ship', 'cat', 'automobile', 'airplane']",cat
30287,2,"['ship', 'cat', 'automobile', 'airplane']",cat
30288,3,"['frog', 'ship', 'automobile', 'airplane']",ship
30289,4,"['cat', 'automobile', 'frog', 'airplane']",automobile
30290,5,"['frog', 'ship', 'airplane', 'automobile']",ship
30291,4,"['cat', 'automobile', 'frog', 'airplane']",automobile
30292,6,"['automobile', 'horse', 'ship', 'airplane']",ship
30293,1,"['bird', 'dog', 'frog', 'cat', 'airplane']",airplane
30294,8,"['horse', 'airplane', 'cat', 'frog']",horse
30295,0,"['horse', 'deer', 'frog', 'cat']",horse
30296,7,"['automobile', 'cat', 'airplane', 'frog']",airplane
30297,0,"['horse', 'deer', 'frog', 'cat']",horse
30298,7,"['automobile', 'cat', 'airplane', 'frog']",cat
30299,8,"['horse', 'airplane', 'cat', 'frog']",horse
30300,4,"['cat', 'automobile', 'frog', 'airplane']",automobile
30301,5,"['frog', 'ship', 'airplane', 'automobile']",ship
30302,6,"['automobile', 'horse', 'ship', 'airplane']",airplane
30303,8,"['horse', 'airplane', 'cat', 'frog']",horse
30304,0,"['horse', 'deer', 'frog', 'cat']",horse
30305,3,"['frog', 'ship', 'automobile', 'airplane']",ship
30306,4,"['cat', 'automobile', 'frog', 'airplane']",automobile
30307,4,"['cat', 'automobile', 'frog', 'airplane']",automobile
30308,5,"['frog', 'ship', 'airplane', 'automobile']",ship
30309,9,"['dog', 'frog', 'cat', 'airplane']",dog
30310,5,"['frog', 'ship', 'airplane', 'automobile']",ship
30311,3,"['frog', 'ship', 'automobile', 'airplane']",ship
30312,2,"['ship', 'cat', 'automobile', 'airplane']",cat
30313,1,"['bird', 'dog', 'frog', 'cat', 'airplane']",airplane
30314,1,"['bird', 'dog', 'frog', 'cat', 'airplane']",airplane
30315,2,"['ship', 'cat', 'automobile', 'airplane']",cat
30316,1,"['bird', 'dog', 'frog', 'cat', 'airplane']",airplane
30317,2,"['ship', 'cat', 'automobile', 'airplane']",cat
30318,3,"['frog', 'ship', 'automobile', 'airplane']",ship
30319,7,"['automobile', 'cat', 'airplane', 'frog']",cat
30320,8,"['horse', 'airplane', 'cat', 'frog']",airplane
30321,0,"['horse', 'deer', 'frog', 'cat']",horse
30322,8,"['horse', 'airplane', 'cat', 'frog']",horse
30323,6,"['automobile', 'horse', 'ship', 'airplane']",airplane
30324,0,"['horse', 'deer', 'frog', 'cat']",horse
30325,2,"['ship', 'cat', 'automobile', 'airplane']",automobile
30326,4,"['cat', 'automobile', 'frog', 'airplane']",automobile
30327,9,"['dog', 'frog', 'cat', 'airplane']",airplane
30328,8,"['horse', 'airplane', 'cat', 'frog']",horse
30329,8,"['horse', 'airplane', 'cat', 'frog']",horse
30330,7,"['automobile', 'cat', 'airplane', 'frog']",cat
30331,0,"['horse', 'deer', 'frog', 'cat']",horse
30332,3,"['frog', 'ship', 'automobile', 'airplane']",ship
30333,2,"['ship', 'cat', 'automobile', 'airplane']",cat
30334,6,"['automobile', 'horse', 'ship', 'airplane']",automobile
30335,8,"['horse', 'airplane', 'cat', 'frog']",horse
30336,6,"['automobile', 'horse', 'ship', 'airplane']",airplane
30337,5,"['frog', 'ship', 'airplane', 'automobile']",ship
30338,3,"['frog', 'ship', 'automobile', 'airplane']",ship
30339,3,"['frog', 'ship', 'automobile', 'airplane']",ship
30340,7,"['automobile', 'cat', 'airplane', 'frog']",airplane
30341,4,"['cat', 'automobile', 'frog', 'airplane']",automobile
30342,5,"['frog', 'ship', 'airplane', 'automobile']",ship
30343,9,"['dog', 'frog', 'cat', 'airplane']",airplane
30344,1,"['bird', 'dog', 'frog', 'cat', 'airplane']",airplane
30345,4,"['cat', 'automobile', 'frog', 'airplane']",automobile
30346,3,"['frog', 'ship', 'automobile', 'airplane']",ship
30347,3,"['frog', 'ship', 'automobile', 'airplane']",ship
30348,7,"['automobile', 'cat', 'airplane', 'frog']",airplane
30349,5,"['frog', 'ship', 'airplane', 'automobile']",ship
30350,6,"['automobile', 'horse', 'ship', 'airplane']",automobile
30351,9,"['dog', 'frog', 'cat', 'airplane']",airplane
30352,2,"['ship', 'cat', 'automobile', 'airplane']",cat
30353,4,"['cat', 'automobile', 'frog', 'airplane']",automobile
30354,4,"['cat', 'automobile', 'frog', 'airplane']",automobile
30355,0,"['horse', 'deer', 'frog', 'cat']",horse
30356,5,"['frog', 'ship', 'airplane', 'automobile']",ship
30357,8,"['horse', 'airplane', 'cat', 'frog']",horse
30358,4,"['cat', 'automobile', 'frog', 'airplane']",airplane
30359,5,"['frog', 'ship', 'airplane', 'automobile']",ship
30360,9,"['dog', 'frog', 'cat', 'airplane']",dog
30361,3,"['frog', 'ship', 'automobile', 'airplane']",ship
30362,1,"['bird', 'dog', 'frog', 'cat', 'airplane']",airplane
30363,9,"['dog', 'frog', 'cat', 'airplane']",airplane
30364,9,"['dog', 'frog', 'cat', 'airplane']",dog
30365,2,"['ship', 'cat', 'automobile', 'airplane']",cat
30366,8,"['horse', 'airplane', 'cat', 'frog']",horse
30367,6,"['automobile', 'horse', 'ship', 'airplane']",airplane
30368,7,"['automobile', 'cat', 'airplane', 'frog']",cat
30369,9,"['dog', 'frog', 'cat', 'airplane']",airplane
30370,5,"['frog', 'ship', 'airplane', 'automobile']",ship
30371,2,"['ship', 'cat', 'automobile', 'airplane']",cat
30372,5,"['frog', 'ship', 'airplane', 'automobile']",ship
30373,8,"['horse', 'airplane', 'cat', 'frog']",horse
30374,1,"['bird', 'dog', 'frog', 'cat', 'airplane']",airplane
30375,5,"['frog', 'ship', 'airplane', 'automobile']",ship
30376,0,"['horse', 'deer', 'frog', 'cat']",horse
30377,2,"['ship', 'cat', 'automobile', 'airplane']",cat
30378,0,"['horse', 'deer', 'frog', 'cat']",horse
30379,9,"['dog', 'frog', 'cat', 'airplane']",airplane
30380,8,"['horse', 'airplane', 'cat', 'frog']",horse
30381,5,"['frog', 'ship', 'airplane', 'automobile']",ship
30382,7,"['automobile', 'cat', 'airplane', 'frog']",cat
30383,0,"['horse', 'deer', 'frog', 'cat']",horse
30384,4,"['cat', 'automobile', 'frog', 'airplane']",automobile
30385,7,"['automobile', 'cat', 'airplane', 'frog']",cat
30386,3,"['frog', 'ship', 'automobile', 'airplane']",ship
30387,5,"['frog', 'ship', 'airplane', 'automobile']",ship
30388,8,"['horse', 'airplane', 'cat', 'frog']",horse
30389,3,"['frog', 'ship', 'automobile', 'airplane']",ship
30390,6,"['automobile', 'horse', 'ship', 'airplane']",airplane
30391,2,"['ship', 'cat', 'automobile', 'airplane']",automobile
30392,9,"['dog', 'frog', 'cat', 'airplane']",airplane
30393,5,"['frog', 'ship', 'airplane', 'automobile']",ship
30394,6,"['automobile', 'horse', 'ship', 'airplane']",airplane
30395,5,"['frog', 'ship', 'airplane', 'automobile']",ship
30396,2,"['ship', 'cat', 'automobile', 'airplane']",cat
30397,7,"['automobile', 'cat', 'airplane', 'frog']",cat
30398,8,"['horse', 'airplane', 'cat', 'frog']",horse
30399,1,"['bird', 'dog', 'frog', 'cat', 'airplane']",airplane
30400,0,"['horse', 'deer', 'frog', 'cat']",horse
30401,7,"['automobile', 'cat', 'airplane', 'frog']",airplane
30402,2,"['ship', 'cat', 'automobile', 'airplane']",automobile
30403,2,"['ship', 'cat', 'automobile', 'airplane']",cat
30404,9,"['dog', 'frog', 'cat', 'airplane']",airplane
30405,2,"['ship', 'cat', 'automobile', 'airplane']",automobile
30406,8,"['horse', 'airplane', 'cat', 'frog']",horse
30407,1,"['bird', 'dog', 'frog', 'cat', 'airplane']",airplane
30408,0,"['horse', 'deer', 'frog', 'cat']",horse
30409,7,"['automobile', 'cat', 'airplane', 'frog']",airplane
30410,7,"['automobile', 'cat', 'airplane', 'frog']",cat
30411,8,"['horse', 'airplane', 'cat', 'frog']",horse
30412,9,"['dog', 'frog', 'cat', 'airplane']",airplane
30413,4,"['cat', 'automobile', 'frog', 'airplane']",automobile
30414,4,"['cat', 'automobile', 'frog', 'airplane']",automobile
30415,0,"['horse', 'deer', 'frog', 'cat']",horse
30416,9,"['dog', 'frog', 'cat', 'airplane']",airplane
30417,7,"['automobile', 'cat', 'airplane', 'frog']",cat
30418,1,"['bird', 'dog', 'frog', 'cat', 'airplane']",airplane
30419,7,"['automobile', 'cat', 'airplane', 'frog']",cat
30420,9,"['dog', 'frog', 'cat', 'airplane']",dog
30421,7,"['automobile', 'cat', 'airplane', 'frog']",cat
30422,7,"['automobile', 'cat', 'airplane', 'frog']",cat
30423,8,"['horse', 'airplane', 'cat', 'frog']",horse
30424,3,"['frog', 'ship', 'automobile', 'airplane']",ship
30425,4,"['cat', 'automobile', 'frog', 'airplane']",automobile
30426,0,"['horse', 'deer', 'frog', 'cat']",horse
30427,6,"['automobile', 'horse', 'ship', 'airplane']",airplane
30428,0,"['horse', 'deer', 'frog', 'cat']",horse
30429,0,"['horse', 'deer', 'frog', 'cat']",horse
30430,7,"['automobile', 'cat', 'airplane', 'frog']",cat
30431,7,"['automobile', 'cat', 'airplane', 'frog']",cat
30432,3,"['frog', 'ship', 'automobile', 'airplane']",ship
30433,8,"['horse', 'airplane', 'cat', 'frog']",horse
30434,7,"['automobile', 'cat', 'airplane', 'frog']",cat
30435,4,"['cat', 'automobile', 'frog', 'airplane']",automobile
30436,4,"['cat', 'automobile', 'frog', 'airplane']",automobile
30437,2,"['ship', 'cat', 'automobile', 'airplane']",automobile
30438,8,"['horse', 'airplane', 'cat', 'frog']",horse
30439,1,"['bird', 'dog', 'frog', 'cat', 'airplane']",airplane
30440,0,"['horse', 'deer', 'frog', 'cat']",horse
30441,5,"['frog', 'ship', 'airplane', 'automobile']",ship
30442,4,"['cat', 'automobile', 'frog', 'airplane']",automobile
30443,8,"['horse', 'airplane', 'cat', 'frog']",horse
30444,8,"['horse', 'airplane', 'cat', 'frog']",horse
30445,1,"['bird', 'dog', 'frog', 'cat', 'airplane']",airplane
30446,1,"['bird', 'dog', 'frog', 'cat', 'airplane']",airplane
30447,7,"['automobile', 'cat', 'airplane', 'frog']",cat
30448,8,"['horse', 'airplane', 'cat', 'frog']",horse
30449,4,"['cat', 'automobile', 'frog', 'airplane']",automobile
30450,4,"['cat', 'automobile', 'frog', 'airplane']",automobile
30451,2,"['ship', 'cat', 'automobile', 'airplane']",automobile
30452,3,"['frog', 'ship', 'automobile', 'airplane']",ship
30453,2,"['ship', 'cat', 'automobile', 'airplane']",cat
30454,2,"['ship', 'cat', 'automobile', 'airplane']",cat
30455,7,"['automobile', 'cat', 'airplane', 'frog']",cat
30456,5,"['frog', 'ship', 'airplane', 'automobile']",ship
30457,1,"['bird', 'dog', 'frog', 'cat', 'airplane']",airplane
30458,1,"['bird', 'dog', 'frog', 'cat', 'airplane']",airplane
30459,3,"['frog', 'ship', 'automobile', 'airplane']",ship
30460,8,"['horse', 'airplane', 'cat', 'frog']",horse
30461,3,"['frog', 'ship', 'automobile', 'airplane']",ship
30462,9,"['dog', 'frog', 'cat', 'airplane']",airplane
30463,1,"['bird', 'dog', 'frog', 'cat', 'airplane']",airplane
30464,4,"['cat', 'automobile', 'frog', 'airplane']",automobile
30465,9,"['dog', 'frog', 'cat', 'airplane']",dog
30466,2,"['ship', 'cat', 'automobile', 'airplane']",cat
30467,0,"['horse', 'deer', 'frog', 'cat']",horse
30468,4,"['cat', 'automobile', 'frog', 'airplane']",automobile
30469,6,"['automobile', 'horse', 'ship', 'airplane']",airplane
30470,2,"['ship', 'cat', 'automobile', 'airplane']",cat
30471,1,"['bird', 'dog', 'frog', 'cat', 'airplane']",airplane
30472,8,"['horse', 'airplane', 'cat', 'frog']",horse
30473,5,"['frog', 'ship', 'airplane', 'automobile']",ship
30474,4,"['cat', 'automobile', 'frog', 'airplane']",automobile
30475,2,"['ship', 'cat', 'automobile', 'airplane']",cat
30476,3,"['frog', 'ship', 'automobile', 'airplane']",ship
30477,5,"['frog', 'ship', 'airplane', 'automobile']",ship
30478,2,"['ship', 'cat', 'automobile', 'airplane']",automobile
30479,3,"['frog', 'ship', 'automobile', 'airplane']",ship
30480,2,"['ship', 'cat', 'automobile', 'airplane']",cat
30481,6,"['automobile', 'horse', 'ship', 'airplane']",airplane
30482,5,"['frog', 'ship', 'airplane', 'automobile']",ship
30483,8,"['horse', 'airplane', 'cat', 'frog']",horse
30484,7,"['automobile', 'cat', 'airplane', 'frog']",airplane
30485,6,"['automobile', 'horse', 'ship', 'airplane']",airplane
30486,1,"['bird', 'dog', 'frog', 'cat', 'airplane']",airplane
30487,0,"['horse', 'deer', 'frog', 'cat']",horse
30488,8,"['horse', 'airplane', 'cat', 'frog']",horse
30489,1,"['bird', 'dog', 'frog', 'cat', 'airplane']",airplane
30490,3,"['frog', 'ship', 'automobile', 'airplane']",ship
30491,6,"['automobile', 'horse', 'ship', 'airplane']",airplane
30492,1,"['bird', 'dog', 'frog', 'cat', 'airplane']",airplane
30493,2,"['ship', 'cat', 'automobile', 'airplane']",cat
30494,6,"['automobile', 'horse', 'ship', 'airplane']",automobile
30495,1,"['bird', 'dog', 'frog', 'cat', 'airplane']",airplane
30496,6,"['automobile', 'horse', 'ship', 'airplane']",ship
30497,0,"['horse', 'deer', 'frog', 'cat']",horse
30498,7,"['automobile', 'cat', 'airplane', 'frog']",airplane
30499,4,"['cat', 'automobile', 'frog', 'airplane']",airplane
30500,5,"['frog', 'ship', 'airplane', 'automobile']",ship
30501,4,"['cat', 'automobile', 'frog', 'airplane']",automobile
30502,5,"['frog', 'ship', 'airplane', 'automobile']",ship
30503,9,"['dog', 'frog', 'cat', 'airplane']",airplane
30504,8,"['horse', 'airplane', 'cat', 'frog']",horse
30505,2,"['ship', 'cat', 'automobile', 'airplane']",cat
30506,5,"['frog', 'ship', 'airplane', 'automobile']",ship
30507,4,"['cat', 'automobile', 'frog', 'airplane']",automobile
30508,8,"['horse', 'airplane', 'cat', 'frog']",horse
30509,8,"['horse', 'airplane', 'cat', 'frog']",horse
30510,8,"['horse', 'airplane', 'cat', 'frog']",horse
30511,2,"['ship', 'cat', 'automobile', 'airplane']",cat
30512,6,"['automobile', 'horse', 'ship', 'airplane']",automobile
30513,2,"['ship', 'cat', 'automobile', 'airplane']",automobile
30514,8,"['horse', 'airplane', 'cat', 'frog']",horse
30515,8,"['horse', 'airplane', 'cat', 'frog']",horse
30516,1,"['bird', 'dog', 'frog', 'cat', 'airplane']",airplane
30517,0,"['horse', 'deer', 'frog', 'cat']",horse
30518,4,"['cat', 'automobile', 'frog', 'airplane']",airplane
30519,5,"['frog', 'ship', 'airplane', 'automobile']",ship
30520,0,"['horse', 'deer', 'frog', 'cat']",horse
30521,0,"['horse', 'deer', 'frog', 'cat']",horse
30522,4,"['cat', 'automobile', 'frog', 'airplane']",automobile
30523,5,"['frog', 'ship', 'airplane', 'automobile']",ship
30524,2,"['ship', 'cat', 'automobile', 'airplane']",cat
30525,9,"['dog', 'frog', 'cat', 'airplane']",airplane
30526,6,"['automobile', 'horse', 'ship', 'airplane']",airplane
30527,4,"['cat', 'automobile', 'frog', 'airplane']",automobile
30528,4,"['cat', 'automobile', 'frog', 'airplane']",automobile
30529,8,"['horse', 'airplane', 'cat', 'frog']",horse
30530,1,"['bird', 'dog', 'frog', 'cat', 'airplane']",airplane
30531,2,"['ship', 'cat', 'automobile', 'airplane']",cat
30532,2,"['ship', 'cat', 'automobile', 'airplane']",cat
30533,8,"['horse', 'airplane', 'cat', 'frog']",horse
30534,1,"['bird', 'dog', 'frog', 'cat', 'airplane']",airplane
30535,0,"['horse', 'deer', 'frog', 'cat']",horse
30536,6,"['automobile', 'horse', 'ship', 'airplane']",airplane
30537,0,"['horse', 'deer', 'frog', 'cat']",horse
30538,7,"['automobile', 'cat', 'airplane', 'frog']",airplane
30539,0,"['horse', 'deer', 'frog', 'cat']",horse
30540,5,"['frog', 'ship', 'airplane', 'automobile']",ship
30541,3,"['frog', 'ship', 'automobile', 'airplane']",ship
30542,2,"['ship', 'cat', 'automobile', 'airplane']",automobile
30543,5,"['frog', 'ship', 'airplane', 'automobile']",ship
30544,8,"['horse', 'airplane', 'cat', 'frog']",horse
30545,1,"['bird', 'dog', 'frog', 'cat', 'airplane']",airplane
30546,9,"['dog', 'frog', 'cat', 'airplane']",dog
30547,4,"['cat', 'automobile', 'frog', 'airplane']",automobile
30548,7,"['automobile', 'cat', 'airplane', 'frog']",cat
30549,7,"['automobile', 'cat', 'airplane', 'frog']",frog
30550,8,"['horse', 'airplane', 'cat', 'frog']",horse
30551,4,"['cat', 'automobile', 'frog', 'airplane']",automobile
30552,7,"['automobile', 'cat', 'airplane', 'frog']",cat
30553,1,"['bird', 'dog', 'frog', 'cat', 'airplane']",airplane
30554,5,"['frog', 'ship', 'airplane', 'automobile']",ship
30555,9,"['dog', 'frog', 'cat', 'airplane']",airplane
30556,7,"['automobile', 'cat', 'airplane', 'frog']",cat
30557,8,"['horse', 'airplane', 'cat', 'frog']",horse
30558,9,"['dog', 'frog', 'cat', 'airplane']",airplane
30559,4,"['cat', 'automobile', 'frog', 'airplane']",automobile
30560,1,"['bird', 'dog', 'frog', 'cat', 'airplane']",airplane
30561,4,"['cat', 'automobile', 'frog', 'airplane']",automobile
30562,7,"['automobile', 'cat', 'airplane', 'frog']",airplane
30563,6,"['automobile', 'horse', 'ship', 'airplane']",airplane
30564,0,"['horse', 'deer', 'frog', 'cat']",horse
30565,9,"['dog', 'frog', 'cat', 'airplane']",airplane
30566,9,"['dog', 'frog', 'cat', 'airplane']",airplane
30567,5,"['frog', 'ship', 'airplane', 'automobile']",ship
30568,7,"['automobile', 'cat', 'airplane', 'frog']",airplane
30569,6,"['automobile', 'horse', 'ship', 'airplane']",airplane
30570,1,"['bird', 'dog', 'frog', 'cat', 'airplane']",airplane
30571,3,"['frog', 'ship', 'automobile', 'airplane']",ship
30572,2,"['ship', 'cat', 'automobile', 'airplane']",cat
30573,3,"['frog', 'ship', 'automobile', 'airplane']",ship
30574,3,"['frog', 'ship', 'automobile', 'airplane']",ship
30575,0,"['horse', 'deer', 'frog', 'cat']",horse
30576,6,"['automobile', 'horse', 'ship', 'airplane']",airplane
30577,8,"['horse', 'airplane', 'cat', 'frog']",horse
30578,9,"['dog', 'frog', 'cat', 'airplane']",airplane
30579,5,"['frog', 'ship', 'airplane', 'automobile']",ship
30580,9,"['dog', 'frog', 'cat', 'airplane']",dog
30581,7,"['automobile', 'cat', 'airplane', 'frog']",cat
30582,1,"['bird', 'dog', 'frog', 'cat', 'airplane']",airplane
30583,6,"['automobile', 'horse', 'ship', 'airplane']",airplane
30584,2,"['ship', 'cat', 'automobile', 'airplane']",cat
30585,4,"['cat', 'automobile', 'frog', 'airplane']",automobile
30586,3,"['frog', 'ship', 'automobile', 'airplane']",ship
30587,3,"['frog', 'ship', 'automobile', 'airplane']",ship
30588,6,"['automobile', 'horse', 'ship', 'airplane']",airplane
30589,4,"['cat', 'automobile', 'frog', 'airplane']",automobile
30590,5,"['frog', 'ship', 'airplane', 'automobile']",ship
30591,0,"['horse', 'deer', 'frog', 'cat']",horse
30592,7,"['automobile', 'cat', 'airplane', 'frog']",airplane
30593,4,"['cat', 'automobile', 'frog', 'airplane']",automobile
30594,6,"['automobile', 'horse', 'ship', 'airplane']",airplane
30595,0,"['horse', 'deer', 'frog', 'cat']",horse
30596,2,"['ship', 'cat', 'automobile', 'airplane']",cat
30597,0,"['horse', 'deer', 'frog', 'cat']",horse
30598,9,"['dog', 'frog', 'cat', 'airplane']",airplane
30599,7,"['automobile', 'cat', 'airplane', 'frog']",frog
30600,4,"['cat', 'automobile', 'frog', 'airplane']",automobile
30601,8,"['horse', 'airplane', 'cat', 'frog']",horse
30602,2,"['ship', 'cat', 'automobile', 'airplane']",automobile
30603,6,"['automobile', 'horse', 'ship', 'airplane']",airplane
30604,0,"['horse', 'deer', 'frog', 'cat']",horse
30605,0,"['horse', 'deer', 'frog', 'cat']",horse
30606,3,"['frog', 'ship', 'automobile', 'airplane']",ship
30607,8,"['horse', 'airplane', 'cat', 'frog']",horse
30608,6,"['automobile', 'horse', 'ship', 'airplane']",airplane
30609,0,"['horse', 'deer', 'frog', 'cat']",horse
30610,6,"['automobile', 'horse', 'ship', 'airplane']",airplane
30611,3,"['frog', 'ship', 'automobile', 'airplane']",ship
30612,2,"['ship', 'cat', 'automobile', 'airplane']",cat
30613,1,"['bird', 'dog', 'frog', 'cat', 'airplane']",airplane
30614,4,"['cat', 'automobile', 'frog', 'airplane']",automobile
30615,9,"['dog', 'frog', 'cat', 'airplane']",dog
30616,4,"['cat', 'automobile', 'frog', 'airplane']",automobile
30617,7,"['automobile', 'cat', 'airplane', 'frog']",cat
30618,5,"['frog', 'ship', 'airplane', 'automobile']",ship
30619,9,"['dog', 'frog', 'cat', 'airplane']",dog
30620,9,"['dog', 'frog', 'cat', 'airplane']",airplane
30621,6,"['automobile', 'horse', 'ship', 'airplane']",airplane
30622,5,"['frog', 'ship', 'airplane', 'automobile']",ship
30623,9,"['dog', 'frog', 'cat', 'airplane']",airplane
30624,3,"['frog', 'ship', 'automobile', 'airplane']",ship
30625,6,"['automobile', 'horse', 'ship', 'airplane']",ship
30626,6,"['automobile', 'horse', 'ship', 'airplane']",airplane
30627,4,"['cat', 'automobile', 'frog', 'airplane']",automobile
30628,2,"['ship', 'cat', 'automobile', 'airplane']",cat
30629,5,"['frog', 'ship', 'airplane', 'automobile']",ship
30630,4,"['cat', 'automobile', 'frog', 'airplane']",automobile
30631,2,"['ship', 'cat', 'automobile', 'airplane']",automobile
30632,2,"['ship', 'cat', 'automobile', 'airplane']",cat
30633,8,"['horse', 'airplane', 'cat', 'frog']",horse
30634,3,"['frog', 'ship', 'automobile', 'airplane']",ship
30635,0,"['horse', 'deer', 'frog', 'cat']",horse
30636,0,"['horse', 'deer', 'frog', 'cat']",horse
30637,9,"['dog', 'frog', 'cat', 'airplane']",airplane
30638,4,"['cat', 'automobile', 'frog', 'airplane']",automobile
30639,8,"['horse', 'airplane', 'cat', 'frog']",horse
30640,8,"['horse', 'airplane', 'cat', 'frog']",horse
30641,1,"['bird', 'dog', 'frog', 'cat', 'airplane']",airplane
30642,5,"['frog', 'ship', 'airplane', 'automobile']",ship
30643,0,"['horse', 'deer', 'frog', 'cat']",horse
30644,6,"['automobile', 'horse', 'ship', 'airplane']",airplane
30645,0,"['horse', 'deer', 'frog', 'cat']",horse
30646,1,"['bird', 'dog', 'frog', 'cat', 'airplane']",airplane
30647,8,"['horse', 'airplane', 'cat', 'frog']",horse
30648,9,"['dog', 'frog', 'cat', 'airplane']",airplane
30649,9,"['dog', 'frog', 'cat', 'airplane']",airplane
30650,1,"['bird', 'dog', 'frog', 'cat', 'airplane']",airplane
30651,7,"['automobile', 'cat', 'airplane', 'frog']",cat
30652,0,"['horse', 'deer', 'frog', 'cat']",horse
30653,3,"['frog', 'ship', 'automobile', 'airplane']",ship
30654,2,"['ship', 'cat', 'automobile', 'airplane']",cat
30655,4,"['cat', 'automobile', 'frog', 'airplane']",automobile
30656,9,"['dog', 'frog', 'cat', 'airplane']",airplane
30657,5,"['frog', 'ship', 'airplane', 'automobile']",ship
30658,9,"['dog', 'frog', 'cat', 'airplane']",airplane
30659,7,"['automobile', 'cat', 'airplane', 'frog']",airplane
30660,8,"['horse', 'airplane', 'cat', 'frog']",horse
30661,1,"['bird', 'dog', 'frog', 'cat', 'airplane']",airplane
30662,5,"['frog', 'ship', 'airplane', 'automobile']",ship
30663,2,"['ship', 'cat', 'automobile', 'airplane']",cat
30664,8,"['horse', 'airplane', 'cat', 'frog']",horse
30665,2,"['ship', 'cat', 'automobile', 'airplane']",cat
30666,6,"['automobile', 'horse', 'ship', 'airplane']",airplane
30667,0,"['horse', 'deer', 'frog', 'cat']",horse
30668,3,"['frog', 'ship', 'automobile', 'airplane']",ship
30669,2,"['ship', 'cat', 'automobile', 'airplane']",cat
30670,7,"['automobile', 'cat', 'airplane', 'frog']",cat
30671,7,"['automobile', 'cat', 'airplane', 'frog']",cat
30672,2,"['ship', 'cat', 'automobile', 'airplane']",cat
30673,1,"['bird', 'dog', 'frog', 'cat', 'airplane']",airplane
30674,4,"['cat', 'automobile', 'frog', 'airplane']",automobile
30675,9,"['dog', 'frog', 'cat', 'airplane']",dog
30676,1,"['bird', 'dog', 'frog', 'cat', 'airplane']",airplane
30677,4,"['cat', 'automobile', 'frog', 'airplane']",automobile
30678,9,"['dog', 'frog', 'cat', 'airplane']",dog
30679,7,"['automobile', 'cat', 'airplane', 'frog']",cat
30680,2,"['ship', 'cat', 'automobile', 'airplane']",cat
30681,4,"['cat', 'automobile', 'frog', 'airplane']",automobile
30682,6,"['automobile', 'horse', 'ship', 'airplane']",airplane
30683,3,"['frog', 'ship', 'automobile', 'airplane']",ship
30684,5,"['frog', 'ship', 'airplane', 'automobile']",ship
30685,6,"['automobile', 'horse', 'ship', 'airplane']",automobile
30686,8,"['horse', 'airplane', 'cat', 'frog']",horse
30687,3,"['frog', 'ship', 'automobile', 'airplane']",ship
30688,2,"['ship', 'cat', 'automobile', 'airplane']",cat
30689,5,"['frog', 'ship', 'airplane', 'automobile']",ship
30690,2,"['ship', 'cat', 'automobile', 'airplane']",cat
30691,8,"['horse', 'airplane', 'cat', 'frog']",horse
30692,9,"['dog', 'frog', 'cat', 'airplane']",airplane
30693,1,"['bird', 'dog', 'frog', 'cat', 'airplane']",airplane
30694,2,"['ship', 'cat', 'automobile', 'airplane']",ship
30695,0,"['horse', 'deer', 'frog', 'cat']",horse
30696,1,"['bird', 'dog', 'frog', 'cat', 'airplane']",airplane
30697,9,"['dog', 'frog', 'cat', 'airplane']",dog
30698,5,"['frog', 'ship', 'airplane', 'automobile']",ship
30699,0,"['horse', 'deer', 'frog', 'cat']",frog
30700,2,"['ship', 'cat', 'automobile', 'airplane']",cat
30701,5,"['frog', 'ship', 'airplane', 'automobile']",ship
30702,9,"['dog', 'frog', 'cat', 'airplane']",dog
30703,5,"['frog', 'ship', 'airplane', 'automobile']",ship
30704,3,"['frog', 'ship', 'automobile', 'airplane']",ship
30705,2,"['ship', 'cat', 'automobile', 'airplane']",cat
30706,6,"['automobile', 'horse', 'ship', 'airplane']",airplane
30707,4,"['cat', 'automobile', 'frog', 'airplane']",automobile
30708,3,"['frog', 'ship', 'automobile', 'airplane']",frog
30709,0,"['horse', 'deer', 'frog', 'cat']",horse
30710,0,"['horse', 'deer', 'frog', 'cat']",horse
30711,5,"['frog', 'ship', 'airplane', 'automobile']",ship
30712,1,"['bird', 'dog', 'frog', 'cat', 'airplane']",airplane
30713,5,"['frog', 'ship', 'airplane', 'automobile']",ship
30714,1,"['bird', 'dog', 'frog', 'cat', 'airplane']",airplane
30715,4,"['cat', 'automobile', 'frog', 'airplane']",automobile
30716,1,"['bird', 'dog', 'frog', 'cat', 'airplane']",airplane
30717,9,"['dog', 'frog', 'cat', 'airplane']",dog
30718,5,"['frog', 'ship', 'airplane', 'automobile']",ship
30719,4,"['cat', 'automobile', 'frog', 'airplane']",automobile
30720,7,"['automobile', 'cat', 'airplane', 'frog']",cat
30721,3,"['frog', 'ship', 'automobile', 'airplane']",ship
30722,9,"['dog', 'frog', 'cat', 'airplane']",dog
30723,5,"['frog', 'ship', 'airplane', 'automobile']",ship
30724,6,"['automobile', 'horse', 'ship', 'airplane']",airplane
30725,4,"['cat', 'automobile', 'frog', 'airplane']",automobile
30726,2,"['ship', 'cat', 'automobile', 'airplane']",cat
30727,6,"['automobile', 'horse', 'ship', 'airplane']",ship
30728,9,"['dog', 'frog', 'cat', 'airplane']",airplane
30729,9,"['dog', 'frog', 'cat', 'airplane']",airplane
30730,0,"['horse', 'deer', 'frog', 'cat']",horse
30731,2,"['ship', 'cat', 'automobile', 'airplane']",cat
30732,5,"['frog', 'ship', 'airplane', 'automobile']",ship
30733,9,"['dog', 'frog', 'cat', 'airplane']",airplane
30734,4,"['cat', 'automobile', 'frog', 'airplane']",automobile
30735,5,"['frog', 'ship', 'airplane', 'automobile']",ship
30736,9,"['dog', 'frog', 'cat', 'airplane']",airplane
30737,3,"['frog', 'ship', 'automobile', 'airplane']",ship
30738,1,"['bird', 'dog', 'frog', 'cat', 'airplane']",airplane
30739,6,"['automobile', 'horse', 'ship', 'airplane']",ship
30740,2,"['ship', 'cat', 'automobile', 'airplane']",cat
30741,6,"['automobile', 'horse', 'ship', 'airplane']",automobile
30742,5,"['frog', 'ship', 'airplane', 'automobile']",ship
30743,0,"['horse', 'deer', 'frog', 'cat']",horse
30744,0,"['horse', 'deer', 'frog', 'cat']",horse
30745,8,"['horse', 'airplane', 'cat', 'frog']",horse
30746,2,"['ship', 'cat', 'automobile', 'airplane']",cat
30747,1,"['bird', 'dog', 'frog', 'cat', 'airplane']",airplane
30748,6,"['automobile', 'horse', 'ship', 'airplane']",airplane
30749,0,"['horse', 'deer', 'frog', 'cat']",horse
30750,1,"['bird', 'dog', 'frog', 'cat', 'airplane']",airplane
30751,2,"['ship', 'cat', 'automobile', 'airplane']",automobile
30752,1,"['bird', 'dog', 'frog', 'cat', 'airplane']",airplane
30753,3,"['frog', 'ship', 'automobile', 'airplane']",ship
30754,3,"['frog', 'ship', 'automobile', 'airplane']",ship
30755,8,"['horse', 'airplane', 'cat', 'frog']",horse
30756,3,"['frog', 'ship', 'automobile', 'airplane']",ship
30757,5,"['frog', 'ship', 'airplane', 'automobile']",ship
30758,9,"['dog', 'frog', 'cat', 'airplane']",airplane
30759,6,"['automobile', 'horse', 'ship', 'airplane']",airplane
30760,7,"['automobile', 'cat', 'airplane', 'frog']",cat
30761,7,"['automobile', 'cat', 'airplane', 'frog']",cat
30762,8,"['horse', 'airplane', 'cat', 'frog']",horse
30763,5,"['frog', 'ship', 'airplane', 'automobile']",ship
30764,9,"['dog', 'frog', 'cat', 'airplane']",dog
30765,2,"['ship', 'cat', 'automobile', 'airplane']",cat
30766,5,"['frog', 'ship', 'airplane', 'automobile']",ship
30767,2,"['ship', 'cat', 'automobile', 'airplane']",cat
30768,1,"['bird', 'dog', 'frog', 'cat', 'airplane']",airplane
30769,0,"['horse', 'deer', 'frog', 'cat']",horse
30770,8,"['horse', 'airplane', 'cat', 'frog']",horse
30771,9,"['dog', 'frog', 'cat', 'airplane']",dog
30772,3,"['frog', 'ship', 'automobile', 'airplane']",ship
30773,9,"['dog', 'frog', 'cat', 'airplane']",airplane
30774,3,"['frog', 'ship', 'automobile', 'airplane']",ship
30775,9,"['dog', 'frog', 'cat', 'airplane']",dog
30776,9,"['dog', 'frog', 'cat', 'airplane']",dog
30777,3,"['frog', 'ship', 'automobile', 'airplane']",ship
30778,2,"['ship', 'cat', 'automobile', 'airplane']",cat
30779,3,"['frog', 'ship', 'automobile', 'airplane']",ship
30780,9,"['dog', 'frog', 'cat', 'airplane']",airplane
30781,7,"['automobile', 'cat', 'airplane', 'frog']",airplane
30782,1,"['bird', 'dog', 'frog', 'cat', 'airplane']",airplane
30783,1,"['bird', 'dog', 'frog', 'cat', 'airplane']",airplane
30784,3,"['frog', 'ship', 'automobile', 'airplane']",ship
30785,9,"['dog', 'frog', 'cat', 'airplane']",airplane
30786,2,"['ship', 'cat', 'automobile', 'airplane']",cat
30787,2,"['ship', 'cat', 'automobile', 'airplane']",automobile
30788,8,"['horse', 'airplane', 'cat', 'frog']",horse
30789,3,"['frog', 'ship', 'automobile', 'airplane']",ship
30790,4,"['cat', 'automobile', 'frog', 'airplane']",automobile
30791,2,"['ship', 'cat', 'automobile', 'airplane']",cat
30792,1,"['bird', 'dog', 'frog', 'cat', 'airplane']",airplane
30793,5,"['frog', 'ship', 'airplane', 'automobile']",ship
30794,4,"['cat', 'automobile', 'frog', 'airplane']",automobile
30795,2,"['ship', 'cat', 'automobile', 'airplane']",cat
30796,9,"['dog', 'frog', 'cat', 'airplane']",dog
30797,7,"['automobile', 'cat', 'airplane', 'frog']",airplane
30798,6,"['automobile', 'horse', 'ship', 'airplane']",airplane
30799,4,"['cat', 'automobile', 'frog', 'airplane']",automobile
30800,6,"['automobile', 'horse', 'ship', 'airplane']",airplane
30801,4,"['cat', 'automobile', 'frog', 'airplane']",automobile
30802,4,"['cat', 'automobile', 'frog', 'airplane']",automobile
30803,7,"['automobile', 'cat', 'airplane', 'frog']",cat
30804,1,"['bird', 'dog', 'frog', 'cat', 'airplane']",airplane
30805,7,"['automobile', 'cat', 'airplane', 'frog']",cat
30806,3,"['frog', 'ship', 'automobile', 'airplane']",ship
30807,8,"['horse', 'airplane', 'cat', 'frog']",horse
30808,8,"['horse', 'airplane', 'cat', 'frog']",horse
30809,3,"['frog', 'ship', 'automobile', 'airplane']",ship
30810,1,"['bird', 'dog', 'frog', 'cat', 'airplane']",airplane
30811,0,"['horse', 'deer', 'frog', 'cat']",horse
30812,6,"['automobile', 'horse', 'ship', 'airplane']",airplane
30813,6,"['automobile', 'horse', 'ship', 'airplane']",airplane
30814,1,"['bird', 'dog', 'frog', 'cat', 'airplane']",airplane
30815,4,"['cat', 'automobile', 'frog', 'airplane']",automobile
30816,6,"['automobile', 'horse', 'ship', 'airplane']",ship
30817,3,"['frog', 'ship', 'automobile', 'airplane']",ship
30818,2,"['ship', 'cat', 'automobile', 'airplane']",cat
30819,5,"['frog', 'ship', 'airplane', 'automobile']",ship
30820,0,"['horse', 'deer', 'frog', 'cat']",horse
30821,1,"['bird', 'dog', 'frog', 'cat', 'airplane']",airplane
30822,4,"['cat', 'automobile', 'frog', 'airplane']",automobile
30823,9,"['dog', 'frog', 'cat', 'airplane']",airplane
30824,7,"['automobile', 'cat', 'airplane', 'frog']",airplane
30825,7,"['automobile', 'cat', 'airplane', 'frog']",cat
30826,4,"['cat', 'automobile', 'frog', 'airplane']",automobile
30827,0,"['horse', 'deer', 'frog', 'cat']",deer
30828,6,"['automobile', 'horse', 'ship', 'airplane']",airplane
30829,0,"['horse', 'deer', 'frog', 'cat']",horse
30830,0,"['horse', 'deer', 'frog', 'cat']",horse
30831,5,"['frog', 'ship', 'airplane', 'automobile']",ship
30832,4,"['cat', 'automobile', 'frog', 'airplane']",automobile
30833,6,"['automobile', 'horse', 'ship', 'airplane']",airplane
30834,2,"['ship', 'cat', 'automobile', 'airplane']",automobile
30835,8,"['horse', 'airplane', 'cat', 'frog']",horse
30836,2,"['ship', 'cat', 'automobile', 'airplane']",cat
30837,0,"['horse', 'deer', 'frog', 'cat']",horse
30838,3,"['frog', 'ship', 'automobile', 'airplane']",ship
30839,3,"['frog', 'ship', 'automobile', 'airplane']",ship
30840,1,"['bird', 'dog', 'frog', 'cat', 'airplane']",airplane
30841,4,"['cat', 'automobile', 'frog', 'airplane']",automobile
30842,6,"['automobile', 'horse', 'ship', 'airplane']",airplane
30843,9,"['dog', 'frog', 'cat', 'airplane']",airplane
30844,8,"['horse', 'airplane', 'cat', 'frog']",horse
30845,7,"['automobile', 'cat', 'airplane', 'frog']",cat
30846,8,"['horse', 'airplane', 'cat', 'frog']",horse
30847,5,"['frog', 'ship', 'airplane', 'automobile']",ship
30848,3,"['frog', 'ship', 'automobile', 'airplane']",ship
30849,2,"['ship', 'cat', 'automobile', 'airplane']",cat
30850,9,"['dog', 'frog', 'cat', 'airplane']",dog
30851,1,"['bird', 'dog', 'frog', 'cat', 'airplane']",airplane
30852,7,"['automobile', 'cat', 'airplane', 'frog']",cat
30853,9,"['dog', 'frog', 'cat', 'airplane']",dog
30854,8,"['horse', 'airplane', 'cat', 'frog']",horse
30855,2,"['ship', 'cat', 'automobile', 'airplane']",cat
30856,1,"['bird', 'dog', 'frog', 'cat', 'airplane']",airplane
30857,4,"['cat', 'automobile', 'frog', 'airplane']",automobile
30858,2,"['ship', 'cat', 'automobile', 'airplane']",cat
30859,8,"['horse', 'airplane', 'cat', 'frog']",horse
30860,8,"['horse', 'airplane', 'cat', 'frog']",horse
30861,9,"['dog', 'frog', 'cat', 'airplane']",dog
30862,3,"['frog', 'ship', 'automobile', 'airplane']",ship
30863,8,"['horse', 'airplane', 'cat', 'frog']",horse
30864,6,"['automobile', 'horse', 'ship', 'airplane']",airplane
30865,1,"['bird', 'dog', 'frog', 'cat', 'airplane']",airplane
30866,3,"['frog', 'ship', 'automobile', 'airplane']",ship
30867,5,"['frog', 'ship', 'airplane', 'automobile']",ship
30868,3,"['frog', 'ship', 'automobile', 'airplane']",ship
30869,4,"['cat', 'automobile', 'frog', 'airplane']",automobile
30870,4,"['cat', 'automobile', 'frog', 'airplane']",automobile
30871,5,"['frog', 'ship', 'airplane', 'automobile']",ship
30872,8,"['horse', 'airplane', 'cat', 'frog']",horse
30873,9,"['dog', 'frog', 'cat', 'airplane']",dog
30874,2,"['ship', 'cat', 'automobile', 'airplane']",cat
30875,4,"['cat', 'automobile', 'frog', 'airplane']",automobile
30876,7,"['automobile', 'cat', 'airplane', 'frog']",cat
30877,6,"['automobile', 'horse', 'ship', 'airplane']",airplane
30878,2,"['ship', 'cat', 'automobile', 'airplane']",automobile
30879,1,"['bird', 'dog', 'frog', 'cat', 'airplane']",airplane
30880,3,"['frog', 'ship', 'automobile', 'airplane']",ship
30881,4,"['cat', 'automobile', 'frog', 'airplane']",automobile
30882,8,"['horse', 'airplane', 'cat', 'frog']",horse
30883,7,"['automobile', 'cat', 'airplane', 'frog']",cat
30884,4,"['cat', 'automobile', 'frog', 'airplane']",automobile
30885,4,"['cat', 'automobile', 'frog', 'airplane']",automobile
30886,3,"['frog', 'ship', 'automobile', 'airplane']",ship
30887,2,"['ship', 'cat', 'automobile', 'airplane']",cat
30888,0,"['horse', 'deer', 'frog', 'cat']",horse
30889,5,"['frog', 'ship', 'airplane', 'automobile']",ship
30890,7,"['automobile', 'cat', 'airplane', 'frog']",cat
30891,1,"['bird', 'dog', 'frog', 'cat', 'airplane']",bird
30892,4,"['cat', 'automobile', 'frog', 'airplane']",automobile
30893,2,"['ship', 'cat', 'automobile', 'airplane']",cat
30894,2,"['ship', 'cat', 'automobile', 'airplane']",cat
30895,0,"['horse', 'deer', 'frog', 'cat']",horse
30896,3,"['frog', 'ship', 'automobile', 'airplane']",ship
30897,7,"['automobile', 'cat', 'airplane', 'frog']",frog
30898,9,"['dog', 'frog', 'cat', 'airplane']",airplane
30899,9,"['dog', 'frog', 'cat', 'airplane']",dog
30900,4,"['cat', 'automobile', 'frog', 'airplane']",automobile
30901,9,"['dog', 'frog', 'cat', 'airplane']",airplane
30902,1,"['bird', 'dog', 'frog', 'cat', 'airplane']",airplane
30903,9,"['dog', 'frog', 'cat', 'airplane']",airplane
30904,0,"['horse', 'deer', 'frog', 'cat']",horse
30905,2,"['ship', 'cat', 'automobile', 'airplane']",cat
30906,6,"['automobile', 'horse', 'ship', 'airplane']",ship
30907,4,"['cat', 'automobile', 'frog', 'airplane']",automobile
30908,6,"['automobile', 'horse', 'ship', 'airplane']",automobile
30909,0,"['horse', 'deer', 'frog', 'cat']",horse
30910,6,"['automobile', 'horse', 'ship', 'airplane']",ship
30911,4,"['cat', 'automobile', 'frog', 'airplane']",automobile
30912,1,"['bird', 'dog', 'frog', 'cat', 'airplane']",airplane
30913,0,"['horse', 'deer', 'frog', 'cat']",horse
30914,0,"['horse', 'deer', 'frog', 'cat']",horse
30915,4,"['cat', 'automobile', 'frog', 'airplane']",automobile
30916,8,"['horse', 'airplane', 'cat', 'frog']",horse
30917,4,"['cat', 'automobile', 'frog', 'airplane']",automobile
30918,6,"['automobile', 'horse', 'ship', 'airplane']",airplane
30919,7,"['automobile', 'cat', 'airplane', 'frog']",cat
30920,6,"['automobile', 'horse', 'ship', 'airplane']",automobile
30921,4,"['cat', 'automobile', 'frog', 'airplane']",automobile
30922,6,"['automobile', 'horse', 'ship', 'airplane']",airplane
30923,1,"['bird', 'dog', 'frog', 'cat', 'airplane']",airplane
30924,0,"['horse', 'deer', 'frog', 'cat']",horse
30925,7,"['automobile', 'cat', 'airplane', 'frog']",cat
30926,8,"['horse', 'airplane', 'cat', 'frog']",horse
30927,5,"['frog', 'ship', 'airplane', 'automobile']",ship
30928,7,"['automobile', 'cat', 'airplane', 'frog']",cat
30929,0,"['horse', 'deer', 'frog', 'cat']",horse
30930,0,"['horse', 'deer', 'frog', 'cat']",horse
30931,5,"['frog', 'ship', 'airplane', 'automobile']",ship
30932,9,"['dog', 'frog', 'cat', 'airplane']",dog
30933,3,"['frog', 'ship', 'automobile', 'airplane']",ship
30934,9,"['dog', 'frog', 'cat', 'airplane']",dog
30935,7,"['automobile', 'cat', 'airplane', 'frog']",cat
30936,9,"['dog', 'frog', 'cat', 'airplane']",dog
30937,8,"['horse', 'airplane', 'cat', 'frog']",horse
30938,6,"['automobile', 'horse', 'ship', 'airplane']",airplane
30939,7,"['automobile', 'cat', 'airplane', 'frog']",cat
30940,2,"['ship', 'cat', 'automobile', 'airplane']",cat
30941,8,"['horse', 'airplane', 'cat', 'frog']",horse
30942,4,"['cat', 'automobile', 'frog', 'airplane']",automobile
30943,1,"['bird', 'dog', 'frog', 'cat', 'airplane']",airplane
30944,6,"['automobile', 'horse', 'ship', 'airplane']",airplane
30945,1,"['bird', 'dog', 'frog', 'cat', 'airplane']",airplane
30946,9,"['dog', 'frog', 'cat', 'airplane']",airplane
30947,3,"['frog', 'ship', 'automobile', 'airplane']",ship
30948,8,"['horse', 'airplane', 'cat', 'frog']",horse
30949,1,"['bird', 'dog', 'frog', 'cat', 'airplane']",airplane
30950,4,"['cat', 'automobile', 'frog', 'airplane']",automobile
30951,1,"['bird', 'dog', 'frog', 'cat', 'airplane']",airplane
30952,5,"['frog', 'ship', 'airplane', 'automobile']",ship
30953,6,"['automobile', 'horse', 'ship', 'airplane']",airplane
30954,9,"['dog', 'frog', 'cat', 'airplane']",airplane
30955,8,"['horse', 'airplane', 'cat', 'frog']",horse
30956,7,"['automobile', 'cat', 'airplane', 'frog']",cat
30957,8,"['horse', 'airplane', 'cat', 'frog']",horse
30958,4,"['cat', 'automobile', 'frog', 'airplane']",automobile
30959,0,"['horse', 'deer', 'frog', 'cat']",horse
30960,3,"['frog', 'ship', 'automobile', 'airplane']",ship
30961,8,"['horse', 'airplane', 'cat', 'frog']",horse
30962,4,"['cat', 'automobile', 'frog', 'airplane']",automobile
30963,0,"['horse', 'deer', 'frog', 'cat']",horse
30964,3,"['frog', 'ship', 'automobile', 'airplane']",ship
30965,5,"['frog', 'ship', 'airplane', 'automobile']",ship
30966,9,"['dog', 'frog', 'cat', 'airplane']",airplane
30967,4,"['cat', 'automobile', 'frog', 'airplane']",automobile
30968,0,"['horse', 'deer', 'frog', 'cat']",horse
30969,2,"['ship', 'cat', 'automobile', 'airplane']",cat
30970,4,"['cat', 'automobile', 'frog', 'airplane']",automobile
30971,0,"['horse', 'deer', 'frog', 'cat']",horse
30972,7,"['automobile', 'cat', 'airplane', 'frog']",cat
30973,9,"['dog', 'frog', 'cat', 'airplane']",dog
30974,2,"['ship', 'cat', 'automobile', 'airplane']",automobile
30975,3,"['frog', 'ship', 'automobile', 'airplane']",ship
30976,6,"['automobile', 'horse', 'ship', 'airplane']",ship
30977,0,"['horse', 'deer', 'frog', 'cat']",horse
30978,5,"['frog', 'ship', 'airplane', 'automobile']",ship
30979,0,"['horse', 'deer', 'frog', 'cat']",horse
30980,2,"['ship', 'cat', 'automobile', 'airplane']",cat
30981,7,"['automobile', 'cat', 'airplane', 'frog']",airplane
30982,6,"['automobile', 'horse', 'ship', 'airplane']",horse
30983,3,"['frog', 'ship', 'automobile', 'airplane']",frog
30984,7,"['automobile', 'cat', 'airplane', 'frog']",cat
30985,9,"['dog', 'frog', 'cat', 'airplane']",airplane
30986,3,"['frog', 'ship', 'automobile', 'airplane']",ship
30987,7,"['automobile', 'cat', 'airplane', 'frog']",frog
30988,2,"['ship', 'cat', 'automobile', 'airplane']",cat
30989,5,"['frog', 'ship', 'airplane', 'automobile']",ship
30990,8,"['horse', 'airplane', 'cat', 'frog']",horse
30991,7,"['automobile', 'cat', 'airplane', 'frog']",cat
30992,1,"['bird', 'dog', 'frog', 'cat', 'airplane']",airplane
30993,7,"['automobile', 'cat', 'airplane', 'frog']",cat
30994,5,"['frog', 'ship', 'airplane', 'automobile']",ship
30995,3,"['frog', 'ship', 'automobile', 'airplane']",ship
30996,7,"['automobile', 'cat', 'airplane', 'frog']",airplane
30997,8,"['horse', 'airplane', 'cat', 'frog']",horse
30998,9,"['dog', 'frog', 'cat', 'airplane']",dog
30999,1,"['bird', 'dog', 'frog', 'cat', 'airplane']",airplane
31000,0,"['horse', 'deer', 'frog', 'cat']",horse
31001,8,"['horse', 'airplane', 'cat', 'frog']",horse
31002,2,"['ship', 'cat', 'automobile', 'airplane']",automobile
31003,4,"['cat', 'automobile', 'frog', 'airplane']",automobile
31004,0,"['horse', 'deer', 'frog', 'cat']",horse
31005,2,"['ship', 'cat', 'automobile', 'airplane']",automobile
31006,4,"['cat', 'automobile', 'frog', 'airplane']",airplane
31007,2,"['ship', 'cat', 'automobile', 'airplane']",cat
31008,9,"['dog', 'frog', 'cat', 'airplane']",airplane
31009,9,"['dog', 'frog', 'cat', 'airplane']",airplane
31010,9,"['dog', 'frog', 'cat', 'airplane']",airplane
31011,1,"['bird', 'dog', 'frog', 'cat', 'airplane']",airplane
31012,9,"['dog', 'frog', 'cat', 'airplane']",airplane
31013,3,"['frog', 'ship', 'automobile', 'airplane']",ship
31014,9,"['dog', 'frog', 'cat', 'airplane']",airplane
31015,0,"['horse', 'deer', 'frog', 'cat']",horse
31016,3,"['frog', 'ship', 'automobile', 'airplane']",ship
31017,5,"['frog', 'ship', 'airplane', 'automobile']",ship
31018,8,"['horse', 'airplane', 'cat', 'frog']",horse
31019,1,"['bird', 'dog', 'frog', 'cat', 'airplane']",airplane
31020,2,"['ship', 'cat', 'automobile', 'airplane']",cat
31021,5,"['frog', 'ship', 'airplane', 'automobile']",ship
31022,3,"['frog', 'ship', 'automobile', 'airplane']",ship
31023,0,"['horse', 'deer', 'frog', 'cat']",horse
31024,7,"['automobile', 'cat', 'airplane', 'frog']",airplane
31025,6,"['automobile', 'horse', 'ship', 'airplane']",airplane
31026,2,"['ship', 'cat', 'automobile', 'airplane']",automobile
31027,4,"['cat', 'automobile', 'frog', 'airplane']",automobile
31028,5,"['frog', 'ship', 'airplane', 'automobile']",ship
31029,0,"['horse', 'deer', 'frog', 'cat']",horse
31030,4,"['cat', 'automobile', 'frog', 'airplane']",automobile
31031,5,"['frog', 'ship', 'airplane', 'automobile']",ship
31032,8,"['horse', 'airplane', 'cat', 'frog']",horse
31033,4,"['cat', 'automobile', 'frog', 'airplane']",automobile
31034,7,"['automobile', 'cat', 'airplane', 'frog']",cat
31035,2,"['ship', 'cat', 'automobile', 'airplane']",cat
31036,7,"['automobile', 'cat', 'airplane', 'frog']",cat
31037,8,"['horse', 'airplane', 'cat', 'frog']",horse
31038,5,"['frog', 'ship', 'airplane', 'automobile']",ship
31039,9,"['dog', 'frog', 'cat', 'airplane']",dog
31040,2,"['ship', 'cat', 'automobile', 'airplane']",cat
31041,2,"['ship', 'cat', 'automobile', 'airplane']",cat
31042,6,"['automobile', 'horse', 'ship', 'airplane']",ship
31043,5,"['frog', 'ship', 'airplane', 'automobile']",ship
31044,5,"['frog', 'ship', 'airplane', 'automobile']",ship
31045,2,"['ship', 'cat', 'automobile', 'airplane']",cat
31046,1,"['bird', 'dog', 'frog', 'cat', 'airplane']",airplane
31047,5,"['frog', 'ship', 'airplane', 'automobile']",ship
31048,0,"['horse', 'deer', 'frog', 'cat']",horse
31049,7,"['automobile', 'cat', 'airplane', 'frog']",airplane
31050,3,"['frog', 'ship', 'automobile', 'airplane']",ship
31051,8,"['horse', 'airplane', 'cat', 'frog']",horse
31052,8,"['horse', 'airplane', 'cat', 'frog']",horse
31053,4,"['cat', 'automobile', 'frog', 'airplane']",automobile
31054,2,"['ship', 'cat', 'automobile', 'airplane']",cat
31055,5,"['frog', 'ship', 'airplane', 'automobile']",ship
31056,9,"['dog', 'frog', 'cat', 'airplane']",airplane
31057,2,"['ship', 'cat', 'automobile', 'airplane']",cat
31058,2,"['ship', 'cat', 'automobile', 'airplane']",cat
31059,5,"['frog', 'ship', 'airplane', 'automobile']",ship
31060,4,"['cat', 'automobile', 'frog', 'airplane']",automobile
31061,4,"['cat', 'automobile', 'frog', 'airplane']",automobile
31062,5,"['frog', 'ship', 'airplane', 'automobile']",ship
31063,2,"['ship', 'cat', 'automobile', 'airplane']",ship
31064,5,"['frog', 'ship', 'airplane', 'automobile']",ship
31065,3,"['frog', 'ship', 'automobile', 'airplane']",ship
31066,8,"['horse', 'airplane', 'cat', 'frog']",horse
31067,9,"['dog', 'frog', 'cat', 'airplane']",airplane
31068,9,"['dog', 'frog', 'cat', 'airplane']",airplane
31069,8,"['horse', 'airplane', 'cat', 'frog']",horse
31070,8,"['horse', 'airplane', 'cat', 'frog']",horse
31071,6,"['automobile', 'horse', 'ship', 'airplane']",airplane
31072,1,"['bird', 'dog', 'frog', 'cat', 'airplane']",airplane
31073,7,"['automobile', 'cat', 'airplane', 'frog']",cat
31074,2,"['ship', 'cat', 'automobile', 'airplane']",cat
31075,4,"['cat', 'automobile', 'frog', 'airplane']",automobile
31076,8,"['horse', 'airplane', 'cat', 'frog']",horse
31077,9,"['dog', 'frog', 'cat', 'airplane']",airplane
31078,3,"['frog', 'ship', 'automobile', 'airplane']",ship
31079,1,"['bird', 'dog', 'frog', 'cat', 'airplane']",airplane
31080,6,"['automobile', 'horse', 'ship', 'airplane']",airplane
31081,3,"['frog', 'ship', 'automobile', 'airplane']",ship
31082,7,"['automobile', 'cat', 'airplane', 'frog']",airplane
31083,0,"['horse', 'deer', 'frog', 'cat']",horse
31084,4,"['cat', 'automobile', 'frog', 'airplane']",airplane
31085,8,"['horse', 'airplane', 'cat', 'frog']",horse
31086,0,"['horse', 'deer', 'frog', 'cat']",horse
31087,0,"['horse', 'deer', 'frog', 'cat']",horse
31088,4,"['cat', 'automobile', 'frog', 'airplane']",automobile
31089,9,"['dog', 'frog', 'cat', 'airplane']",airplane
31090,2,"['ship', 'cat', 'automobile', 'airplane']",cat
31091,5,"['frog', 'ship', 'airplane', 'automobile']",ship
31092,4,"['cat', 'automobile', 'frog', 'airplane']",automobile
31093,7,"['automobile', 'cat', 'airplane', 'frog']",airplane
31094,3,"['frog', 'ship', 'automobile', 'airplane']",ship
31095,9,"['dog', 'frog', 'cat', 'airplane']",dog
31096,9,"['dog', 'frog', 'cat', 'airplane']",airplane
31097,8,"['horse', 'airplane', 'cat', 'frog']",horse
31098,0,"['horse', 'deer', 'frog', 'cat']",horse
31099,6,"['automobile', 'horse', 'ship', 'airplane']",airplane
31100,1,"['bird', 'dog', 'frog', 'cat', 'airplane']",airplane
31101,1,"['bird', 'dog', 'frog', 'cat', 'airplane']",airplane
31102,1,"['bird', 'dog', 'frog', 'cat', 'airplane']",airplane
31103,3,"['frog', 'ship', 'automobile', 'airplane']",ship
31104,8,"['horse', 'airplane', 'cat', 'frog']",horse
31105,0,"['horse', 'deer', 'frog', 'cat']",horse
31106,9,"['dog', 'frog', 'cat', 'airplane']",airplane
31107,1,"['bird', 'dog', 'frog', 'cat', 'airplane']",airplane
31108,6,"['automobile', 'horse', 'ship', 'airplane']",airplane
31109,5,"['frog', 'ship', 'airplane', 'automobile']",ship
31110,1,"['bird', 'dog', 'frog', 'cat', 'airplane']",airplane
31111,5,"['frog', 'ship', 'airplane', 'automobile']",ship
31112,6,"['automobile', 'horse', 'ship', 'airplane']",automobile
31113,1,"['bird', 'dog', 'frog', 'cat', 'airplane']",airplane
31114,9,"['dog', 'frog', 'cat', 'airplane']",dog
31115,9,"['dog', 'frog', 'cat', 'airplane']",airplane
31116,5,"['frog', 'ship', 'airplane', 'automobile']",ship
31117,7,"['automobile', 'cat', 'airplane', 'frog']",cat
31118,6,"['automobile', 'horse', 'ship', 'airplane']",airplane
31119,0,"['horse', 'deer', 'frog', 'cat']",horse
31120,5,"['frog', 'ship', 'airplane', 'automobile']",ship
31121,8,"['horse', 'airplane', 'cat', 'frog']",horse
31122,1,"['bird', 'dog', 'frog', 'cat', 'airplane']",airplane
31123,7,"['automobile', 'cat', 'airplane', 'frog']",cat
31124,4,"['cat', 'automobile', 'frog', 'airplane']",automobile
31125,8,"['horse', 'airplane', 'cat', 'frog']",horse
31126,1,"['bird', 'dog', 'frog', 'cat', 'airplane']",airplane
31127,0,"['horse', 'deer', 'frog', 'cat']",horse
31128,6,"['automobile', 'horse', 'ship', 'airplane']",ship
31129,5,"['frog', 'ship', 'airplane', 'automobile']",ship
31130,2,"['ship', 'cat', 'automobile', 'airplane']",cat
31131,8,"['horse', 'airplane', 'cat', 'frog']",horse
31132,5,"['frog', 'ship', 'airplane', 'automobile']",ship
31133,6,"['automobile', 'horse', 'ship', 'airplane']",airplane
31134,3,"['frog', 'ship', 'automobile', 'airplane']",ship
31135,6,"['automobile', 'horse', 'ship', 'airplane']",ship
31136,3,"['frog', 'ship', 'automobile', 'airplane']",ship
31137,5,"['frog', 'ship', 'airplane', 'automobile']",ship
31138,1,"['bird', 'dog', 'frog', 'cat', 'airplane']",airplane
31139,6,"['automobile', 'horse', 'ship', 'airplane']",airplane
31140,6,"['automobile', 'horse', 'ship', 'airplane']",airplane
31141,3,"['frog', 'ship', 'automobile', 'airplane']",ship
31142,6,"['automobile', 'horse', 'ship', 'airplane']",ship
31143,4,"['cat', 'automobile', 'frog', 'airplane']",automobile
31144,0,"['horse', 'deer', 'frog', 'cat']",horse
31145,5,"['frog', 'ship', 'airplane', 'automobile']",ship
31146,3,"['frog', 'ship', 'automobile', 'airplane']",ship
31147,1,"['bird', 'dog', 'frog', 'cat', 'airplane']",airplane
31148,3,"['frog', 'ship', 'automobile', 'airplane']",ship
31149,5,"['frog', 'ship', 'airplane', 'automobile']",ship
31150,3,"['frog', 'ship', 'automobile', 'airplane']",ship
31151,1,"['bird', 'dog', 'frog', 'cat', 'airplane']",airplane
31152,1,"['bird', 'dog', 'frog', 'cat', 'airplane']",airplane
31153,4,"['cat', 'automobile', 'frog', 'airplane']",automobile
31154,7,"['automobile', 'cat', 'airplane', 'frog']",airplane
31155,5,"['frog', 'ship', 'airplane', 'automobile']",ship
31156,7,"['automobile', 'cat', 'airplane', 'frog']",airplane
31157,8,"['horse', 'airplane', 'cat', 'frog']",horse
31158,1,"['bird', 'dog', 'frog', 'cat', 'airplane']",airplane
31159,6,"['automobile', 'horse', 'ship', 'airplane']",airplane
31160,4,"['cat', 'automobile', 'frog', 'airplane']",automobile
31161,3,"['frog', 'ship', 'automobile', 'airplane']",ship
31162,9,"['dog', 'frog', 'cat', 'airplane']",dog
31163,4,"['cat', 'automobile', 'frog', 'airplane']",automobile
31164,0,"['horse', 'deer', 'frog', 'cat']",horse
31165,0,"['horse', 'deer', 'frog', 'cat']",horse
31166,1,"['bird', 'dog', 'frog', 'cat', 'airplane']",airplane
31167,4,"['cat', 'automobile', 'frog', 'airplane']",automobile
31168,8,"['horse', 'airplane', 'cat', 'frog']",horse
31169,2,"['ship', 'cat', 'automobile', 'airplane']",ship
31170,8,"['horse', 'airplane', 'cat', 'frog']",horse
31171,2,"['ship', 'cat', 'automobile', 'airplane']",automobile
31172,7,"['automobile', 'cat', 'airplane', 'frog']",cat
31173,2,"['ship', 'cat', 'automobile', 'airplane']",cat
31174,9,"['dog', 'frog', 'cat', 'airplane']",dog
31175,6,"['automobile', 'horse', 'ship', 'airplane']",airplane
31176,9,"['dog', 'frog', 'cat', 'airplane']",airplane
31177,2,"['ship', 'cat', 'automobile', 'airplane']",cat
31178,3,"['frog', 'ship', 'automobile', 'airplane']",ship
31179,3,"['frog', 'ship', 'automobile', 'airplane']",ship
31180,5,"['frog', 'ship', 'airplane', 'automobile']",ship
31181,6,"['automobile', 'horse', 'ship', 'airplane']",airplane
31182,8,"['horse', 'airplane', 'cat', 'frog']",horse
31183,8,"['horse', 'airplane', 'cat', 'frog']",horse
31184,8,"['horse', 'airplane', 'cat', 'frog']",horse
31185,5,"['frog', 'ship', 'airplane', 'automobile']",ship
31186,9,"['dog', 'frog', 'cat', 'airplane']",airplane
31187,8,"['horse', 'airplane', 'cat', 'frog']",horse
31188,8,"['horse', 'airplane', 'cat', 'frog']",horse
31189,8,"['horse', 'airplane', 'cat', 'frog']",horse
31190,5,"['frog', 'ship', 'airplane', 'automobile']",ship
31191,2,"['ship', 'cat', 'automobile', 'airplane']",cat
31192,7,"['automobile', 'cat', 'airplane', 'frog']",cat
31193,1,"['bird', 'dog', 'frog', 'cat', 'airplane']",airplane
31194,3,"['frog', 'ship', 'automobile', 'airplane']",ship
31195,1,"['bird', 'dog', 'frog', 'cat', 'airplane']",airplane
31196,8,"['horse', 'airplane', 'cat', 'frog']",horse
31197,6,"['automobile', 'horse', 'ship', 'airplane']",airplane
31198,3,"['frog', 'ship', 'automobile', 'airplane']",ship
31199,3,"['frog', 'ship', 'automobile', 'airplane']",ship
31200,5,"['frog', 'ship', 'airplane', 'automobile']",ship
31201,0,"['horse', 'deer', 'frog', 'cat']",horse
31202,8,"['horse', 'airplane', 'cat', 'frog']",horse
31203,1,"['bird', 'dog', 'frog', 'cat', 'airplane']",airplane
31204,3,"['frog', 'ship', 'automobile', 'airplane']",ship
31205,9,"['dog', 'frog', 'cat', 'airplane']",dog
31206,7,"['automobile', 'cat', 'airplane', 'frog']",cat
31207,0,"['horse', 'deer', 'frog', 'cat']",horse
31208,1,"['bird', 'dog', 'frog', 'cat', 'airplane']",airplane
31209,1,"['bird', 'dog', 'frog', 'cat', 'airplane']",airplane
31210,9,"['dog', 'frog', 'cat', 'airplane']",airplane
31211,4,"['cat', 'automobile', 'frog', 'airplane']",automobile
31212,7,"['automobile', 'cat', 'airplane', 'frog']",cat
31213,0,"['horse', 'deer', 'frog', 'cat']",horse
31214,0,"['horse', 'deer', 'frog', 'cat']",horse
31215,7,"['automobile', 'cat', 'airplane', 'frog']",cat
31216,9,"['dog', 'frog', 'cat', 'airplane']",dog
31217,7,"['automobile', 'cat', 'airplane', 'frog']",frog
31218,5,"['frog', 'ship', 'airplane', 'automobile']",ship
31219,8,"['horse', 'airplane', 'cat', 'frog']",horse
31220,8,"['horse', 'airplane', 'cat', 'frog']",horse
31221,5,"['frog', 'ship', 'airplane', 'automobile']",ship
31222,5,"['frog', 'ship', 'airplane', 'automobile']",ship
31223,2,"['ship', 'cat', 'automobile', 'airplane']",cat
31224,7,"['automobile', 'cat', 'airplane', 'frog']",cat
31225,5,"['frog', 'ship', 'airplane', 'automobile']",ship
31226,5,"['frog', 'ship', 'airplane', 'automobile']",ship
31227,4,"['cat', 'automobile', 'frog', 'airplane']",automobile
31228,6,"['automobile', 'horse', 'ship', 'airplane']",airplane
31229,2,"['ship', 'cat', 'automobile', 'airplane']",cat
31230,2,"['ship', 'cat', 'automobile', 'airplane']",cat
31231,2,"['ship', 'cat', 'automobile', 'airplane']",cat
31232,6,"['automobile', 'horse', 'ship', 'airplane']",airplane
31233,9,"['dog', 'frog', 'cat', 'airplane']",airplane
31234,5,"['frog', 'ship', 'airplane', 'automobile']",ship
31235,6,"['automobile', 'horse', 'ship', 'airplane']",airplane
31236,7,"['automobile', 'cat', 'airplane', 'frog']",cat
31237,2,"['ship', 'cat', 'automobile', 'airplane']",automobile
31238,6,"['automobile', 'horse', 'ship', 'airplane']",airplane
31239,4,"['cat', 'automobile', 'frog', 'airplane']",automobile
31240,5,"['frog', 'ship', 'airplane', 'automobile']",ship
31241,1,"['bird', 'dog', 'frog', 'cat', 'airplane']",airplane
31242,3,"['frog', 'ship', 'automobile', 'airplane']",ship
31243,5,"['frog', 'ship', 'airplane', 'automobile']",ship
31244,8,"['horse', 'airplane', 'cat', 'frog']",airplane
31245,1,"['bird', 'dog', 'frog', 'cat', 'airplane']",airplane
31246,0,"['horse', 'deer', 'frog', 'cat']",horse
31247,7,"['automobile', 'cat', 'airplane', 'frog']",cat
31248,5,"['frog', 'ship', 'airplane', 'automobile']",ship
31249,0,"['horse', 'deer', 'frog', 'cat']",horse
31250,8,"['horse', 'airplane', 'cat', 'frog']",horse
31251,1,"['bird', 'dog', 'frog', 'cat', 'airplane']",airplane
31252,9,"['dog', 'frog', 'cat', 'airplane']",airplane
31253,1,"['bird', 'dog', 'frog', 'cat', 'airplane']",airplane
31254,3,"['frog', 'ship', 'automobile', 'airplane']",ship
31255,5,"['frog', 'ship', 'airplane', 'automobile']",ship
31256,4,"['cat', 'automobile', 'frog', 'airplane']",automobile
31257,6,"['automobile', 'horse', 'ship', 'airplane']",automobile
31258,8,"['horse', 'airplane', 'cat', 'frog']",horse
31259,8,"['horse', 'airplane', 'cat', 'frog']",horse
31260,3,"['frog', 'ship', 'automobile', 'airplane']",ship
31261,3,"['frog', 'ship', 'automobile', 'airplane']",ship
31262,7,"['automobile', 'cat', 'airplane', 'frog']",cat
31263,7,"['automobile', 'cat', 'airplane', 'frog']",cat
31264,5,"['frog', 'ship', 'airplane', 'automobile']",ship
31265,7,"['automobile', 'cat', 'airplane', 'frog']",frog
31266,8,"['horse', 'airplane', 'cat', 'frog']",horse
31267,8,"['horse', 'airplane', 'cat', 'frog']",horse
31268,1,"['bird', 'dog', 'frog', 'cat', 'airplane']",airplane
31269,2,"['ship', 'cat', 'automobile', 'airplane']",cat
31270,6,"['automobile', 'horse', 'ship', 'airplane']",ship
31271,4,"['cat', 'automobile', 'frog', 'airplane']",automobile
31272,2,"['ship', 'cat', 'automobile', 'airplane']",cat
31273,5,"['frog', 'ship', 'airplane', 'automobile']",ship
31274,1,"['bird', 'dog', 'frog', 'cat', 'airplane']",airplane
31275,2,"['ship', 'cat', 'automobile', 'airplane']",cat
31276,7,"['automobile', 'cat', 'airplane', 'frog']",cat
31277,4,"['cat', 'automobile', 'frog', 'airplane']",automobile
31278,8,"['horse', 'airplane', 'cat', 'frog']",horse
31279,6,"['automobile', 'horse', 'ship', 'airplane']",horse
31280,2,"['ship', 'cat', 'automobile', 'airplane']",cat
31281,4,"['cat', 'automobile', 'frog', 'airplane']",automobile
31282,1,"['bird', 'dog', 'frog', 'cat', 'airplane']",airplane
31283,9,"['dog', 'frog', 'cat', 'airplane']",airplane
31284,0,"['horse', 'deer', 'frog', 'cat']",deer
31285,2,"['ship', 'cat', 'automobile', 'airplane']",cat
31286,0,"['horse', 'deer', 'frog', 'cat']",horse
31287,9,"['dog', 'frog', 'cat', 'airplane']",dog
31288,1,"['bird', 'dog', 'frog', 'cat', 'airplane']",airplane
31289,2,"['ship', 'cat', 'automobile', 'airplane']",automobile
31290,4,"['cat', 'automobile', 'frog', 'airplane']",automobile
31291,9,"['dog', 'frog', 'cat', 'airplane']",airplane
31292,5,"['frog', 'ship', 'airplane', 'automobile']",ship
31293,2,"['ship', 'cat', 'automobile', 'airplane']",cat
31294,2,"['ship', 'cat', 'automobile', 'airplane']",cat
31295,3,"['frog', 'ship', 'automobile', 'airplane']",ship
31296,9,"['dog', 'frog', 'cat', 'airplane']",dog
31297,1,"['bird', 'dog', 'frog', 'cat', 'airplane']",airplane
31298,9,"['dog', 'frog', 'cat', 'airplane']",dog
31299,6,"['automobile', 'horse', 'ship', 'airplane']",airplane
31300,1,"['bird', 'dog', 'frog', 'cat', 'airplane']",airplane
31301,6,"['automobile', 'horse', 'ship', 'airplane']",ship
31302,5,"['frog', 'ship', 'airplane', 'automobile']",ship
31303,5,"['frog', 'ship', 'airplane', 'automobile']",ship
31304,7,"['automobile', 'cat', 'airplane', 'frog']",cat
31305,4,"['cat', 'automobile', 'frog', 'airplane']",airplane
31306,4,"['cat', 'automobile', 'frog', 'airplane']",automobile
31307,2,"['ship', 'cat', 'automobile', 'airplane']",ship
31308,2,"['ship', 'cat', 'automobile', 'airplane']",ship
31309,5,"['frog', 'ship', 'airplane', 'automobile']",ship
31310,4,"['cat', 'automobile', 'frog', 'airplane']",automobile
31311,1,"['bird', 'dog', 'frog', 'cat', 'airplane']",airplane
31312,6,"['automobile', 'horse', 'ship', 'airplane']",automobile
31313,8,"['horse', 'airplane', 'cat', 'frog']",horse
31314,8,"['horse', 'airplane', 'cat', 'frog']",horse
31315,6,"['automobile', 'horse', 'ship', 'airplane']",automobile
31316,7,"['automobile', 'cat', 'airplane', 'frog']",cat
31317,8,"['horse', 'airplane', 'cat', 'frog']",horse
31318,2,"['ship', 'cat', 'automobile', 'airplane']",cat
31319,1,"['bird', 'dog', 'frog', 'cat', 'airplane']",airplane
31320,7,"['automobile', 'cat', 'airplane', 'frog']",cat
31321,7,"['automobile', 'cat', 'airplane', 'frog']",airplane
31322,1,"['bird', 'dog', 'frog', 'cat', 'airplane']",airplane
31323,1,"['bird', 'dog', 'frog', 'cat', 'airplane']",airplane
31324,9,"['dog', 'frog', 'cat', 'airplane']",airplane
31325,6,"['automobile', 'horse', 'ship', 'airplane']",horse
31326,7,"['automobile', 'cat', 'airplane', 'frog']",airplane
31327,8,"['horse', 'airplane', 'cat', 'frog']",horse
31328,8,"['horse', 'airplane', 'cat', 'frog']",horse
31329,1,"['bird', 'dog', 'frog', 'cat', 'airplane']",airplane
31330,5,"['frog', 'ship', 'airplane', 'automobile']",ship
31331,7,"['automobile', 'cat', 'airplane', 'frog']",cat
31332,8,"['horse', 'airplane', 'cat', 'frog']",horse
31333,2,"['ship', 'cat', 'automobile', 'airplane']",cat
31334,6,"['automobile', 'horse', 'ship', 'airplane']",airplane
31335,9,"['dog', 'frog', 'cat', 'airplane']",dog
31336,7,"['automobile', 'cat', 'airplane', 'frog']",cat
31337,3,"['frog', 'ship', 'automobile', 'airplane']",ship
31338,1,"['bird', 'dog', 'frog', 'cat', 'airplane']",airplane
31339,0,"['horse', 'deer', 'frog', 'cat']",horse
31340,8,"['horse', 'airplane', 'cat', 'frog']",horse
31341,7,"['automobile', 'cat', 'airplane', 'frog']",frog
31342,6,"['automobile', 'horse', 'ship', 'airplane']",airplane
31343,2,"['ship', 'cat', 'automobile', 'airplane']",cat
31344,3,"['frog', 'ship', 'automobile', 'airplane']",ship
31345,1,"['bird', 'dog', 'frog', 'cat', 'airplane']",airplane
31346,3,"['frog', 'ship', 'automobile', 'airplane']",ship
31347,5,"['frog', 'ship', 'airplane', 'automobile']",ship
31348,1,"['bird', 'dog', 'frog', 'cat', 'airplane']",airplane
31349,4,"['cat', 'automobile', 'frog', 'airplane']",automobile
31350,7,"['automobile', 'cat', 'airplane', 'frog']",airplane
31351,1,"['bird', 'dog', 'frog', 'cat', 'airplane']",airplane
31352,1,"['bird', 'dog', 'frog', 'cat', 'airplane']",airplane
31353,6,"['automobile', 'horse', 'ship', 'airplane']",airplane
31354,8,"['horse', 'airplane', 'cat', 'frog']",horse
31355,5,"['frog', 'ship', 'airplane', 'automobile']",ship
31356,6,"['automobile', 'horse', 'ship', 'airplane']",airplane
31357,7,"['automobile', 'cat', 'airplane', 'frog']",cat
31358,0,"['horse', 'deer', 'frog', 'cat']",horse
31359,7,"['automobile', 'cat', 'airplane', 'frog']",airplane
31360,7,"['automobile', 'cat', 'airplane', 'frog']",cat
31361,2,"['ship', 'cat', 'automobile', 'airplane']",automobile
31362,8,"['horse', 'airplane', 'cat', 'frog']",horse
31363,1,"['bird', 'dog', 'frog', 'cat', 'airplane']",airplane
31364,7,"['automobile', 'cat', 'airplane', 'frog']",cat
31365,4,"['cat', 'automobile', 'frog', 'airplane']",automobile
31366,3,"['frog', 'ship', 'automobile', 'airplane']",ship
31367,8,"['horse', 'airplane', 'cat', 'frog']",horse
31368,7,"['automobile', 'cat', 'airplane', 'frog']",cat
31369,0,"['horse', 'deer', 'frog', 'cat']",horse
31370,8,"['horse', 'airplane', 'cat', 'frog']",horse
31371,2,"['ship', 'cat', 'automobile', 'airplane']",ship
31372,8,"['horse', 'airplane', 'cat', 'frog']",horse
31373,6,"['automobile', 'horse', 'ship', 'airplane']",automobile
31374,2,"['ship', 'cat', 'automobile', 'airplane']",cat
31375,2,"['ship', 'cat', 'automobile', 'airplane']",cat
31376,5,"['frog', 'ship', 'airplane', 'automobile']",ship
31377,2,"['ship', 'cat', 'automobile', 'airplane']",automobile
31378,9,"['dog', 'frog', 'cat', 'airplane']",dog
31379,8,"['horse', 'airplane', 'cat', 'frog']",horse
31380,3,"['frog', 'ship', 'automobile', 'airplane']",ship
31381,7,"['automobile', 'cat', 'airplane', 'frog']",cat
31382,6,"['automobile', 'horse', 'ship', 'airplane']",airplane
31383,3,"['frog', 'ship', 'automobile', 'airplane']",ship
31384,6,"['automobile', 'horse', 'ship', 'airplane']",ship
31385,9,"['dog', 'frog', 'cat', 'airplane']",dog
31386,8,"['horse', 'airplane', 'cat', 'frog']",horse
31387,9,"['dog', 'frog', 'cat', 'airplane']",airplane
31388,9,"['dog', 'frog', 'cat', 'airplane']",dog
31389,7,"['automobile', 'cat', 'airplane', 'frog']",airplane
31390,8,"['horse', 'airplane', 'cat', 'frog']",horse
31391,0,"['horse', 'deer', 'frog', 'cat']",horse
31392,8,"['horse', 'airplane', 'cat', 'frog']",horse
31393,4,"['cat', 'automobile', 'frog', 'airplane']",automobile
31394,2,"['ship', 'cat', 'automobile', 'airplane']",automobile
31395,1,"['bird', 'dog', 'frog', 'cat', 'airplane']",airplane
31396,6,"['automobile', 'horse', 'ship', 'airplane']",airplane
31397,0,"['horse', 'deer', 'frog', 'cat']",horse
31398,6,"['automobile', 'horse', 'ship', 'airplane']",airplane
31399,9,"['dog', 'frog', 'cat', 'airplane']",airplane
31400,3,"['frog', 'ship', 'automobile', 'airplane']",ship
31401,2,"['ship', 'cat', 'automobile', 'airplane']",automobile
31402,3,"['frog', 'ship', 'automobile', 'airplane']",ship
31403,9,"['dog', 'frog', 'cat', 'airplane']",dog
31404,3,"['frog', 'ship', 'automobile', 'airplane']",ship
31405,6,"['automobile', 'horse', 'ship', 'airplane']",airplane
31406,3,"['frog', 'ship', 'automobile', 'airplane']",ship
31407,1,"['bird', 'dog', 'frog', 'cat', 'airplane']",airplane
31408,6,"['automobile', 'horse', 'ship', 'airplane']",airplane
31409,5,"['frog', 'ship', 'airplane', 'automobile']",ship
31410,2,"['ship', 'cat', 'automobile', 'airplane']",cat
31411,2,"['ship', 'cat', 'automobile', 'airplane']",cat
31412,0,"['horse', 'deer', 'frog', 'cat']",horse
31413,6,"['automobile', 'horse', 'ship', 'airplane']",airplane
31414,3,"['frog', 'ship', 'automobile', 'airplane']",ship
31415,3,"['frog', 'ship', 'automobile', 'airplane']",ship
31416,6,"['automobile', 'horse', 'ship', 'airplane']",airplane
31417,8,"['horse', 'airplane', 'cat', 'frog']",horse
31418,2,"['ship', 'cat', 'automobile', 'airplane']",cat
31419,2,"['ship', 'cat', 'automobile', 'airplane']",automobile
31420,2,"['ship', 'cat', 'automobile', 'airplane']",cat
31421,6,"['automobile', 'horse', 'ship', 'airplane']",airplane
31422,9,"['dog', 'frog', 'cat', 'airplane']",airplane
31423,8,"['horse', 'airplane', 'cat', 'frog']",horse
31424,8,"['horse', 'airplane', 'cat', 'frog']",horse
31425,8,"['horse', 'airplane', 'cat', 'frog']",horse
31426,8,"['horse', 'airplane', 'cat', 'frog']",horse
31427,6,"['automobile', 'horse', 'ship', 'airplane']",automobile
31428,2,"['ship', 'cat', 'automobile', 'airplane']",cat
31429,4,"['cat', 'automobile', 'frog', 'airplane']",automobile
31430,6,"['automobile', 'horse', 'ship', 'airplane']",airplane
31431,4,"['cat', 'automobile', 'frog', 'airplane']",automobile
31432,7,"['automobile', 'cat', 'airplane', 'frog']",airplane
31433,4,"['cat', 'automobile', 'frog', 'airplane']",automobile
31434,4,"['cat', 'automobile', 'frog', 'airplane']",automobile
31435,0,"['horse', 'deer', 'frog', 'cat']",horse
31436,7,"['automobile', 'cat', 'airplane', 'frog']",cat
31437,3,"['frog', 'ship', 'automobile', 'airplane']",ship
31438,2,"['ship', 'cat', 'automobile', 'airplane']",cat
31439,5,"['frog', 'ship', 'airplane', 'automobile']",ship
31440,3,"['frog', 'ship', 'automobile', 'airplane']",ship
31441,9,"['dog', 'frog', 'cat', 'airplane']",airplane
31442,5,"['frog', 'ship', 'airplane', 'automobile']",ship
31443,8,"['horse', 'airplane', 'cat', 'frog']",horse
31444,7,"['automobile', 'cat', 'airplane', 'frog']",cat
31445,1,"['bird', 'dog', 'frog', 'cat', 'airplane']",airplane
31446,4,"['cat', 'automobile', 'frog', 'airplane']",automobile
31447,6,"['automobile', 'horse', 'ship', 'airplane']",airplane
31448,6,"['automobile', 'horse', 'ship', 'airplane']",airplane
31449,3,"['frog', 'ship', 'automobile', 'airplane']",ship
31450,0,"['horse', 'deer', 'frog', 'cat']",horse
31451,6,"['automobile', 'horse', 'ship', 'airplane']",airplane
31452,7,"['automobile', 'cat', 'airplane', 'frog']",cat
31453,9,"['dog', 'frog', 'cat', 'airplane']",dog
31454,2,"['ship', 'cat', 'automobile', 'airplane']",automobile
31455,6,"['automobile', 'horse', 'ship', 'airplane']",horse
31456,8,"['horse', 'airplane', 'cat', 'frog']",horse
31457,6,"['automobile', 'horse', 'ship', 'airplane']",airplane
31458,9,"['dog', 'frog', 'cat', 'airplane']",airplane
31459,0,"['horse', 'deer', 'frog', 'cat']",horse
31460,3,"['frog', 'ship', 'automobile', 'airplane']",frog
31461,7,"['automobile', 'cat', 'airplane', 'frog']",airplane
31462,8,"['horse', 'airplane', 'cat', 'frog']",horse
31463,3,"['frog', 'ship', 'automobile', 'airplane']",ship
31464,4,"['cat', 'automobile', 'frog', 'airplane']",automobile
31465,6,"['automobile', 'horse', 'ship', 'airplane']",airplane
31466,6,"['automobile', 'horse', 'ship', 'airplane']",airplane
31467,2,"['ship', 'cat', 'automobile', 'airplane']",cat
31468,7,"['automobile', 'cat', 'airplane', 'frog']",cat
31469,2,"['ship', 'cat', 'automobile', 'airplane']",cat
31470,4,"['cat', 'automobile', 'frog', 'airplane']",automobile
31471,0,"['horse', 'deer', 'frog', 'cat']",horse
31472,7,"['automobile', 'cat', 'airplane', 'frog']",cat
31473,1,"['bird', 'dog', 'frog', 'cat', 'airplane']",airplane
31474,5,"['frog', 'ship', 'airplane', 'automobile']",ship
31475,2,"['ship', 'cat', 'automobile', 'airplane']",cat
31476,4,"['cat', 'automobile', 'frog', 'airplane']",automobile
31477,7,"['automobile', 'cat', 'airplane', 'frog']",cat
31478,2,"['ship', 'cat', 'automobile', 'airplane']",cat
31479,3,"['frog', 'ship', 'automobile', 'airplane']",ship
31480,8,"['horse', 'airplane', 'cat', 'frog']",horse
31481,0,"['horse', 'deer', 'frog', 'cat']",horse
31482,7,"['automobile', 'cat', 'airplane', 'frog']",cat
31483,9,"['dog', 'frog', 'cat', 'airplane']",dog
31484,4,"['cat', 'automobile', 'frog', 'airplane']",automobile
31485,5,"['frog', 'ship', 'airplane', 'automobile']",ship
31486,2,"['ship', 'cat', 'automobile', 'airplane']",automobile
31487,6,"['automobile', 'horse', 'ship', 'airplane']",airplane
31488,0,"['horse', 'deer', 'frog', 'cat']",horse
31489,8,"['horse', 'airplane', 'cat', 'frog']",horse
31490,9,"['dog', 'frog', 'cat', 'airplane']",airplane
31491,7,"['automobile', 'cat', 'airplane', 'frog']",cat
31492,2,"['ship', 'cat', 'automobile', 'airplane']",automobile
31493,2,"['ship', 'cat', 'automobile', 'airplane']",automobile
31494,5,"['frog', 'ship', 'airplane', 'automobile']",ship
31495,2,"['ship', 'cat', 'automobile', 'airplane']",airplane
31496,2,"['ship', 'cat', 'automobile', 'airplane']",cat
31497,8,"['horse', 'airplane', 'cat', 'frog']",horse
31498,8,"['horse', 'airplane', 'cat', 'frog']",horse
31499,3,"['frog', 'ship', 'automobile', 'airplane']",ship
31500,6,"['automobile', 'horse', 'ship', 'airplane']",ship
31501,2,"['ship', 'cat', 'automobile', 'airplane']",automobile
31502,1,"['bird', 'dog', 'frog', 'cat', 'airplane']",airplane
31503,3,"['frog', 'ship', 'automobile', 'airplane']",ship
31504,7,"['automobile', 'cat', 'airplane', 'frog']",frog
31505,4,"['cat', 'automobile', 'frog', 'airplane']",automobile
31506,0,"['horse', 'deer', 'frog', 'cat']",horse
31507,4,"['cat', 'automobile', 'frog', 'airplane']",automobile
31508,6,"['automobile', 'horse', 'ship', 'airplane']",airplane
31509,9,"['dog', 'frog', 'cat', 'airplane']",airplane
31510,1,"['bird', 'dog', 'frog', 'cat', 'airplane']",airplane
31511,8,"['horse', 'airplane', 'cat', 'frog']",horse
31512,1,"['bird', 'dog', 'frog', 'cat', 'airplane']",airplane
31513,7,"['automobile', 'cat', 'airplane', 'frog']",cat
31514,4,"['cat', 'automobile', 'frog', 'airplane']",automobile
31515,4,"['cat', 'automobile', 'frog', 'airplane']",automobile
31516,5,"['frog', 'ship', 'airplane', 'automobile']",ship
31517,9,"['dog', 'frog', 'cat', 'airplane']",airplane
31518,7,"['automobile', 'cat', 'airplane', 'frog']",frog
31519,2,"['ship', 'cat', 'automobile', 'airplane']",cat
31520,7,"['automobile', 'cat', 'airplane', 'frog']",airplane
31521,0,"['horse', 'deer', 'frog', 'cat']",horse
31522,1,"['bird', 'dog', 'frog', 'cat', 'airplane']",airplane
31523,1,"['bird', 'dog', 'frog', 'cat', 'airplane']",airplane
31524,9,"['dog', 'frog', 'cat', 'airplane']",airplane
31525,5,"['frog', 'ship', 'airplane', 'automobile']",ship
31526,8,"['horse', 'airplane', 'cat', 'frog']",horse
31527,3,"['frog', 'ship', 'automobile', 'airplane']",ship
31528,7,"['automobile', 'cat', 'airplane', 'frog']",cat
31529,7,"['automobile', 'cat', 'airplane', 'frog']",frog
31530,8,"['horse', 'airplane', 'cat', 'frog']",horse
31531,2,"['ship', 'cat', 'automobile', 'airplane']",cat
31532,2,"['ship', 'cat', 'automobile', 'airplane']",cat
31533,9,"['dog', 'frog', 'cat', 'airplane']",dog
31534,1,"['bird', 'dog', 'frog', 'cat', 'airplane']",airplane
31535,3,"['frog', 'ship', 'automobile', 'airplane']",ship
31536,4,"['cat', 'automobile', 'frog', 'airplane']",automobile
31537,8,"['horse', 'airplane', 'cat', 'frog']",horse
31538,9,"['dog', 'frog', 'cat', 'airplane']",dog
31539,1,"['bird', 'dog', 'frog', 'cat', 'airplane']",airplane
31540,9,"['dog', 'frog', 'cat', 'airplane']",dog
31541,8,"['horse', 'airplane', 'cat', 'frog']",airplane
31542,3,"['frog', 'ship', 'automobile', 'airplane']",ship
31543,5,"['frog', 'ship', 'airplane', 'automobile']",ship
31544,3,"['frog', 'ship', 'automobile', 'airplane']",ship
31545,9,"['dog', 'frog', 'cat', 'airplane']",dog
31546,2,"['ship', 'cat', 'automobile', 'airplane']",cat
31547,4,"['cat', 'automobile', 'frog', 'airplane']",automobile
31548,5,"['frog', 'ship', 'airplane', 'automobile']",ship
31549,4,"['cat', 'automobile', 'frog', 'airplane']",automobile
31550,2,"['ship', 'cat', 'automobile', 'airplane']",cat
31551,5,"['frog', 'ship', 'airplane', 'automobile']",ship
31552,1,"['bird', 'dog', 'frog', 'cat', 'airplane']",airplane
31553,8,"['horse', 'airplane', 'cat', 'frog']",horse
31554,7,"['automobile', 'cat', 'airplane', 'frog']",cat
31555,5,"['frog', 'ship', 'airplane', 'automobile']",ship
31556,0,"['horse', 'deer', 'frog', 'cat']",horse
31557,5,"['frog', 'ship', 'airplane', 'automobile']",ship
31558,6,"['automobile', 'horse', 'ship', 'airplane']",airplane
31559,5,"['frog', 'ship', 'airplane', 'automobile']",ship
31560,3,"['frog', 'ship', 'automobile', 'airplane']",ship
31561,5,"['frog', 'ship', 'airplane', 'automobile']",ship
31562,2,"['ship', 'cat', 'automobile', 'airplane']",cat
31563,8,"['horse', 'airplane', 'cat', 'frog']",horse
31564,6,"['automobile', 'horse', 'ship', 'airplane']",airplane
31565,8,"['horse', 'airplane', 'cat', 'frog']",horse
31566,9,"['dog', 'frog', 'cat', 'airplane']",dog
31567,3,"['frog', 'ship', 'automobile', 'airplane']",ship
31568,5,"['frog', 'ship', 'airplane', 'automobile']",ship
31569,7,"['automobile', 'cat', 'airplane', 'frog']",cat
31570,6,"['automobile', 'horse', 'ship', 'airplane']",airplane
31571,9,"['dog', 'frog', 'cat', 'airplane']",airplane
31572,2,"['ship', 'cat', 'automobile', 'airplane']",cat
31573,7,"['automobile', 'cat', 'airplane', 'frog']",airplane
31574,5,"['frog', 'ship', 'airplane', 'automobile']",ship
31575,6,"['automobile', 'horse', 'ship', 'airplane']",automobile
31576,8,"['horse', 'airplane', 'cat', 'frog']",horse
31577,6,"['automobile', 'horse', 'ship', 'airplane']",airplane
31578,5,"['frog', 'ship', 'airplane', 'automobile']",ship
31579,4,"['cat', 'automobile', 'frog', 'airplane']",automobile
31580,6,"['automobile', 'horse', 'ship', 'airplane']",airplane
31581,8,"['horse', 'airplane', 'cat', 'frog']",horse
31582,5,"['frog', 'ship', 'airplane', 'automobile']",ship
31583,1,"['bird', 'dog', 'frog', 'cat', 'airplane']",airplane
31584,3,"['frog', 'ship', 'automobile', 'airplane']",ship
31585,4,"['cat', 'automobile', 'frog', 'airplane']",automobile
31586,0,"['horse', 'deer', 'frog', 'cat']",horse
31587,1,"['bird', 'dog', 'frog', 'cat', 'airplane']",airplane
31588,4,"['cat', 'automobile', 'frog', 'airplane']",automobile
31589,7,"['automobile', 'cat', 'airplane', 'frog']",cat
31590,8,"['horse', 'airplane', 'cat', 'frog']",horse
31591,0,"['horse', 'deer', 'frog', 'cat']",horse
31592,5,"['frog', 'ship', 'airplane', 'automobile']",ship
31593,0,"['horse', 'deer', 'frog', 'cat']",horse
31594,8,"['horse', 'airplane', 'cat', 'frog']",horse
31595,7,"['automobile', 'cat', 'airplane', 'frog']",cat
31596,8,"['horse', 'airplane', 'cat', 'frog']",horse
31597,7,"['automobile', 'cat', 'airplane', 'frog']",cat
31598,6,"['automobile', 'horse', 'ship', 'airplane']",airplane
31599,1,"['bird', 'dog', 'frog', 'cat', 'airplane']",airplane
31600,0,"['horse', 'deer', 'frog', 'cat']",horse
31601,6,"['automobile', 'horse', 'ship', 'airplane']",airplane
31602,3,"['frog', 'ship', 'automobile', 'airplane']",ship
31603,3,"['frog', 'ship', 'automobile', 'airplane']",frog
31604,1,"['bird', 'dog', 'frog', 'cat', 'airplane']",airplane
31605,9,"['dog', 'frog', 'cat', 'airplane']",dog
31606,3,"['frog', 'ship', 'automobile', 'airplane']",ship
31607,1,"['bird', 'dog', 'frog', 'cat', 'airplane']",airplane
31608,8,"['horse', 'airplane', 'cat', 'frog']",horse
31609,4,"['cat', 'automobile', 'frog', 'airplane']",automobile
31610,3,"['frog', 'ship', 'automobile', 'airplane']",ship
31611,5,"['frog', 'ship', 'airplane', 'automobile']",ship
31612,4,"['cat', 'automobile', 'frog', 'airplane']",automobile
31613,9,"['dog', 'frog', 'cat', 'airplane']",dog
31614,2,"['ship', 'cat', 'automobile', 'airplane']",cat
31615,4,"['cat', 'automobile', 'frog', 'airplane']",automobile
31616,6,"['automobile', 'horse', 'ship', 'airplane']",airplane
31617,8,"['horse', 'airplane', 'cat', 'frog']",horse
31618,9,"['dog', 'frog', 'cat', 'airplane']",airplane
31619,1,"['bird', 'dog', 'frog', 'cat', 'airplane']",airplane
31620,5,"['frog', 'ship', 'airplane', 'automobile']",ship
31621,2,"['ship', 'cat', 'automobile', 'airplane']",ship
31622,6,"['automobile', 'horse', 'ship', 'airplane']",automobile
31623,2,"['ship', 'cat', 'automobile', 'airplane']",airplane
31624,7,"['automobile', 'cat', 'airplane', 'frog']",airplane
31625,8,"['horse', 'airplane', 'cat', 'frog']",horse
31626,3,"['frog', 'ship', 'automobile', 'airplane']",ship
31627,4,"['cat', 'automobile', 'frog', 'airplane']",automobile
31628,8,"['horse', 'airplane', 'cat', 'frog']",horse
31629,6,"['automobile', 'horse', 'ship', 'airplane']",airplane
31630,9,"['dog', 'frog', 'cat', 'airplane']",airplane
31631,5,"['frog', 'ship', 'airplane', 'automobile']",ship
31632,3,"['frog', 'ship', 'automobile', 'airplane']",ship
31633,3,"['frog', 'ship', 'automobile', 'airplane']",ship
31634,1,"['bird', 'dog', 'frog', 'cat', 'airplane']",airplane
31635,0,"['horse', 'deer', 'frog', 'cat']",horse
31636,2,"['ship', 'cat', 'automobile', 'airplane']",cat
31637,9,"['dog', 'frog', 'cat', 'airplane']",dog
31638,9,"['dog', 'frog', 'cat', 'airplane']",airplane
31639,6,"['automobile', 'horse', 'ship', 'airplane']",airplane
31640,8,"['horse', 'airplane', 'cat', 'frog']",horse
31641,5,"['frog', 'ship', 'airplane', 'automobile']",ship
31642,4,"['cat', 'automobile', 'frog', 'airplane']",automobile
31643,9,"['dog', 'frog', 'cat', 'airplane']",airplane
31644,8,"['horse', 'airplane', 'cat', 'frog']",horse
31645,1,"['bird', 'dog', 'frog', 'cat', 'airplane']",airplane
31646,5,"['frog', 'ship', 'airplane', 'automobile']",ship
31647,5,"['frog', 'ship', 'airplane', 'automobile']",ship
31648,0,"['horse', 'deer', 'frog', 'cat']",horse
31649,3,"['frog', 'ship', 'automobile', 'airplane']",ship
31650,5,"['frog', 'ship', 'airplane', 'automobile']",ship
31651,6,"['automobile', 'horse', 'ship', 'airplane']",horse
31652,8,"['horse', 'airplane', 'cat', 'frog']",horse
31653,7,"['automobile', 'cat', 'airplane', 'frog']",cat
31654,0,"['horse', 'deer', 'frog', 'cat']",horse
31655,1,"['bird', 'dog', 'frog', 'cat', 'airplane']",airplane
31656,6,"['automobile', 'horse', 'ship', 'airplane']",airplane
31657,1,"['bird', 'dog', 'frog', 'cat', 'airplane']",airplane
31658,0,"['horse', 'deer', 'frog', 'cat']",horse
31659,7,"['automobile', 'cat', 'airplane', 'frog']",cat
31660,6,"['automobile', 'horse', 'ship', 'airplane']",airplane
31661,8,"['horse', 'airplane', 'cat', 'frog']",horse
31662,9,"['dog', 'frog', 'cat', 'airplane']",airplane
31663,8,"['horse', 'airplane', 'cat', 'frog']",horse
31664,9,"['dog', 'frog', 'cat', 'airplane']",airplane
31665,1,"['bird', 'dog', 'frog', 'cat', 'airplane']",airplane
31666,4,"['cat', 'automobile', 'frog', 'airplane']",automobile
31667,5,"['frog', 'ship', 'airplane', 'automobile']",ship
31668,4,"['cat', 'automobile', 'frog', 'airplane']",automobile
31669,1,"['bird', 'dog', 'frog', 'cat', 'airplane']",airplane
31670,8,"['horse', 'airplane', 'cat', 'frog']",horse
31671,7,"['automobile', 'cat', 'airplane', 'frog']",airplane
31672,6,"['automobile', 'horse', 'ship', 'airplane']",airplane
31673,5,"['frog', 'ship', 'airplane', 'automobile']",ship
31674,0,"['horse', 'deer', 'frog', 'cat']",horse
31675,8,"['horse', 'airplane', 'cat', 'frog']",horse
31676,3,"['frog', 'ship', 'automobile', 'airplane']",ship
31677,2,"['ship', 'cat', 'automobile', 'airplane']",cat
31678,0,"['horse', 'deer', 'frog', 'cat']",horse
31679,4,"['cat', 'automobile', 'frog', 'airplane']",automobile
31680,8,"['horse', 'airplane', 'cat', 'frog']",horse
31681,6,"['automobile', 'horse', 'ship', 'airplane']",airplane
31682,6,"['automobile', 'horse', 'ship', 'airplane']",ship
31683,4,"['cat', 'automobile', 'frog', 'airplane']",automobile
31684,2,"['ship', 'cat', 'automobile', 'airplane']",cat
31685,6,"['automobile', 'horse', 'ship', 'airplane']",automobile
31686,9,"['dog', 'frog', 'cat', 'airplane']",airplane
31687,2,"['ship', 'cat', 'automobile', 'airplane']",cat
31688,5,"['frog', 'ship', 'airplane', 'automobile']",ship
31689,4,"['cat', 'automobile', 'frog', 'airplane']",automobile
31690,9,"['dog', 'frog', 'cat', 'airplane']",dog
31691,2,"['ship', 'cat', 'automobile', 'airplane']",cat
31692,8,"['horse', 'airplane', 'cat', 'frog']",horse
31693,0,"['horse', 'deer', 'frog', 'cat']",horse
31694,1,"['bird', 'dog', 'frog', 'cat', 'airplane']",airplane
31695,8,"['horse', 'airplane', 'cat', 'frog']",horse
31696,5,"['frog', 'ship', 'airplane', 'automobile']",ship
31697,8,"['horse', 'airplane', 'cat', 'frog']",horse
31698,3,"['frog', 'ship', 'automobile', 'airplane']",ship
31699,4,"['cat', 'automobile', 'frog', 'airplane']",automobile
31700,0,"['horse', 'deer', 'frog', 'cat']",frog
31701,4,"['cat', 'automobile', 'frog', 'airplane']",automobile
31702,4,"['cat', 'automobile', 'frog', 'airplane']",automobile
31703,1,"['bird', 'dog', 'frog', 'cat', 'airplane']",airplane
31704,2,"['ship', 'cat', 'automobile', 'airplane']",ship
31705,2,"['ship', 'cat', 'automobile', 'airplane']",automobile
31706,6,"['automobile', 'horse', 'ship', 'airplane']",airplane
31707,2,"['ship', 'cat', 'automobile', 'airplane']",cat
31708,5,"['frog', 'ship', 'airplane', 'automobile']",ship
31709,4,"['cat', 'automobile', 'frog', 'airplane']",automobile
31710,5,"['frog', 'ship', 'airplane', 'automobile']",ship
31711,1,"['bird', 'dog', 'frog', 'cat', 'airplane']",airplane
31712,3,"['frog', 'ship', 'automobile', 'airplane']",ship
31713,9,"['dog', 'frog', 'cat', 'airplane']",dog
31714,8,"['horse', 'airplane', 'cat', 'frog']",horse
31715,0,"['horse', 'deer', 'frog', 'cat']",horse
31716,5,"['frog', 'ship', 'airplane', 'automobile']",ship
31717,8,"['horse', 'airplane', 'cat', 'frog']",horse
31718,7,"['automobile', 'cat', 'airplane', 'frog']",airplane
31719,7,"['automobile', 'cat', 'airplane', 'frog']",airplane
31720,1,"['bird', 'dog', 'frog', 'cat', 'airplane']",airplane
31721,2,"['ship', 'cat', 'automobile', 'airplane']",cat
31722,9,"['dog', 'frog', 'cat', 'airplane']",airplane
31723,7,"['automobile', 'cat', 'airplane', 'frog']",airplane
31724,1,"['bird', 'dog', 'frog', 'cat', 'airplane']",airplane
31725,8,"['horse', 'airplane', 'cat', 'frog']",horse
31726,0,"['horse', 'deer', 'frog', 'cat']",frog
31727,6,"['automobile', 'horse', 'ship', 'airplane']",airplane
31728,0,"['horse', 'deer', 'frog', 'cat']",horse
31729,5,"['frog', 'ship', 'airplane', 'automobile']",ship
31730,8,"['horse', 'airplane', 'cat', 'frog']",horse
31731,3,"['frog', 'ship', 'automobile', 'airplane']",ship
31732,8,"['horse', 'airplane', 'cat', 'frog']",horse
31733,4,"['cat', 'automobile', 'frog', 'airplane']",automobile
31734,6,"['automobile', 'horse', 'ship', 'airplane']",airplane
31735,4,"['cat', 'automobile', 'frog', 'airplane']",automobile
31736,7,"['automobile', 'cat', 'airplane', 'frog']",frog
31737,1,"['bird', 'dog', 'frog', 'cat', 'airplane']",airplane
31738,7,"['automobile', 'cat', 'airplane', 'frog']",cat
31739,7,"['automobile', 'cat', 'airplane', 'frog']",frog
31740,3,"['frog', 'ship', 'automobile', 'airplane']",frog
31741,2,"['ship', 'cat', 'automobile', 'airplane']",cat
31742,9,"['dog', 'frog', 'cat', 'airplane']",airplane
31743,2,"['ship', 'cat', 'automobile', 'airplane']",automobile
31744,9,"['dog', 'frog', 'cat', 'airplane']",airplane
31745,8,"['horse', 'airplane', 'cat', 'frog']",horse
31746,7,"['automobile', 'cat', 'airplane', 'frog']",cat
31747,1,"['bird', 'dog', 'frog', 'cat', 'airplane']",airplane
31748,6,"['automobile', 'horse', 'ship', 'airplane']",airplane
31749,1,"['bird', 'dog', 'frog', 'cat', 'airplane']",airplane
31750,4,"['cat', 'automobile', 'frog', 'airplane']",automobile
31751,4,"['cat', 'automobile', 'frog', 'airplane']",airplane
31752,6,"['automobile', 'horse', 'ship', 'airplane']",airplane
31753,6,"['automobile', 'horse', 'ship', 'airplane']",airplane
31754,3,"['frog', 'ship', 'automobile', 'airplane']",ship
31755,4,"['cat', 'automobile', 'frog', 'airplane']",automobile
31756,0,"['horse', 'deer', 'frog', 'cat']",horse
31757,0,"['horse', 'deer', 'frog', 'cat']",horse
31758,9,"['dog', 'frog', 'cat', 'airplane']",dog
31759,2,"['ship', 'cat', 'automobile', 'airplane']",cat
31760,9,"['dog', 'frog', 'cat', 'airplane']",airplane
31761,1,"['bird', 'dog', 'frog', 'cat', 'airplane']",airplane
31762,8,"['horse', 'airplane', 'cat', 'frog']",horse
31763,8,"['horse', 'airplane', 'cat', 'frog']",horse
31764,7,"['automobile', 'cat', 'airplane', 'frog']",cat
31765,1,"['bird', 'dog', 'frog', 'cat', 'airplane']",airplane
31766,2,"['ship', 'cat', 'automobile', 'airplane']",cat
31767,4,"['cat', 'automobile', 'frog', 'airplane']",automobile
31768,9,"['dog', 'frog', 'cat', 'airplane']",airplane
31769,4,"['cat', 'automobile', 'frog', 'airplane']",automobile
31770,2,"['ship', 'cat', 'automobile', 'airplane']",automobile
31771,9,"['dog', 'frog', 'cat', 'airplane']",airplane
31772,9,"['dog', 'frog', 'cat', 'airplane']",airplane
31773,2,"['ship', 'cat', 'automobile', 'airplane']",cat
31774,9,"['dog', 'frog', 'cat', 'airplane']",airplane
31775,4,"['cat', 'automobile', 'frog', 'airplane']",automobile
31776,1,"['bird', 'dog', 'frog', 'cat', 'airplane']",airplane
31777,7,"['automobile', 'cat', 'airplane', 'frog']",cat
31778,8,"['horse', 'airplane', 'cat', 'frog']",horse
31779,7,"['automobile', 'cat', 'airplane', 'frog']",cat
31780,6,"['automobile', 'horse', 'ship', 'airplane']",airplane
31781,5,"['frog', 'ship', 'airplane', 'automobile']",ship
31782,5,"['frog', 'ship', 'airplane', 'automobile']",ship
31783,1,"['bird', 'dog', 'frog', 'cat', 'airplane']",airplane
31784,6,"['automobile', 'horse', 'ship', 'airplane']",airplane
31785,2,"['ship', 'cat', 'automobile', 'airplane']",cat
31786,1,"['bird', 'dog', 'frog', 'cat', 'airplane']",airplane
31787,8,"['horse', 'airplane', 'cat', 'frog']",horse
31788,3,"['frog', 'ship', 'automobile', 'airplane']",ship
31789,7,"['automobile', 'cat', 'airplane', 'frog']",cat
31790,9,"['dog', 'frog', 'cat', 'airplane']",airplane
31791,5,"['frog', 'ship', 'airplane', 'automobile']",ship
31792,6,"['automobile', 'horse', 'ship', 'airplane']",airplane
31793,5,"['frog', 'ship', 'airplane', 'automobile']",ship
31794,6,"['automobile', 'horse', 'ship', 'airplane']",airplane
31795,8,"['horse', 'airplane', 'cat', 'frog']",horse
31796,4,"['cat', 'automobile', 'frog', 'airplane']",automobile
31797,3,"['frog', 'ship', 'automobile', 'airplane']",ship
31798,6,"['automobile', 'horse', 'ship', 'airplane']",ship
31799,4,"['cat', 'automobile', 'frog', 'airplane']",automobile
31800,7,"['automobile', 'cat', 'airplane', 'frog']",cat
31801,5,"['frog', 'ship', 'airplane', 'automobile']",ship
31802,2,"['ship', 'cat', 'automobile', 'airplane']",cat
31803,2,"['ship', 'cat', 'automobile', 'airplane']",ship
31804,4,"['cat', 'automobile', 'frog', 'airplane']",automobile
31805,9,"['dog', 'frog', 'cat', 'airplane']",dog
31806,6,"['automobile', 'horse', 'ship', 'airplane']",airplane
31807,7,"['automobile', 'cat', 'airplane', 'frog']",cat
31808,6,"['automobile', 'horse', 'ship', 'airplane']",airplane
31809,2,"['ship', 'cat', 'automobile', 'airplane']",cat
31810,8,"['horse', 'airplane', 'cat', 'frog']",horse
31811,9,"['dog', 'frog', 'cat', 'airplane']",airplane
31812,6,"['automobile', 'horse', 'ship', 'airplane']",airplane
31813,2,"['ship', 'cat', 'automobile', 'airplane']",cat
31814,8,"['horse', 'airplane', 'cat', 'frog']",horse
31815,9,"['dog', 'frog', 'cat', 'airplane']",dog
31816,8,"['horse', 'airplane', 'cat', 'frog']",horse
31817,5,"['frog', 'ship', 'airplane', 'automobile']",ship
31818,7,"['automobile', 'cat', 'airplane', 'frog']",airplane
31819,0,"['horse', 'deer', 'frog', 'cat']",horse
31820,6,"['automobile', 'horse', 'ship', 'airplane']",airplane
31821,2,"['ship', 'cat', 'automobile', 'airplane']",automobile
31822,7,"['automobile', 'cat', 'airplane', 'frog']",cat
31823,2,"['ship', 'cat', 'automobile', 'airplane']",automobile
31824,9,"['dog', 'frog', 'cat', 'airplane']",dog
31825,3,"['frog', 'ship', 'automobile', 'airplane']",frog
31826,6,"['automobile', 'horse', 'ship', 'airplane']",ship
31827,9,"['dog', 'frog', 'cat', 'airplane']",dog
31828,7,"['automobile', 'cat', 'airplane', 'frog']",cat
31829,9,"['dog', 'frog', 'cat', 'airplane']",dog
31830,1,"['bird', 'dog', 'frog', 'cat', 'airplane']",airplane
31831,1,"['bird', 'dog', 'frog', 'cat', 'airplane']",airplane
31832,8,"['horse', 'airplane', 'cat', 'frog']",horse
31833,5,"['frog', 'ship', 'airplane', 'automobile']",ship
31834,6,"['automobile', 'horse', 'ship', 'airplane']",airplane
31835,6,"['automobile', 'horse', 'ship', 'airplane']",automobile
31836,5,"['frog', 'ship', 'airplane', 'automobile']",ship
31837,0,"['horse', 'deer', 'frog', 'cat']",horse
31838,9,"['dog', 'frog', 'cat', 'airplane']",dog
31839,7,"['automobile', 'cat', 'airplane', 'frog']",airplane
31840,4,"['cat', 'automobile', 'frog', 'airplane']",automobile
31841,8,"['horse', 'airplane', 'cat', 'frog']",horse
31842,6,"['automobile', 'horse', 'ship', 'airplane']",airplane
31843,4,"['cat', 'automobile', 'frog', 'airplane']",automobile
31844,3,"['frog', 'ship', 'automobile', 'airplane']",ship
31845,9,"['dog', 'frog', 'cat', 'airplane']",airplane
31846,8,"['horse', 'airplane', 'cat', 'frog']",horse
31847,7,"['automobile', 'cat', 'airplane', 'frog']",cat
31848,4,"['cat', 'automobile', 'frog', 'airplane']",automobile
31849,4,"['cat', 'automobile', 'frog', 'airplane']",automobile
31850,2,"['ship', 'cat', 'automobile', 'airplane']",automobile
31851,7,"['automobile', 'cat', 'airplane', 'frog']",cat
31852,6,"['automobile', 'horse', 'ship', 'airplane']",ship
31853,8,"['horse', 'airplane', 'cat', 'frog']",horse
31854,1,"['bird', 'dog', 'frog', 'cat', 'airplane']",airplane
31855,0,"['horse', 'deer', 'frog', 'cat']",horse
31856,5,"['frog', 'ship', 'airplane', 'automobile']",ship
31857,6,"['automobile', 'horse', 'ship', 'airplane']",airplane
31858,6,"['automobile', 'horse', 'ship', 'airplane']",airplane
31859,6,"['automobile', 'horse', 'ship', 'airplane']",automobile
31860,4,"['cat', 'automobile', 'frog', 'airplane']",automobile
31861,3,"['frog', 'ship', 'automobile', 'airplane']",ship
31862,9,"['dog', 'frog', 'cat', 'airplane']",airplane
31863,0,"['horse', 'deer', 'frog', 'cat']",horse
31864,5,"['frog', 'ship', 'airplane', 'automobile']",ship
31865,0,"['horse', 'deer', 'frog', 'cat']",horse
31866,4,"['cat', 'automobile', 'frog', 'airplane']",automobile
31867,5,"['frog', 'ship', 'airplane', 'automobile']",ship
31868,3,"['frog', 'ship', 'automobile', 'airplane']",ship
31869,9,"['dog', 'frog', 'cat', 'airplane']",dog
31870,9,"['dog', 'frog', 'cat', 'airplane']",airplane
31871,7,"['automobile', 'cat', 'airplane', 'frog']",cat
31872,8,"['horse', 'airplane', 'cat', 'frog']",horse
31873,7,"['automobile', 'cat', 'airplane', 'frog']",airplane
31874,2,"['ship', 'cat', 'automobile', 'airplane']",automobile
31875,5,"['frog', 'ship', 'airplane', 'automobile']",ship
31876,7,"['automobile', 'cat', 'airplane', 'frog']",airplane
31877,5,"['frog', 'ship', 'airplane', 'automobile']",ship
31878,9,"['dog', 'frog', 'cat', 'airplane']",airplane
31879,8,"['horse', 'airplane', 'cat', 'frog']",horse
31880,0,"['horse', 'deer', 'frog', 'cat']",horse
31881,9,"['dog', 'frog', 'cat', 'airplane']",airplane
31882,2,"['ship', 'cat', 'automobile', 'airplane']",cat
31883,5,"['frog', 'ship', 'airplane', 'automobile']",ship
31884,2,"['ship', 'cat', 'automobile', 'airplane']",automobile
31885,9,"['dog', 'frog', 'cat', 'airplane']",dog
31886,3,"['frog', 'ship', 'automobile', 'airplane']",ship
31887,2,"['ship', 'cat', 'automobile', 'airplane']",automobile
31888,0,"['horse', 'deer', 'frog', 'cat']",horse
31889,6,"['automobile', 'horse', 'ship', 'airplane']",airplane
31890,1,"['bird', 'dog', 'frog', 'cat', 'airplane']",airplane
31891,6,"['automobile', 'horse', 'ship', 'airplane']",airplane
31892,5,"['frog', 'ship', 'airplane', 'automobile']",ship
31893,4,"['cat', 'automobile', 'frog', 'airplane']",automobile
31894,6,"['automobile', 'horse', 'ship', 'airplane']",airplane
31895,6,"['automobile', 'horse', 'ship', 'airplane']",ship
31896,0,"['horse', 'deer', 'frog', 'cat']",horse
31897,2,"['ship', 'cat', 'automobile', 'airplane']",automobile
31898,4,"['cat', 'automobile', 'frog', 'airplane']",automobile
31899,1,"['bird', 'dog', 'frog', 'cat', 'airplane']",airplane
31900,3,"['frog', 'ship', 'automobile', 'airplane']",ship
31901,5,"['frog', 'ship', 'airplane', 'automobile']",ship
31902,4,"['cat', 'automobile', 'frog', 'airplane']",automobile
31903,8,"['horse', 'airplane', 'cat', 'frog']",horse
31904,0,"['horse', 'deer', 'frog', 'cat']",horse
31905,9,"['dog', 'frog', 'cat', 'airplane']",dog
31906,6,"['automobile', 'horse', 'ship', 'airplane']",airplane
31907,3,"['frog', 'ship', 'automobile', 'airplane']",ship
31908,3,"['frog', 'ship', 'automobile', 'airplane']",ship
31909,9,"['dog', 'frog', 'cat', 'airplane']",airplane
31910,3,"['frog', 'ship', 'automobile', 'airplane']",ship
31911,9,"['dog', 'frog', 'cat', 'airplane']",dog
31912,3,"['frog', 'ship', 'automobile', 'airplane']",ship
31913,3,"['frog', 'ship', 'automobile', 'airplane']",ship
31914,7,"['automobile', 'cat', 'airplane', 'frog']",airplane
31915,8,"['horse', 'airplane', 'cat', 'frog']",horse
31916,4,"['cat', 'automobile', 'frog', 'airplane']",automobile
31917,8,"['horse', 'airplane', 'cat', 'frog']",horse
31918,9,"['dog', 'frog', 'cat', 'airplane']",dog
31919,8,"['horse', 'airplane', 'cat', 'frog']",horse
31920,9,"['dog', 'frog', 'cat', 'airplane']",dog
31921,7,"['automobile', 'cat', 'airplane', 'frog']",cat
31922,5,"['frog', 'ship', 'airplane', 'automobile']",ship
31923,3,"['frog', 'ship', 'automobile', 'airplane']",ship
31924,7,"['automobile', 'cat', 'airplane', 'frog']",cat
31925,1,"['bird', 'dog', 'frog', 'cat', 'airplane']",airplane
31926,2,"['ship', 'cat', 'automobile', 'airplane']",cat
31927,0,"['horse', 'deer', 'frog', 'cat']",horse
31928,6,"['automobile', 'horse', 'ship', 'airplane']",airplane
31929,8,"['horse', 'airplane', 'cat', 'frog']",horse
31930,8,"['horse', 'airplane', 'cat', 'frog']",horse
31931,6,"['automobile', 'horse', 'ship', 'airplane']",airplane
31932,4,"['cat', 'automobile', 'frog', 'airplane']",automobile
31933,6,"['automobile', 'horse', 'ship', 'airplane']",airplane
31934,3,"['frog', 'ship', 'automobile', 'airplane']",ship
31935,1,"['bird', 'dog', 'frog', 'cat', 'airplane']",airplane
31936,3,"['frog', 'ship', 'automobile', 'airplane']",ship
31937,9,"['dog', 'frog', 'cat', 'airplane']",airplane
31938,8,"['horse', 'airplane', 'cat', 'frog']",cat
31939,4,"['cat', 'automobile', 'frog', 'airplane']",automobile
31940,3,"['frog', 'ship', 'automobile', 'airplane']",ship
31941,2,"['ship', 'cat', 'automobile', 'airplane']",cat
31942,6,"['automobile', 'horse', 'ship', 'airplane']",horse
31943,6,"['automobile', 'horse', 'ship', 'airplane']",airplane
31944,7,"['automobile', 'cat', 'airplane', 'frog']",cat
31945,1,"['bird', 'dog', 'frog', 'cat', 'airplane']",airplane
31946,8,"['horse', 'airplane', 'cat', 'frog']",horse
31947,0,"['horse', 'deer', 'frog', 'cat']",horse
31948,6,"['automobile', 'horse', 'ship', 'airplane']",ship
31949,5,"['frog', 'ship', 'airplane', 'automobile']",ship
31950,8,"['horse', 'airplane', 'cat', 'frog']",horse
31951,1,"['bird', 'dog', 'frog', 'cat', 'airplane']",airplane
31952,7,"['automobile', 'cat', 'airplane', 'frog']",airplane
31953,4,"['cat', 'automobile', 'frog', 'airplane']",automobile
31954,4,"['cat', 'automobile', 'frog', 'airplane']",frog
31955,0,"['horse', 'deer', 'frog', 'cat']",horse
31956,9,"['dog', 'frog', 'cat', 'airplane']",dog
31957,1,"['bird', 'dog', 'frog', 'cat', 'airplane']",airplane
31958,7,"['automobile', 'cat', 'airplane', 'frog']",airplane
31959,1,"['bird', 'dog', 'frog', 'cat', 'airplane']",airplane
31960,5,"['frog', 'ship', 'airplane', 'automobile']",ship
31961,0,"['horse', 'deer', 'frog', 'cat']",horse
31962,9,"['dog', 'frog', 'cat', 'airplane']",airplane
31963,6,"['automobile', 'horse', 'ship', 'airplane']",horse
31964,6,"['automobile', 'horse', 'ship', 'airplane']",airplane
31965,7,"['automobile', 'cat', 'airplane', 'frog']",airplane
31966,8,"['horse', 'airplane', 'cat', 'frog']",horse
31967,7,"['automobile', 'cat', 'airplane', 'frog']",airplane
31968,8,"['horse', 'airplane', 'cat', 'frog']",horse
31969,1,"['bird', 'dog', 'frog', 'cat', 'airplane']",airplane
31970,0,"['horse', 'deer', 'frog', 'cat']",horse
31971,9,"['dog', 'frog', 'cat', 'airplane']",airplane
31972,6,"['automobile', 'horse', 'ship', 'airplane']",airplane
31973,5,"['frog', 'ship', 'airplane', 'automobile']",ship
31974,3,"['frog', 'ship', 'automobile', 'airplane']",ship
31975,3,"['frog', 'ship', 'automobile', 'airplane']",frog
31976,0,"['horse', 'deer', 'frog', 'cat']",horse
31977,5,"['frog', 'ship', 'airplane', 'automobile']",ship
31978,3,"['frog', 'ship', 'automobile', 'airplane']",ship
31979,2,"['ship', 'cat', 'automobile', 'airplane']",cat
31980,7,"['automobile', 'cat', 'airplane', 'frog']",frog
31981,8,"['horse', 'airplane', 'cat', 'frog']",horse
31982,7,"['automobile', 'cat', 'airplane', 'frog']",cat
31983,9,"['dog', 'frog', 'cat', 'airplane']",dog
31984,6,"['automobile', 'horse', 'ship', 'airplane']",airplane
31985,1,"['bird', 'dog', 'frog', 'cat', 'airplane']",airplane
31986,9,"['dog', 'frog', 'cat', 'airplane']",airplane
31987,0,"['horse', 'deer', 'frog', 'cat']",horse
31988,1,"['bird', 'dog', 'frog', 'cat', 'airplane']",airplane
31989,9,"['dog', 'frog', 'cat', 'airplane']",airplane
31990,7,"['automobile', 'cat', 'airplane', 'frog']",cat
31991,0,"['horse', 'deer', 'frog', 'cat']",horse
31992,7,"['automobile', 'cat', 'airplane', 'frog']",cat
31993,4,"['cat', 'automobile', 'frog', 'airplane']",airplane
31994,5,"['frog', 'ship', 'airplane', 'automobile']",ship
31995,5,"['frog', 'ship', 'airplane', 'automobile']",ship
31996,8,"['horse', 'airplane', 'cat', 'frog']",horse
31997,2,"['ship', 'cat', 'automobile', 'airplane']",cat
31998,4,"['cat', 'automobile', 'frog', 'airplane']",automobile
31999,2,"['ship', 'cat', 'automobile', 'airplane']",cat
32000,7,"['automobile', 'cat', 'airplane', 'frog']",cat
32001,5,"['frog', 'ship', 'airplane', 'automobile']",ship
32002,0,"['horse', 'deer', 'frog', 'cat']",horse
32003,1,"['bird', 'dog', 'frog', 'cat', 'airplane']",airplane
32004,7,"['automobile', 'cat', 'airplane', 'frog']",cat
32005,4,"['cat', 'automobile', 'frog', 'airplane']",automobile
32006,3,"['frog', 'ship', 'automobile', 'airplane']",ship
32007,4,"['cat', 'automobile', 'frog', 'airplane']",automobile
32008,9,"['dog', 'frog', 'cat', 'airplane']",dog
32009,0,"['horse', 'deer', 'frog', 'cat']",horse
32010,6,"['automobile', 'horse', 'ship', 'airplane']",airplane
32011,1,"['bird', 'dog', 'frog', 'cat', 'airplane']",airplane
32012,5,"['frog', 'ship', 'airplane', 'automobile']",ship
32013,2,"['ship', 'cat', 'automobile', 'airplane']",automobile
32014,8,"['horse', 'airplane', 'cat', 'frog']",horse
32015,5,"['frog', 'ship', 'airplane', 'automobile']",ship
32016,0,"['horse', 'deer', 'frog', 'cat']",horse
32017,4,"['cat', 'automobile', 'frog', 'airplane']",automobile
32018,4,"['cat', 'automobile', 'frog', 'airplane']",automobile
32019,8,"['horse', 'airplane', 'cat', 'frog']",horse
32020,7,"['automobile', 'cat', 'airplane', 'frog']",cat
32021,3,"['frog', 'ship', 'automobile', 'airplane']",ship
32022,0,"['horse', 'deer', 'frog', 'cat']",horse
32023,8,"['horse', 'airplane', 'cat', 'frog']",horse
32024,4,"['cat', 'automobile', 'frog', 'airplane']",automobile
32025,0,"['horse', 'deer', 'frog', 'cat']",horse
32026,4,"['cat', 'automobile', 'frog', 'airplane']",automobile
32027,6,"['automobile', 'horse', 'ship', 'airplane']",airplane
32028,2,"['ship', 'cat', 'automobile', 'airplane']",cat
32029,4,"['cat', 'automobile', 'frog', 'airplane']",automobile
32030,2,"['ship', 'cat', 'automobile', 'airplane']",automobile
32031,5,"['frog', 'ship', 'airplane', 'automobile']",ship
32032,7,"['automobile', 'cat', 'airplane', 'frog']",cat
32033,0,"['horse', 'deer', 'frog', 'cat']",horse
32034,8,"['horse', 'airplane', 'cat', 'frog']",horse
32035,6,"['automobile', 'horse', 'ship', 'airplane']",airplane
32036,2,"['ship', 'cat', 'automobile', 'airplane']",cat
32037,8,"['horse', 'airplane', 'cat', 'frog']",horse
32038,8,"['horse', 'airplane', 'cat', 'frog']",frog
32039,9,"['dog', 'frog', 'cat', 'airplane']",airplane
32040,9,"['dog', 'frog', 'cat', 'airplane']",dog
32041,9,"['dog', 'frog', 'cat', 'airplane']",airplane
32042,1,"['bird', 'dog', 'frog', 'cat', 'airplane']",airplane
32043,3,"['frog', 'ship', 'automobile', 'airplane']",ship
32044,5,"['frog', 'ship', 'airplane', 'automobile']",ship
32045,2,"['ship', 'cat', 'automobile', 'airplane']",automobile
32046,3,"['frog', 'ship', 'automobile', 'airplane']",ship
32047,2,"['ship', 'cat', 'automobile', 'airplane']",automobile
32048,5,"['frog', 'ship', 'airplane', 'automobile']",ship
32049,2,"['ship', 'cat', 'automobile', 'airplane']",ship
32050,4,"['cat', 'automobile', 'frog', 'airplane']",automobile
32051,8,"['horse', 'airplane', 'cat', 'frog']",horse
32052,3,"['frog', 'ship', 'automobile', 'airplane']",ship
32053,7,"['automobile', 'cat', 'airplane', 'frog']",cat
32054,3,"['frog', 'ship', 'automobile', 'airplane']",ship
32055,5,"['frog', 'ship', 'airplane', 'automobile']",ship
32056,0,"['horse', 'deer', 'frog', 'cat']",horse
32057,2,"['ship', 'cat', 'automobile', 'airplane']",cat
32058,0,"['horse', 'deer', 'frog', 'cat']",horse
32059,2,"['ship', 'cat', 'automobile', 'airplane']",automobile
32060,6,"['automobile', 'horse', 'ship', 'airplane']",automobile
32061,7,"['automobile', 'cat', 'airplane', 'frog']",airplane
32062,0,"['horse', 'deer', 'frog', 'cat']",horse
32063,6,"['automobile', 'horse', 'ship', 'airplane']",ship
32064,9,"['dog', 'frog', 'cat', 'airplane']",dog
32065,9,"['dog', 'frog', 'cat', 'airplane']",dog
32066,4,"['cat', 'automobile', 'frog', 'airplane']",automobile
32067,2,"['ship', 'cat', 'automobile', 'airplane']",cat
32068,7,"['automobile', 'cat', 'airplane', 'frog']",frog
32069,4,"['cat', 'automobile', 'frog', 'airplane']",automobile
32070,0,"['horse', 'deer', 'frog', 'cat']",horse
32071,2,"['ship', 'cat', 'automobile', 'airplane']",cat
32072,9,"['dog', 'frog', 'cat', 'airplane']",airplane
32073,7,"['automobile', 'cat', 'airplane', 'frog']",cat
32074,6,"['automobile', 'horse', 'ship', 'airplane']",airplane
32075,3,"['frog', 'ship', 'automobile', 'airplane']",ship
32076,0,"['horse', 'deer', 'frog', 'cat']",horse
32077,8,"['horse', 'airplane', 'cat', 'frog']",horse
32078,0,"['horse', 'deer', 'frog', 'cat']",horse
32079,5,"['frog', 'ship', 'airplane', 'automobile']",ship
32080,6,"['automobile', 'horse', 'ship', 'airplane']",ship
32081,0,"['horse', 'deer', 'frog', 'cat']",horse
32082,6,"['automobile', 'horse', 'ship', 'airplane']",airplane
32083,1,"['bird', 'dog', 'frog', 'cat', 'airplane']",airplane
32084,9,"['dog', 'frog', 'cat', 'airplane']",dog
32085,3,"['frog', 'ship', 'automobile', 'airplane']",ship
32086,8,"['horse', 'airplane', 'cat', 'frog']",horse
32087,1,"['bird', 'dog', 'frog', 'cat', 'airplane']",airplane
32088,4,"['cat', 'automobile', 'frog', 'airplane']",automobile
32089,8,"['horse', 'airplane', 'cat', 'frog']",airplane
32090,0,"['horse', 'deer', 'frog', 'cat']",horse
32091,0,"['horse', 'deer', 'frog', 'cat']",horse
32092,8,"['horse', 'airplane', 'cat', 'frog']",horse
32093,5,"['frog', 'ship', 'airplane', 'automobile']",ship
32094,4,"['cat', 'automobile', 'frog', 'airplane']",automobile
32095,4,"['cat', 'automobile', 'frog', 'airplane']",automobile
32096,9,"['dog', 'frog', 'cat', 'airplane']",airplane
32097,7,"['automobile', 'cat', 'airplane', 'frog']",cat
32098,3,"['frog', 'ship', 'automobile', 'airplane']",ship
32099,1,"['bird', 'dog', 'frog', 'cat', 'airplane']",airplane
32100,4,"['cat', 'automobile', 'frog', 'airplane']",automobile
32101,2,"['ship', 'cat', 'automobile', 'airplane']",cat
32102,9,"['dog', 'frog', 'cat', 'airplane']",airplane
32103,2,"['ship', 'cat', 'automobile', 'airplane']",cat
32104,9,"['dog', 'frog', 'cat', 'airplane']",dog
32105,6,"['automobile', 'horse', 'ship', 'airplane']",airplane
32106,2,"['ship', 'cat', 'automobile', 'airplane']",cat
32107,0,"['horse', 'deer', 'frog', 'cat']",horse
32108,3,"['frog', 'ship', 'automobile', 'airplane']",ship
32109,0,"['horse', 'deer', 'frog', 'cat']",horse
32110,9,"['dog', 'frog', 'cat', 'airplane']",airplane
32111,8,"['horse', 'airplane', 'cat', 'frog']",horse
32112,9,"['dog', 'frog', 'cat', 'airplane']",dog
32113,3,"['frog', 'ship', 'automobile', 'airplane']",ship
32114,8,"['horse', 'airplane', 'cat', 'frog']",horse
32115,9,"['dog', 'frog', 'cat', 'airplane']",airplane
32116,7,"['automobile', 'cat', 'airplane', 'frog']",cat
32117,4,"['cat', 'automobile', 'frog', 'airplane']",automobile
32118,5,"['frog', 'ship', 'airplane', 'automobile']",ship
32119,4,"['cat', 'automobile', 'frog', 'airplane']",automobile
32120,4,"['cat', 'automobile', 'frog', 'airplane']",automobile
32121,1,"['bird', 'dog', 'frog', 'cat', 'airplane']",airplane
32122,5,"['frog', 'ship', 'airplane', 'automobile']",ship
32123,9,"['dog', 'frog', 'cat', 'airplane']",dog
32124,5,"['frog', 'ship', 'airplane', 'automobile']",ship
32125,6,"['automobile', 'horse', 'ship', 'airplane']",ship
32126,6,"['automobile', 'horse', 'ship', 'airplane']",airplane
32127,2,"['ship', 'cat', 'automobile', 'airplane']",automobile
32128,3,"['frog', 'ship', 'automobile', 'airplane']",ship
32129,9,"['dog', 'frog', 'cat', 'airplane']",airplane
32130,4,"['cat', 'automobile', 'frog', 'airplane']",automobile
32131,0,"['horse', 'deer', 'frog', 'cat']",horse
32132,8,"['horse', 'airplane', 'cat', 'frog']",horse
32133,9,"['dog', 'frog', 'cat', 'airplane']",airplane
32134,3,"['frog', 'ship', 'automobile', 'airplane']",ship
32135,1,"['bird', 'dog', 'frog', 'cat', 'airplane']",airplane
32136,2,"['ship', 'cat', 'automobile', 'airplane']",cat
32137,5,"['frog', 'ship', 'airplane', 'automobile']",ship
32138,8,"['horse', 'airplane', 'cat', 'frog']",horse
32139,3,"['frog', 'ship', 'automobile', 'airplane']",frog
32140,0,"['horse', 'deer', 'frog', 'cat']",horse
32141,2,"['ship', 'cat', 'automobile', 'airplane']",automobile
32142,3,"['frog', 'ship', 'automobile', 'airplane']",ship
32143,3,"['frog', 'ship', 'automobile', 'airplane']",ship
32144,0,"['horse', 'deer', 'frog', 'cat']",horse
32145,3,"['frog', 'ship', 'automobile', 'airplane']",ship
32146,9,"['dog', 'frog', 'cat', 'airplane']",dog
32147,1,"['bird', 'dog', 'frog', 'cat', 'airplane']",airplane
32148,7,"['automobile', 'cat', 'airplane', 'frog']",cat
32149,0,"['horse', 'deer', 'frog', 'cat']",horse
32150,7,"['automobile', 'cat', 'airplane', 'frog']",cat
32151,2,"['ship', 'cat', 'automobile', 'airplane']",cat
32152,7,"['automobile', 'cat', 'airplane', 'frog']",airplane
32153,2,"['ship', 'cat', 'automobile', 'airplane']",cat
32154,7,"['automobile', 'cat', 'airplane', 'frog']",cat
32155,3,"['frog', 'ship', 'automobile', 'airplane']",ship
32156,9,"['dog', 'frog', 'cat', 'airplane']",dog
32157,7,"['automobile', 'cat', 'airplane', 'frog']",cat
32158,9,"['dog', 'frog', 'cat', 'airplane']",dog
32159,1,"['bird', 'dog', 'frog', 'cat', 'airplane']",airplane
32160,3,"['frog', 'ship', 'automobile', 'airplane']",ship
32161,1,"['bird', 'dog', 'frog', 'cat', 'airplane']",airplane
32162,7,"['automobile', 'cat', 'airplane', 'frog']",cat
32163,9,"['dog', 'frog', 'cat', 'airplane']",airplane
32164,9,"['dog', 'frog', 'cat', 'airplane']",airplane
32165,8,"['horse', 'airplane', 'cat', 'frog']",horse
32166,2,"['ship', 'cat', 'automobile', 'airplane']",automobile
32167,2,"['ship', 'cat', 'automobile', 'airplane']",cat
32168,1,"['bird', 'dog', 'frog', 'cat', 'airplane']",airplane
32169,4,"['cat', 'automobile', 'frog', 'airplane']",automobile
32170,6,"['automobile', 'horse', 'ship', 'airplane']",airplane
32171,8,"['horse', 'airplane', 'cat', 'frog']",horse
32172,3,"['frog', 'ship', 'automobile', 'airplane']",frog
32173,0,"['horse', 'deer', 'frog', 'cat']",horse
32174,6,"['automobile', 'horse', 'ship', 'airplane']",airplane
32175,9,"['dog', 'frog', 'cat', 'airplane']",airplane
32176,9,"['dog', 'frog', 'cat', 'airplane']",dog
32177,7,"['automobile', 'cat', 'airplane', 'frog']",cat
32178,8,"['horse', 'airplane', 'cat', 'frog']",horse
32179,4,"['cat', 'automobile', 'frog', 'airplane']",automobile
32180,3,"['frog', 'ship', 'automobile', 'airplane']",ship
32181,2,"['ship', 'cat', 'automobile', 'airplane']",cat
32182,8,"['horse', 'airplane', 'cat', 'frog']",horse
32183,8,"['horse', 'airplane', 'cat', 'frog']",horse
32184,5,"['frog', 'ship', 'airplane', 'automobile']",ship
32185,7,"['automobile', 'cat', 'airplane', 'frog']",airplane
32186,4,"['cat', 'automobile', 'frog', 'airplane']",automobile
32187,7,"['automobile', 'cat', 'airplane', 'frog']",cat
32188,0,"['horse', 'deer', 'frog', 'cat']",horse
32189,1,"['bird', 'dog', 'frog', 'cat', 'airplane']",airplane
32190,0,"['horse', 'deer', 'frog', 'cat']",horse
32191,6,"['automobile', 'horse', 'ship', 'airplane']",ship
32192,9,"['dog', 'frog', 'cat', 'airplane']",airplane
32193,6,"['automobile', 'horse', 'ship', 'airplane']",airplane
32194,0,"['horse', 'deer', 'frog', 'cat']",horse
32195,5,"['frog', 'ship', 'airplane', 'automobile']",ship
32196,5,"['frog', 'ship', 'airplane', 'automobile']",ship
32197,6,"['automobile', 'horse', 'ship', 'airplane']",airplane
32198,6,"['automobile', 'horse', 'ship', 'airplane']",airplane
32199,5,"['frog', 'ship', 'airplane', 'automobile']",ship
32200,8,"['horse', 'airplane', 'cat', 'frog']",horse
32201,4,"['cat', 'automobile', 'frog', 'airplane']",automobile
32202,1,"['bird', 'dog', 'frog', 'cat', 'airplane']",airplane
32203,8,"['horse', 'airplane', 'cat', 'frog']",horse
32204,0,"['horse', 'deer', 'frog', 'cat']",horse
32205,8,"['horse', 'airplane', 'cat', 'frog']",horse
32206,0,"['horse', 'deer', 'frog', 'cat']",horse
32207,8,"['horse', 'airplane', 'cat', 'frog']",horse
32208,7,"['automobile', 'cat', 'airplane', 'frog']",airplane
32209,9,"['dog', 'frog', 'cat', 'airplane']",dog
32210,1,"['bird', 'dog', 'frog', 'cat', 'airplane']",airplane
32211,7,"['automobile', 'cat', 'airplane', 'frog']",cat
32212,6,"['automobile', 'horse', 'ship', 'airplane']",airplane
32213,8,"['horse', 'airplane', 'cat', 'frog']",horse
32214,4,"['cat', 'automobile', 'frog', 'airplane']",automobile
32215,3,"['frog', 'ship', 'automobile', 'airplane']",ship
32216,5,"['frog', 'ship', 'airplane', 'automobile']",ship
32217,0,"['horse', 'deer', 'frog', 'cat']",horse
32218,0,"['horse', 'deer', 'frog', 'cat']",horse
32219,3,"['frog', 'ship', 'automobile', 'airplane']",ship
32220,0,"['horse', 'deer', 'frog', 'cat']",horse
32221,9,"['dog', 'frog', 'cat', 'airplane']",airplane
32222,3,"['frog', 'ship', 'automobile', 'airplane']",ship
32223,9,"['dog', 'frog', 'cat', 'airplane']",airplane
32224,4,"['cat', 'automobile', 'frog', 'airplane']",automobile
32225,4,"['cat', 'automobile', 'frog', 'airplane']",automobile
32226,1,"['bird', 'dog', 'frog', 'cat', 'airplane']",airplane
32227,5,"['frog', 'ship', 'airplane', 'automobile']",ship
32228,6,"['automobile', 'horse', 'ship', 'airplane']",ship
32229,4,"['cat', 'automobile', 'frog', 'airplane']",automobile
32230,3,"['frog', 'ship', 'automobile', 'airplane']",ship
32231,5,"['frog', 'ship', 'airplane', 'automobile']",ship
32232,0,"['horse', 'deer', 'frog', 'cat']",horse
32233,0,"['horse', 'deer', 'frog', 'cat']",horse
32234,8,"['horse', 'airplane', 'cat', 'frog']",horse
32235,1,"['bird', 'dog', 'frog', 'cat', 'airplane']",airplane
32236,7,"['automobile', 'cat', 'airplane', 'frog']",cat
32237,6,"['automobile', 'horse', 'ship', 'airplane']",airplane
32238,5,"['frog', 'ship', 'airplane', 'automobile']",ship
32239,7,"['automobile', 'cat', 'airplane', 'frog']",cat
32240,6,"['automobile', 'horse', 'ship', 'airplane']",airplane
32241,7,"['automobile', 'cat', 'airplane', 'frog']",airplane
32242,9,"['dog', 'frog', 'cat', 'airplane']",airplane
32243,8,"['horse', 'airplane', 'cat', 'frog']",horse
32244,4,"['cat', 'automobile', 'frog', 'airplane']",automobile
32245,9,"['dog', 'frog', 'cat', 'airplane']",dog
32246,8,"['horse', 'airplane', 'cat', 'frog']",horse
32247,0,"['horse', 'deer', 'frog', 'cat']",horse
32248,6,"['automobile', 'horse', 'ship', 'airplane']",airplane
32249,9,"['dog', 'frog', 'cat', 'airplane']",dog
32250,3,"['frog', 'ship', 'automobile', 'airplane']",ship
32251,0,"['horse', 'deer', 'frog', 'cat']",horse
32252,1,"['bird', 'dog', 'frog', 'cat', 'airplane']",airplane
32253,4,"['cat', 'automobile', 'frog', 'airplane']",automobile
32254,9,"['dog', 'frog', 'cat', 'airplane']",airplane
32255,5,"['frog', 'ship', 'airplane', 'automobile']",ship
32256,0,"['horse', 'deer', 'frog', 'cat']",horse
32257,2,"['ship', 'cat', 'automobile', 'airplane']",automobile
32258,1,"['bird', 'dog', 'frog', 'cat', 'airplane']",airplane
32259,8,"['horse', 'airplane', 'cat', 'frog']",horse
32260,4,"['cat', 'automobile', 'frog', 'airplane']",automobile
32261,3,"['frog', 'ship', 'automobile', 'airplane']",ship
32262,1,"['bird', 'dog', 'frog', 'cat', 'airplane']",airplane
32263,0,"['horse', 'deer', 'frog', 'cat']",horse
32264,3,"['frog', 'ship', 'automobile', 'airplane']",ship
32265,8,"['horse', 'airplane', 'cat', 'frog']",horse
32266,9,"['dog', 'frog', 'cat', 'airplane']",airplane
32267,0,"['horse', 'deer', 'frog', 'cat']",horse
32268,4,"['cat', 'automobile', 'frog', 'airplane']",automobile
32269,7,"['automobile', 'cat', 'airplane', 'frog']",airplane
32270,4,"['cat', 'automobile', 'frog', 'airplane']",automobile
32271,8,"['horse', 'airplane', 'cat', 'frog']",horse
32272,5,"['frog', 'ship', 'airplane', 'automobile']",ship
32273,9,"['dog', 'frog', 'cat', 'airplane']",airplane
32274,2,"['ship', 'cat', 'automobile', 'airplane']",cat
32275,8,"['horse', 'airplane', 'cat', 'frog']",horse
32276,4,"['cat', 'automobile', 'frog', 'airplane']",automobile
32277,5,"['frog', 'ship', 'airplane', 'automobile']",ship
32278,2,"['ship', 'cat', 'automobile', 'airplane']",cat
32279,8,"['horse', 'airplane', 'cat', 'frog']",airplane
32280,4,"['cat', 'automobile', 'frog', 'airplane']",automobile
32281,8,"['horse', 'airplane', 'cat', 'frog']",horse
32282,7,"['automobile', 'cat', 'airplane', 'frog']",cat
32283,0,"['horse', 'deer', 'frog', 'cat']",horse
32284,4,"['cat', 'automobile', 'frog', 'airplane']",automobile
32285,4,"['cat', 'automobile', 'frog', 'airplane']",automobile
32286,7,"['automobile', 'cat', 'airplane', 'frog']",frog
32287,7,"['automobile', 'cat', 'airplane', 'frog']",airplane
32288,4,"['cat', 'automobile', 'frog', 'airplane']",automobile
32289,2,"['ship', 'cat', 'automobile', 'airplane']",cat
32290,0,"['horse', 'deer', 'frog', 'cat']",horse
32291,2,"['ship', 'cat', 'automobile', 'airplane']",cat
32292,9,"['dog', 'frog', 'cat', 'airplane']",airplane
32293,3,"['frog', 'ship', 'automobile', 'airplane']",ship
32294,1,"['bird', 'dog', 'frog', 'cat', 'airplane']",airplane
32295,1,"['bird', 'dog', 'frog', 'cat', 'airplane']",airplane
32296,7,"['automobile', 'cat', 'airplane', 'frog']",airplane
32297,3,"['frog', 'ship', 'automobile', 'airplane']",ship
32298,7,"['automobile', 'cat', 'airplane', 'frog']",airplane
32299,2,"['ship', 'cat', 'automobile', 'airplane']",cat
32300,4,"['cat', 'automobile', 'frog', 'airplane']",automobile
32301,9,"['dog', 'frog', 'cat', 'airplane']",dog
32302,4,"['cat', 'automobile', 'frog', 'airplane']",automobile
32303,4,"['cat', 'automobile', 'frog', 'airplane']",automobile
32304,3,"['frog', 'ship', 'automobile', 'airplane']",ship
32305,1,"['bird', 'dog', 'frog', 'cat', 'airplane']",airplane
32306,8,"['horse', 'airplane', 'cat', 'frog']",horse
32307,7,"['automobile', 'cat', 'airplane', 'frog']",cat
32308,2,"['ship', 'cat', 'automobile', 'airplane']",cat
32309,0,"['horse', 'deer', 'frog', 'cat']",horse
32310,2,"['ship', 'cat', 'automobile', 'airplane']",cat
32311,1,"['bird', 'dog', 'frog', 'cat', 'airplane']",airplane
32312,3,"['frog', 'ship', 'automobile', 'airplane']",ship
32313,8,"['horse', 'airplane', 'cat', 'frog']",horse
32314,6,"['automobile', 'horse', 'ship', 'airplane']",airplane
32315,4,"['cat', 'automobile', 'frog', 'airplane']",automobile
32316,0,"['horse', 'deer', 'frog', 'cat']",horse
32317,7,"['automobile', 'cat', 'airplane', 'frog']",airplane
32318,0,"['horse', 'deer', 'frog', 'cat']",horse
32319,1,"['bird', 'dog', 'frog', 'cat', 'airplane']",airplane
32320,3,"['frog', 'ship', 'automobile', 'airplane']",ship
32321,2,"['ship', 'cat', 'automobile', 'airplane']",ship
32322,8,"['horse', 'airplane', 'cat', 'frog']",airplane
32323,8,"['horse', 'airplane', 'cat', 'frog']",horse
32324,5,"['frog', 'ship', 'airplane', 'automobile']",ship
32325,3,"['frog', 'ship', 'automobile', 'airplane']",ship
32326,0,"['horse', 'deer', 'frog', 'cat']",horse
32327,8,"['horse', 'airplane', 'cat', 'frog']",horse
32328,2,"['ship', 'cat', 'automobile', 'airplane']",automobile
32329,7,"['automobile', 'cat', 'airplane', 'frog']",airplane
32330,2,"['ship', 'cat', 'automobile', 'airplane']",ship
32331,8,"['horse', 'airplane', 'cat', 'frog']",horse
32332,2,"['ship', 'cat', 'automobile', 'airplane']",automobile
32333,5,"['frog', 'ship', 'airplane', 'automobile']",ship
32334,6,"['automobile', 'horse', 'ship', 'airplane']",airplane
32335,7,"['automobile', 'cat', 'airplane', 'frog']",cat
32336,5,"['frog', 'ship', 'airplane', 'automobile']",ship
32337,9,"['dog', 'frog', 'cat', 'airplane']",airplane
32338,6,"['automobile', 'horse', 'ship', 'airplane']",airplane
32339,6,"['automobile', 'horse', 'ship', 'airplane']",airplane
32340,6,"['automobile', 'horse', 'ship', 'airplane']",airplane
32341,0,"['horse', 'deer', 'frog', 'cat']",horse
32342,5,"['frog', 'ship', 'airplane', 'automobile']",ship
32343,7,"['automobile', 'cat', 'airplane', 'frog']",cat
32344,6,"['automobile', 'horse', 'ship', 'airplane']",airplane
32345,6,"['automobile', 'horse', 'ship', 'airplane']",airplane
32346,0,"['horse', 'deer', 'frog', 'cat']",horse
32347,7,"['automobile', 'cat', 'airplane', 'frog']",cat
32348,1,"['bird', 'dog', 'frog', 'cat', 'airplane']",airplane
32349,8,"['horse', 'airplane', 'cat', 'frog']",horse
32350,3,"['frog', 'ship', 'automobile', 'airplane']",ship
32351,8,"['horse', 'airplane', 'cat', 'frog']",horse
32352,5,"['frog', 'ship', 'airplane', 'automobile']",ship
32353,2,"['ship', 'cat', 'automobile', 'airplane']",cat
32354,7,"['automobile', 'cat', 'airplane', 'frog']",cat
32355,9,"['dog', 'frog', 'cat', 'airplane']",airplane
32356,8,"['horse', 'airplane', 'cat', 'frog']",horse
32357,8,"['horse', 'airplane', 'cat', 'frog']",horse
32358,3,"['frog', 'ship', 'automobile', 'airplane']",ship
32359,6,"['automobile', 'horse', 'ship', 'airplane']",airplane
32360,8,"['horse', 'airplane', 'cat', 'frog']",horse
32361,2,"['ship', 'cat', 'automobile', 'airplane']",cat
32362,6,"['automobile', 'horse', 'ship', 'airplane']",airplane
32363,0,"['horse', 'deer', 'frog', 'cat']",horse
32364,5,"['frog', 'ship', 'airplane', 'automobile']",ship
32365,0,"['horse', 'deer', 'frog', 'cat']",horse
32366,1,"['bird', 'dog', 'frog', 'cat', 'airplane']",airplane
32367,1,"['bird', 'dog', 'frog', 'cat', 'airplane']",airplane
32368,4,"['cat', 'automobile', 'frog', 'airplane']",automobile
32369,0,"['horse', 'deer', 'frog', 'cat']",horse
32370,8,"['horse', 'airplane', 'cat', 'frog']",horse
32371,3,"['frog', 'ship', 'automobile', 'airplane']",ship
32372,3,"['frog', 'ship', 'automobile', 'airplane']",ship
32373,4,"['cat', 'automobile', 'frog', 'airplane']",airplane
32374,7,"['automobile', 'cat', 'airplane', 'frog']",airplane
32375,2,"['ship', 'cat', 'automobile', 'airplane']",cat
32376,0,"['horse', 'deer', 'frog', 'cat']",horse
32377,2,"['ship', 'cat', 'automobile', 'airplane']",cat
32378,0,"['horse', 'deer', 'frog', 'cat']",horse
32379,3,"['frog', 'ship', 'automobile', 'airplane']",ship
32380,9,"['dog', 'frog', 'cat', 'airplane']",dog
32381,6,"['automobile', 'horse', 'ship', 'airplane']",airplane
32382,7,"['automobile', 'cat', 'airplane', 'frog']",airplane
32383,7,"['automobile', 'cat', 'airplane', 'frog']",frog
32384,4,"['cat', 'automobile', 'frog', 'airplane']",automobile
32385,6,"['automobile', 'horse', 'ship', 'airplane']",airplane
32386,5,"['frog', 'ship', 'airplane', 'automobile']",ship
32387,2,"['ship', 'cat', 'automobile', 'airplane']",cat
32388,4,"['cat', 'automobile', 'frog', 'airplane']",automobile
32389,3,"['frog', 'ship', 'automobile', 'airplane']",ship
32390,6,"['automobile', 'horse', 'ship', 'airplane']",airplane
32391,4,"['cat', 'automobile', 'frog', 'airplane']",automobile
32392,3,"['frog', 'ship', 'automobile', 'airplane']",ship
32393,5,"['frog', 'ship', 'airplane', 'automobile']",ship
32394,8,"['horse', 'airplane', 'cat', 'frog']",horse
32395,7,"['automobile', 'cat', 'airplane', 'frog']",airplane
32396,6,"['automobile', 'horse', 'ship', 'airplane']",airplane
32397,6,"['automobile', 'horse', 'ship', 'airplane']",airplane
32398,0,"['horse', 'deer', 'frog', 'cat']",horse
32399,7,"['automobile', 'cat', 'airplane', 'frog']",cat
32400,3,"['frog', 'ship', 'automobile', 'airplane']",ship
32401,0,"['horse', 'deer', 'frog', 'cat']",horse
32402,1,"['bird', 'dog', 'frog', 'cat', 'airplane']",airplane
32403,0,"['horse', 'deer', 'frog', 'cat']",horse
32404,3,"['frog', 'ship', 'automobile', 'airplane']",ship
32405,3,"['frog', 'ship', 'automobile', 'airplane']",frog
32406,2,"['ship', 'cat', 'automobile', 'airplane']",cat
32407,9,"['dog', 'frog', 'cat', 'airplane']",dog
32408,7,"['automobile', 'cat', 'airplane', 'frog']",airplane
32409,2,"['ship', 'cat', 'automobile', 'airplane']",cat
32410,1,"['bird', 'dog', 'frog', 'cat', 'airplane']",airplane
32411,0,"['horse', 'deer', 'frog', 'cat']",horse
32412,6,"['automobile', 'horse', 'ship', 'airplane']",airplane
32413,4,"['cat', 'automobile', 'frog', 'airplane']",automobile
32414,7,"['automobile', 'cat', 'airplane', 'frog']",cat
32415,4,"['cat', 'automobile', 'frog', 'airplane']",automobile
32416,3,"['frog', 'ship', 'automobile', 'airplane']",ship
32417,7,"['automobile', 'cat', 'airplane', 'frog']",cat
32418,1,"['bird', 'dog', 'frog', 'cat', 'airplane']",airplane
32419,2,"['ship', 'cat', 'automobile', 'airplane']",cat
32420,2,"['ship', 'cat', 'automobile', 'airplane']",cat
32421,8,"['horse', 'airplane', 'cat', 'frog']",horse
32422,6,"['automobile', 'horse', 'ship', 'airplane']",airplane
32423,3,"['frog', 'ship', 'automobile', 'airplane']",ship
32424,8,"['horse', 'airplane', 'cat', 'frog']",horse
32425,5,"['frog', 'ship', 'airplane', 'automobile']",ship
32426,8,"['horse', 'airplane', 'cat', 'frog']",horse
32427,5,"['frog', 'ship', 'airplane', 'automobile']",ship
32428,7,"['automobile', 'cat', 'airplane', 'frog']",cat
32429,8,"['horse', 'airplane', 'cat', 'frog']",horse
32430,2,"['ship', 'cat', 'automobile', 'airplane']",ship
32431,5,"['frog', 'ship', 'airplane', 'automobile']",ship
32432,0,"['horse', 'deer', 'frog', 'cat']",frog
32433,7,"['automobile', 'cat', 'airplane', 'frog']",airplane
32434,6,"['automobile', 'horse', 'ship', 'airplane']",ship
32435,6,"['automobile', 'horse', 'ship', 'airplane']",airplane
32436,0,"['horse', 'deer', 'frog', 'cat']",horse
32437,2,"['ship', 'cat', 'automobile', 'airplane']",automobile
32438,1,"['bird', 'dog', 'frog', 'cat', 'airplane']",airplane
32439,9,"['dog', 'frog', 'cat', 'airplane']",airplane
32440,7,"['automobile', 'cat', 'airplane', 'frog']",cat
32441,8,"['horse', 'airplane', 'cat', 'frog']",horse
32442,9,"['dog', 'frog', 'cat', 'airplane']",dog
32443,3,"['frog', 'ship', 'automobile', 'airplane']",ship
32444,0,"['horse', 'deer', 'frog', 'cat']",horse
32445,4,"['cat', 'automobile', 'frog', 'airplane']",automobile
32446,4,"['cat', 'automobile', 'frog', 'airplane']",automobile
32447,8,"['horse', 'airplane', 'cat', 'frog']",horse
32448,8,"['horse', 'airplane', 'cat', 'frog']",horse
32449,3,"['frog', 'ship', 'automobile', 'airplane']",ship
32450,4,"['cat', 'automobile', 'frog', 'airplane']",automobile
32451,3,"['frog', 'ship', 'automobile', 'airplane']",ship
32452,5,"['frog', 'ship', 'airplane', 'automobile']",ship
32453,1,"['bird', 'dog', 'frog', 'cat', 'airplane']",airplane
32454,6,"['automobile', 'horse', 'ship', 'airplane']",airplane
32455,0,"['horse', 'deer', 'frog', 'cat']",horse
32456,2,"['ship', 'cat', 'automobile', 'airplane']",cat
32457,2,"['ship', 'cat', 'automobile', 'airplane']",cat
32458,1,"['bird', 'dog', 'frog', 'cat', 'airplane']",airplane
32459,4,"['cat', 'automobile', 'frog', 'airplane']",automobile
32460,0,"['horse', 'deer', 'frog', 'cat']",horse
32461,8,"['horse', 'airplane', 'cat', 'frog']",horse
32462,1,"['bird', 'dog', 'frog', 'cat', 'airplane']",airplane
32463,8,"['horse', 'airplane', 'cat', 'frog']",horse
32464,8,"['horse', 'airplane', 'cat', 'frog']",horse
32465,8,"['horse', 'airplane', 'cat', 'frog']",horse
32466,9,"['dog', 'frog', 'cat', 'airplane']",dog
32467,2,"['ship', 'cat', 'automobile', 'airplane']",cat
32468,5,"['frog', 'ship', 'airplane', 'automobile']",ship
32469,7,"['automobile', 'cat', 'airplane', 'frog']",airplane
32470,2,"['ship', 'cat', 'automobile', 'airplane']",cat
32471,0,"['horse', 'deer', 'frog', 'cat']",horse
32472,1,"['bird', 'dog', 'frog', 'cat', 'airplane']",airplane
32473,9,"['dog', 'frog', 'cat', 'airplane']",dog
32474,1,"['bird', 'dog', 'frog', 'cat', 'airplane']",airplane
32475,8,"['horse', 'airplane', 'cat', 'frog']",horse
32476,9,"['dog', 'frog', 'cat', 'airplane']",airplane
32477,2,"['ship', 'cat', 'automobile', 'airplane']",automobile
32478,4,"['cat', 'automobile', 'frog', 'airplane']",automobile
32479,0,"['horse', 'deer', 'frog', 'cat']",horse
32480,2,"['ship', 'cat', 'automobile', 'airplane']",cat
32481,5,"['frog', 'ship', 'airplane', 'automobile']",ship
32482,2,"['ship', 'cat', 'automobile', 'airplane']",cat
32483,0,"['horse', 'deer', 'frog', 'cat']",horse
32484,0,"['horse', 'deer', 'frog', 'cat']",horse
32485,7,"['automobile', 'cat', 'airplane', 'frog']",cat
32486,1,"['bird', 'dog', 'frog', 'cat', 'airplane']",airplane
32487,7,"['automobile', 'cat', 'airplane', 'frog']",cat
32488,1,"['bird', 'dog', 'frog', 'cat', 'airplane']",airplane
32489,9,"['dog', 'frog', 'cat', 'airplane']",dog
32490,7,"['automobile', 'cat', 'airplane', 'frog']",airplane
32491,4,"['cat', 'automobile', 'frog', 'airplane']",automobile
32492,1,"['bird', 'dog', 'frog', 'cat', 'airplane']",airplane
32493,6,"['automobile', 'horse', 'ship', 'airplane']",airplane
32494,4,"['cat', 'automobile', 'frog', 'airplane']",automobile
32495,9,"['dog', 'frog', 'cat', 'airplane']",airplane
32496,4,"['cat', 'automobile', 'frog', 'airplane']",automobile
32497,6,"['automobile', 'horse', 'ship', 'airplane']",horse
32498,7,"['automobile', 'cat', 'airplane', 'frog']",cat
32499,2,"['ship', 'cat', 'automobile', 'airplane']",cat
32500,6,"['automobile', 'horse', 'ship', 'airplane']",airplane
32501,8,"['horse', 'airplane', 'cat', 'frog']",horse
32502,1,"['bird', 'dog', 'frog', 'cat', 'airplane']",airplane
32503,7,"['automobile', 'cat', 'airplane', 'frog']",cat
32504,3,"['frog', 'ship', 'automobile', 'airplane']",ship
32505,0,"['horse', 'deer', 'frog', 'cat']",horse
32506,8,"['horse', 'airplane', 'cat', 'frog']",horse
32507,7,"['automobile', 'cat', 'airplane', 'frog']",cat
32508,0,"['horse', 'deer', 'frog', 'cat']",horse
32509,3,"['frog', 'ship', 'automobile', 'airplane']",frog
32510,3,"['frog', 'ship', 'automobile', 'airplane']",ship
32511,5,"['frog', 'ship', 'airplane', 'automobile']",ship
32512,8,"['horse', 'airplane', 'cat', 'frog']",horse
32513,2,"['ship', 'cat', 'automobile', 'airplane']",cat
32514,7,"['automobile', 'cat', 'airplane', 'frog']",frog
32515,6,"['automobile', 'horse', 'ship', 'airplane']",airplane
32516,5,"['frog', 'ship', 'airplane', 'automobile']",ship
32517,3,"['frog', 'ship', 'automobile', 'airplane']",ship
32518,4,"['cat', 'automobile', 'frog', 'airplane']",automobile
32519,4,"['cat', 'automobile', 'frog', 'airplane']",automobile
32520,3,"['frog', 'ship', 'automobile', 'airplane']",ship
32521,6,"['automobile', 'horse', 'ship', 'airplane']",airplane
32522,0,"['horse', 'deer', 'frog', 'cat']",horse
32523,4,"['cat', 'automobile', 'frog', 'airplane']",automobile
32524,3,"['frog', 'ship', 'automobile', 'airplane']",ship
32525,4,"['cat', 'automobile', 'frog', 'airplane']",automobile
32526,2,"['ship', 'cat', 'automobile', 'airplane']",automobile
32527,3,"['frog', 'ship', 'automobile', 'airplane']",ship
32528,7,"['automobile', 'cat', 'airplane', 'frog']",cat
32529,5,"['frog', 'ship', 'airplane', 'automobile']",ship
32530,5,"['frog', 'ship', 'airplane', 'automobile']",ship
32531,7,"['automobile', 'cat', 'airplane', 'frog']",cat
32532,8,"['horse', 'airplane', 'cat', 'frog']",horse
32533,4,"['cat', 'automobile', 'frog', 'airplane']",automobile
32534,6,"['automobile', 'horse', 'ship', 'airplane']",airplane
32535,4,"['cat', 'automobile', 'frog', 'airplane']",automobile
32536,6,"['automobile', 'horse', 'ship', 'airplane']",airplane
32537,6,"['automobile', 'horse', 'ship', 'airplane']",airplane
32538,0,"['horse', 'deer', 'frog', 'cat']",horse
32539,4,"['cat', 'automobile', 'frog', 'airplane']",airplane
32540,8,"['horse', 'airplane', 'cat', 'frog']",horse
32541,3,"['frog', 'ship', 'automobile', 'airplane']",ship
32542,4,"['cat', 'automobile', 'frog', 'airplane']",automobile
32543,8,"['horse', 'airplane', 'cat', 'frog']",horse
32544,2,"['ship', 'cat', 'automobile', 'airplane']",cat
32545,7,"['automobile', 'cat', 'airplane', 'frog']",cat
32546,7,"['automobile', 'cat', 'airplane', 'frog']",cat
32547,8,"['horse', 'airplane', 'cat', 'frog']",horse
32548,5,"['frog', 'ship', 'airplane', 'automobile']",ship
32549,9,"['dog', 'frog', 'cat', 'airplane']",dog
32550,9,"['dog', 'frog', 'cat', 'airplane']",airplane
32551,8,"['horse', 'airplane', 'cat', 'frog']",horse
32552,9,"['dog', 'frog', 'cat', 'airplane']",dog
32553,4,"['cat', 'automobile', 'frog', 'airplane']",automobile
32554,5,"['frog', 'ship', 'airplane', 'automobile']",ship
32555,3,"['frog', 'ship', 'automobile', 'airplane']",ship
32556,5,"['frog', 'ship', 'airplane', 'automobile']",ship
32557,3,"['frog', 'ship', 'automobile', 'airplane']",ship
32558,3,"['frog', 'ship', 'automobile', 'airplane']",ship
32559,5,"['frog', 'ship', 'airplane', 'automobile']",ship
32560,8,"['horse', 'airplane', 'cat', 'frog']",horse
32561,7,"['automobile', 'cat', 'airplane', 'frog']",cat
32562,8,"['horse', 'airplane', 'cat', 'frog']",airplane
32563,9,"['dog', 'frog', 'cat', 'airplane']",airplane
32564,1,"['bird', 'dog', 'frog', 'cat', 'airplane']",airplane
32565,6,"['automobile', 'horse', 'ship', 'airplane']",airplane
32566,5,"['frog', 'ship', 'airplane', 'automobile']",ship
32567,8,"['horse', 'airplane', 'cat', 'frog']",horse
32568,7,"['automobile', 'cat', 'airplane', 'frog']",cat
32569,6,"['automobile', 'horse', 'ship', 'airplane']",ship
32570,2,"['ship', 'cat', 'automobile', 'airplane']",automobile
32571,4,"['cat', 'automobile', 'frog', 'airplane']",automobile
32572,6,"['automobile', 'horse', 'ship', 'airplane']",airplane
32573,0,"['horse', 'deer', 'frog', 'cat']",horse
32574,8,"['horse', 'airplane', 'cat', 'frog']",frog
32575,9,"['dog', 'frog', 'cat', 'airplane']",airplane
32576,5,"['frog', 'ship', 'airplane', 'automobile']",ship
32577,8,"['horse', 'airplane', 'cat', 'frog']",horse
32578,8,"['horse', 'airplane', 'cat', 'frog']",horse
32579,7,"['automobile', 'cat', 'airplane', 'frog']",airplane
32580,1,"['bird', 'dog', 'frog', 'cat', 'airplane']",airplane
32581,6,"['automobile', 'horse', 'ship', 'airplane']",airplane
32582,2,"['ship', 'cat', 'automobile', 'airplane']",cat
32583,3,"['frog', 'ship', 'automobile', 'airplane']",ship
32584,1,"['bird', 'dog', 'frog', 'cat', 'airplane']",airplane
32585,4,"['cat', 'automobile', 'frog', 'airplane']",airplane
32586,7,"['automobile', 'cat', 'airplane', 'frog']",cat
32587,2,"['ship', 'cat', 'automobile', 'airplane']",cat
32588,9,"['dog', 'frog', 'cat', 'airplane']",dog
32589,9,"['dog', 'frog', 'cat', 'airplane']",airplane
32590,4,"['cat', 'automobile', 'frog', 'airplane']",automobile
32591,9,"['dog', 'frog', 'cat', 'airplane']",airplane
32592,0,"['horse', 'deer', 'frog', 'cat']",horse
32593,4,"['cat', 'automobile', 'frog', 'airplane']",automobile
32594,7,"['automobile', 'cat', 'airplane', 'frog']",cat
32595,9,"['dog', 'frog', 'cat', 'airplane']",dog
32596,3,"['frog', 'ship', 'automobile', 'airplane']",ship
32597,7,"['automobile', 'cat', 'airplane', 'frog']",airplane
32598,5,"['frog', 'ship', 'airplane', 'automobile']",ship
32599,6,"['automobile', 'horse', 'ship', 'airplane']",airplane
32600,9,"['dog', 'frog', 'cat', 'airplane']",airplane
32601,1,"['bird', 'dog', 'frog', 'cat', 'airplane']",airplane
32602,0,"['horse', 'deer', 'frog', 'cat']",horse
32603,1,"['bird', 'dog', 'frog', 'cat', 'airplane']",airplane
32604,2,"['ship', 'cat', 'automobile', 'airplane']",automobile
32605,9,"['dog', 'frog', 'cat', 'airplane']",airplane
32606,6,"['automobile', 'horse', 'ship', 'airplane']",automobile
32607,3,"['frog', 'ship', 'automobile', 'airplane']",ship
32608,4,"['cat', 'automobile', 'frog', 'airplane']",automobile
32609,8,"['horse', 'airplane', 'cat', 'frog']",horse
32610,7,"['automobile', 'cat', 'airplane', 'frog']",cat
32611,8,"['horse', 'airplane', 'cat', 'frog']",horse
32612,9,"['dog', 'frog', 'cat', 'airplane']",dog
32613,0,"['horse', 'deer', 'frog', 'cat']",horse
32614,3,"['frog', 'ship', 'automobile', 'airplane']",ship
32615,4,"['cat', 'automobile', 'frog', 'airplane']",automobile
32616,6,"['automobile', 'horse', 'ship', 'airplane']",airplane
32617,0,"['horse', 'deer', 'frog', 'cat']",horse
32618,8,"['horse', 'airplane', 'cat', 'frog']",horse
32619,8,"['horse', 'airplane', 'cat', 'frog']",horse
32620,4,"['cat', 'automobile', 'frog', 'airplane']",automobile
32621,3,"['frog', 'ship', 'automobile', 'airplane']",frog
32622,8,"['horse', 'airplane', 'cat', 'frog']",horse
32623,1,"['bird', 'dog', 'frog', 'cat', 'airplane']",airplane
32624,1,"['bird', 'dog', 'frog', 'cat', 'airplane']",airplane
32625,5,"['frog', 'ship', 'airplane', 'automobile']",ship
32626,0,"['horse', 'deer', 'frog', 'cat']",horse
32627,0,"['horse', 'deer', 'frog', 'cat']",horse
32628,6,"['automobile', 'horse', 'ship', 'airplane']",airplane
32629,0,"['horse', 'deer', 'frog', 'cat']",horse
32630,3,"['frog', 'ship', 'automobile', 'airplane']",ship
32631,0,"['horse', 'deer', 'frog', 'cat']",horse
32632,7,"['automobile', 'cat', 'airplane', 'frog']",airplane
32633,7,"['automobile', 'cat', 'airplane', 'frog']",cat
32634,4,"['cat', 'automobile', 'frog', 'airplane']",automobile
32635,9,"['dog', 'frog', 'cat', 'airplane']",airplane
32636,5,"['frog', 'ship', 'airplane', 'automobile']",ship
32637,6,"['automobile', 'horse', 'ship', 'airplane']",airplane
32638,7,"['automobile', 'cat', 'airplane', 'frog']",cat
32639,2,"['ship', 'cat', 'automobile', 'airplane']",cat
32640,7,"['automobile', 'cat', 'airplane', 'frog']",cat
32641,5,"['frog', 'ship', 'airplane', 'automobile']",ship
32642,2,"['ship', 'cat', 'automobile', 'airplane']",ship
32643,4,"['cat', 'automobile', 'frog', 'airplane']",automobile
32644,8,"['horse', 'airplane', 'cat', 'frog']",horse
32645,4,"['cat', 'automobile', 'frog', 'airplane']",automobile
32646,7,"['automobile', 'cat', 'airplane', 'frog']",cat
32647,1,"['bird', 'dog', 'frog', 'cat', 'airplane']",airplane
32648,6,"['automobile', 'horse', 'ship', 'airplane']",airplane
32649,3,"['frog', 'ship', 'automobile', 'airplane']",ship
32650,4,"['cat', 'automobile', 'frog', 'airplane']",automobile
32651,8,"['horse', 'airplane', 'cat', 'frog']",horse
32652,1,"['bird', 'dog', 'frog', 'cat', 'airplane']",airplane
32653,9,"['dog', 'frog', 'cat', 'airplane']",airplane
32654,4,"['cat', 'automobile', 'frog', 'airplane']",automobile
32655,4,"['cat', 'automobile', 'frog', 'airplane']",automobile
32656,5,"['frog', 'ship', 'airplane', 'automobile']",ship
32657,4,"['cat', 'automobile', 'frog', 'airplane']",automobile
32658,5,"['frog', 'ship', 'airplane', 'automobile']",ship
32659,0,"['horse', 'deer', 'frog', 'cat']",horse
32660,7,"['automobile', 'cat', 'airplane', 'frog']",cat
32661,0,"['horse', 'deer', 'frog', 'cat']",horse
32662,0,"['horse', 'deer', 'frog', 'cat']",horse
32663,8,"['horse', 'airplane', 'cat', 'frog']",horse
32664,9,"['dog', 'frog', 'cat', 'airplane']",dog
32665,1,"['bird', 'dog', 'frog', 'cat', 'airplane']",airplane
32666,9,"['dog', 'frog', 'cat', 'airplane']",airplane
32667,5,"['frog', 'ship', 'airplane', 'automobile']",ship
32668,7,"['automobile', 'cat', 'airplane', 'frog']",airplane
32669,0,"['horse', 'deer', 'frog', 'cat']",horse
32670,0,"['horse', 'deer', 'frog', 'cat']",horse
32671,8,"['horse', 'airplane', 'cat', 'frog']",horse
32672,3,"['frog', 'ship', 'automobile', 'airplane']",ship
32673,7,"['automobile', 'cat', 'airplane', 'frog']",airplane
32674,6,"['automobile', 'horse', 'ship', 'airplane']",airplane
32675,6,"['automobile', 'horse', 'ship', 'airplane']",airplane
32676,8,"['horse', 'airplane', 'cat', 'frog']",horse
32677,5,"['frog', 'ship', 'airplane', 'automobile']",ship
32678,2,"['ship', 'cat', 'automobile', 'airplane']",cat
32679,1,"['bird', 'dog', 'frog', 'cat', 'airplane']",airplane
32680,4,"['cat', 'automobile', 'frog', 'airplane']",automobile
32681,1,"['bird', 'dog', 'frog', 'cat', 'airplane']",airplane
32682,3,"['frog', 'ship', 'automobile', 'airplane']",ship
32683,0,"['horse', 'deer', 'frog', 'cat']",horse
32684,1,"['bird', 'dog', 'frog', 'cat', 'airplane']",airplane
32685,3,"['frog', 'ship', 'automobile', 'airplane']",ship
32686,3,"['frog', 'ship', 'automobile', 'airplane']",ship
32687,2,"['ship', 'cat', 'automobile', 'airplane']",automobile
32688,7,"['automobile', 'cat', 'airplane', 'frog']",cat
32689,6,"['automobile', 'horse', 'ship', 'airplane']",automobile
32690,6,"['automobile', 'horse', 'ship', 'airplane']",airplane
32691,8,"['horse', 'airplane', 'cat', 'frog']",horse
32692,4,"['cat', 'automobile', 'frog', 'airplane']",automobile
32693,2,"['ship', 'cat', 'automobile', 'airplane']",cat
32694,6,"['automobile', 'horse', 'ship', 'airplane']",airplane
32695,3,"['frog', 'ship', 'automobile', 'airplane']",ship
32696,7,"['automobile', 'cat', 'airplane', 'frog']",cat
32697,2,"['ship', 'cat', 'automobile', 'airplane']",ship
32698,8,"['horse', 'airplane', 'cat', 'frog']",horse
32699,6,"['automobile', 'horse', 'ship', 'airplane']",airplane
32700,7,"['automobile', 'cat', 'airplane', 'frog']",airplane
32701,9,"['dog', 'frog', 'cat', 'airplane']",airplane
32702,3,"['frog', 'ship', 'automobile', 'airplane']",ship
32703,0,"['horse', 'deer', 'frog', 'cat']",horse
32704,7,"['automobile', 'cat', 'airplane', 'frog']",airplane
32705,2,"['ship', 'cat', 'automobile', 'airplane']",automobile
32706,2,"['ship', 'cat', 'automobile', 'airplane']",cat
32707,6,"['automobile', 'horse', 'ship', 'airplane']",airplane
32708,0,"['horse', 'deer', 'frog', 'cat']",horse
32709,6,"['automobile', 'horse', 'ship', 'airplane']",airplane
32710,6,"['automobile', 'horse', 'ship', 'airplane']",airplane
32711,2,"['ship', 'cat', 'automobile', 'airplane']",automobile
32712,9,"['dog', 'frog', 'cat', 'airplane']",airplane
32713,0,"['horse', 'deer', 'frog', 'cat']",horse
32714,8,"['horse', 'airplane', 'cat', 'frog']",horse
32715,3,"['frog', 'ship', 'automobile', 'airplane']",ship
32716,8,"['horse', 'airplane', 'cat', 'frog']",horse
32717,9,"['dog', 'frog', 'cat', 'airplane']",dog
32718,0,"['horse', 'deer', 'frog', 'cat']",horse
32719,5,"['frog', 'ship', 'airplane', 'automobile']",ship
32720,1,"['bird', 'dog', 'frog', 'cat', 'airplane']",airplane
32721,0,"['horse', 'deer', 'frog', 'cat']",horse
32722,4,"['cat', 'automobile', 'frog', 'airplane']",automobile
32723,2,"['ship', 'cat', 'automobile', 'airplane']",ship
32724,9,"['dog', 'frog', 'cat', 'airplane']",airplane
32725,3,"['frog', 'ship', 'automobile', 'airplane']",ship
32726,8,"['horse', 'airplane', 'cat', 'frog']",horse
32727,8,"['horse', 'airplane', 'cat', 'frog']",horse
32728,8,"['horse', 'airplane', 'cat', 'frog']",horse
32729,9,"['dog', 'frog', 'cat', 'airplane']",dog
32730,2,"['ship', 'cat', 'automobile', 'airplane']",ship
32731,4,"['cat', 'automobile', 'frog', 'airplane']",automobile
32732,3,"['frog', 'ship', 'automobile', 'airplane']",ship
32733,7,"['automobile', 'cat', 'airplane', 'frog']",frog
32734,0,"['horse', 'deer', 'frog', 'cat']",horse
32735,9,"['dog', 'frog', 'cat', 'airplane']",dog
32736,1,"['bird', 'dog', 'frog', 'cat', 'airplane']",airplane
32737,1,"['bird', 'dog', 'frog', 'cat', 'airplane']",airplane
32738,8,"['horse', 'airplane', 'cat', 'frog']",horse
32739,6,"['automobile', 'horse', 'ship', 'airplane']",ship
32740,7,"['automobile', 'cat', 'airplane', 'frog']",cat
32741,2,"['ship', 'cat', 'automobile', 'airplane']",cat
32742,9,"['dog', 'frog', 'cat', 'airplane']",dog
32743,1,"['bird', 'dog', 'frog', 'cat', 'airplane']",airplane
32744,0,"['horse', 'deer', 'frog', 'cat']",horse
32745,9,"['dog', 'frog', 'cat', 'airplane']",airplane
32746,6,"['automobile', 'horse', 'ship', 'airplane']",ship
32747,5,"['frog', 'ship', 'airplane', 'automobile']",ship
32748,8,"['horse', 'airplane', 'cat', 'frog']",horse
32749,1,"['bird', 'dog', 'frog', 'cat', 'airplane']",airplane
32750,7,"['automobile', 'cat', 'airplane', 'frog']",cat
32751,5,"['frog', 'ship', 'airplane', 'automobile']",ship
32752,6,"['automobile', 'horse', 'ship', 'airplane']",airplane
32753,5,"['frog', 'ship', 'airplane', 'automobile']",ship
32754,4,"['cat', 'automobile', 'frog', 'airplane']",automobile
32755,9,"['dog', 'frog', 'cat', 'airplane']",airplane
32756,4,"['cat', 'automobile', 'frog', 'airplane']",automobile
32757,4,"['cat', 'automobile', 'frog', 'airplane']",automobile
32758,5,"['frog', 'ship', 'airplane', 'automobile']",ship
32759,6,"['automobile', 'horse', 'ship', 'airplane']",airplane
32760,8,"['horse', 'airplane', 'cat', 'frog']",horse
32761,0,"['horse', 'deer', 'frog', 'cat']",horse
32762,6,"['automobile', 'horse', 'ship', 'airplane']",ship
32763,2,"['ship', 'cat', 'automobile', 'airplane']",cat
32764,5,"['frog', 'ship', 'airplane', 'automobile']",ship
32765,8,"['horse', 'airplane', 'cat', 'frog']",horse
32766,9,"['dog', 'frog', 'cat', 'airplane']",airplane
32767,8,"['horse', 'airplane', 'cat', 'frog']",horse
32768,6,"['automobile', 'horse', 'ship', 'airplane']",airplane
32769,5,"['frog', 'ship', 'airplane', 'automobile']",ship
32770,5,"['frog', 'ship', 'airplane', 'automobile']",ship
32771,1,"['bird', 'dog', 'frog', 'cat', 'airplane']",airplane
32772,6,"['automobile', 'horse', 'ship', 'airplane']",airplane
32773,5,"['frog', 'ship', 'airplane', 'automobile']",ship
32774,3,"['frog', 'ship', 'automobile', 'airplane']",ship
32775,0,"['horse', 'deer', 'frog', 'cat']",horse
32776,4,"['cat', 'automobile', 'frog', 'airplane']",automobile
32777,8,"['horse', 'airplane', 'cat', 'frog']",horse
32778,9,"['dog', 'frog', 'cat', 'airplane']",airplane
32779,7,"['automobile', 'cat', 'airplane', 'frog']",cat
32780,5,"['frog', 'ship', 'airplane', 'automobile']",ship
32781,6,"['automobile', 'horse', 'ship', 'airplane']",automobile
32782,5,"['frog', 'ship', 'airplane', 'automobile']",ship
32783,8,"['horse', 'airplane', 'cat', 'frog']",horse
32784,4,"['cat', 'automobile', 'frog', 'airplane']",automobile
32785,5,"['frog', 'ship', 'airplane', 'automobile']",ship
32786,4,"['cat', 'automobile', 'frog', 'airplane']",automobile
32787,1,"['bird', 'dog', 'frog', 'cat', 'airplane']",airplane
32788,5,"['frog', 'ship', 'airplane', 'automobile']",ship
32789,4,"['cat', 'automobile', 'frog', 'airplane']",airplane
32790,0,"['horse', 'deer', 'frog', 'cat']",horse
32791,2,"['ship', 'cat', 'automobile', 'airplane']",ship
32792,2,"['ship', 'cat', 'automobile', 'airplane']",automobile
32793,6,"['automobile', 'horse', 'ship', 'airplane']",airplane
32794,3,"['frog', 'ship', 'automobile', 'airplane']",ship
32795,5,"['frog', 'ship', 'airplane', 'automobile']",ship
32796,5,"['frog', 'ship', 'airplane', 'automobile']",ship
32797,4,"['cat', 'automobile', 'frog', 'airplane']",automobile
32798,5,"['frog', 'ship', 'airplane', 'automobile']",ship
32799,4,"['cat', 'automobile', 'frog', 'airplane']",automobile
32800,8,"['horse', 'airplane', 'cat', 'frog']",horse
32801,5,"['frog', 'ship', 'airplane', 'automobile']",ship
32802,6,"['automobile', 'horse', 'ship', 'airplane']",airplane
32803,4,"['cat', 'automobile', 'frog', 'airplane']",automobile
32804,5,"['frog', 'ship', 'airplane', 'automobile']",ship
32805,5,"['frog', 'ship', 'airplane', 'automobile']",ship
32806,1,"['bird', 'dog', 'frog', 'cat', 'airplane']",airplane
32807,2,"['ship', 'cat', 'automobile', 'airplane']",automobile
32808,3,"['frog', 'ship', 'automobile', 'airplane']",ship
32809,2,"['ship', 'cat', 'automobile', 'airplane']",cat
32810,9,"['dog', 'frog', 'cat', 'airplane']",dog
32811,1,"['bird', 'dog', 'frog', 'cat', 'airplane']",airplane
32812,6,"['automobile', 'horse', 'ship', 'airplane']",horse
32813,3,"['frog', 'ship', 'automobile', 'airplane']",ship
32814,8,"['horse', 'airplane', 'cat', 'frog']",horse
32815,7,"['automobile', 'cat', 'airplane', 'frog']",frog
32816,2,"['ship', 'cat', 'automobile', 'airplane']",automobile
32817,5,"['frog', 'ship', 'airplane', 'automobile']",ship
32818,4,"['cat', 'automobile', 'frog', 'airplane']",automobile
32819,8,"['horse', 'airplane', 'cat', 'frog']",horse
32820,9,"['dog', 'frog', 'cat', 'airplane']",airplane
32821,5,"['frog', 'ship', 'airplane', 'automobile']",ship
32822,4,"['cat', 'automobile', 'frog', 'airplane']",automobile
32823,8,"['horse', 'airplane', 'cat', 'frog']",horse
32824,5,"['frog', 'ship', 'airplane', 'automobile']",ship
32825,3,"['frog', 'ship', 'automobile', 'airplane']",ship
32826,3,"['frog', 'ship', 'automobile', 'airplane']",ship
32827,1,"['bird', 'dog', 'frog', 'cat', 'airplane']",airplane
32828,6,"['automobile', 'horse', 'ship', 'airplane']",airplane
32829,2,"['ship', 'cat', 'automobile', 'airplane']",cat
32830,0,"['horse', 'deer', 'frog', 'cat']",horse
32831,0,"['horse', 'deer', 'frog', 'cat']",horse
32832,8,"['horse', 'airplane', 'cat', 'frog']",horse
32833,5,"['frog', 'ship', 'airplane', 'automobile']",ship
32834,8,"['horse', 'airplane', 'cat', 'frog']",horse
32835,5,"['frog', 'ship', 'airplane', 'automobile']",ship
32836,8,"['horse', 'airplane', 'cat', 'frog']",horse
32837,1,"['bird', 'dog', 'frog', 'cat', 'airplane']",airplane
32838,9,"['dog', 'frog', 'cat', 'airplane']",airplane
32839,0,"['horse', 'deer', 'frog', 'cat']",horse
32840,8,"['horse', 'airplane', 'cat', 'frog']",horse
32841,9,"['dog', 'frog', 'cat', 'airplane']",airplane
32842,4,"['cat', 'automobile', 'frog', 'airplane']",automobile
32843,3,"['frog', 'ship', 'automobile', 'airplane']",ship
32844,3,"['frog', 'ship', 'automobile', 'airplane']",ship
32845,5,"['frog', 'ship', 'airplane', 'automobile']",ship
32846,3,"['frog', 'ship', 'automobile', 'airplane']",ship
32847,1,"['bird', 'dog', 'frog', 'cat', 'airplane']",airplane
32848,9,"['dog', 'frog', 'cat', 'airplane']",dog
32849,5,"['frog', 'ship', 'airplane', 'automobile']",ship
32850,2,"['ship', 'cat', 'automobile', 'airplane']",automobile
32851,9,"['dog', 'frog', 'cat', 'airplane']",dog
32852,8,"['horse', 'airplane', 'cat', 'frog']",horse
32853,6,"['automobile', 'horse', 'ship', 'airplane']",airplane
32854,4,"['cat', 'automobile', 'frog', 'airplane']",automobile
32855,6,"['automobile', 'horse', 'ship', 'airplane']",airplane
32856,6,"['automobile', 'horse', 'ship', 'airplane']",automobile
32857,0,"['horse', 'deer', 'frog', 'cat']",horse
32858,2,"['ship', 'cat', 'automobile', 'airplane']",cat
32859,6,"['automobile', 'horse', 'ship', 'airplane']",airplane
32860,1,"['bird', 'dog', 'frog', 'cat', 'airplane']",airplane
32861,8,"['horse', 'airplane', 'cat', 'frog']",horse
32862,5,"['frog', 'ship', 'airplane', 'automobile']",ship
32863,5,"['frog', 'ship', 'airplane', 'automobile']",ship
32864,5,"['frog', 'ship', 'airplane', 'automobile']",ship
32865,8,"['horse', 'airplane', 'cat', 'frog']",horse
32866,6,"['automobile', 'horse', 'ship', 'airplane']",ship
32867,4,"['cat', 'automobile', 'frog', 'airplane']",automobile
32868,6,"['automobile', 'horse', 'ship', 'airplane']",airplane
32869,6,"['automobile', 'horse', 'ship', 'airplane']",horse
32870,0,"['horse', 'deer', 'frog', 'cat']",horse
32871,6,"['automobile', 'horse', 'ship', 'airplane']",airplane
32872,8,"['horse', 'airplane', 'cat', 'frog']",horse
32873,0,"['horse', 'deer', 'frog', 'cat']",horse
32874,0,"['horse', 'deer', 'frog', 'cat']",horse
32875,7,"['automobile', 'cat', 'airplane', 'frog']",cat
32876,8,"['horse', 'airplane', 'cat', 'frog']",horse
32877,5,"['frog', 'ship', 'airplane', 'automobile']",ship
32878,9,"['dog', 'frog', 'cat', 'airplane']",airplane
32879,9,"['dog', 'frog', 'cat', 'airplane']",airplane
32880,6,"['automobile', 'horse', 'ship', 'airplane']",airplane
32881,3,"['frog', 'ship', 'automobile', 'airplane']",ship
32882,4,"['cat', 'automobile', 'frog', 'airplane']",automobile
32883,1,"['bird', 'dog', 'frog', 'cat', 'airplane']",airplane
32884,0,"['horse', 'deer', 'frog', 'cat']",horse
32885,0,"['horse', 'deer', 'frog', 'cat']",horse
32886,1,"['bird', 'dog', 'frog', 'cat', 'airplane']",airplane
32887,8,"['horse', 'airplane', 'cat', 'frog']",horse
32888,7,"['automobile', 'cat', 'airplane', 'frog']",airplane
32889,5,"['frog', 'ship', 'airplane', 'automobile']",ship
32890,4,"['cat', 'automobile', 'frog', 'airplane']",automobile
32891,5,"['frog', 'ship', 'airplane', 'automobile']",ship
32892,4,"['cat', 'automobile', 'frog', 'airplane']",automobile
32893,4,"['cat', 'automobile', 'frog', 'airplane']",automobile
32894,6,"['automobile', 'horse', 'ship', 'airplane']",airplane
32895,5,"['frog', 'ship', 'airplane', 'automobile']",ship
32896,8,"['horse', 'airplane', 'cat', 'frog']",horse
32897,8,"['horse', 'airplane', 'cat', 'frog']",horse
32898,7,"['automobile', 'cat', 'airplane', 'frog']",airplane
32899,2,"['ship', 'cat', 'automobile', 'airplane']",automobile
32900,5,"['frog', 'ship', 'airplane', 'automobile']",ship
32901,4,"['cat', 'automobile', 'frog', 'airplane']",automobile
32902,9,"['dog', 'frog', 'cat', 'airplane']",airplane
32903,0,"['horse', 'deer', 'frog', 'cat']",horse
32904,6,"['automobile', 'horse', 'ship', 'airplane']",ship
32905,0,"['horse', 'deer', 'frog', 'cat']",frog
32906,5,"['frog', 'ship', 'airplane', 'automobile']",ship
32907,6,"['automobile', 'horse', 'ship', 'airplane']",automobile
32908,2,"['ship', 'cat', 'automobile', 'airplane']",cat
32909,4,"['cat', 'automobile', 'frog', 'airplane']",automobile
32910,5,"['frog', 'ship', 'airplane', 'automobile']",ship
32911,7,"['automobile', 'cat', 'airplane', 'frog']",airplane
32912,5,"['frog', 'ship', 'airplane', 'automobile']",ship
32913,1,"['bird', 'dog', 'frog', 'cat', 'airplane']",airplane
32914,3,"['frog', 'ship', 'automobile', 'airplane']",ship
32915,8,"['horse', 'airplane', 'cat', 'frog']",horse
32916,2,"['ship', 'cat', 'automobile', 'airplane']",ship
32917,3,"['frog', 'ship', 'automobile', 'airplane']",ship
32918,6,"['automobile', 'horse', 'ship', 'airplane']",airplane
32919,5,"['frog', 'ship', 'airplane', 'automobile']",ship
32920,7,"['automobile', 'cat', 'airplane', 'frog']",cat
32921,9,"['dog', 'frog', 'cat', 'airplane']",dog
32922,6,"['automobile', 'horse', 'ship', 'airplane']",airplane
32923,3,"['frog', 'ship', 'automobile', 'airplane']",ship
32924,5,"['frog', 'ship', 'airplane', 'automobile']",ship
32925,9,"['dog', 'frog', 'cat', 'airplane']",frog
32926,5,"['frog', 'ship', 'airplane', 'automobile']",ship
32927,8,"['horse', 'airplane', 'cat', 'frog']",airplane
32928,4,"['cat', 'automobile', 'frog', 'airplane']",automobile
32929,4,"['cat', 'automobile', 'frog', 'airplane']",automobile
32930,4,"['cat', 'automobile', 'frog', 'airplane']",automobile
32931,0,"['horse', 'deer', 'frog', 'cat']",horse
32932,7,"['automobile', 'cat', 'airplane', 'frog']",airplane
32933,8,"['horse', 'airplane', 'cat', 'frog']",horse
32934,0,"['horse', 'deer', 'frog', 'cat']",horse
32935,5,"['frog', 'ship', 'airplane', 'automobile']",ship
32936,3,"['frog', 'ship', 'automobile', 'airplane']",ship
32937,1,"['bird', 'dog', 'frog', 'cat', 'airplane']",airplane
32938,3,"['frog', 'ship', 'automobile', 'airplane']",ship
32939,3,"['frog', 'ship', 'automobile', 'airplane']",ship
32940,9,"['dog', 'frog', 'cat', 'airplane']",dog
32941,1,"['bird', 'dog', 'frog', 'cat', 'airplane']",airplane
32942,5,"['frog', 'ship', 'airplane', 'automobile']",ship
32943,2,"['ship', 'cat', 'automobile', 'airplane']",cat
32944,5,"['frog', 'ship', 'airplane', 'automobile']",ship
32945,9,"['dog', 'frog', 'cat', 'airplane']",airplane
32946,5,"['frog', 'ship', 'airplane', 'automobile']",ship
32947,4,"['cat', 'automobile', 'frog', 'airplane']",automobile
32948,7,"['automobile', 'cat', 'airplane', 'frog']",cat
32949,6,"['automobile', 'horse', 'ship', 'airplane']",airplane
32950,5,"['frog', 'ship', 'airplane', 'automobile']",ship
32951,2,"['ship', 'cat', 'automobile', 'airplane']",automobile
32952,9,"['dog', 'frog', 'cat', 'airplane']",airplane
32953,6,"['automobile', 'horse', 'ship', 'airplane']",airplane
32954,0,"['horse', 'deer', 'frog', 'cat']",horse
32955,8,"['horse', 'airplane', 'cat', 'frog']",horse
32956,2,"['ship', 'cat', 'automobile', 'airplane']",cat
32957,5,"['frog', 'ship', 'airplane', 'automobile']",ship
32958,6,"['automobile', 'horse', 'ship', 'airplane']",airplane
32959,1,"['bird', 'dog', 'frog', 'cat', 'airplane']",airplane
32960,4,"['cat', 'automobile', 'frog', 'airplane']",automobile
32961,4,"['cat', 'automobile', 'frog', 'airplane']",automobile
32962,9,"['dog', 'frog', 'cat', 'airplane']",airplane
32963,3,"['frog', 'ship', 'automobile', 'airplane']",ship
32964,9,"['dog', 'frog', 'cat', 'airplane']",airplane
32965,9,"['dog', 'frog', 'cat', 'airplane']",airplane
32966,6,"['automobile', 'horse', 'ship', 'airplane']",airplane
32967,0,"['horse', 'deer', 'frog', 'cat']",horse
32968,0,"['horse', 'deer', 'frog', 'cat']",horse
32969,4,"['cat', 'automobile', 'frog', 'airplane']",automobile
32970,6,"['automobile', 'horse', 'ship', 'airplane']",airplane
32971,0,"['horse', 'deer', 'frog', 'cat']",horse
32972,2,"['ship', 'cat', 'automobile', 'airplane']",cat
32973,7,"['automobile', 'cat', 'airplane', 'frog']",airplane
32974,8,"['horse', 'airplane', 'cat', 'frog']",horse
32975,6,"['automobile', 'horse', 'ship', 'airplane']",airplane
32976,5,"['frog', 'ship', 'airplane', 'automobile']",ship
32977,8,"['horse', 'airplane', 'cat', 'frog']",horse
32978,5,"['frog', 'ship', 'airplane', 'automobile']",ship
32979,1,"['bird', 'dog', 'frog', 'cat', 'airplane']",airplane
32980,3,"['frog', 'ship', 'automobile', 'airplane']",ship
32981,2,"['ship', 'cat', 'automobile', 'airplane']",cat
32982,3,"['frog', 'ship', 'automobile', 'airplane']",ship
32983,1,"['bird', 'dog', 'frog', 'cat', 'airplane']",airplane
32984,9,"['dog', 'frog', 'cat', 'airplane']",airplane
32985,6,"['automobile', 'horse', 'ship', 'airplane']",horse
32986,3,"['frog', 'ship', 'automobile', 'airplane']",ship
32987,8,"['horse', 'airplane', 'cat', 'frog']",horse
32988,1,"['bird', 'dog', 'frog', 'cat', 'airplane']",airplane
32989,4,"['cat', 'automobile', 'frog', 'airplane']",automobile
32990,0,"['horse', 'deer', 'frog', 'cat']",horse
32991,2,"['ship', 'cat', 'automobile', 'airplane']",automobile
32992,7,"['automobile', 'cat', 'airplane', 'frog']",airplane
32993,6,"['automobile', 'horse', 'ship', 'airplane']",airplane
32994,1,"['bird', 'dog', 'frog', 'cat', 'airplane']",airplane
32995,7,"['automobile', 'cat', 'airplane', 'frog']",airplane
32996,2,"['ship', 'cat', 'automobile', 'airplane']",automobile
32997,4,"['cat', 'automobile', 'frog', 'airplane']",automobile
32998,3,"['frog', 'ship', 'automobile', 'airplane']",ship
32999,5,"['frog', 'ship', 'airplane', 'automobile']",ship
33000,0,"['horse', 'deer', 'frog', 'cat']",horse
33001,5,"['frog', 'ship', 'airplane', 'automobile']",ship
33002,4,"['cat', 'automobile', 'frog', 'airplane']",automobile
33003,0,"['horse', 'deer', 'frog', 'cat']",horse
33004,4,"['cat', 'automobile', 'frog', 'airplane']",automobile
33005,8,"['horse', 'airplane', 'cat', 'frog']",horse
33006,5,"['frog', 'ship', 'airplane', 'automobile']",ship
33007,3,"['frog', 'ship', 'automobile', 'airplane']",frog
33008,3,"['frog', 'ship', 'automobile', 'airplane']",ship
33009,7,"['automobile', 'cat', 'airplane', 'frog']",cat
33010,9,"['dog', 'frog', 'cat', 'airplane']",airplane
33011,0,"['horse', 'deer', 'frog', 'cat']",horse
33012,6,"['automobile', 'horse', 'ship', 'airplane']",automobile
33013,4,"['cat', 'automobile', 'frog', 'airplane']",automobile
33014,8,"['horse', 'airplane', 'cat', 'frog']",horse
33015,4,"['cat', 'automobile', 'frog', 'airplane']",automobile
33016,4,"['cat', 'automobile', 'frog', 'airplane']",airplane
33017,5,"['frog', 'ship', 'airplane', 'automobile']",ship
33018,6,"['automobile', 'horse', 'ship', 'airplane']",airplane
33019,7,"['automobile', 'cat', 'airplane', 'frog']",airplane
33020,4,"['cat', 'automobile', 'frog', 'airplane']",automobile
33021,2,"['ship', 'cat', 'automobile', 'airplane']",cat
33022,8,"['horse', 'airplane', 'cat', 'frog']",horse
33023,2,"['ship', 'cat', 'automobile', 'airplane']",cat
33024,9,"['dog', 'frog', 'cat', 'airplane']",dog
33025,9,"['dog', 'frog', 'cat', 'airplane']",airplane
33026,7,"['automobile', 'cat', 'airplane', 'frog']",airplane
33027,4,"['cat', 'automobile', 'frog', 'airplane']",automobile
33028,9,"['dog', 'frog', 'cat', 'airplane']",dog
33029,8,"['horse', 'airplane', 'cat', 'frog']",horse
33030,2,"['ship', 'cat', 'automobile', 'airplane']",cat
33031,3,"['frog', 'ship', 'automobile', 'airplane']",ship
33032,2,"['ship', 'cat', 'automobile', 'airplane']",cat
33033,3,"['frog', 'ship', 'automobile', 'airplane']",ship
33034,1,"['bird', 'dog', 'frog', 'cat', 'airplane']",airplane
33035,5,"['frog', 'ship', 'airplane', 'automobile']",ship
33036,7,"['automobile', 'cat', 'airplane', 'frog']",cat
33037,4,"['cat', 'automobile', 'frog', 'airplane']",automobile
33038,4,"['cat', 'automobile', 'frog', 'airplane']",automobile
33039,5,"['frog', 'ship', 'airplane', 'automobile']",ship
33040,7,"['automobile', 'cat', 'airplane', 'frog']",frog
33041,3,"['frog', 'ship', 'automobile', 'airplane']",ship
33042,2,"['ship', 'cat', 'automobile', 'airplane']",cat
33043,3,"['frog', 'ship', 'automobile', 'airplane']",frog
33044,6,"['automobile', 'horse', 'ship', 'airplane']",airplane
33045,7,"['automobile', 'cat', 'airplane', 'frog']",cat
33046,7,"['automobile', 'cat', 'airplane', 'frog']",cat
33047,2,"['ship', 'cat', 'automobile', 'airplane']",cat
33048,7,"['automobile', 'cat', 'airplane', 'frog']",cat
33049,3,"['frog', 'ship', 'automobile', 'airplane']",ship
33050,1,"['bird', 'dog', 'frog', 'cat', 'airplane']",airplane
33051,2,"['ship', 'cat', 'automobile', 'airplane']",cat
33052,0,"['horse', 'deer', 'frog', 'cat']",horse
33053,9,"['dog', 'frog', 'cat', 'airplane']",airplane
33054,2,"['ship', 'cat', 'automobile', 'airplane']",cat
33055,8,"['horse', 'airplane', 'cat', 'frog']",horse
33056,5,"['frog', 'ship', 'airplane', 'automobile']",ship
33057,4,"['cat', 'automobile', 'frog', 'airplane']",automobile
33058,0,"['horse', 'deer', 'frog', 'cat']",horse
33059,1,"['bird', 'dog', 'frog', 'cat', 'airplane']",airplane
33060,6,"['automobile', 'horse', 'ship', 'airplane']",airplane
33061,8,"['horse', 'airplane', 'cat', 'frog']",horse
33062,0,"['horse', 'deer', 'frog', 'cat']",horse
33063,1,"['bird', 'dog', 'frog', 'cat', 'airplane']",airplane
33064,5,"['frog', 'ship', 'airplane', 'automobile']",ship
33065,6,"['automobile', 'horse', 'ship', 'airplane']",airplane
33066,4,"['cat', 'automobile', 'frog', 'airplane']",automobile
33067,5,"['frog', 'ship', 'airplane', 'automobile']",ship
33068,4,"['cat', 'automobile', 'frog', 'airplane']",automobile
33069,6,"['automobile', 'horse', 'ship', 'airplane']",airplane
33070,4,"['cat', 'automobile', 'frog', 'airplane']",automobile
33071,7,"['automobile', 'cat', 'airplane', 'frog']",cat
33072,8,"['horse', 'airplane', 'cat', 'frog']",horse
33073,4,"['cat', 'automobile', 'frog', 'airplane']",automobile
33074,7,"['automobile', 'cat', 'airplane', 'frog']",cat
33075,9,"['dog', 'frog', 'cat', 'airplane']",airplane
33076,0,"['horse', 'deer', 'frog', 'cat']",horse
33077,9,"['dog', 'frog', 'cat', 'airplane']",airplane
33078,8,"['horse', 'airplane', 'cat', 'frog']",horse
33079,5,"['frog', 'ship', 'airplane', 'automobile']",ship
33080,4,"['cat', 'automobile', 'frog', 'airplane']",automobile
33081,2,"['ship', 'cat', 'automobile', 'airplane']",cat
33082,7,"['automobile', 'cat', 'airplane', 'frog']",cat
33083,2,"['ship', 'cat', 'automobile', 'airplane']",cat
33084,2,"['ship', 'cat', 'automobile', 'airplane']",ship
33085,1,"['bird', 'dog', 'frog', 'cat', 'airplane']",airplane
33086,6,"['automobile', 'horse', 'ship', 'airplane']",airplane
33087,0,"['horse', 'deer', 'frog', 'cat']",horse
33088,9,"['dog', 'frog', 'cat', 'airplane']",dog
33089,9,"['dog', 'frog', 'cat', 'airplane']",airplane
33090,2,"['ship', 'cat', 'automobile', 'airplane']",cat
33091,6,"['automobile', 'horse', 'ship', 'airplane']",airplane
33092,3,"['frog', 'ship', 'automobile', 'airplane']",ship
33093,8,"['horse', 'airplane', 'cat', 'frog']",horse
33094,4,"['cat', 'automobile', 'frog', 'airplane']",automobile
33095,4,"['cat', 'automobile', 'frog', 'airplane']",automobile
33096,7,"['automobile', 'cat', 'airplane', 'frog']",frog
33097,1,"['bird', 'dog', 'frog', 'cat', 'airplane']",airplane
33098,3,"['frog', 'ship', 'automobile', 'airplane']",ship
33099,4,"['cat', 'automobile', 'frog', 'airplane']",airplane
33100,3,"['frog', 'ship', 'automobile', 'airplane']",ship
33101,3,"['frog', 'ship', 'automobile', 'airplane']",ship
33102,7,"['automobile', 'cat', 'airplane', 'frog']",cat
33103,2,"['ship', 'cat', 'automobile', 'airplane']",automobile
33104,8,"['horse', 'airplane', 'cat', 'frog']",horse
33105,1,"['bird', 'dog', 'frog', 'cat', 'airplane']",airplane
33106,7,"['automobile', 'cat', 'airplane', 'frog']",cat
33107,2,"['ship', 'cat', 'automobile', 'airplane']",cat
33108,2,"['ship', 'cat', 'automobile', 'airplane']",cat
33109,8,"['horse', 'airplane', 'cat', 'frog']",horse
33110,9,"['dog', 'frog', 'cat', 'airplane']",airplane
33111,8,"['horse', 'airplane', 'cat', 'frog']",horse
33112,1,"['bird', 'dog', 'frog', 'cat', 'airplane']",airplane
33113,3,"['frog', 'ship', 'automobile', 'airplane']",ship
33114,1,"['bird', 'dog', 'frog', 'cat', 'airplane']",airplane
33115,4,"['cat', 'automobile', 'frog', 'airplane']",automobile
33116,5,"['frog', 'ship', 'airplane', 'automobile']",ship
33117,0,"['horse', 'deer', 'frog', 'cat']",horse
33118,1,"['bird', 'dog', 'frog', 'cat', 'airplane']",airplane
33119,8,"['horse', 'airplane', 'cat', 'frog']",horse
33120,7,"['automobile', 'cat', 'airplane', 'frog']",cat
33121,2,"['ship', 'cat', 'automobile', 'airplane']",cat
33122,1,"['bird', 'dog', 'frog', 'cat', 'airplane']",airplane
33123,6,"['automobile', 'horse', 'ship', 'airplane']",airplane
33124,8,"['horse', 'airplane', 'cat', 'frog']",horse
33125,5,"['frog', 'ship', 'airplane', 'automobile']",ship
33126,1,"['bird', 'dog', 'frog', 'cat', 'airplane']",airplane
33127,0,"['horse', 'deer', 'frog', 'cat']",horse
33128,0,"['horse', 'deer', 'frog', 'cat']",horse
33129,4,"['cat', 'automobile', 'frog', 'airplane']",automobile
33130,0,"['horse', 'deer', 'frog', 'cat']",horse
33131,3,"['frog', 'ship', 'automobile', 'airplane']",ship
33132,3,"['frog', 'ship', 'automobile', 'airplane']",ship
33133,3,"['frog', 'ship', 'automobile', 'airplane']",ship
33134,2,"['ship', 'cat', 'automobile', 'airplane']",cat
33135,2,"['ship', 'cat', 'automobile', 'airplane']",cat
33136,5,"['frog', 'ship', 'airplane', 'automobile']",ship
33137,2,"['ship', 'cat', 'automobile', 'airplane']",cat
33138,5,"['frog', 'ship', 'airplane', 'automobile']",ship
33139,7,"['automobile', 'cat', 'airplane', 'frog']",cat
33140,4,"['cat', 'automobile', 'frog', 'airplane']",automobile
33141,6,"['automobile', 'horse', 'ship', 'airplane']",airplane
33142,5,"['frog', 'ship', 'airplane', 'automobile']",ship
33143,8,"['horse', 'airplane', 'cat', 'frog']",horse
33144,9,"['dog', 'frog', 'cat', 'airplane']",dog
33145,8,"['horse', 'airplane', 'cat', 'frog']",horse
33146,0,"['horse', 'deer', 'frog', 'cat']",horse
33147,9,"['dog', 'frog', 'cat', 'airplane']",airplane
33148,0,"['horse', 'deer', 'frog', 'cat']",horse
33149,9,"['dog', 'frog', 'cat', 'airplane']",airplane
33150,7,"['automobile', 'cat', 'airplane', 'frog']",cat
33151,7,"['automobile', 'cat', 'airplane', 'frog']",cat
33152,2,"['ship', 'cat', 'automobile', 'airplane']",cat
33153,0,"['horse', 'deer', 'frog', 'cat']",horse
33154,5,"['frog', 'ship', 'airplane', 'automobile']",ship
33155,7,"['automobile', 'cat', 'airplane', 'frog']",cat
33156,8,"['horse', 'airplane', 'cat', 'frog']",horse
33157,9,"['dog', 'frog', 'cat', 'airplane']",dog
33158,8,"['horse', 'airplane', 'cat', 'frog']",horse
33159,3,"['frog', 'ship', 'automobile', 'airplane']",ship
33160,0,"['horse', 'deer', 'frog', 'cat']",horse
33161,5,"['frog', 'ship', 'airplane', 'automobile']",ship
33162,0,"['horse', 'deer', 'frog', 'cat']",horse
33163,5,"['frog', 'ship', 'airplane', 'automobile']",ship
33164,1,"['bird', 'dog', 'frog', 'cat', 'airplane']",airplane
33165,8,"['horse', 'airplane', 'cat', 'frog']",horse
33166,5,"['frog', 'ship', 'airplane', 'automobile']",ship
33167,4,"['cat', 'automobile', 'frog', 'airplane']",automobile
33168,3,"['frog', 'ship', 'automobile', 'airplane']",ship
33169,3,"['frog', 'ship', 'automobile', 'airplane']",ship
33170,2,"['ship', 'cat', 'automobile', 'airplane']",cat
33171,4,"['cat', 'automobile', 'frog', 'airplane']",automobile
33172,5,"['frog', 'ship', 'airplane', 'automobile']",ship
33173,6,"['automobile', 'horse', 'ship', 'airplane']",ship
33174,7,"['automobile', 'cat', 'airplane', 'frog']",cat
33175,2,"['ship', 'cat', 'automobile', 'airplane']",cat
33176,7,"['automobile', 'cat', 'airplane', 'frog']",airplane
33177,3,"['frog', 'ship', 'automobile', 'airplane']",ship
33178,6,"['automobile', 'horse', 'ship', 'airplane']",ship
33179,0,"['horse', 'deer', 'frog', 'cat']",horse
33180,4,"['cat', 'automobile', 'frog', 'airplane']",automobile
33181,1,"['bird', 'dog', 'frog', 'cat', 'airplane']",airplane
33182,9,"['dog', 'frog', 'cat', 'airplane']",airplane
33183,2,"['ship', 'cat', 'automobile', 'airplane']",cat
33184,8,"['horse', 'airplane', 'cat', 'frog']",horse
33185,4,"['cat', 'automobile', 'frog', 'airplane']",automobile
33186,0,"['horse', 'deer', 'frog', 'cat']",horse
33187,4,"['cat', 'automobile', 'frog', 'airplane']",automobile
33188,1,"['bird', 'dog', 'frog', 'cat', 'airplane']",airplane
33189,7,"['automobile', 'cat', 'airplane', 'frog']",cat
33190,8,"['horse', 'airplane', 'cat', 'frog']",horse
33191,7,"['automobile', 'cat', 'airplane', 'frog']",cat
33192,6,"['automobile', 'horse', 'ship', 'airplane']",airplane
33193,5,"['frog', 'ship', 'airplane', 'automobile']",ship
33194,1,"['bird', 'dog', 'frog', 'cat', 'airplane']",airplane
33195,8,"['horse', 'airplane', 'cat', 'frog']",horse
33196,1,"['bird', 'dog', 'frog', 'cat', 'airplane']",airplane
33197,4,"['cat', 'automobile', 'frog', 'airplane']",automobile
33198,1,"['bird', 'dog', 'frog', 'cat', 'airplane']",airplane
33199,5,"['frog', 'ship', 'airplane', 'automobile']",ship
33200,9,"['dog', 'frog', 'cat', 'airplane']",airplane
33201,6,"['automobile', 'horse', 'ship', 'airplane']",airplane
33202,0,"['horse', 'deer', 'frog', 'cat']",horse
33203,7,"['automobile', 'cat', 'airplane', 'frog']",cat
33204,2,"['ship', 'cat', 'automobile', 'airplane']",cat
33205,2,"['ship', 'cat', 'automobile', 'airplane']",cat
33206,1,"['bird', 'dog', 'frog', 'cat', 'airplane']",airplane
33207,1,"['bird', 'dog', 'frog', 'cat', 'airplane']",airplane
33208,9,"['dog', 'frog', 'cat', 'airplane']",airplane
33209,4,"['cat', 'automobile', 'frog', 'airplane']",automobile
33210,3,"['frog', 'ship', 'automobile', 'airplane']",ship
33211,3,"['frog', 'ship', 'automobile', 'airplane']",ship
33212,6,"['automobile', 'horse', 'ship', 'airplane']",airplane
33213,6,"['automobile', 'horse', 'ship', 'airplane']",airplane
33214,0,"['horse', 'deer', 'frog', 'cat']",horse
33215,4,"['cat', 'automobile', 'frog', 'airplane']",automobile
33216,6,"['automobile', 'horse', 'ship', 'airplane']",airplane
33217,1,"['bird', 'dog', 'frog', 'cat', 'airplane']",airplane
33218,2,"['ship', 'cat', 'automobile', 'airplane']",cat
33219,9,"['dog', 'frog', 'cat', 'airplane']",airplane
33220,7,"['automobile', 'cat', 'airplane', 'frog']",cat
33221,4,"['cat', 'automobile', 'frog', 'airplane']",automobile
33222,4,"['cat', 'automobile', 'frog', 'airplane']",automobile
33223,4,"['cat', 'automobile', 'frog', 'airplane']",automobile
33224,9,"['dog', 'frog', 'cat', 'airplane']",dog
33225,8,"['horse', 'airplane', 'cat', 'frog']",horse
33226,4,"['cat', 'automobile', 'frog', 'airplane']",automobile
33227,8,"['horse', 'airplane', 'cat', 'frog']",horse
33228,1,"['bird', 'dog', 'frog', 'cat', 'airplane']",airplane
33229,0,"['horse', 'deer', 'frog', 'cat']",horse
33230,1,"['bird', 'dog', 'frog', 'cat', 'airplane']",airplane
33231,8,"['horse', 'airplane', 'cat', 'frog']",horse
33232,4,"['cat', 'automobile', 'frog', 'airplane']",automobile
33233,2,"['ship', 'cat', 'automobile', 'airplane']",automobile
33234,2,"['ship', 'cat', 'automobile', 'airplane']",automobile
33235,0,"['horse', 'deer', 'frog', 'cat']",horse
33236,3,"['frog', 'ship', 'automobile', 'airplane']",ship
33237,1,"['bird', 'dog', 'frog', 'cat', 'airplane']",airplane
33238,3,"['frog', 'ship', 'automobile', 'airplane']",ship
33239,4,"['cat', 'automobile', 'frog', 'airplane']",automobile
33240,8,"['horse', 'airplane', 'cat', 'frog']",horse
33241,1,"['bird', 'dog', 'frog', 'cat', 'airplane']",airplane
33242,0,"['horse', 'deer', 'frog', 'cat']",horse
33243,0,"['horse', 'deer', 'frog', 'cat']",horse
33244,6,"['automobile', 'horse', 'ship', 'airplane']",airplane
33245,4,"['cat', 'automobile', 'frog', 'airplane']",automobile
33246,5,"['frog', 'ship', 'airplane', 'automobile']",ship
33247,6,"['automobile', 'horse', 'ship', 'airplane']",airplane
33248,9,"['dog', 'frog', 'cat', 'airplane']",dog
33249,0,"['horse', 'deer', 'frog', 'cat']",horse
33250,1,"['bird', 'dog', 'frog', 'cat', 'airplane']",airplane
33251,6,"['automobile', 'horse', 'ship', 'airplane']",horse
33252,1,"['bird', 'dog', 'frog', 'cat', 'airplane']",airplane
33253,4,"['cat', 'automobile', 'frog', 'airplane']",automobile
33254,7,"['automobile', 'cat', 'airplane', 'frog']",cat
33255,0,"['horse', 'deer', 'frog', 'cat']",horse
33256,6,"['automobile', 'horse', 'ship', 'airplane']",airplane
33257,1,"['bird', 'dog', 'frog', 'cat', 'airplane']",airplane
33258,0,"['horse', 'deer', 'frog', 'cat']",horse
33259,5,"['frog', 'ship', 'airplane', 'automobile']",ship
33260,6,"['automobile', 'horse', 'ship', 'airplane']",automobile
33261,1,"['bird', 'dog', 'frog', 'cat', 'airplane']",airplane
33262,3,"['frog', 'ship', 'automobile', 'airplane']",ship
33263,2,"['ship', 'cat', 'automobile', 'airplane']",cat
33264,8,"['horse', 'airplane', 'cat', 'frog']",horse
33265,7,"['automobile', 'cat', 'airplane', 'frog']",cat
33266,4,"['cat', 'automobile', 'frog', 'airplane']",automobile
33267,3,"['frog', 'ship', 'automobile', 'airplane']",ship
33268,0,"['horse', 'deer', 'frog', 'cat']",horse
33269,5,"['frog', 'ship', 'airplane', 'automobile']",ship
33270,2,"['ship', 'cat', 'automobile', 'airplane']",automobile
33271,1,"['bird', 'dog', 'frog', 'cat', 'airplane']",airplane
33272,4,"['cat', 'automobile', 'frog', 'airplane']",automobile
33273,4,"['cat', 'automobile', 'frog', 'airplane']",automobile
33274,6,"['automobile', 'horse', 'ship', 'airplane']",horse
33275,3,"['frog', 'ship', 'automobile', 'airplane']",ship
33276,2,"['ship', 'cat', 'automobile', 'airplane']",cat
33277,2,"['ship', 'cat', 'automobile', 'airplane']",automobile
33278,6,"['automobile', 'horse', 'ship', 'airplane']",airplane
33279,4,"['cat', 'automobile', 'frog', 'airplane']",automobile
33280,3,"['frog', 'ship', 'automobile', 'airplane']",ship
33281,9,"['dog', 'frog', 'cat', 'airplane']",airplane
33282,2,"['ship', 'cat', 'automobile', 'airplane']",cat
33283,5,"['frog', 'ship', 'airplane', 'automobile']",ship
33284,9,"['dog', 'frog', 'cat', 'airplane']",airplane
33285,1,"['bird', 'dog', 'frog', 'cat', 'airplane']",airplane
33286,2,"['ship', 'cat', 'automobile', 'airplane']",cat
33287,8,"['horse', 'airplane', 'cat', 'frog']",horse
33288,4,"['cat', 'automobile', 'frog', 'airplane']",automobile
33289,5,"['frog', 'ship', 'airplane', 'automobile']",ship
33290,4,"['cat', 'automobile', 'frog', 'airplane']",automobile
33291,2,"['ship', 'cat', 'automobile', 'airplane']",cat
33292,1,"['bird', 'dog', 'frog', 'cat', 'airplane']",airplane
33293,2,"['ship', 'cat', 'automobile', 'airplane']",cat
33294,5,"['frog', 'ship', 'airplane', 'automobile']",ship
33295,5,"['frog', 'ship', 'airplane', 'automobile']",ship
33296,4,"['cat', 'automobile', 'frog', 'airplane']",automobile
33297,5,"['frog', 'ship', 'airplane', 'automobile']",ship
33298,6,"['automobile', 'horse', 'ship', 'airplane']",airplane
33299,7,"['automobile', 'cat', 'airplane', 'frog']",cat
33300,2,"['ship', 'cat', 'automobile', 'airplane']",ship
33301,3,"['frog', 'ship', 'automobile', 'airplane']",ship
33302,4,"['cat', 'automobile', 'frog', 'airplane']",automobile
33303,2,"['ship', 'cat', 'automobile', 'airplane']",automobile
33304,5,"['frog', 'ship', 'airplane', 'automobile']",ship
33305,1,"['bird', 'dog', 'frog', 'cat', 'airplane']",airplane
33306,5,"['frog', 'ship', 'airplane', 'automobile']",ship
33307,1,"['bird', 'dog', 'frog', 'cat', 'airplane']",airplane
33308,7,"['automobile', 'cat', 'airplane', 'frog']",cat
33309,6,"['automobile', 'horse', 'ship', 'airplane']",automobile
33310,2,"['ship', 'cat', 'automobile', 'airplane']",cat
33311,5,"['frog', 'ship', 'airplane', 'automobile']",ship
33312,4,"['cat', 'automobile', 'frog', 'airplane']",automobile
33313,5,"['frog', 'ship', 'airplane', 'automobile']",ship
33314,1,"['bird', 'dog', 'frog', 'cat', 'airplane']",airplane
33315,0,"['horse', 'deer', 'frog', 'cat']",horse
33316,9,"['dog', 'frog', 'cat', 'airplane']",dog
33317,8,"['horse', 'airplane', 'cat', 'frog']",horse
33318,3,"['frog', 'ship', 'automobile', 'airplane']",ship
33319,5,"['frog', 'ship', 'airplane', 'automobile']",ship
33320,5,"['frog', 'ship', 'airplane', 'automobile']",ship
33321,1,"['bird', 'dog', 'frog', 'cat', 'airplane']",airplane
33322,8,"['horse', 'airplane', 'cat', 'frog']",horse
33323,2,"['ship', 'cat', 'automobile', 'airplane']",cat
33324,7,"['automobile', 'cat', 'airplane', 'frog']",cat
33325,0,"['horse', 'deer', 'frog', 'cat']",horse
33326,9,"['dog', 'frog', 'cat', 'airplane']",dog
33327,1,"['bird', 'dog', 'frog', 'cat', 'airplane']",airplane
33328,0,"['horse', 'deer', 'frog', 'cat']",horse
33329,3,"['frog', 'ship', 'automobile', 'airplane']",ship
33330,7,"['automobile', 'cat', 'airplane', 'frog']",frog
33331,5,"['frog', 'ship', 'airplane', 'automobile']",ship
33332,6,"['automobile', 'horse', 'ship', 'airplane']",airplane
33333,5,"['frog', 'ship', 'airplane', 'automobile']",ship
33334,4,"['cat', 'automobile', 'frog', 'airplane']",automobile
33335,8,"['horse', 'airplane', 'cat', 'frog']",horse
33336,0,"['horse', 'deer', 'frog', 'cat']",horse
33337,3,"['frog', 'ship', 'automobile', 'airplane']",ship
33338,5,"['frog', 'ship', 'airplane', 'automobile']",ship
33339,0,"['horse', 'deer', 'frog', 'cat']",horse
33340,7,"['automobile', 'cat', 'airplane', 'frog']",frog
33341,7,"['automobile', 'cat', 'airplane', 'frog']",cat
33342,4,"['cat', 'automobile', 'frog', 'airplane']",airplane
33343,7,"['automobile', 'cat', 'airplane', 'frog']",airplane
33344,9,"['dog', 'frog', 'cat', 'airplane']",airplane
33345,3,"['frog', 'ship', 'automobile', 'airplane']",ship
33346,3,"['frog', 'ship', 'automobile', 'airplane']",ship
33347,0,"['horse', 'deer', 'frog', 'cat']",horse
33348,7,"['automobile', 'cat', 'airplane', 'frog']",cat
33349,7,"['automobile', 'cat', 'airplane', 'frog']",cat
33350,2,"['ship', 'cat', 'automobile', 'airplane']",automobile
33351,1,"['bird', 'dog', 'frog', 'cat', 'airplane']",airplane
33352,4,"['cat', 'automobile', 'frog', 'airplane']",automobile
33353,3,"['frog', 'ship', 'automobile', 'airplane']",ship
33354,5,"['frog', 'ship', 'airplane', 'automobile']",ship
33355,3,"['frog', 'ship', 'automobile', 'airplane']",ship
33356,8,"['horse', 'airplane', 'cat', 'frog']",horse
33357,4,"['cat', 'automobile', 'frog', 'airplane']",automobile
33358,3,"['frog', 'ship', 'automobile', 'airplane']",ship
33359,4,"['cat', 'automobile', 'frog', 'airplane']",airplane
33360,0,"['horse', 'deer', 'frog', 'cat']",horse
33361,2,"['ship', 'cat', 'automobile', 'airplane']",cat
33362,9,"['dog', 'frog', 'cat', 'airplane']",airplane
33363,0,"['horse', 'deer', 'frog', 'cat']",horse
33364,6,"['automobile', 'horse', 'ship', 'airplane']",ship
33365,4,"['cat', 'automobile', 'frog', 'airplane']",automobile
33366,6,"['automobile', 'horse', 'ship', 'airplane']",airplane
33367,6,"['automobile', 'horse', 'ship', 'airplane']",airplane
33368,0,"['horse', 'deer', 'frog', 'cat']",horse
33369,4,"['cat', 'automobile', 'frog', 'airplane']",automobile
33370,4,"['cat', 'automobile', 'frog', 'airplane']",automobile
33371,3,"['frog', 'ship', 'automobile', 'airplane']",ship
33372,8,"['horse', 'airplane', 'cat', 'frog']",horse
33373,4,"['cat', 'automobile', 'frog', 'airplane']",automobile
33374,7,"['automobile', 'cat', 'airplane', 'frog']",airplane
33375,3,"['frog', 'ship', 'automobile', 'airplane']",ship
33376,9,"['dog', 'frog', 'cat', 'airplane']",dog
33377,2,"['ship', 'cat', 'automobile', 'airplane']",cat
33378,4,"['cat', 'automobile', 'frog', 'airplane']",automobile
33379,2,"['ship', 'cat', 'automobile', 'airplane']",automobile
33380,0,"['horse', 'deer', 'frog', 'cat']",horse
33381,6,"['automobile', 'horse', 'ship', 'airplane']",airplane
33382,7,"['automobile', 'cat', 'airplane', 'frog']",airplane
33383,4,"['cat', 'automobile', 'frog', 'airplane']",automobile
33384,8,"['horse', 'airplane', 'cat', 'frog']",horse
33385,8,"['horse', 'airplane', 'cat', 'frog']",horse
33386,0,"['horse', 'deer', 'frog', 'cat']",horse
33387,3,"['frog', 'ship', 'automobile', 'airplane']",ship
33388,7,"['automobile', 'cat', 'airplane', 'frog']",cat
33389,7,"['automobile', 'cat', 'airplane', 'frog']",airplane
33390,1,"['bird', 'dog', 'frog', 'cat', 'airplane']",airplane
33391,9,"['dog', 'frog', 'cat', 'airplane']",airplane
33392,1,"['bird', 'dog', 'frog', 'cat', 'airplane']",airplane
33393,3,"['frog', 'ship', 'automobile', 'airplane']",ship
33394,5,"['frog', 'ship', 'airplane', 'automobile']",ship
33395,2,"['ship', 'cat', 'automobile', 'airplane']",automobile
33396,2,"['ship', 'cat', 'automobile', 'airplane']",cat
33397,7,"['automobile', 'cat', 'airplane', 'frog']",cat
33398,8,"['horse', 'airplane', 'cat', 'frog']",horse
33399,1,"['bird', 'dog', 'frog', 'cat', 'airplane']",airplane
33400,6,"['automobile', 'horse', 'ship', 'airplane']",airplane
33401,4,"['cat', 'automobile', 'frog', 'airplane']",automobile
33402,6,"['automobile', 'horse', 'ship', 'airplane']",automobile
33403,2,"['ship', 'cat', 'automobile', 'airplane']",cat
33404,9,"['dog', 'frog', 'cat', 'airplane']",dog
33405,6,"['automobile', 'horse', 'ship', 'airplane']",automobile
33406,8,"['horse', 'airplane', 'cat', 'frog']",horse
33407,8,"['horse', 'airplane', 'cat', 'frog']",horse
33408,4,"['cat', 'automobile', 'frog', 'airplane']",automobile
33409,3,"['frog', 'ship', 'automobile', 'airplane']",ship
33410,8,"['horse', 'airplane', 'cat', 'frog']",horse
33411,6,"['automobile', 'horse', 'ship', 'airplane']",ship
33412,2,"['ship', 'cat', 'automobile', 'airplane']",cat
33413,9,"['dog', 'frog', 'cat', 'airplane']",airplane
33414,0,"['horse', 'deer', 'frog', 'cat']",horse
33415,1,"['bird', 'dog', 'frog', 'cat', 'airplane']",airplane
33416,0,"['horse', 'deer', 'frog', 'cat']",horse
33417,9,"['dog', 'frog', 'cat', 'airplane']",airplane
33418,8,"['horse', 'airplane', 'cat', 'frog']",horse
33419,0,"['horse', 'deer', 'frog', 'cat']",horse
33420,6,"['automobile', 'horse', 'ship', 'airplane']",ship
33421,0,"['horse', 'deer', 'frog', 'cat']",horse
33422,3,"['frog', 'ship', 'automobile', 'airplane']",ship
33423,5,"['frog', 'ship', 'airplane', 'automobile']",ship
33424,5,"['frog', 'ship', 'airplane', 'automobile']",ship
33425,6,"['automobile', 'horse', 'ship', 'airplane']",airplane
33426,1,"['bird', 'dog', 'frog', 'cat', 'airplane']",airplane
33427,3,"['frog', 'ship', 'automobile', 'airplane']",ship
33428,3,"['frog', 'ship', 'automobile', 'airplane']",ship
33429,5,"['frog', 'ship', 'airplane', 'automobile']",ship
33430,5,"['frog', 'ship', 'airplane', 'automobile']",ship
33431,9,"['dog', 'frog', 'cat', 'airplane']",airplane
33432,9,"['dog', 'frog', 'cat', 'airplane']",airplane
33433,9,"['dog', 'frog', 'cat', 'airplane']",dog
33434,4,"['cat', 'automobile', 'frog', 'airplane']",automobile
33435,5,"['frog', 'ship', 'airplane', 'automobile']",ship
33436,6,"['automobile', 'horse', 'ship', 'airplane']",airplane
33437,9,"['dog', 'frog', 'cat', 'airplane']",airplane
33438,0,"['horse', 'deer', 'frog', 'cat']",horse
33439,7,"['automobile', 'cat', 'airplane', 'frog']",airplane
33440,1,"['bird', 'dog', 'frog', 'cat', 'airplane']",airplane
33441,8,"['horse', 'airplane', 'cat', 'frog']",horse
33442,2,"['ship', 'cat', 'automobile', 'airplane']",automobile
33443,3,"['frog', 'ship', 'automobile', 'airplane']",ship
33444,9,"['dog', 'frog', 'cat', 'airplane']",airplane
33445,2,"['ship', 'cat', 'automobile', 'airplane']",automobile
33446,8,"['horse', 'airplane', 'cat', 'frog']",horse
33447,0,"['horse', 'deer', 'frog', 'cat']",horse
33448,2,"['ship', 'cat', 'automobile', 'airplane']",cat
33449,2,"['ship', 'cat', 'automobile', 'airplane']",automobile
33450,7,"['automobile', 'cat', 'airplane', 'frog']",cat
33451,0,"['horse', 'deer', 'frog', 'cat']",horse
33452,1,"['bird', 'dog', 'frog', 'cat', 'airplane']",airplane
33453,0,"['horse', 'deer', 'frog', 'cat']",horse
33454,5,"['frog', 'ship', 'airplane', 'automobile']",ship
33455,5,"['frog', 'ship', 'airplane', 'automobile']",ship
33456,8,"['horse', 'airplane', 'cat', 'frog']",horse
33457,2,"['ship', 'cat', 'automobile', 'airplane']",automobile
33458,4,"['cat', 'automobile', 'frog', 'airplane']",automobile
33459,8,"['horse', 'airplane', 'cat', 'frog']",horse
33460,9,"['dog', 'frog', 'cat', 'airplane']",airplane
33461,0,"['horse', 'deer', 'frog', 'cat']",horse
33462,2,"['ship', 'cat', 'automobile', 'airplane']",automobile
33463,3,"['frog', 'ship', 'automobile', 'airplane']",ship
33464,5,"['frog', 'ship', 'airplane', 'automobile']",ship
33465,4,"['cat', 'automobile', 'frog', 'airplane']",automobile
33466,6,"['automobile', 'horse', 'ship', 'airplane']",airplane
33467,5,"['frog', 'ship', 'airplane', 'automobile']",ship
33468,6,"['automobile', 'horse', 'ship', 'airplane']",automobile
33469,7,"['automobile', 'cat', 'airplane', 'frog']",cat
33470,6,"['automobile', 'horse', 'ship', 'airplane']",airplane
33471,0,"['horse', 'deer', 'frog', 'cat']",deer
33472,9,"['dog', 'frog', 'cat', 'airplane']",airplane
33473,4,"['cat', 'automobile', 'frog', 'airplane']",automobile
33474,2,"['ship', 'cat', 'automobile', 'airplane']",ship
33475,7,"['automobile', 'cat', 'airplane', 'frog']",cat
33476,5,"['frog', 'ship', 'airplane', 'automobile']",ship
33477,5,"['frog', 'ship', 'airplane', 'automobile']",ship
33478,0,"['horse', 'deer', 'frog', 'cat']",horse
33479,4,"['cat', 'automobile', 'frog', 'airplane']",automobile
33480,4,"['cat', 'automobile', 'frog', 'airplane']",automobile
33481,2,"['ship', 'cat', 'automobile', 'airplane']",automobile
33482,4,"['cat', 'automobile', 'frog', 'airplane']",automobile
33483,9,"['dog', 'frog', 'cat', 'airplane']",airplane
33484,3,"['frog', 'ship', 'automobile', 'airplane']",ship
33485,7,"['automobile', 'cat', 'airplane', 'frog']",cat
33486,9,"['dog', 'frog', 'cat', 'airplane']",airplane
33487,9,"['dog', 'frog', 'cat', 'airplane']",airplane
33488,6,"['automobile', 'horse', 'ship', 'airplane']",airplane
33489,0,"['horse', 'deer', 'frog', 'cat']",frog
33490,2,"['ship', 'cat', 'automobile', 'airplane']",ship
33491,6,"['automobile', 'horse', 'ship', 'airplane']",airplane
33492,6,"['automobile', 'horse', 'ship', 'airplane']",automobile
33493,2,"['ship', 'cat', 'automobile', 'airplane']",automobile
33494,5,"['frog', 'ship', 'airplane', 'automobile']",ship
33495,7,"['automobile', 'cat', 'airplane', 'frog']",airplane
33496,7,"['automobile', 'cat', 'airplane', 'frog']",cat
33497,6,"['automobile', 'horse', 'ship', 'airplane']",airplane
33498,2,"['ship', 'cat', 'automobile', 'airplane']",cat
33499,4,"['cat', 'automobile', 'frog', 'airplane']",automobile
33500,8,"['horse', 'airplane', 'cat', 'frog']",horse
33501,4,"['cat', 'automobile', 'frog', 'airplane']",automobile
33502,0,"['horse', 'deer', 'frog', 'cat']",horse
33503,2,"['ship', 'cat', 'automobile', 'airplane']",cat
33504,5,"['frog', 'ship', 'airplane', 'automobile']",ship
33505,1,"['bird', 'dog', 'frog', 'cat', 'airplane']",airplane
33506,6,"['automobile', 'horse', 'ship', 'airplane']",airplane
33507,4,"['cat', 'automobile', 'frog', 'airplane']",automobile
33508,2,"['ship', 'cat', 'automobile', 'airplane']",automobile
33509,0,"['horse', 'deer', 'frog', 'cat']",horse
33510,0,"['horse', 'deer', 'frog', 'cat']",horse
33511,3,"['frog', 'ship', 'automobile', 'airplane']",ship
33512,4,"['cat', 'automobile', 'frog', 'airplane']",automobile
33513,2,"['ship', 'cat', 'automobile', 'airplane']",cat
33514,0,"['horse', 'deer', 'frog', 'cat']",horse
33515,4,"['cat', 'automobile', 'frog', 'airplane']",automobile
33516,0,"['horse', 'deer', 'frog', 'cat']",horse
33517,6,"['automobile', 'horse', 'ship', 'airplane']",ship
33518,2,"['ship', 'cat', 'automobile', 'airplane']",cat
33519,2,"['ship', 'cat', 'automobile', 'airplane']",automobile
33520,9,"['dog', 'frog', 'cat', 'airplane']",airplane
33521,8,"['horse', 'airplane', 'cat', 'frog']",horse
33522,7,"['automobile', 'cat', 'airplane', 'frog']",cat
33523,4,"['cat', 'automobile', 'frog', 'airplane']",automobile
33524,7,"['automobile', 'cat', 'airplane', 'frog']",airplane
33525,3,"['frog', 'ship', 'automobile', 'airplane']",ship
33526,3,"['frog', 'ship', 'automobile', 'airplane']",ship
33527,7,"['automobile', 'cat', 'airplane', 'frog']",cat
33528,6,"['automobile', 'horse', 'ship', 'airplane']",airplane
33529,4,"['cat', 'automobile', 'frog', 'airplane']",automobile
33530,0,"['horse', 'deer', 'frog', 'cat']",horse
33531,2,"['ship', 'cat', 'automobile', 'airplane']",cat
33532,1,"['bird', 'dog', 'frog', 'cat', 'airplane']",airplane
33533,8,"['horse', 'airplane', 'cat', 'frog']",horse
33534,5,"['frog', 'ship', 'airplane', 'automobile']",ship
33535,2,"['ship', 'cat', 'automobile', 'airplane']",cat
33536,6,"['automobile', 'horse', 'ship', 'airplane']",airplane
33537,8,"['horse', 'airplane', 'cat', 'frog']",horse
33538,9,"['dog', 'frog', 'cat', 'airplane']",dog
33539,1,"['bird', 'dog', 'frog', 'cat', 'airplane']",airplane
33540,1,"['bird', 'dog', 'frog', 'cat', 'airplane']",airplane
33541,6,"['automobile', 'horse', 'ship', 'airplane']",airplane
33542,0,"['horse', 'deer', 'frog', 'cat']",horse
33543,6,"['automobile', 'horse', 'ship', 'airplane']",airplane
33544,2,"['ship', 'cat', 'automobile', 'airplane']",cat
33545,1,"['bird', 'dog', 'frog', 'cat', 'airplane']",airplane
33546,3,"['frog', 'ship', 'automobile', 'airplane']",ship
33547,9,"['dog', 'frog', 'cat', 'airplane']",airplane
33548,6,"['automobile', 'horse', 'ship', 'airplane']",airplane
33549,8,"['horse', 'airplane', 'cat', 'frog']",horse
33550,2,"['ship', 'cat', 'automobile', 'airplane']",cat
33551,6,"['automobile', 'horse', 'ship', 'airplane']",airplane
33552,5,"['frog', 'ship', 'airplane', 'automobile']",ship
33553,7,"['automobile', 'cat', 'airplane', 'frog']",cat
33554,8,"['horse', 'airplane', 'cat', 'frog']",horse
33555,5,"['frog', 'ship', 'airplane', 'automobile']",ship
33556,7,"['automobile', 'cat', 'airplane', 'frog']",airplane
33557,6,"['automobile', 'horse', 'ship', 'airplane']",airplane
33558,0,"['horse', 'deer', 'frog', 'cat']",horse
33559,7,"['automobile', 'cat', 'airplane', 'frog']",frog
33560,3,"['frog', 'ship', 'automobile', 'airplane']",ship
33561,1,"['bird', 'dog', 'frog', 'cat', 'airplane']",airplane
33562,8,"['horse', 'airplane', 'cat', 'frog']",airplane
33563,9,"['dog', 'frog', 'cat', 'airplane']",airplane
33564,2,"['ship', 'cat', 'automobile', 'airplane']",cat
33565,6,"['automobile', 'horse', 'ship', 'airplane']",horse
33566,6,"['automobile', 'horse', 'ship', 'airplane']",airplane
33567,5,"['frog', 'ship', 'airplane', 'automobile']",ship
33568,9,"['dog', 'frog', 'cat', 'airplane']",dog
33569,1,"['bird', 'dog', 'frog', 'cat', 'airplane']",airplane
33570,8,"['horse', 'airplane', 'cat', 'frog']",horse
33571,8,"['horse', 'airplane', 'cat', 'frog']",horse
33572,0,"['horse', 'deer', 'frog', 'cat']",horse
33573,0,"['horse', 'deer', 'frog', 'cat']",horse
33574,4,"['cat', 'automobile', 'frog', 'airplane']",automobile
33575,2,"['ship', 'cat', 'automobile', 'airplane']",cat
33576,5,"['frog', 'ship', 'airplane', 'automobile']",ship
33577,8,"['horse', 'airplane', 'cat', 'frog']",horse
33578,5,"['frog', 'ship', 'airplane', 'automobile']",ship
33579,5,"['frog', 'ship', 'airplane', 'automobile']",ship
33580,2,"['ship', 'cat', 'automobile', 'airplane']",cat
33581,4,"['cat', 'automobile', 'frog', 'airplane']",automobile
33582,3,"['frog', 'ship', 'automobile', 'airplane']",ship
33583,7,"['automobile', 'cat', 'airplane', 'frog']",frog
33584,0,"['horse', 'deer', 'frog', 'cat']",horse
33585,7,"['automobile', 'cat', 'airplane', 'frog']",cat
33586,4,"['cat', 'automobile', 'frog', 'airplane']",automobile
33587,2,"['ship', 'cat', 'automobile', 'airplane']",automobile
33588,9,"['dog', 'frog', 'cat', 'airplane']",airplane
33589,0,"['horse', 'deer', 'frog', 'cat']",horse
33590,4,"['cat', 'automobile', 'frog', 'airplane']",automobile
33591,7,"['automobile', 'cat', 'airplane', 'frog']",cat
33592,7,"['automobile', 'cat', 'airplane', 'frog']",airplane
33593,9,"['dog', 'frog', 'cat', 'airplane']",dog
33594,6,"['automobile', 'horse', 'ship', 'airplane']",ship
33595,6,"['automobile', 'horse', 'ship', 'airplane']",airplane
33596,0,"['horse', 'deer', 'frog', 'cat']",horse
33597,4,"['cat', 'automobile', 'frog', 'airplane']",automobile
33598,1,"['bird', 'dog', 'frog', 'cat', 'airplane']",airplane
33599,1,"['bird', 'dog', 'frog', 'cat', 'airplane']",airplane
33600,3,"['frog', 'ship', 'automobile', 'airplane']",ship
33601,3,"['frog', 'ship', 'automobile', 'airplane']",ship
33602,2,"['ship', 'cat', 'automobile', 'airplane']",cat
33603,0,"['horse', 'deer', 'frog', 'cat']",horse
33604,6,"['automobile', 'horse', 'ship', 'airplane']",automobile
33605,7,"['automobile', 'cat', 'airplane', 'frog']",cat
33606,5,"['frog', 'ship', 'airplane', 'automobile']",ship
33607,3,"['frog', 'ship', 'automobile', 'airplane']",frog
33608,6,"['automobile', 'horse', 'ship', 'airplane']",airplane
33609,5,"['frog', 'ship', 'airplane', 'automobile']",ship
33610,4,"['cat', 'automobile', 'frog', 'airplane']",automobile
33611,1,"['bird', 'dog', 'frog', 'cat', 'airplane']",airplane
33612,3,"['frog', 'ship', 'automobile', 'airplane']",ship
33613,8,"['horse', 'airplane', 'cat', 'frog']",horse
33614,4,"['cat', 'automobile', 'frog', 'airplane']",automobile
33615,1,"['bird', 'dog', 'frog', 'cat', 'airplane']",airplane
33616,2,"['ship', 'cat', 'automobile', 'airplane']",automobile
33617,0,"['horse', 'deer', 'frog', 'cat']",horse
33618,7,"['automobile', 'cat', 'airplane', 'frog']",cat
33619,6,"['automobile', 'horse', 'ship', 'airplane']",automobile
33620,9,"['dog', 'frog', 'cat', 'airplane']",airplane
33621,2,"['ship', 'cat', 'automobile', 'airplane']",automobile
33622,5,"['frog', 'ship', 'airplane', 'automobile']",ship
33623,6,"['automobile', 'horse', 'ship', 'airplane']",airplane
33624,1,"['bird', 'dog', 'frog', 'cat', 'airplane']",airplane
33625,1,"['bird', 'dog', 'frog', 'cat', 'airplane']",airplane
33626,8,"['horse', 'airplane', 'cat', 'frog']",horse
33627,6,"['automobile', 'horse', 'ship', 'airplane']",ship
33628,5,"['frog', 'ship', 'airplane', 'automobile']",ship
33629,5,"['frog', 'ship', 'airplane', 'automobile']",ship
33630,6,"['automobile', 'horse', 'ship', 'airplane']",airplane
33631,5,"['frog', 'ship', 'airplane', 'automobile']",ship
33632,2,"['ship', 'cat', 'automobile', 'airplane']",automobile
33633,3,"['frog', 'ship', 'automobile', 'airplane']",ship
33634,5,"['frog', 'ship', 'airplane', 'automobile']",ship
33635,3,"['frog', 'ship', 'automobile', 'airplane']",ship
33636,7,"['automobile', 'cat', 'airplane', 'frog']",cat
33637,9,"['dog', 'frog', 'cat', 'airplane']",airplane
33638,0,"['horse', 'deer', 'frog', 'cat']",horse
33639,9,"['dog', 'frog', 'cat', 'airplane']",dog
33640,1,"['bird', 'dog', 'frog', 'cat', 'airplane']",airplane
33641,8,"['horse', 'airplane', 'cat', 'frog']",horse
33642,3,"['frog', 'ship', 'automobile', 'airplane']",ship
33643,1,"['bird', 'dog', 'frog', 'cat', 'airplane']",airplane
33644,2,"['ship', 'cat', 'automobile', 'airplane']",ship
33645,5,"['frog', 'ship', 'airplane', 'automobile']",ship
33646,1,"['bird', 'dog', 'frog', 'cat', 'airplane']",airplane
33647,0,"['horse', 'deer', 'frog', 'cat']",horse
33648,7,"['automobile', 'cat', 'airplane', 'frog']",cat
33649,2,"['ship', 'cat', 'automobile', 'airplane']",cat
33650,1,"['bird', 'dog', 'frog', 'cat', 'airplane']",airplane
33651,8,"['horse', 'airplane', 'cat', 'frog']",horse
33652,7,"['automobile', 'cat', 'airplane', 'frog']",airplane
33653,3,"['frog', 'ship', 'automobile', 'airplane']",ship
33654,0,"['horse', 'deer', 'frog', 'cat']",horse
33655,8,"['horse', 'airplane', 'cat', 'frog']",horse
33656,9,"['dog', 'frog', 'cat', 'airplane']",dog
33657,4,"['cat', 'automobile', 'frog', 'airplane']",airplane
33658,1,"['bird', 'dog', 'frog', 'cat', 'airplane']",dog
33659,7,"['automobile', 'cat', 'airplane', 'frog']",airplane
33660,7,"['automobile', 'cat', 'airplane', 'frog']",cat
33661,8,"['horse', 'airplane', 'cat', 'frog']",horse
33662,0,"['horse', 'deer', 'frog', 'cat']",horse
33663,6,"['automobile', 'horse', 'ship', 'airplane']",airplane
33664,4,"['cat', 'automobile', 'frog', 'airplane']",automobile
33665,9,"['dog', 'frog', 'cat', 'airplane']",airplane
33666,4,"['cat', 'automobile', 'frog', 'airplane']",automobile
33667,4,"['cat', 'automobile', 'frog', 'airplane']",automobile
33668,9,"['dog', 'frog', 'cat', 'airplane']",airplane
33669,4,"['cat', 'automobile', 'frog', 'airplane']",automobile
33670,0,"['horse', 'deer', 'frog', 'cat']",horse
33671,9,"['dog', 'frog', 'cat', 'airplane']",airplane
33672,9,"['dog', 'frog', 'cat', 'airplane']",dog
33673,4,"['cat', 'automobile', 'frog', 'airplane']",automobile
33674,4,"['cat', 'automobile', 'frog', 'airplane']",automobile
33675,4,"['cat', 'automobile', 'frog', 'airplane']",automobile
33676,9,"['dog', 'frog', 'cat', 'airplane']",dog
33677,2,"['ship', 'cat', 'automobile', 'airplane']",ship
33678,7,"['automobile', 'cat', 'airplane', 'frog']",airplane
33679,9,"['dog', 'frog', 'cat', 'airplane']",airplane
33680,2,"['ship', 'cat', 'automobile', 'airplane']",cat
33681,7,"['automobile', 'cat', 'airplane', 'frog']",cat
33682,5,"['frog', 'ship', 'airplane', 'automobile']",ship
33683,0,"['horse', 'deer', 'frog', 'cat']",horse
33684,7,"['automobile', 'cat', 'airplane', 'frog']",airplane
33685,4,"['cat', 'automobile', 'frog', 'airplane']",airplane
33686,1,"['bird', 'dog', 'frog', 'cat', 'airplane']",airplane
33687,6,"['automobile', 'horse', 'ship', 'airplane']",automobile
33688,4,"['cat', 'automobile', 'frog', 'airplane']",automobile
33689,7,"['automobile', 'cat', 'airplane', 'frog']",airplane
33690,6,"['automobile', 'horse', 'ship', 'airplane']",airplane
33691,3,"['frog', 'ship', 'automobile', 'airplane']",ship
33692,4,"['cat', 'automobile', 'frog', 'airplane']",automobile
33693,1,"['bird', 'dog', 'frog', 'cat', 'airplane']",airplane
33694,0,"['horse', 'deer', 'frog', 'cat']",horse
33695,8,"['horse', 'airplane', 'cat', 'frog']",horse
33696,6,"['automobile', 'horse', 'ship', 'airplane']",airplane
33697,4,"['cat', 'automobile', 'frog', 'airplane']",automobile
33698,7,"['automobile', 'cat', 'airplane', 'frog']",frog
33699,2,"['ship', 'cat', 'automobile', 'airplane']",cat
33700,0,"['horse', 'deer', 'frog', 'cat']",horse
33701,6,"['automobile', 'horse', 'ship', 'airplane']",airplane
33702,5,"['frog', 'ship', 'airplane', 'automobile']",ship
33703,4,"['cat', 'automobile', 'frog', 'airplane']",automobile
33704,6,"['automobile', 'horse', 'ship', 'airplane']",airplane
33705,1,"['bird', 'dog', 'frog', 'cat', 'airplane']",airplane
33706,5,"['frog', 'ship', 'airplane', 'automobile']",ship
33707,5,"['frog', 'ship', 'airplane', 'automobile']",ship
33708,2,"['ship', 'cat', 'automobile', 'airplane']",cat
33709,3,"['frog', 'ship', 'automobile', 'airplane']",ship
33710,5,"['frog', 'ship', 'airplane', 'automobile']",ship
33711,0,"['horse', 'deer', 'frog', 'cat']",horse
33712,7,"['automobile', 'cat', 'airplane', 'frog']",airplane
33713,8,"['horse', 'airplane', 'cat', 'frog']",horse
33714,3,"['frog', 'ship', 'automobile', 'airplane']",ship
33715,6,"['automobile', 'horse', 'ship', 'airplane']",airplane
33716,8,"['horse', 'airplane', 'cat', 'frog']",horse
33717,3,"['frog', 'ship', 'automobile', 'airplane']",ship
33718,1,"['bird', 'dog', 'frog', 'cat', 'airplane']",airplane
33719,4,"['cat', 'automobile', 'frog', 'airplane']",automobile
33720,5,"['frog', 'ship', 'airplane', 'automobile']",ship
33721,3,"['frog', 'ship', 'automobile', 'airplane']",ship
33722,7,"['automobile', 'cat', 'airplane', 'frog']",cat
33723,5,"['frog', 'ship', 'airplane', 'automobile']",ship
33724,1,"['bird', 'dog', 'frog', 'cat', 'airplane']",airplane
33725,4,"['cat', 'automobile', 'frog', 'airplane']",automobile
33726,6,"['automobile', 'horse', 'ship', 'airplane']",horse
33727,7,"['automobile', 'cat', 'airplane', 'frog']",airplane
33728,0,"['horse', 'deer', 'frog', 'cat']",horse
33729,9,"['dog', 'frog', 'cat', 'airplane']",dog
33730,2,"['ship', 'cat', 'automobile', 'airplane']",cat
33731,6,"['automobile', 'horse', 'ship', 'airplane']",automobile
33732,0,"['horse', 'deer', 'frog', 'cat']",horse
33733,6,"['automobile', 'horse', 'ship', 'airplane']",airplane
33734,1,"['bird', 'dog', 'frog', 'cat', 'airplane']",airplane
33735,4,"['cat', 'automobile', 'frog', 'airplane']",automobile
33736,9,"['dog', 'frog', 'cat', 'airplane']",airplane
33737,5,"['frog', 'ship', 'airplane', 'automobile']",ship
33738,6,"['automobile', 'horse', 'ship', 'airplane']",ship
33739,9,"['dog', 'frog', 'cat', 'airplane']",dog
33740,4,"['cat', 'automobile', 'frog', 'airplane']",airplane
33741,2,"['ship', 'cat', 'automobile', 'airplane']",cat
33742,1,"['bird', 'dog', 'frog', 'cat', 'airplane']",airplane
33743,4,"['cat', 'automobile', 'frog', 'airplane']",airplane
33744,4,"['cat', 'automobile', 'frog', 'airplane']",airplane
33745,1,"['bird', 'dog', 'frog', 'cat', 'airplane']",airplane
33746,9,"['dog', 'frog', 'cat', 'airplane']",airplane
33747,5,"['frog', 'ship', 'airplane', 'automobile']",ship
33748,1,"['bird', 'dog', 'frog', 'cat', 'airplane']",airplane
33749,4,"['cat', 'automobile', 'frog', 'airplane']",automobile
33750,0,"['horse', 'deer', 'frog', 'cat']",horse
33751,1,"['bird', 'dog', 'frog', 'cat', 'airplane']",airplane
33752,8,"['horse', 'airplane', 'cat', 'frog']",horse
33753,4,"['cat', 'automobile', 'frog', 'airplane']",automobile
33754,1,"['bird', 'dog', 'frog', 'cat', 'airplane']",airplane
33755,7,"['automobile', 'cat', 'airplane', 'frog']",cat
33756,8,"['horse', 'airplane', 'cat', 'frog']",horse
33757,5,"['frog', 'ship', 'airplane', 'automobile']",ship
33758,6,"['automobile', 'horse', 'ship', 'airplane']",ship
33759,6,"['automobile', 'horse', 'ship', 'airplane']",airplane
33760,8,"['horse', 'airplane', 'cat', 'frog']",horse
33761,8,"['horse', 'airplane', 'cat', 'frog']",horse
33762,1,"['bird', 'dog', 'frog', 'cat', 'airplane']",airplane
33763,7,"['automobile', 'cat', 'airplane', 'frog']",airplane
33764,0,"['horse', 'deer', 'frog', 'cat']",horse
33765,5,"['frog', 'ship', 'airplane', 'automobile']",ship
33766,9,"['dog', 'frog', 'cat', 'airplane']",airplane
33767,0,"['horse', 'deer', 'frog', 'cat']",horse
33768,5,"['frog', 'ship', 'airplane', 'automobile']",ship
33769,6,"['automobile', 'horse', 'ship', 'airplane']",ship
33770,0,"['horse', 'deer', 'frog', 'cat']",horse
33771,2,"['ship', 'cat', 'automobile', 'airplane']",automobile
33772,1,"['bird', 'dog', 'frog', 'cat', 'airplane']",airplane
33773,7,"['automobile', 'cat', 'airplane', 'frog']",cat
33774,9,"['dog', 'frog', 'cat', 'airplane']",dog
33775,7,"['automobile', 'cat', 'airplane', 'frog']",cat
33776,2,"['ship', 'cat', 'automobile', 'airplane']",cat
33777,2,"['ship', 'cat', 'automobile', 'airplane']",cat
33778,9,"['dog', 'frog', 'cat', 'airplane']",dog
33779,3,"['frog', 'ship', 'automobile', 'airplane']",frog
33780,0,"['horse', 'deer', 'frog', 'cat']",horse
33781,0,"['horse', 'deer', 'frog', 'cat']",horse
33782,9,"['dog', 'frog', 'cat', 'airplane']",dog
33783,8,"['horse', 'airplane', 'cat', 'frog']",horse
33784,9,"['dog', 'frog', 'cat', 'airplane']",airplane
33785,6,"['automobile', 'horse', 'ship', 'airplane']",airplane
33786,9,"['dog', 'frog', 'cat', 'airplane']",airplane
33787,6,"['automobile', 'horse', 'ship', 'airplane']",airplane
33788,3,"['frog', 'ship', 'automobile', 'airplane']",ship
33789,3,"['frog', 'ship', 'automobile', 'airplane']",frog
33790,9,"['dog', 'frog', 'cat', 'airplane']",dog
33791,6,"['automobile', 'horse', 'ship', 'airplane']",airplane
33792,2,"['ship', 'cat', 'automobile', 'airplane']",cat
33793,2,"['ship', 'cat', 'automobile', 'airplane']",cat
33794,9,"['dog', 'frog', 'cat', 'airplane']",dog
33795,5,"['frog', 'ship', 'airplane', 'automobile']",ship
33796,4,"['cat', 'automobile', 'frog', 'airplane']",automobile
33797,0,"['horse', 'deer', 'frog', 'cat']",horse
33798,4,"['cat', 'automobile', 'frog', 'airplane']",automobile
33799,6,"['automobile', 'horse', 'ship', 'airplane']",airplane
33800,5,"['frog', 'ship', 'airplane', 'automobile']",ship
33801,3,"['frog', 'ship', 'automobile', 'airplane']",ship
33802,8,"['horse', 'airplane', 'cat', 'frog']",horse
33803,4,"['cat', 'automobile', 'frog', 'airplane']",automobile
33804,7,"['automobile', 'cat', 'airplane', 'frog']",cat
33805,7,"['automobile', 'cat', 'airplane', 'frog']",cat
33806,9,"['dog', 'frog', 'cat', 'airplane']",airplane
33807,4,"['cat', 'automobile', 'frog', 'airplane']",automobile
33808,1,"['bird', 'dog', 'frog', 'cat', 'airplane']",airplane
33809,9,"['dog', 'frog', 'cat', 'airplane']",dog
33810,3,"['frog', 'ship', 'automobile', 'airplane']",ship
33811,2,"['ship', 'cat', 'automobile', 'airplane']",cat
33812,6,"['automobile', 'horse', 'ship', 'airplane']",airplane
33813,9,"['dog', 'frog', 'cat', 'airplane']",airplane
33814,3,"['frog', 'ship', 'automobile', 'airplane']",ship
33815,8,"['horse', 'airplane', 'cat', 'frog']",horse
33816,4,"['cat', 'automobile', 'frog', 'airplane']",automobile
33817,8,"['horse', 'airplane', 'cat', 'frog']",horse
33818,5,"['frog', 'ship', 'airplane', 'automobile']",ship
33819,0,"['horse', 'deer', 'frog', 'cat']",horse
33820,5,"['frog', 'ship', 'airplane', 'automobile']",ship
33821,7,"['automobile', 'cat', 'airplane', 'frog']",cat
33822,2,"['ship', 'cat', 'automobile', 'airplane']",automobile
33823,4,"['cat', 'automobile', 'frog', 'airplane']",automobile
33824,6,"['automobile', 'horse', 'ship', 'airplane']",ship
33825,7,"['automobile', 'cat', 'airplane', 'frog']",cat
33826,4,"['cat', 'automobile', 'frog', 'airplane']",automobile
33827,4,"['cat', 'automobile', 'frog', 'airplane']",automobile
33828,3,"['frog', 'ship', 'automobile', 'airplane']",ship
33829,2,"['ship', 'cat', 'automobile', 'airplane']",cat
33830,9,"['dog', 'frog', 'cat', 'airplane']",dog
33831,0,"['horse', 'deer', 'frog', 'cat']",horse
33832,1,"['bird', 'dog', 'frog', 'cat', 'airplane']",airplane
33833,3,"['frog', 'ship', 'automobile', 'airplane']",ship
33834,2,"['ship', 'cat', 'automobile', 'airplane']",cat
33835,5,"['frog', 'ship', 'airplane', 'automobile']",ship
33836,2,"['ship', 'cat', 'automobile', 'airplane']",cat
33837,5,"['frog', 'ship', 'airplane', 'automobile']",ship
33838,1,"['bird', 'dog', 'frog', 'cat', 'airplane']",airplane
33839,9,"['dog', 'frog', 'cat', 'airplane']",dog
33840,8,"['horse', 'airplane', 'cat', 'frog']",horse
33841,3,"['frog', 'ship', 'automobile', 'airplane']",ship
33842,2,"['ship', 'cat', 'automobile', 'airplane']",automobile
33843,7,"['automobile', 'cat', 'airplane', 'frog']",frog
33844,7,"['automobile', 'cat', 'airplane', 'frog']",cat
33845,1,"['bird', 'dog', 'frog', 'cat', 'airplane']",airplane
33846,2,"['ship', 'cat', 'automobile', 'airplane']",automobile
33847,1,"['bird', 'dog', 'frog', 'cat', 'airplane']",airplane
33848,6,"['automobile', 'horse', 'ship', 'airplane']",ship
33849,2,"['ship', 'cat', 'automobile', 'airplane']",cat
33850,7,"['automobile', 'cat', 'airplane', 'frog']",cat
33851,2,"['ship', 'cat', 'automobile', 'airplane']",automobile
33852,8,"['horse', 'airplane', 'cat', 'frog']",horse
33853,5,"['frog', 'ship', 'airplane', 'automobile']",ship
33854,2,"['ship', 'cat', 'automobile', 'airplane']",cat
33855,7,"['automobile', 'cat', 'airplane', 'frog']",cat
33856,9,"['dog', 'frog', 'cat', 'airplane']",dog
33857,0,"['horse', 'deer', 'frog', 'cat']",horse
33858,9,"['dog', 'frog', 'cat', 'airplane']",dog
33859,1,"['bird', 'dog', 'frog', 'cat', 'airplane']",airplane
33860,7,"['automobile', 'cat', 'airplane', 'frog']",cat
33861,8,"['horse', 'airplane', 'cat', 'frog']",horse
33862,4,"['cat', 'automobile', 'frog', 'airplane']",frog
33863,4,"['cat', 'automobile', 'frog', 'airplane']",automobile
33864,0,"['horse', 'deer', 'frog', 'cat']",frog
33865,9,"['dog', 'frog', 'cat', 'airplane']",airplane
33866,1,"['bird', 'dog', 'frog', 'cat', 'airplane']",airplane
33867,0,"['horse', 'deer', 'frog', 'cat']",horse
33868,9,"['dog', 'frog', 'cat', 'airplane']",airplane
33869,8,"['horse', 'airplane', 'cat', 'frog']",horse
33870,1,"['bird', 'dog', 'frog', 'cat', 'airplane']",airplane
33871,2,"['ship', 'cat', 'automobile', 'airplane']",cat
33872,4,"['cat', 'automobile', 'frog', 'airplane']",automobile
33873,5,"['frog', 'ship', 'airplane', 'automobile']",ship
33874,3,"['frog', 'ship', 'automobile', 'airplane']",ship
33875,5,"['frog', 'ship', 'airplane', 'automobile']",ship
33876,3,"['frog', 'ship', 'automobile', 'airplane']",ship
33877,7,"['automobile', 'cat', 'airplane', 'frog']",cat
33878,5,"['frog', 'ship', 'airplane', 'automobile']",ship
33879,3,"['frog', 'ship', 'automobile', 'airplane']",ship
33880,3,"['frog', 'ship', 'automobile', 'airplane']",ship
33881,2,"['ship', 'cat', 'automobile', 'airplane']",cat
33882,3,"['frog', 'ship', 'automobile', 'airplane']",ship
33883,6,"['automobile', 'horse', 'ship', 'airplane']",airplane
33884,7,"['automobile', 'cat', 'airplane', 'frog']",cat
33885,6,"['automobile', 'horse', 'ship', 'airplane']",airplane
33886,9,"['dog', 'frog', 'cat', 'airplane']",dog
33887,9,"['dog', 'frog', 'cat', 'airplane']",airplane
33888,8,"['horse', 'airplane', 'cat', 'frog']",horse
33889,5,"['frog', 'ship', 'airplane', 'automobile']",ship
33890,2,"['ship', 'cat', 'automobile', 'airplane']",cat
33891,5,"['frog', 'ship', 'airplane', 'automobile']",ship
33892,8,"['horse', 'airplane', 'cat', 'frog']",horse
33893,9,"['dog', 'frog', 'cat', 'airplane']",airplane
33894,3,"['frog', 'ship', 'automobile', 'airplane']",ship
33895,0,"['horse', 'deer', 'frog', 'cat']",horse
33896,9,"['dog', 'frog', 'cat', 'airplane']",dog
33897,1,"['bird', 'dog', 'frog', 'cat', 'airplane']",airplane
33898,9,"['dog', 'frog', 'cat', 'airplane']",dog
33899,2,"['ship', 'cat', 'automobile', 'airplane']",cat
33900,9,"['dog', 'frog', 'cat', 'airplane']",dog
33901,2,"['ship', 'cat', 'automobile', 'airplane']",ship
33902,7,"['automobile', 'cat', 'airplane', 'frog']",frog
33903,3,"['frog', 'ship', 'automobile', 'airplane']",frog
33904,7,"['automobile', 'cat', 'airplane', 'frog']",cat
33905,0,"['horse', 'deer', 'frog', 'cat']",frog
33906,4,"['cat', 'automobile', 'frog', 'airplane']",automobile
33907,1,"['bird', 'dog', 'frog', 'cat', 'airplane']",airplane
33908,7,"['automobile', 'cat', 'airplane', 'frog']",airplane
33909,9,"['dog', 'frog', 'cat', 'airplane']",airplane
33910,1,"['bird', 'dog', 'frog', 'cat', 'airplane']",airplane
33911,2,"['ship', 'cat', 'automobile', 'airplane']",cat
33912,5,"['frog', 'ship', 'airplane', 'automobile']",ship
33913,9,"['dog', 'frog', 'cat', 'airplane']",dog
33914,3,"['frog', 'ship', 'automobile', 'airplane']",ship
33915,3,"['frog', 'ship', 'automobile', 'airplane']",ship
33916,3,"['frog', 'ship', 'automobile', 'airplane']",ship
33917,3,"['frog', 'ship', 'automobile', 'airplane']",ship
33918,5,"['frog', 'ship', 'airplane', 'automobile']",ship
33919,0,"['horse', 'deer', 'frog', 'cat']",horse
33920,4,"['cat', 'automobile', 'frog', 'airplane']",automobile
33921,7,"['automobile', 'cat', 'airplane', 'frog']",airplane
33922,0,"['horse', 'deer', 'frog', 'cat']",horse
33923,0,"['horse', 'deer', 'frog', 'cat']",horse
33924,6,"['automobile', 'horse', 'ship', 'airplane']",airplane
33925,3,"['frog', 'ship', 'automobile', 'airplane']",ship
33926,0,"['horse', 'deer', 'frog', 'cat']",horse
33927,5,"['frog', 'ship', 'airplane', 'automobile']",ship
33928,9,"['dog', 'frog', 'cat', 'airplane']",airplane
33929,2,"['ship', 'cat', 'automobile', 'airplane']",airplane
33930,9,"['dog', 'frog', 'cat', 'airplane']",dog
33931,5,"['frog', 'ship', 'airplane', 'automobile']",ship
33932,2,"['ship', 'cat', 'automobile', 'airplane']",cat
33933,0,"['horse', 'deer', 'frog', 'cat']",horse
33934,0,"['horse', 'deer', 'frog', 'cat']",horse
33935,7,"['automobile', 'cat', 'airplane', 'frog']",cat
33936,7,"['automobile', 'cat', 'airplane', 'frog']",cat
33937,9,"['dog', 'frog', 'cat', 'airplane']",airplane
33938,6,"['automobile', 'horse', 'ship', 'airplane']",horse
33939,1,"['bird', 'dog', 'frog', 'cat', 'airplane']",airplane
33940,3,"['frog', 'ship', 'automobile', 'airplane']",ship
33941,1,"['bird', 'dog', 'frog', 'cat', 'airplane']",airplane
33942,8,"['horse', 'airplane', 'cat', 'frog']",horse
33943,0,"['horse', 'deer', 'frog', 'cat']",horse
33944,3,"['frog', 'ship', 'automobile', 'airplane']",frog
33945,7,"['automobile', 'cat', 'airplane', 'frog']",cat
33946,8,"['horse', 'airplane', 'cat', 'frog']",horse
33947,4,"['cat', 'automobile', 'frog', 'airplane']",automobile
33948,6,"['automobile', 'horse', 'ship', 'airplane']",airplane
33949,7,"['automobile', 'cat', 'airplane', 'frog']",airplane
33950,0,"['horse', 'deer', 'frog', 'cat']",horse
33951,1,"['bird', 'dog', 'frog', 'cat', 'airplane']",airplane
33952,3,"['frog', 'ship', 'automobile', 'airplane']",ship
33953,6,"['automobile', 'horse', 'ship', 'airplane']",airplane
33954,8,"['horse', 'airplane', 'cat', 'frog']",horse
33955,3,"['frog', 'ship', 'automobile', 'airplane']",ship
33956,3,"['frog', 'ship', 'automobile', 'airplane']",ship
33957,5,"['frog', 'ship', 'airplane', 'automobile']",ship
33958,9,"['dog', 'frog', 'cat', 'airplane']",dog
33959,4,"['cat', 'automobile', 'frog', 'airplane']",automobile
33960,0,"['horse', 'deer', 'frog', 'cat']",horse
33961,4,"['cat', 'automobile', 'frog', 'airplane']",automobile
33962,5,"['frog', 'ship', 'airplane', 'automobile']",ship
33963,1,"['bird', 'dog', 'frog', 'cat', 'airplane']",airplane
33964,3,"['frog', 'ship', 'automobile', 'airplane']",ship
33965,5,"['frog', 'ship', 'airplane', 'automobile']",ship
33966,9,"['dog', 'frog', 'cat', 'airplane']",dog
33967,6,"['automobile', 'horse', 'ship', 'airplane']",airplane
33968,7,"['automobile', 'cat', 'airplane', 'frog']",airplane
33969,8,"['horse', 'airplane', 'cat', 'frog']",horse
33970,1,"['bird', 'dog', 'frog', 'cat', 'airplane']",airplane
33971,4,"['cat', 'automobile', 'frog', 'airplane']",automobile
33972,3,"['frog', 'ship', 'automobile', 'airplane']",ship
33973,6,"['automobile', 'horse', 'ship', 'airplane']",airplane
33974,1,"['bird', 'dog', 'frog', 'cat', 'airplane']",airplane
33975,0,"['horse', 'deer', 'frog', 'cat']",horse
33976,3,"['frog', 'ship', 'automobile', 'airplane']",ship
33977,2,"['ship', 'cat', 'automobile', 'airplane']",cat
33978,3,"['frog', 'ship', 'automobile', 'airplane']",ship
33979,4,"['cat', 'automobile', 'frog', 'airplane']",automobile
33980,3,"['frog', 'ship', 'automobile', 'airplane']",ship
33981,7,"['automobile', 'cat', 'airplane', 'frog']",cat
33982,9,"['dog', 'frog', 'cat', 'airplane']",airplane
33983,0,"['horse', 'deer', 'frog', 'cat']",horse
33984,2,"['ship', 'cat', 'automobile', 'airplane']",ship
33985,1,"['bird', 'dog', 'frog', 'cat', 'airplane']",airplane
33986,5,"['frog', 'ship', 'airplane', 'automobile']",ship
33987,2,"['ship', 'cat', 'automobile', 'airplane']",cat
33988,6,"['automobile', 'horse', 'ship', 'airplane']",ship
33989,5,"['frog', 'ship', 'airplane', 'automobile']",ship
33990,6,"['automobile', 'horse', 'ship', 'airplane']",ship
33991,9,"['dog', 'frog', 'cat', 'airplane']",airplane
33992,8,"['horse', 'airplane', 'cat', 'frog']",airplane
33993,4,"['cat', 'automobile', 'frog', 'airplane']",automobile
33994,9,"['dog', 'frog', 'cat', 'airplane']",airplane
33995,7,"['automobile', 'cat', 'airplane', 'frog']",airplane
33996,0,"['horse', 'deer', 'frog', 'cat']",horse
33997,5,"['frog', 'ship', 'airplane', 'automobile']",ship
33998,4,"['cat', 'automobile', 'frog', 'airplane']",automobile
33999,0,"['horse', 'deer', 'frog', 'cat']",horse
34000,3,"['frog', 'ship', 'automobile', 'airplane']",ship
34001,8,"['horse', 'airplane', 'cat', 'frog']",horse
34002,0,"['horse', 'deer', 'frog', 'cat']",horse
34003,5,"['frog', 'ship', 'airplane', 'automobile']",ship
34004,8,"['horse', 'airplane', 'cat', 'frog']",horse
34005,3,"['frog', 'ship', 'automobile', 'airplane']",ship
34006,9,"['dog', 'frog', 'cat', 'airplane']",airplane
34007,5,"['frog', 'ship', 'airplane', 'automobile']",ship
34008,5,"['frog', 'ship', 'airplane', 'automobile']",ship
34009,0,"['horse', 'deer', 'frog', 'cat']",horse
34010,7,"['automobile', 'cat', 'airplane', 'frog']",airplane
34011,3,"['frog', 'ship', 'automobile', 'airplane']",ship
34012,0,"['horse', 'deer', 'frog', 'cat']",horse
34013,6,"['automobile', 'horse', 'ship', 'airplane']",airplane
34014,3,"['frog', 'ship', 'automobile', 'airplane']",ship
34015,7,"['automobile', 'cat', 'airplane', 'frog']",airplane
34016,3,"['frog', 'ship', 'automobile', 'airplane']",ship
34017,0,"['horse', 'deer', 'frog', 'cat']",horse
34018,0,"['horse', 'deer', 'frog', 'cat']",horse
34019,0,"['horse', 'deer', 'frog', 'cat']",horse
34020,6,"['automobile', 'horse', 'ship', 'airplane']",airplane
34021,8,"['horse', 'airplane', 'cat', 'frog']",horse
34022,0,"['horse', 'deer', 'frog', 'cat']",horse
34023,2,"['ship', 'cat', 'automobile', 'airplane']",cat
34024,9,"['dog', 'frog', 'cat', 'airplane']",dog
34025,7,"['automobile', 'cat', 'airplane', 'frog']",cat
34026,0,"['horse', 'deer', 'frog', 'cat']",horse
34027,5,"['frog', 'ship', 'airplane', 'automobile']",ship
34028,6,"['automobile', 'horse', 'ship', 'airplane']",automobile
34029,3,"['frog', 'ship', 'automobile', 'airplane']",ship
34030,8,"['horse', 'airplane', 'cat', 'frog']",horse
34031,6,"['automobile', 'horse', 'ship', 'airplane']",automobile
34032,0,"['horse', 'deer', 'frog', 'cat']",horse
34033,6,"['automobile', 'horse', 'ship', 'airplane']",airplane
34034,9,"['dog', 'frog', 'cat', 'airplane']",airplane
34035,6,"['automobile', 'horse', 'ship', 'airplane']",airplane
34036,0,"['horse', 'deer', 'frog', 'cat']",horse
34037,0,"['horse', 'deer', 'frog', 'cat']",horse
34038,4,"['cat', 'automobile', 'frog', 'airplane']",automobile
34039,6,"['automobile', 'horse', 'ship', 'airplane']",airplane
34040,0,"['horse', 'deer', 'frog', 'cat']",horse
34041,8,"['horse', 'airplane', 'cat', 'frog']",horse
34042,3,"['frog', 'ship', 'automobile', 'airplane']",ship
34043,1,"['bird', 'dog', 'frog', 'cat', 'airplane']",airplane
34044,7,"['automobile', 'cat', 'airplane', 'frog']",cat
34045,6,"['automobile', 'horse', 'ship', 'airplane']",horse
34046,7,"['automobile', 'cat', 'airplane', 'frog']",cat
34047,3,"['frog', 'ship', 'automobile', 'airplane']",ship
34048,5,"['frog', 'ship', 'airplane', 'automobile']",ship
34049,9,"['dog', 'frog', 'cat', 'airplane']",airplane
34050,2,"['ship', 'cat', 'automobile', 'airplane']",cat
34051,4,"['cat', 'automobile', 'frog', 'airplane']",automobile
34052,1,"['bird', 'dog', 'frog', 'cat', 'airplane']",airplane
34053,2,"['ship', 'cat', 'automobile', 'airplane']",cat
34054,5,"['frog', 'ship', 'airplane', 'automobile']",ship
34055,3,"['frog', 'ship', 'automobile', 'airplane']",ship
34056,6,"['automobile', 'horse', 'ship', 'airplane']",airplane
34057,5,"['frog', 'ship', 'airplane', 'automobile']",ship
34058,6,"['automobile', 'horse', 'ship', 'airplane']",ship
34059,5,"['frog', 'ship', 'airplane', 'automobile']",ship
34060,4,"['cat', 'automobile', 'frog', 'airplane']",automobile
34061,3,"['frog', 'ship', 'automobile', 'airplane']",ship
34062,2,"['ship', 'cat', 'automobile', 'airplane']",automobile
34063,1,"['bird', 'dog', 'frog', 'cat', 'airplane']",airplane
34064,1,"['bird', 'dog', 'frog', 'cat', 'airplane']",airplane
34065,1,"['bird', 'dog', 'frog', 'cat', 'airplane']",airplane
34066,1,"['bird', 'dog', 'frog', 'cat', 'airplane']",airplane
34067,7,"['automobile', 'cat', 'airplane', 'frog']",cat
34068,1,"['bird', 'dog', 'frog', 'cat', 'airplane']",airplane
34069,1,"['bird', 'dog', 'frog', 'cat', 'airplane']",airplane
34070,0,"['horse', 'deer', 'frog', 'cat']",frog
34071,2,"['ship', 'cat', 'automobile', 'airplane']",cat
34072,9,"['dog', 'frog', 'cat', 'airplane']",airplane
34073,9,"['dog', 'frog', 'cat', 'airplane']",airplane
34074,5,"['frog', 'ship', 'airplane', 'automobile']",ship
34075,6,"['automobile', 'horse', 'ship', 'airplane']",airplane
34076,6,"['automobile', 'horse', 'ship', 'airplane']",ship
34077,9,"['dog', 'frog', 'cat', 'airplane']",airplane
34078,9,"['dog', 'frog', 'cat', 'airplane']",airplane
34079,2,"['ship', 'cat', 'automobile', 'airplane']",cat
34080,1,"['bird', 'dog', 'frog', 'cat', 'airplane']",airplane
34081,1,"['bird', 'dog', 'frog', 'cat', 'airplane']",airplane
34082,4,"['cat', 'automobile', 'frog', 'airplane']",automobile
34083,0,"['horse', 'deer', 'frog', 'cat']",horse
34084,5,"['frog', 'ship', 'airplane', 'automobile']",ship
34085,9,"['dog', 'frog', 'cat', 'airplane']",airplane
34086,2,"['ship', 'cat', 'automobile', 'airplane']",automobile
34087,4,"['cat', 'automobile', 'frog', 'airplane']",automobile
34088,2,"['ship', 'cat', 'automobile', 'airplane']",cat
34089,8,"['horse', 'airplane', 'cat', 'frog']",horse
34090,1,"['bird', 'dog', 'frog', 'cat', 'airplane']",airplane
34091,6,"['automobile', 'horse', 'ship', 'airplane']",airplane
34092,6,"['automobile', 'horse', 'ship', 'airplane']",airplane
34093,8,"['horse', 'airplane', 'cat', 'frog']",horse
34094,8,"['horse', 'airplane', 'cat', 'frog']",horse
34095,5,"['frog', 'ship', 'airplane', 'automobile']",ship
34096,8,"['horse', 'airplane', 'cat', 'frog']",horse
34097,1,"['bird', 'dog', 'frog', 'cat', 'airplane']",airplane
34098,8,"['horse', 'airplane', 'cat', 'frog']",horse
34099,3,"['frog', 'ship', 'automobile', 'airplane']",ship
34100,8,"['horse', 'airplane', 'cat', 'frog']",horse
34101,0,"['horse', 'deer', 'frog', 'cat']",horse
34102,2,"['ship', 'cat', 'automobile', 'airplane']",automobile
34103,4,"['cat', 'automobile', 'frog', 'airplane']",automobile
34104,8,"['horse', 'airplane', 'cat', 'frog']",horse
34105,5,"['frog', 'ship', 'airplane', 'automobile']",ship
34106,0,"['horse', 'deer', 'frog', 'cat']",horse
34107,7,"['automobile', 'cat', 'airplane', 'frog']",cat
34108,1,"['bird', 'dog', 'frog', 'cat', 'airplane']",airplane
34109,0,"['horse', 'deer', 'frog', 'cat']",horse
34110,9,"['dog', 'frog', 'cat', 'airplane']",dog
34111,5,"['frog', 'ship', 'airplane', 'automobile']",ship
34112,5,"['frog', 'ship', 'airplane', 'automobile']",ship
34113,7,"['automobile', 'cat', 'airplane', 'frog']",cat
34114,4,"['cat', 'automobile', 'frog', 'airplane']",automobile
34115,2,"['ship', 'cat', 'automobile', 'airplane']",cat
34116,3,"['frog', 'ship', 'automobile', 'airplane']",ship
34117,5,"['frog', 'ship', 'airplane', 'automobile']",ship
34118,1,"['bird', 'dog', 'frog', 'cat', 'airplane']",airplane
34119,4,"['cat', 'automobile', 'frog', 'airplane']",automobile
34120,8,"['horse', 'airplane', 'cat', 'frog']",horse
34121,0,"['horse', 'deer', 'frog', 'cat']",horse
34122,5,"['frog', 'ship', 'airplane', 'automobile']",ship
34123,0,"['horse', 'deer', 'frog', 'cat']",horse
34124,2,"['ship', 'cat', 'automobile', 'airplane']",cat
34125,0,"['horse', 'deer', 'frog', 'cat']",horse
34126,7,"['automobile', 'cat', 'airplane', 'frog']",cat
34127,4,"['cat', 'automobile', 'frog', 'airplane']",automobile
34128,1,"['bird', 'dog', 'frog', 'cat', 'airplane']",airplane
34129,9,"['dog', 'frog', 'cat', 'airplane']",airplane
34130,2,"['ship', 'cat', 'automobile', 'airplane']",cat
34131,0,"['horse', 'deer', 'frog', 'cat']",horse
34132,5,"['frog', 'ship', 'airplane', 'automobile']",ship
34133,5,"['frog', 'ship', 'airplane', 'automobile']",ship
34134,9,"['dog', 'frog', 'cat', 'airplane']",dog
34135,8,"['horse', 'airplane', 'cat', 'frog']",horse
34136,3,"['frog', 'ship', 'automobile', 'airplane']",ship
34137,8,"['horse', 'airplane', 'cat', 'frog']",horse
34138,1,"['bird', 'dog', 'frog', 'cat', 'airplane']",airplane
34139,6,"['automobile', 'horse', 'ship', 'airplane']",airplane
34140,8,"['horse', 'airplane', 'cat', 'frog']",horse
34141,6,"['automobile', 'horse', 'ship', 'airplane']",automobile
34142,6,"['automobile', 'horse', 'ship', 'airplane']",airplane
34143,6,"['automobile', 'horse', 'ship', 'airplane']",ship
34144,4,"['cat', 'automobile', 'frog', 'airplane']",automobile
34145,1,"['bird', 'dog', 'frog', 'cat', 'airplane']",airplane
34146,3,"['frog', 'ship', 'automobile', 'airplane']",ship
34147,9,"['dog', 'frog', 'cat', 'airplane']",airplane
34148,6,"['automobile', 'horse', 'ship', 'airplane']",airplane
34149,2,"['ship', 'cat', 'automobile', 'airplane']",ship
34150,0,"['horse', 'deer', 'frog', 'cat']",horse
34151,7,"['automobile', 'cat', 'airplane', 'frog']",cat
34152,8,"['horse', 'airplane', 'cat', 'frog']",horse
34153,1,"['bird', 'dog', 'frog', 'cat', 'airplane']",airplane
34154,9,"['dog', 'frog', 'cat', 'airplane']",dog
34155,3,"['frog', 'ship', 'automobile', 'airplane']",ship
34156,6,"['automobile', 'horse', 'ship', 'airplane']",airplane
34157,6,"['automobile', 'horse', 'ship', 'airplane']",airplane
34158,9,"['dog', 'frog', 'cat', 'airplane']",airplane
34159,3,"['frog', 'ship', 'automobile', 'airplane']",ship
34160,3,"['frog', 'ship', 'automobile', 'airplane']",ship
34161,7,"['automobile', 'cat', 'airplane', 'frog']",cat
34162,1,"['bird', 'dog', 'frog', 'cat', 'airplane']",airplane
34163,1,"['bird', 'dog', 'frog', 'cat', 'airplane']",airplane
34164,1,"['bird', 'dog', 'frog', 'cat', 'airplane']",airplane
34165,7,"['automobile', 'cat', 'airplane', 'frog']",cat
34166,2,"['ship', 'cat', 'automobile', 'airplane']",cat
34167,4,"['cat', 'automobile', 'frog', 'airplane']",automobile
34168,0,"['horse', 'deer', 'frog', 'cat']",horse
34169,4,"['cat', 'automobile', 'frog', 'airplane']",automobile
34170,3,"['frog', 'ship', 'automobile', 'airplane']",ship
34171,8,"['horse', 'airplane', 'cat', 'frog']",horse
34172,3,"['frog', 'ship', 'automobile', 'airplane']",ship
34173,0,"['horse', 'deer', 'frog', 'cat']",horse
34174,4,"['cat', 'automobile', 'frog', 'airplane']",automobile
34175,9,"['dog', 'frog', 'cat', 'airplane']",dog
34176,1,"['bird', 'dog', 'frog', 'cat', 'airplane']",airplane
34177,9,"['dog', 'frog', 'cat', 'airplane']",dog
34178,2,"['ship', 'cat', 'automobile', 'airplane']",cat
34179,1,"['bird', 'dog', 'frog', 'cat', 'airplane']",airplane
34180,5,"['frog', 'ship', 'airplane', 'automobile']",ship
34181,2,"['ship', 'cat', 'automobile', 'airplane']",ship
34182,4,"['cat', 'automobile', 'frog', 'airplane']",automobile
34183,5,"['frog', 'ship', 'airplane', 'automobile']",ship
34184,3,"['frog', 'ship', 'automobile', 'airplane']",ship
34185,3,"['frog', 'ship', 'automobile', 'airplane']",ship
34186,5,"['frog', 'ship', 'airplane', 'automobile']",ship
34187,2,"['ship', 'cat', 'automobile', 'airplane']",cat
34188,5,"['frog', 'ship', 'airplane', 'automobile']",ship
34189,0,"['horse', 'deer', 'frog', 'cat']",frog
34190,0,"['horse', 'deer', 'frog', 'cat']",horse
34191,7,"['automobile', 'cat', 'airplane', 'frog']",frog
34192,5,"['frog', 'ship', 'airplane', 'automobile']",ship
34193,4,"['cat', 'automobile', 'frog', 'airplane']",automobile
34194,1,"['bird', 'dog', 'frog', 'cat', 'airplane']",airplane
34195,6,"['automobile', 'horse', 'ship', 'airplane']",airplane
34196,2,"['ship', 'cat', 'automobile', 'airplane']",automobile
34197,3,"['frog', 'ship', 'automobile', 'airplane']",ship
34198,8,"['horse', 'airplane', 'cat', 'frog']",horse
34199,3,"['frog', 'ship', 'automobile', 'airplane']",ship
34200,2,"['ship', 'cat', 'automobile', 'airplane']",cat
34201,0,"['horse', 'deer', 'frog', 'cat']",horse
34202,1,"['bird', 'dog', 'frog', 'cat', 'airplane']",airplane
34203,2,"['ship', 'cat', 'automobile', 'airplane']",cat
34204,3,"['frog', 'ship', 'automobile', 'airplane']",ship
34205,9,"['dog', 'frog', 'cat', 'airplane']",dog
34206,1,"['bird', 'dog', 'frog', 'cat', 'airplane']",airplane
34207,5,"['frog', 'ship', 'airplane', 'automobile']",ship
34208,8,"['horse', 'airplane', 'cat', 'frog']",horse
34209,6,"['automobile', 'horse', 'ship', 'airplane']",airplane
34210,8,"['horse', 'airplane', 'cat', 'frog']",horse
34211,6,"['automobile', 'horse', 'ship', 'airplane']",ship
34212,8,"['horse', 'airplane', 'cat', 'frog']",horse
34213,4,"['cat', 'automobile', 'frog', 'airplane']",automobile
34214,9,"['dog', 'frog', 'cat', 'airplane']",dog
34215,4,"['cat', 'automobile', 'frog', 'airplane']",automobile
34216,5,"['frog', 'ship', 'airplane', 'automobile']",ship
34217,4,"['cat', 'automobile', 'frog', 'airplane']",automobile
34218,2,"['ship', 'cat', 'automobile', 'airplane']",ship
34219,2,"['ship', 'cat', 'automobile', 'airplane']",automobile
34220,5,"['frog', 'ship', 'airplane', 'automobile']",ship
34221,5,"['frog', 'ship', 'airplane', 'automobile']",ship
34222,2,"['ship', 'cat', 'automobile', 'airplane']",automobile
34223,9,"['dog', 'frog', 'cat', 'airplane']",airplane
34224,8,"['horse', 'airplane', 'cat', 'frog']",horse
34225,3,"['frog', 'ship', 'automobile', 'airplane']",ship
34226,7,"['automobile', 'cat', 'airplane', 'frog']",airplane
34227,4,"['cat', 'automobile', 'frog', 'airplane']",automobile
34228,7,"['automobile', 'cat', 'airplane', 'frog']",cat
34229,4,"['cat', 'automobile', 'frog', 'airplane']",automobile
34230,6,"['automobile', 'horse', 'ship', 'airplane']",airplane
34231,0,"['horse', 'deer', 'frog', 'cat']",horse
34232,9,"['dog', 'frog', 'cat', 'airplane']",dog
34233,1,"['bird', 'dog', 'frog', 'cat', 'airplane']",airplane
34234,0,"['horse', 'deer', 'frog', 'cat']",horse
34235,0,"['horse', 'deer', 'frog', 'cat']",horse
34236,3,"['frog', 'ship', 'automobile', 'airplane']",ship
34237,5,"['frog', 'ship', 'airplane', 'automobile']",ship
34238,1,"['bird', 'dog', 'frog', 'cat', 'airplane']",airplane
34239,7,"['automobile', 'cat', 'airplane', 'frog']",cat
34240,7,"['automobile', 'cat', 'airplane', 'frog']",cat
34241,7,"['automobile', 'cat', 'airplane', 'frog']",airplane
34242,6,"['automobile', 'horse', 'ship', 'airplane']",horse
34243,3,"['frog', 'ship', 'automobile', 'airplane']",ship
34244,3,"['frog', 'ship', 'automobile', 'airplane']",ship
34245,6,"['automobile', 'horse', 'ship', 'airplane']",airplane
34246,1,"['bird', 'dog', 'frog', 'cat', 'airplane']",airplane
34247,4,"['cat', 'automobile', 'frog', 'airplane']",automobile
34248,8,"['horse', 'airplane', 'cat', 'frog']",horse
34249,1,"['bird', 'dog', 'frog', 'cat', 'airplane']",airplane
34250,0,"['horse', 'deer', 'frog', 'cat']",horse
34251,9,"['dog', 'frog', 'cat', 'airplane']",airplane
34252,5,"['frog', 'ship', 'airplane', 'automobile']",ship
34253,7,"['automobile', 'cat', 'airplane', 'frog']",airplane
34254,2,"['ship', 'cat', 'automobile', 'airplane']",cat
34255,4,"['cat', 'automobile', 'frog', 'airplane']",automobile
34256,2,"['ship', 'cat', 'automobile', 'airplane']",automobile
34257,7,"['automobile', 'cat', 'airplane', 'frog']",cat
34258,1,"['bird', 'dog', 'frog', 'cat', 'airplane']",airplane
34259,0,"['horse', 'deer', 'frog', 'cat']",horse
34260,7,"['automobile', 'cat', 'airplane', 'frog']",cat
34261,4,"['cat', 'automobile', 'frog', 'airplane']",automobile
34262,2,"['ship', 'cat', 'automobile', 'airplane']",cat
34263,1,"['bird', 'dog', 'frog', 'cat', 'airplane']",airplane
34264,6,"['automobile', 'horse', 'ship', 'airplane']",horse
34265,6,"['automobile', 'horse', 'ship', 'airplane']",airplane
34266,2,"['ship', 'cat', 'automobile', 'airplane']",automobile
34267,4,"['cat', 'automobile', 'frog', 'airplane']",automobile
34268,2,"['ship', 'cat', 'automobile', 'airplane']",cat
34269,1,"['bird', 'dog', 'frog', 'cat', 'airplane']",airplane
34270,0,"['horse', 'deer', 'frog', 'cat']",horse
34271,9,"['dog', 'frog', 'cat', 'airplane']",dog
34272,6,"['automobile', 'horse', 'ship', 'airplane']",airplane
34273,7,"['automobile', 'cat', 'airplane', 'frog']",cat
34274,8,"['horse', 'airplane', 'cat', 'frog']",horse
34275,7,"['automobile', 'cat', 'airplane', 'frog']",cat
34276,8,"['horse', 'airplane', 'cat', 'frog']",horse
34277,7,"['automobile', 'cat', 'airplane', 'frog']",airplane
34278,1,"['bird', 'dog', 'frog', 'cat', 'airplane']",airplane
34279,0,"['horse', 'deer', 'frog', 'cat']",horse
34280,0,"['horse', 'deer', 'frog', 'cat']",horse
34281,3,"['frog', 'ship', 'automobile', 'airplane']",ship
34282,7,"['automobile', 'cat', 'airplane', 'frog']",cat
34283,0,"['horse', 'deer', 'frog', 'cat']",horse
34284,8,"['horse', 'airplane', 'cat', 'frog']",horse
34285,9,"['dog', 'frog', 'cat', 'airplane']",dog
34286,6,"['automobile', 'horse', 'ship', 'airplane']",horse
34287,1,"['bird', 'dog', 'frog', 'cat', 'airplane']",airplane
34288,6,"['automobile', 'horse', 'ship', 'airplane']",airplane
34289,0,"['horse', 'deer', 'frog', 'cat']",horse
34290,9,"['dog', 'frog', 'cat', 'airplane']",airplane
34291,7,"['automobile', 'cat', 'airplane', 'frog']",cat
34292,8,"['horse', 'airplane', 'cat', 'frog']",horse
34293,2,"['ship', 'cat', 'automobile', 'airplane']",automobile
34294,3,"['frog', 'ship', 'automobile', 'airplane']",ship
34295,8,"['horse', 'airplane', 'cat', 'frog']",horse
34296,8,"['horse', 'airplane', 'cat', 'frog']",horse
34297,3,"['frog', 'ship', 'automobile', 'airplane']",ship
34298,4,"['cat', 'automobile', 'frog', 'airplane']",automobile
34299,5,"['frog', 'ship', 'airplane', 'automobile']",ship
34300,1,"['bird', 'dog', 'frog', 'cat', 'airplane']",airplane
34301,1,"['bird', 'dog', 'frog', 'cat', 'airplane']",airplane
34302,5,"['frog', 'ship', 'airplane', 'automobile']",ship
34303,5,"['frog', 'ship', 'airplane', 'automobile']",ship
34304,6,"['automobile', 'horse', 'ship', 'airplane']",airplane
34305,2,"['ship', 'cat', 'automobile', 'airplane']",automobile
34306,4,"['cat', 'automobile', 'frog', 'airplane']",automobile
34307,2,"['ship', 'cat', 'automobile', 'airplane']",automobile
34308,7,"['automobile', 'cat', 'airplane', 'frog']",airplane
34309,9,"['dog', 'frog', 'cat', 'airplane']",dog
34310,8,"['horse', 'airplane', 'cat', 'frog']",horse
34311,6,"['automobile', 'horse', 'ship', 'airplane']",ship
34312,5,"['frog', 'ship', 'airplane', 'automobile']",ship
34313,0,"['horse', 'deer', 'frog', 'cat']",horse
34314,9,"['dog', 'frog', 'cat', 'airplane']",airplane
34315,8,"['horse', 'airplane', 'cat', 'frog']",horse
34316,4,"['cat', 'automobile', 'frog', 'airplane']",automobile
34317,3,"['frog', 'ship', 'automobile', 'airplane']",ship
34318,0,"['horse', 'deer', 'frog', 'cat']",horse
34319,8,"['horse', 'airplane', 'cat', 'frog']",horse
34320,2,"['ship', 'cat', 'automobile', 'airplane']",cat
34321,0,"['horse', 'deer', 'frog', 'cat']",horse
34322,6,"['automobile', 'horse', 'ship', 'airplane']",ship
34323,5,"['frog', 'ship', 'airplane', 'automobile']",ship
34324,6,"['automobile', 'horse', 'ship', 'airplane']",ship
34325,2,"['ship', 'cat', 'automobile', 'airplane']",cat
34326,6,"['automobile', 'horse', 'ship', 'airplane']",airplane
34327,1,"['bird', 'dog', 'frog', 'cat', 'airplane']",airplane
34328,4,"['cat', 'automobile', 'frog', 'airplane']",automobile
34329,7,"['automobile', 'cat', 'airplane', 'frog']",airplane
34330,3,"['frog', 'ship', 'automobile', 'airplane']",ship
34331,4,"['cat', 'automobile', 'frog', 'airplane']",automobile
34332,7,"['automobile', 'cat', 'airplane', 'frog']",airplane
34333,8,"['horse', 'airplane', 'cat', 'frog']",horse
34334,3,"['frog', 'ship', 'automobile', 'airplane']",ship
34335,7,"['automobile', 'cat', 'airplane', 'frog']",automobile
34336,1,"['bird', 'dog', 'frog', 'cat', 'airplane']",airplane
34337,4,"['cat', 'automobile', 'frog', 'airplane']",airplane
34338,6,"['automobile', 'horse', 'ship', 'airplane']",automobile
34339,7,"['automobile', 'cat', 'airplane', 'frog']",cat
34340,2,"['ship', 'cat', 'automobile', 'airplane']",cat
34341,0,"['horse', 'deer', 'frog', 'cat']",horse
34342,8,"['horse', 'airplane', 'cat', 'frog']",horse
34343,4,"['cat', 'automobile', 'frog', 'airplane']",automobile
34344,4,"['cat', 'automobile', 'frog', 'airplane']",automobile
34345,3,"['frog', 'ship', 'automobile', 'airplane']",ship
34346,2,"['ship', 'cat', 'automobile', 'airplane']",cat
34347,1,"['bird', 'dog', 'frog', 'cat', 'airplane']",airplane
34348,9,"['dog', 'frog', 'cat', 'airplane']",dog
34349,1,"['bird', 'dog', 'frog', 'cat', 'airplane']",airplane
34350,4,"['cat', 'automobile', 'frog', 'airplane']",automobile
34351,8,"['horse', 'airplane', 'cat', 'frog']",horse
34352,4,"['cat', 'automobile', 'frog', 'airplane']",automobile
34353,5,"['frog', 'ship', 'airplane', 'automobile']",ship
34354,3,"['frog', 'ship', 'automobile', 'airplane']",ship
34355,9,"['dog', 'frog', 'cat', 'airplane']",dog
34356,7,"['automobile', 'cat', 'airplane', 'frog']",automobile
34357,7,"['automobile', 'cat', 'airplane', 'frog']",cat
34358,1,"['bird', 'dog', 'frog', 'cat', 'airplane']",airplane
34359,8,"['horse', 'airplane', 'cat', 'frog']",horse
34360,3,"['frog', 'ship', 'automobile', 'airplane']",ship
34361,3,"['frog', 'ship', 'automobile', 'airplane']",ship
34362,6,"['automobile', 'horse', 'ship', 'airplane']",airplane
34363,2,"['ship', 'cat', 'automobile', 'airplane']",automobile
34364,1,"['bird', 'dog', 'frog', 'cat', 'airplane']",airplane
34365,4,"['cat', 'automobile', 'frog', 'airplane']",automobile
34366,9,"['dog', 'frog', 'cat', 'airplane']",airplane
34367,7,"['automobile', 'cat', 'airplane', 'frog']",cat
34368,6,"['automobile', 'horse', 'ship', 'airplane']",ship
34369,8,"['horse', 'airplane', 'cat', 'frog']",horse
34370,9,"['dog', 'frog', 'cat', 'airplane']",airplane
34371,8,"['horse', 'airplane', 'cat', 'frog']",cat
34372,7,"['automobile', 'cat', 'airplane', 'frog']",cat
34373,2,"['ship', 'cat', 'automobile', 'airplane']",cat
34374,5,"['frog', 'ship', 'airplane', 'automobile']",ship
34375,1,"['bird', 'dog', 'frog', 'cat', 'airplane']",airplane
34376,1,"['bird', 'dog', 'frog', 'cat', 'airplane']",airplane
34377,2,"['ship', 'cat', 'automobile', 'airplane']",ship
34378,7,"['automobile', 'cat', 'airplane', 'frog']",cat
34379,3,"['frog', 'ship', 'automobile', 'airplane']",ship
34380,7,"['automobile', 'cat', 'airplane', 'frog']",cat
34381,0,"['horse', 'deer', 'frog', 'cat']",horse
34382,5,"['frog', 'ship', 'airplane', 'automobile']",ship
34383,5,"['frog', 'ship', 'airplane', 'automobile']",ship
34384,4,"['cat', 'automobile', 'frog', 'airplane']",automobile
34385,1,"['bird', 'dog', 'frog', 'cat', 'airplane']",airplane
34386,9,"['dog', 'frog', 'cat', 'airplane']",dog
34387,8,"['horse', 'airplane', 'cat', 'frog']",horse
34388,6,"['automobile', 'horse', 'ship', 'airplane']",airplane
34389,5,"['frog', 'ship', 'airplane', 'automobile']",ship
34390,9,"['dog', 'frog', 'cat', 'airplane']",dog
34391,5,"['frog', 'ship', 'airplane', 'automobile']",ship
34392,7,"['automobile', 'cat', 'airplane', 'frog']",airplane
34393,2,"['ship', 'cat', 'automobile', 'airplane']",cat
34394,6,"['automobile', 'horse', 'ship', 'airplane']",horse
34395,9,"['dog', 'frog', 'cat', 'airplane']",dog
34396,2,"['ship', 'cat', 'automobile', 'airplane']",automobile
34397,3,"['frog', 'ship', 'automobile', 'airplane']",ship
34398,2,"['ship', 'cat', 'automobile', 'airplane']",cat
34399,9,"['dog', 'frog', 'cat', 'airplane']",dog
34400,1,"['bird', 'dog', 'frog', 'cat', 'airplane']",airplane
34401,7,"['automobile', 'cat', 'airplane', 'frog']",cat
34402,9,"['dog', 'frog', 'cat', 'airplane']",airplane
34403,5,"['frog', 'ship', 'airplane', 'automobile']",ship
34404,8,"['horse', 'airplane', 'cat', 'frog']",horse
34405,8,"['horse', 'airplane', 'cat', 'frog']",horse
34406,4,"['cat', 'automobile', 'frog', 'airplane']",automobile
34407,3,"['frog', 'ship', 'automobile', 'airplane']",ship
34408,2,"['ship', 'cat', 'automobile', 'airplane']",ship
34409,9,"['dog', 'frog', 'cat', 'airplane']",airplane
34410,4,"['cat', 'automobile', 'frog', 'airplane']",automobile
34411,5,"['frog', 'ship', 'airplane', 'automobile']",ship
34412,7,"['automobile', 'cat', 'airplane', 'frog']",frog
34413,2,"['ship', 'cat', 'automobile', 'airplane']",automobile
34414,2,"['ship', 'cat', 'automobile', 'airplane']",cat
34415,6,"['automobile', 'horse', 'ship', 'airplane']",airplane
34416,1,"['bird', 'dog', 'frog', 'cat', 'airplane']",airplane
34417,0,"['horse', 'deer', 'frog', 'cat']",horse
34418,4,"['cat', 'automobile', 'frog', 'airplane']",automobile
34419,8,"['horse', 'airplane', 'cat', 'frog']",horse
34420,1,"['bird', 'dog', 'frog', 'cat', 'airplane']",airplane
34421,0,"['horse', 'deer', 'frog', 'cat']",horse
34422,6,"['automobile', 'horse', 'ship', 'airplane']",airplane
34423,9,"['dog', 'frog', 'cat', 'airplane']",dog
34424,5,"['frog', 'ship', 'airplane', 'automobile']",ship
34425,4,"['cat', 'automobile', 'frog', 'airplane']",automobile
34426,1,"['bird', 'dog', 'frog', 'cat', 'airplane']",airplane
34427,9,"['dog', 'frog', 'cat', 'airplane']",dog
34428,7,"['automobile', 'cat', 'airplane', 'frog']",airplane
34429,1,"['bird', 'dog', 'frog', 'cat', 'airplane']",airplane
34430,6,"['automobile', 'horse', 'ship', 'airplane']",airplane
34431,4,"['cat', 'automobile', 'frog', 'airplane']",automobile
34432,6,"['automobile', 'horse', 'ship', 'airplane']",airplane
34433,2,"['ship', 'cat', 'automobile', 'airplane']",cat
34434,0,"['horse', 'deer', 'frog', 'cat']",horse
34435,9,"['dog', 'frog', 'cat', 'airplane']",airplane
34436,5,"['frog', 'ship', 'airplane', 'automobile']",ship
34437,3,"['frog', 'ship', 'automobile', 'airplane']",ship
34438,7,"['automobile', 'cat', 'airplane', 'frog']",cat
34439,3,"['frog', 'ship', 'automobile', 'airplane']",ship
34440,7,"['automobile', 'cat', 'airplane', 'frog']",cat
34441,8,"['horse', 'airplane', 'cat', 'frog']",horse
34442,1,"['bird', 'dog', 'frog', 'cat', 'airplane']",airplane
34443,6,"['automobile', 'horse', 'ship', 'airplane']",airplane
34444,5,"['frog', 'ship', 'airplane', 'automobile']",ship
34445,1,"['bird', 'dog', 'frog', 'cat', 'airplane']",airplane
34446,7,"['automobile', 'cat', 'airplane', 'frog']",airplane
34447,6,"['automobile', 'horse', 'ship', 'airplane']",airplane
34448,0,"['horse', 'deer', 'frog', 'cat']",horse
34449,2,"['ship', 'cat', 'automobile', 'airplane']",cat
34450,4,"['cat', 'automobile', 'frog', 'airplane']",automobile
34451,5,"['frog', 'ship', 'airplane', 'automobile']",ship
34452,3,"['frog', 'ship', 'automobile', 'airplane']",ship
34453,1,"['bird', 'dog', 'frog', 'cat', 'airplane']",airplane
34454,0,"['horse', 'deer', 'frog', 'cat']",horse
34455,8,"['horse', 'airplane', 'cat', 'frog']",horse
34456,9,"['dog', 'frog', 'cat', 'airplane']",dog
34457,2,"['ship', 'cat', 'automobile', 'airplane']",cat
34458,5,"['frog', 'ship', 'airplane', 'automobile']",ship
34459,0,"['horse', 'deer', 'frog', 'cat']",horse
34460,0,"['horse', 'deer', 'frog', 'cat']",horse
34461,3,"['frog', 'ship', 'automobile', 'airplane']",ship
34462,8,"['horse', 'airplane', 'cat', 'frog']",horse
34463,2,"['ship', 'cat', 'automobile', 'airplane']",cat
34464,4,"['cat', 'automobile', 'frog', 'airplane']",automobile
34465,3,"['frog', 'ship', 'automobile', 'airplane']",ship
34466,2,"['ship', 'cat', 'automobile', 'airplane']",cat
34467,6,"['automobile', 'horse', 'ship', 'airplane']",horse
34468,8,"['horse', 'airplane', 'cat', 'frog']",horse
34469,7,"['automobile', 'cat', 'airplane', 'frog']",cat
34470,7,"['automobile', 'cat', 'airplane', 'frog']",cat
34471,8,"['horse', 'airplane', 'cat', 'frog']",horse
34472,5,"['frog', 'ship', 'airplane', 'automobile']",ship
34473,8,"['horse', 'airplane', 'cat', 'frog']",horse
34474,9,"['dog', 'frog', 'cat', 'airplane']",dog
34475,9,"['dog', 'frog', 'cat', 'airplane']",airplane
34476,5,"['frog', 'ship', 'airplane', 'automobile']",ship
34477,4,"['cat', 'automobile', 'frog', 'airplane']",automobile
34478,5,"['frog', 'ship', 'airplane', 'automobile']",ship
34479,3,"['frog', 'ship', 'automobile', 'airplane']",ship
34480,9,"['dog', 'frog', 'cat', 'airplane']",airplane
34481,9,"['dog', 'frog', 'cat', 'airplane']",airplane
34482,2,"['ship', 'cat', 'automobile', 'airplane']",cat
34483,9,"['dog', 'frog', 'cat', 'airplane']",dog
34484,1,"['bird', 'dog', 'frog', 'cat', 'airplane']",airplane
34485,9,"['dog', 'frog', 'cat', 'airplane']",airplane
34486,3,"['frog', 'ship', 'automobile', 'airplane']",ship
34487,7,"['automobile', 'cat', 'airplane', 'frog']",cat
34488,2,"['ship', 'cat', 'automobile', 'airplane']",cat
34489,1,"['bird', 'dog', 'frog', 'cat', 'airplane']",airplane
34490,3,"['frog', 'ship', 'automobile', 'airplane']",ship
34491,8,"['horse', 'airplane', 'cat', 'frog']",horse
34492,3,"['frog', 'ship', 'automobile', 'airplane']",ship
34493,1,"['bird', 'dog', 'frog', 'cat', 'airplane']",airplane
34494,5,"['frog', 'ship', 'airplane', 'automobile']",ship
34495,2,"['ship', 'cat', 'automobile', 'airplane']",cat
34496,3,"['frog', 'ship', 'automobile', 'airplane']",ship
34497,2,"['ship', 'cat', 'automobile', 'airplane']",cat
34498,3,"['frog', 'ship', 'automobile', 'airplane']",ship
34499,2,"['ship', 'cat', 'automobile', 'airplane']",cat
34500,0,"['horse', 'deer', 'frog', 'cat']",horse
34501,3,"['frog', 'ship', 'automobile', 'airplane']",ship
34502,9,"['dog', 'frog', 'cat', 'airplane']",dog
34503,2,"['ship', 'cat', 'automobile', 'airplane']",cat
34504,4,"['cat', 'automobile', 'frog', 'airplane']",automobile
34505,6,"['automobile', 'horse', 'ship', 'airplane']",airplane
34506,7,"['automobile', 'cat', 'airplane', 'frog']",cat
34507,9,"['dog', 'frog', 'cat', 'airplane']",airplane
34508,2,"['ship', 'cat', 'automobile', 'airplane']",cat
34509,7,"['automobile', 'cat', 'airplane', 'frog']",airplane
34510,3,"['frog', 'ship', 'automobile', 'airplane']",ship
34511,7,"['automobile', 'cat', 'airplane', 'frog']",cat
34512,5,"['frog', 'ship', 'airplane', 'automobile']",ship
34513,2,"['ship', 'cat', 'automobile', 'airplane']",ship
34514,8,"['horse', 'airplane', 'cat', 'frog']",horse
34515,9,"['dog', 'frog', 'cat', 'airplane']",dog
34516,5,"['frog', 'ship', 'airplane', 'automobile']",ship
34517,3,"['frog', 'ship', 'automobile', 'airplane']",ship
34518,7,"['automobile', 'cat', 'airplane', 'frog']",airplane
34519,1,"['bird', 'dog', 'frog', 'cat', 'airplane']",airplane
34520,7,"['automobile', 'cat', 'airplane', 'frog']",airplane
34521,8,"['horse', 'airplane', 'cat', 'frog']",horse
34522,8,"['horse', 'airplane', 'cat', 'frog']",horse
34523,8,"['horse', 'airplane', 'cat', 'frog']",horse
34524,5,"['frog', 'ship', 'airplane', 'automobile']",ship
34525,9,"['dog', 'frog', 'cat', 'airplane']",airplane
34526,9,"['dog', 'frog', 'cat', 'airplane']",airplane
34527,8,"['horse', 'airplane', 'cat', 'frog']",horse
34528,7,"['automobile', 'cat', 'airplane', 'frog']",cat
34529,2,"['ship', 'cat', 'automobile', 'airplane']",cat
34530,1,"['bird', 'dog', 'frog', 'cat', 'airplane']",airplane
34531,5,"['frog', 'ship', 'airplane', 'automobile']",ship
34532,9,"['dog', 'frog', 'cat', 'airplane']",airplane
34533,1,"['bird', 'dog', 'frog', 'cat', 'airplane']",airplane
34534,5,"['frog', 'ship', 'airplane', 'automobile']",ship
34535,9,"['dog', 'frog', 'cat', 'airplane']",dog
34536,3,"['frog', 'ship', 'automobile', 'airplane']",ship
34537,0,"['horse', 'deer', 'frog', 'cat']",horse
34538,9,"['dog', 'frog', 'cat', 'airplane']",airplane
34539,6,"['automobile', 'horse', 'ship', 'airplane']",airplane
34540,1,"['bird', 'dog', 'frog', 'cat', 'airplane']",airplane
34541,5,"['frog', 'ship', 'airplane', 'automobile']",ship
34542,6,"['automobile', 'horse', 'ship', 'airplane']",automobile
34543,6,"['automobile', 'horse', 'ship', 'airplane']",ship
34544,7,"['automobile', 'cat', 'airplane', 'frog']",cat
34545,3,"['frog', 'ship', 'automobile', 'airplane']",ship
34546,8,"['horse', 'airplane', 'cat', 'frog']",horse
34547,0,"['horse', 'deer', 'frog', 'cat']",horse
34548,1,"['bird', 'dog', 'frog', 'cat', 'airplane']",airplane
34549,9,"['dog', 'frog', 'cat', 'airplane']",airplane
34550,6,"['automobile', 'horse', 'ship', 'airplane']",airplane
34551,5,"['frog', 'ship', 'airplane', 'automobile']",ship
34552,6,"['automobile', 'horse', 'ship', 'airplane']",airplane
34553,2,"['ship', 'cat', 'automobile', 'airplane']",automobile
34554,1,"['bird', 'dog', 'frog', 'cat', 'airplane']",airplane
34555,2,"['ship', 'cat', 'automobile', 'airplane']",automobile
34556,4,"['cat', 'automobile', 'frog', 'airplane']",automobile
34557,9,"['dog', 'frog', 'cat', 'airplane']",airplane
34558,0,"['horse', 'deer', 'frog', 'cat']",horse
34559,7,"['automobile', 'cat', 'airplane', 'frog']",airplane
34560,8,"['horse', 'airplane', 'cat', 'frog']",horse
34561,4,"['cat', 'automobile', 'frog', 'airplane']",automobile
34562,4,"['cat', 'automobile', 'frog', 'airplane']",automobile
34563,6,"['automobile', 'horse', 'ship', 'airplane']",airplane
34564,6,"['automobile', 'horse', 'ship', 'airplane']",airplane
34565,5,"['frog', 'ship', 'airplane', 'automobile']",ship
34566,2,"['ship', 'cat', 'automobile', 'airplane']",ship
34567,0,"['horse', 'deer', 'frog', 'cat']",deer
34568,0,"['horse', 'deer', 'frog', 'cat']",horse
34569,7,"['automobile', 'cat', 'airplane', 'frog']",cat
34570,4,"['cat', 'automobile', 'frog', 'airplane']",automobile
34571,1,"['bird', 'dog', 'frog', 'cat', 'airplane']",airplane
34572,9,"['dog', 'frog', 'cat', 'airplane']",airplane
34573,9,"['dog', 'frog', 'cat', 'airplane']",dog
34574,4,"['cat', 'automobile', 'frog', 'airplane']",automobile
34575,4,"['cat', 'automobile', 'frog', 'airplane']",automobile
34576,8,"['horse', 'airplane', 'cat', 'frog']",horse
34577,8,"['horse', 'airplane', 'cat', 'frog']",horse
34578,0,"['horse', 'deer', 'frog', 'cat']",horse
34579,3,"['frog', 'ship', 'automobile', 'airplane']",ship
34580,2,"['ship', 'cat', 'automobile', 'airplane']",cat
34581,3,"['frog', 'ship', 'automobile', 'airplane']",ship
34582,8,"['horse', 'airplane', 'cat', 'frog']",airplane
34583,7,"['automobile', 'cat', 'airplane', 'frog']",cat
34584,7,"['automobile', 'cat', 'airplane', 'frog']",cat
34585,4,"['cat', 'automobile', 'frog', 'airplane']",automobile
34586,9,"['dog', 'frog', 'cat', 'airplane']",airplane
34587,9,"['dog', 'frog', 'cat', 'airplane']",dog
34588,1,"['bird', 'dog', 'frog', 'cat', 'airplane']",airplane
34589,4,"['cat', 'automobile', 'frog', 'airplane']",automobile
34590,3,"['frog', 'ship', 'automobile', 'airplane']",ship
34591,7,"['automobile', 'cat', 'airplane', 'frog']",cat
34592,7,"['automobile', 'cat', 'airplane', 'frog']",airplane
34593,3,"['frog', 'ship', 'automobile', 'airplane']",ship
34594,6,"['automobile', 'horse', 'ship', 'airplane']",airplane
34595,1,"['bird', 'dog', 'frog', 'cat', 'airplane']",airplane
34596,1,"['bird', 'dog', 'frog', 'cat', 'airplane']",airplane
34597,2,"['ship', 'cat', 'automobile', 'airplane']",cat
34598,1,"['bird', 'dog', 'frog', 'cat', 'airplane']",airplane
34599,7,"['automobile', 'cat', 'airplane', 'frog']",cat
34600,2,"['ship', 'cat', 'automobile', 'airplane']",automobile
34601,0,"['horse', 'deer', 'frog', 'cat']",horse
34602,6,"['automobile', 'horse', 'ship', 'airplane']",automobile
34603,6,"['automobile', 'horse', 'ship', 'airplane']",airplane
34604,4,"['cat', 'automobile', 'frog', 'airplane']",automobile
34605,7,"['automobile', 'cat', 'airplane', 'frog']",cat
34606,3,"['frog', 'ship', 'automobile', 'airplane']",ship
34607,0,"['horse', 'deer', 'frog', 'cat']",horse
34608,2,"['ship', 'cat', 'automobile', 'airplane']",cat
34609,2,"['ship', 'cat', 'automobile', 'airplane']",cat
34610,8,"['horse', 'airplane', 'cat', 'frog']",horse
34611,2,"['ship', 'cat', 'automobile', 'airplane']",cat
34612,6,"['automobile', 'horse', 'ship', 'airplane']",airplane
34613,7,"['automobile', 'cat', 'airplane', 'frog']",airplane
34614,2,"['ship', 'cat', 'automobile', 'airplane']",automobile
34615,8,"['horse', 'airplane', 'cat', 'frog']",horse
34616,1,"['bird', 'dog', 'frog', 'cat', 'airplane']",airplane
34617,4,"['cat', 'automobile', 'frog', 'airplane']",automobile
34618,1,"['bird', 'dog', 'frog', 'cat', 'airplane']",airplane
34619,8,"['horse', 'airplane', 'cat', 'frog']",horse
34620,2,"['ship', 'cat', 'automobile', 'airplane']",cat
34621,6,"['automobile', 'horse', 'ship', 'airplane']",airplane
34622,9,"['dog', 'frog', 'cat', 'airplane']",airplane
34623,3,"['frog', 'ship', 'automobile', 'airplane']",ship
34624,2,"['ship', 'cat', 'automobile', 'airplane']",automobile
34625,9,"['dog', 'frog', 'cat', 'airplane']",dog
34626,5,"['frog', 'ship', 'airplane', 'automobile']",ship
34627,0,"['horse', 'deer', 'frog', 'cat']",horse
34628,9,"['dog', 'frog', 'cat', 'airplane']",dog
34629,1,"['bird', 'dog', 'frog', 'cat', 'airplane']",airplane
34630,2,"['ship', 'cat', 'automobile', 'airplane']",cat
34631,7,"['automobile', 'cat', 'airplane', 'frog']",airplane
34632,6,"['automobile', 'horse', 'ship', 'airplane']",airplane
34633,9,"['dog', 'frog', 'cat', 'airplane']",airplane
34634,5,"['frog', 'ship', 'airplane', 'automobile']",ship
34635,5,"['frog', 'ship', 'airplane', 'automobile']",ship
34636,8,"['horse', 'airplane', 'cat', 'frog']",horse
34637,1,"['bird', 'dog', 'frog', 'cat', 'airplane']",airplane
34638,4,"['cat', 'automobile', 'frog', 'airplane']",automobile
34639,2,"['ship', 'cat', 'automobile', 'airplane']",cat
34640,9,"['dog', 'frog', 'cat', 'airplane']",airplane
34641,8,"['horse', 'airplane', 'cat', 'frog']",horse
34642,4,"['cat', 'automobile', 'frog', 'airplane']",automobile
34643,6,"['automobile', 'horse', 'ship', 'airplane']",airplane
34644,6,"['automobile', 'horse', 'ship', 'airplane']",airplane
34645,9,"['dog', 'frog', 'cat', 'airplane']",dog
34646,0,"['horse', 'deer', 'frog', 'cat']",horse
34647,3,"['frog', 'ship', 'automobile', 'airplane']",ship
34648,7,"['automobile', 'cat', 'airplane', 'frog']",airplane
34649,3,"['frog', 'ship', 'automobile', 'airplane']",ship
34650,3,"['frog', 'ship', 'automobile', 'airplane']",ship
34651,2,"['ship', 'cat', 'automobile', 'airplane']",cat
34652,6,"['automobile', 'horse', 'ship', 'airplane']",horse
34653,2,"['ship', 'cat', 'automobile', 'airplane']",cat
34654,2,"['ship', 'cat', 'automobile', 'airplane']",cat
34655,8,"['horse', 'airplane', 'cat', 'frog']",horse
34656,8,"['horse', 'airplane', 'cat', 'frog']",horse
34657,8,"['horse', 'airplane', 'cat', 'frog']",horse
34658,3,"['frog', 'ship', 'automobile', 'airplane']",ship
34659,5,"['frog', 'ship', 'airplane', 'automobile']",ship
34660,5,"['frog', 'ship', 'airplane', 'automobile']",ship
34661,3,"['frog', 'ship', 'automobile', 'airplane']",ship
34662,6,"['automobile', 'horse', 'ship', 'airplane']",airplane
34663,2,"['ship', 'cat', 'automobile', 'airplane']",cat
34664,0,"['horse', 'deer', 'frog', 'cat']",horse
34665,9,"['dog', 'frog', 'cat', 'airplane']",airplane
34666,9,"['dog', 'frog', 'cat', 'airplane']",dog
34667,9,"['dog', 'frog', 'cat', 'airplane']",dog
34668,4,"['cat', 'automobile', 'frog', 'airplane']",automobile
34669,2,"['ship', 'cat', 'automobile', 'airplane']",automobile
34670,4,"['cat', 'automobile', 'frog', 'airplane']",automobile
34671,4,"['cat', 'automobile', 'frog', 'airplane']",automobile
34672,7,"['automobile', 'cat', 'airplane', 'frog']",airplane
34673,1,"['bird', 'dog', 'frog', 'cat', 'airplane']",airplane
34674,6,"['automobile', 'horse', 'ship', 'airplane']",airplane
34675,1,"['bird', 'dog', 'frog', 'cat', 'airplane']",airplane
34676,0,"['horse', 'deer', 'frog', 'cat']",frog
34677,8,"['horse', 'airplane', 'cat', 'frog']",horse
34678,6,"['automobile', 'horse', 'ship', 'airplane']",ship
34679,6,"['automobile', 'horse', 'ship', 'airplane']",airplane
34680,4,"['cat', 'automobile', 'frog', 'airplane']",automobile
34681,8,"['horse', 'airplane', 'cat', 'frog']",horse
34682,3,"['frog', 'ship', 'automobile', 'airplane']",ship
34683,8,"['horse', 'airplane', 'cat', 'frog']",horse
34684,6,"['automobile', 'horse', 'ship', 'airplane']",horse
34685,2,"['ship', 'cat', 'automobile', 'airplane']",cat
34686,6,"['automobile', 'horse', 'ship', 'airplane']",airplane
34687,5,"['frog', 'ship', 'airplane', 'automobile']",ship
34688,7,"['automobile', 'cat', 'airplane', 'frog']",cat
34689,3,"['frog', 'ship', 'automobile', 'airplane']",ship
34690,1,"['bird', 'dog', 'frog', 'cat', 'airplane']",airplane
34691,8,"['horse', 'airplane', 'cat', 'frog']",horse
34692,4,"['cat', 'automobile', 'frog', 'airplane']",automobile
34693,0,"['horse', 'deer', 'frog', 'cat']",horse
34694,6,"['automobile', 'horse', 'ship', 'airplane']",airplane
34695,8,"['horse', 'airplane', 'cat', 'frog']",horse
34696,6,"['automobile', 'horse', 'ship', 'airplane']",airplane
34697,1,"['bird', 'dog', 'frog', 'cat', 'airplane']",airplane
34698,2,"['ship', 'cat', 'automobile', 'airplane']",cat
34699,4,"['cat', 'automobile', 'frog', 'airplane']",automobile
34700,1,"['bird', 'dog', 'frog', 'cat', 'airplane']",airplane
34701,1,"['bird', 'dog', 'frog', 'cat', 'airplane']",airplane
34702,5,"['frog', 'ship', 'airplane', 'automobile']",ship
34703,3,"['frog', 'ship', 'automobile', 'airplane']",ship
34704,5,"['frog', 'ship', 'airplane', 'automobile']",ship
34705,0,"['horse', 'deer', 'frog', 'cat']",horse
34706,6,"['automobile', 'horse', 'ship', 'airplane']",airplane
34707,7,"['automobile', 'cat', 'airplane', 'frog']",cat
34708,7,"['automobile', 'cat', 'airplane', 'frog']",cat
34709,7,"['automobile', 'cat', 'airplane', 'frog']",frog
34710,3,"['frog', 'ship', 'automobile', 'airplane']",ship
34711,0,"['horse', 'deer', 'frog', 'cat']",horse
34712,8,"['horse', 'airplane', 'cat', 'frog']",horse
34713,9,"['dog', 'frog', 'cat', 'airplane']",airplane
34714,3,"['frog', 'ship', 'automobile', 'airplane']",ship
34715,0,"['horse', 'deer', 'frog', 'cat']",horse
34716,6,"['automobile', 'horse', 'ship', 'airplane']",airplane
34717,7,"['automobile', 'cat', 'airplane', 'frog']",airplane
34718,8,"['horse', 'airplane', 'cat', 'frog']",horse
34719,7,"['automobile', 'cat', 'airplane', 'frog']",airplane
34720,1,"['bird', 'dog', 'frog', 'cat', 'airplane']",airplane
34721,1,"['bird', 'dog', 'frog', 'cat', 'airplane']",airplane
34722,0,"['horse', 'deer', 'frog', 'cat']",horse
34723,1,"['bird', 'dog', 'frog', 'cat', 'airplane']",airplane
34724,0,"['horse', 'deer', 'frog', 'cat']",horse
34725,6,"['automobile', 'horse', 'ship', 'airplane']",ship
34726,9,"['dog', 'frog', 'cat', 'airplane']",dog
34727,4,"['cat', 'automobile', 'frog', 'airplane']",automobile
34728,5,"['frog', 'ship', 'airplane', 'automobile']",ship
34729,2,"['ship', 'cat', 'automobile', 'airplane']",cat
34730,9,"['dog', 'frog', 'cat', 'airplane']",airplane
34731,9,"['dog', 'frog', 'cat', 'airplane']",airplane
34732,5,"['frog', 'ship', 'airplane', 'automobile']",ship
34733,7,"['automobile', 'cat', 'airplane', 'frog']",airplane
34734,2,"['ship', 'cat', 'automobile', 'airplane']",cat
34735,2,"['ship', 'cat', 'automobile', 'airplane']",cat
34736,5,"['frog', 'ship', 'airplane', 'automobile']",ship
34737,4,"['cat', 'automobile', 'frog', 'airplane']",automobile
34738,5,"['frog', 'ship', 'airplane', 'automobile']",ship
34739,5,"['frog', 'ship', 'airplane', 'automobile']",ship
34740,6,"['automobile', 'horse', 'ship', 'airplane']",horse
34741,3,"['frog', 'ship', 'automobile', 'airplane']",ship
34742,3,"['frog', 'ship', 'automobile', 'airplane']",ship
34743,8,"['horse', 'airplane', 'cat', 'frog']",horse
34744,4,"['cat', 'automobile', 'frog', 'airplane']",automobile
34745,0,"['horse', 'deer', 'frog', 'cat']",horse
34746,0,"['horse', 'deer', 'frog', 'cat']",horse
34747,2,"['ship', 'cat', 'automobile', 'airplane']",cat
34748,0,"['horse', 'deer', 'frog', 'cat']",horse
34749,8,"['horse', 'airplane', 'cat', 'frog']",horse
34750,0,"['horse', 'deer', 'frog', 'cat']",horse
34751,4,"['cat', 'automobile', 'frog', 'airplane']",airplane
34752,4,"['cat', 'automobile', 'frog', 'airplane']",automobile
34753,9,"['dog', 'frog', 'cat', 'airplane']",airplane
34754,6,"['automobile', 'horse', 'ship', 'airplane']",airplane
34755,5,"['frog', 'ship', 'airplane', 'automobile']",ship
34756,3,"['frog', 'ship', 'automobile', 'airplane']",ship
34757,5,"['frog', 'ship', 'airplane', 'automobile']",ship
34758,0,"['horse', 'deer', 'frog', 'cat']",horse
34759,8,"['horse', 'airplane', 'cat', 'frog']",horse
34760,4,"['cat', 'automobile', 'frog', 'airplane']",automobile
34761,0,"['horse', 'deer', 'frog', 'cat']",horse
34762,6,"['automobile', 'horse', 'ship', 'airplane']",airplane
34763,5,"['frog', 'ship', 'airplane', 'automobile']",ship
34764,6,"['automobile', 'horse', 'ship', 'airplane']",ship
34765,6,"['automobile', 'horse', 'ship', 'airplane']",airplane
34766,0,"['horse', 'deer', 'frog', 'cat']",horse
34767,9,"['dog', 'frog', 'cat', 'airplane']",dog
34768,3,"['frog', 'ship', 'automobile', 'airplane']",ship
34769,2,"['ship', 'cat', 'automobile', 'airplane']",automobile
34770,4,"['cat', 'automobile', 'frog', 'airplane']",automobile
34771,3,"['frog', 'ship', 'automobile', 'airplane']",ship
34772,9,"['dog', 'frog', 'cat', 'airplane']",dog
34773,9,"['dog', 'frog', 'cat', 'airplane']",airplane
34774,9,"['dog', 'frog', 'cat', 'airplane']",dog
34775,6,"['automobile', 'horse', 'ship', 'airplane']",ship
34776,4,"['cat', 'automobile', 'frog', 'airplane']",automobile
34777,4,"['cat', 'automobile', 'frog', 'airplane']",automobile
34778,1,"['bird', 'dog', 'frog', 'cat', 'airplane']",airplane
34779,3,"['frog', 'ship', 'automobile', 'airplane']",ship
34780,0,"['horse', 'deer', 'frog', 'cat']",horse
34781,0,"['horse', 'deer', 'frog', 'cat']",horse
34782,7,"['automobile', 'cat', 'airplane', 'frog']",cat
34783,0,"['horse', 'deer', 'frog', 'cat']",horse
34784,4,"['cat', 'automobile', 'frog', 'airplane']",automobile
34785,8,"['horse', 'airplane', 'cat', 'frog']",airplane
34786,6,"['automobile', 'horse', 'ship', 'airplane']",automobile
34787,0,"['horse', 'deer', 'frog', 'cat']",horse
34788,7,"['automobile', 'cat', 'airplane', 'frog']",cat
34789,2,"['ship', 'cat', 'automobile', 'airplane']",automobile
34790,5,"['frog', 'ship', 'airplane', 'automobile']",ship
34791,1,"['bird', 'dog', 'frog', 'cat', 'airplane']",airplane
34792,8,"['horse', 'airplane', 'cat', 'frog']",horse
34793,4,"['cat', 'automobile', 'frog', 'airplane']",automobile
34794,1,"['bird', 'dog', 'frog', 'cat', 'airplane']",airplane
34795,6,"['automobile', 'horse', 'ship', 'airplane']",automobile
34796,9,"['dog', 'frog', 'cat', 'airplane']",airplane
34797,5,"['frog', 'ship', 'airplane', 'automobile']",ship
34798,6,"['automobile', 'horse', 'ship', 'airplane']",airplane
34799,0,"['horse', 'deer', 'frog', 'cat']",horse
34800,9,"['dog', 'frog', 'cat', 'airplane']",airplane
34801,3,"['frog', 'ship', 'automobile', 'airplane']",ship
34802,1,"['bird', 'dog', 'frog', 'cat', 'airplane']",airplane
34803,5,"['frog', 'ship', 'airplane', 'automobile']",ship
34804,6,"['automobile', 'horse', 'ship', 'airplane']",airplane
34805,6,"['automobile', 'horse', 'ship', 'airplane']",airplane
34806,3,"['frog', 'ship', 'automobile', 'airplane']",ship
34807,7,"['automobile', 'cat', 'airplane', 'frog']",cat
34808,4,"['cat', 'automobile', 'frog', 'airplane']",automobile
34809,1,"['bird', 'dog', 'frog', 'cat', 'airplane']",airplane
34810,1,"['bird', 'dog', 'frog', 'cat', 'airplane']",airplane
34811,9,"['dog', 'frog', 'cat', 'airplane']",airplane
34812,5,"['frog', 'ship', 'airplane', 'automobile']",ship
34813,1,"['bird', 'dog', 'frog', 'cat', 'airplane']",airplane
34814,8,"['horse', 'airplane', 'cat', 'frog']",horse
34815,8,"['horse', 'airplane', 'cat', 'frog']",horse
34816,4,"['cat', 'automobile', 'frog', 'airplane']",automobile
34817,6,"['automobile', 'horse', 'ship', 'airplane']",airplane
34818,5,"['frog', 'ship', 'airplane', 'automobile']",ship
34819,4,"['cat', 'automobile', 'frog', 'airplane']",automobile
34820,6,"['automobile', 'horse', 'ship', 'airplane']",automobile
34821,1,"['bird', 'dog', 'frog', 'cat', 'airplane']",airplane
34822,3,"['frog', 'ship', 'automobile', 'airplane']",ship
34823,6,"['automobile', 'horse', 'ship', 'airplane']",airplane
34824,4,"['cat', 'automobile', 'frog', 'airplane']",automobile
34825,8,"['horse', 'airplane', 'cat', 'frog']",airplane
34826,7,"['automobile', 'cat', 'airplane', 'frog']",cat
34827,2,"['ship', 'cat', 'automobile', 'airplane']",cat
34828,0,"['horse', 'deer', 'frog', 'cat']",horse
34829,6,"['automobile', 'horse', 'ship', 'airplane']",airplane
34830,1,"['bird', 'dog', 'frog', 'cat', 'airplane']",airplane
34831,0,"['horse', 'deer', 'frog', 'cat']",horse
34832,1,"['bird', 'dog', 'frog', 'cat', 'airplane']",airplane
34833,5,"['frog', 'ship', 'airplane', 'automobile']",ship
34834,8,"['horse', 'airplane', 'cat', 'frog']",horse
34835,3,"['frog', 'ship', 'automobile', 'airplane']",ship
34836,2,"['ship', 'cat', 'automobile', 'airplane']",automobile
34837,5,"['frog', 'ship', 'airplane', 'automobile']",ship
34838,5,"['frog', 'ship', 'airplane', 'automobile']",ship
34839,5,"['frog', 'ship', 'airplane', 'automobile']",ship
34840,4,"['cat', 'automobile', 'frog', 'airplane']",automobile
34841,5,"['frog', 'ship', 'airplane', 'automobile']",ship
34842,9,"['dog', 'frog', 'cat', 'airplane']",airplane
34843,9,"['dog', 'frog', 'cat', 'airplane']",dog
34844,7,"['automobile', 'cat', 'airplane', 'frog']",cat
34845,1,"['bird', 'dog', 'frog', 'cat', 'airplane']",airplane
34846,5,"['frog', 'ship', 'airplane', 'automobile']",ship
34847,7,"['automobile', 'cat', 'airplane', 'frog']",cat
34848,7,"['automobile', 'cat', 'airplane', 'frog']",cat
34849,6,"['automobile', 'horse', 'ship', 'airplane']",airplane
34850,1,"['bird', 'dog', 'frog', 'cat', 'airplane']",airplane
34851,3,"['frog', 'ship', 'automobile', 'airplane']",ship
34852,4,"['cat', 'automobile', 'frog', 'airplane']",automobile
34853,3,"['frog', 'ship', 'automobile', 'airplane']",ship
34854,5,"['frog', 'ship', 'airplane', 'automobile']",ship
34855,0,"['horse', 'deer', 'frog', 'cat']",horse
34856,0,"['horse', 'deer', 'frog', 'cat']",horse
34857,6,"['automobile', 'horse', 'ship', 'airplane']",airplane
34858,3,"['frog', 'ship', 'automobile', 'airplane']",ship
34859,5,"['frog', 'ship', 'airplane', 'automobile']",ship
34860,9,"['dog', 'frog', 'cat', 'airplane']",airplane
34861,6,"['automobile', 'horse', 'ship', 'airplane']",airplane
34862,1,"['bird', 'dog', 'frog', 'cat', 'airplane']",airplane
34863,9,"['dog', 'frog', 'cat', 'airplane']",dog
34864,7,"['automobile', 'cat', 'airplane', 'frog']",cat
34865,3,"['frog', 'ship', 'automobile', 'airplane']",ship
34866,2,"['ship', 'cat', 'automobile', 'airplane']",cat
34867,9,"['dog', 'frog', 'cat', 'airplane']",airplane
34868,7,"['automobile', 'cat', 'airplane', 'frog']",cat
34869,8,"['horse', 'airplane', 'cat', 'frog']",horse
34870,8,"['horse', 'airplane', 'cat', 'frog']",horse
34871,1,"['bird', 'dog', 'frog', 'cat', 'airplane']",airplane
34872,9,"['dog', 'frog', 'cat', 'airplane']",airplane
34873,2,"['ship', 'cat', 'automobile', 'airplane']",automobile
34874,6,"['automobile', 'horse', 'ship', 'airplane']",airplane
34875,6,"['automobile', 'horse', 'ship', 'airplane']",airplane
34876,7,"['automobile', 'cat', 'airplane', 'frog']",cat
34877,5,"['frog', 'ship', 'airplane', 'automobile']",ship
34878,9,"['dog', 'frog', 'cat', 'airplane']",airplane
34879,5,"['frog', 'ship', 'airplane', 'automobile']",ship
34880,5,"['frog', 'ship', 'airplane', 'automobile']",ship
34881,4,"['cat', 'automobile', 'frog', 'airplane']",automobile
34882,4,"['cat', 'automobile', 'frog', 'airplane']",automobile
34883,9,"['dog', 'frog', 'cat', 'airplane']",dog
34884,5,"['frog', 'ship', 'airplane', 'automobile']",ship
34885,2,"['ship', 'cat', 'automobile', 'airplane']",automobile
34886,3,"['frog', 'ship', 'automobile', 'airplane']",ship
34887,5,"['frog', 'ship', 'airplane', 'automobile']",ship
34888,5,"['frog', 'ship', 'airplane', 'automobile']",ship
34889,3,"['frog', 'ship', 'automobile', 'airplane']",ship
34890,1,"['bird', 'dog', 'frog', 'cat', 'airplane']",airplane
34891,5,"['frog', 'ship', 'airplane', 'automobile']",ship
34892,8,"['horse', 'airplane', 'cat', 'frog']",horse
34893,8,"['horse', 'airplane', 'cat', 'frog']",horse
34894,8,"['horse', 'airplane', 'cat', 'frog']",horse
34895,4,"['cat', 'automobile', 'frog', 'airplane']",airplane
34896,2,"['ship', 'cat', 'automobile', 'airplane']",cat
34897,8,"['horse', 'airplane', 'cat', 'frog']",horse
34898,6,"['automobile', 'horse', 'ship', 'airplane']",airplane
34899,7,"['automobile', 'cat', 'airplane', 'frog']",frog
34900,7,"['automobile', 'cat', 'airplane', 'frog']",cat
34901,3,"['frog', 'ship', 'automobile', 'airplane']",ship
34902,1,"['bird', 'dog', 'frog', 'cat', 'airplane']",airplane
34903,9,"['dog', 'frog', 'cat', 'airplane']",airplane
34904,7,"['automobile', 'cat', 'airplane', 'frog']",frog
34905,1,"['bird', 'dog', 'frog', 'cat', 'airplane']",airplane
34906,1,"['bird', 'dog', 'frog', 'cat', 'airplane']",airplane
34907,2,"['ship', 'cat', 'automobile', 'airplane']",cat
34908,9,"['dog', 'frog', 'cat', 'airplane']",airplane
34909,1,"['bird', 'dog', 'frog', 'cat', 'airplane']",airplane
34910,8,"['horse', 'airplane', 'cat', 'frog']",horse
34911,1,"['bird', 'dog', 'frog', 'cat', 'airplane']",airplane
34912,6,"['automobile', 'horse', 'ship', 'airplane']",airplane
34913,1,"['bird', 'dog', 'frog', 'cat', 'airplane']",airplane
34914,3,"['frog', 'ship', 'automobile', 'airplane']",ship
34915,7,"['automobile', 'cat', 'airplane', 'frog']",airplane
34916,9,"['dog', 'frog', 'cat', 'airplane']",dog
34917,0,"['horse', 'deer', 'frog', 'cat']",horse
34918,7,"['automobile', 'cat', 'airplane', 'frog']",cat
34919,0,"['horse', 'deer', 'frog', 'cat']",horse
34920,6,"['automobile', 'horse', 'ship', 'airplane']",airplane
34921,6,"['automobile', 'horse', 'ship', 'airplane']",airplane
34922,6,"['automobile', 'horse', 'ship', 'airplane']",horse
34923,1,"['bird', 'dog', 'frog', 'cat', 'airplane']",airplane
34924,5,"['frog', 'ship', 'airplane', 'automobile']",ship
34925,2,"['ship', 'cat', 'automobile', 'airplane']",cat
34926,6,"['automobile', 'horse', 'ship', 'airplane']",automobile
34927,1,"['bird', 'dog', 'frog', 'cat', 'airplane']",airplane
34928,2,"['ship', 'cat', 'automobile', 'airplane']",cat
34929,7,"['automobile', 'cat', 'airplane', 'frog']",cat
34930,2,"['ship', 'cat', 'automobile', 'airplane']",cat
34931,5,"['frog', 'ship', 'airplane', 'automobile']",ship
34932,6,"['automobile', 'horse', 'ship', 'airplane']",horse
34933,3,"['frog', 'ship', 'automobile', 'airplane']",ship
34934,3,"['frog', 'ship', 'automobile', 'airplane']",ship
34935,5,"['frog', 'ship', 'airplane', 'automobile']",ship
34936,4,"['cat', 'automobile', 'frog', 'airplane']",automobile
34937,7,"['automobile', 'cat', 'airplane', 'frog']",cat
34938,0,"['horse', 'deer', 'frog', 'cat']",horse
34939,4,"['cat', 'automobile', 'frog', 'airplane']",automobile
34940,1,"['bird', 'dog', 'frog', 'cat', 'airplane']",airplane
34941,5,"['frog', 'ship', 'airplane', 'automobile']",ship
34942,6,"['automobile', 'horse', 'ship', 'airplane']",airplane
34943,9,"['dog', 'frog', 'cat', 'airplane']",airplane
34944,0,"['horse', 'deer', 'frog', 'cat']",horse
34945,5,"['frog', 'ship', 'airplane', 'automobile']",ship
34946,3,"['frog', 'ship', 'automobile', 'airplane']",ship
34947,4,"['cat', 'automobile', 'frog', 'airplane']",automobile
34948,0,"['horse', 'deer', 'frog', 'cat']",horse
34949,0,"['horse', 'deer', 'frog', 'cat']",horse
34950,4,"['cat', 'automobile', 'frog', 'airplane']",automobile
34951,6,"['automobile', 'horse', 'ship', 'airplane']",airplane
34952,3,"['frog', 'ship', 'automobile', 'airplane']",ship
34953,6,"['automobile', 'horse', 'ship', 'airplane']",airplane
34954,5,"['frog', 'ship', 'airplane', 'automobile']",ship
34955,7,"['automobile', 'cat', 'airplane', 'frog']",cat
34956,4,"['cat', 'automobile', 'frog', 'airplane']",automobile
34957,9,"['dog', 'frog', 'cat', 'airplane']",airplane
34958,9,"['dog', 'frog', 'cat', 'airplane']",dog
34959,2,"['ship', 'cat', 'automobile', 'airplane']",cat
34960,2,"['ship', 'cat', 'automobile', 'airplane']",cat
34961,6,"['automobile', 'horse', 'ship', 'airplane']",airplane
34962,1,"['bird', 'dog', 'frog', 'cat', 'airplane']",airplane
34963,8,"['horse', 'airplane', 'cat', 'frog']",cat
34964,0,"['horse', 'deer', 'frog', 'cat']",horse
34965,6,"['automobile', 'horse', 'ship', 'airplane']",airplane
34966,9,"['dog', 'frog', 'cat', 'airplane']",airplane
34967,3,"['frog', 'ship', 'automobile', 'airplane']",ship
34968,2,"['ship', 'cat', 'automobile', 'airplane']",ship
34969,4,"['cat', 'automobile', 'frog', 'airplane']",airplane
34970,9,"['dog', 'frog', 'cat', 'airplane']",dog
34971,2,"['ship', 'cat', 'automobile', 'airplane']",cat
34972,5,"['frog', 'ship', 'airplane', 'automobile']",ship
34973,9,"['dog', 'frog', 'cat', 'airplane']",airplane
34974,2,"['ship', 'cat', 'automobile', 'airplane']",cat
34975,9,"['dog', 'frog', 'cat', 'airplane']",airplane
34976,6,"['automobile', 'horse', 'ship', 'airplane']",airplane
34977,8,"['horse', 'airplane', 'cat', 'frog']",horse
34978,3,"['frog', 'ship', 'automobile', 'airplane']",ship
34979,8,"['horse', 'airplane', 'cat', 'frog']",horse
34980,3,"['frog', 'ship', 'automobile', 'airplane']",ship
34981,2,"['ship', 'cat', 'automobile', 'airplane']",cat
34982,1,"['bird', 'dog', 'frog', 'cat', 'airplane']",airplane
34983,8,"['horse', 'airplane', 'cat', 'frog']",horse
34984,3,"['frog', 'ship', 'automobile', 'airplane']",ship
34985,2,"['ship', 'cat', 'automobile', 'airplane']",ship
34986,6,"['automobile', 'horse', 'ship', 'airplane']",airplane
34987,3,"['frog', 'ship', 'automobile', 'airplane']",ship
34988,5,"['frog', 'ship', 'airplane', 'automobile']",ship
34989,0,"['horse', 'deer', 'frog', 'cat']",horse
34990,7,"['automobile', 'cat', 'airplane', 'frog']",cat
34991,9,"['dog', 'frog', 'cat', 'airplane']",airplane
34992,6,"['automobile', 'horse', 'ship', 'airplane']",ship
34993,1,"['bird', 'dog', 'frog', 'cat', 'airplane']",airplane
34994,4,"['cat', 'automobile', 'frog', 'airplane']",automobile
34995,9,"['dog', 'frog', 'cat', 'airplane']",dog
34996,2,"['ship', 'cat', 'automobile', 'airplane']",cat
34997,3,"['frog', 'ship', 'automobile', 'airplane']",ship
34998,0,"['horse', 'deer', 'frog', 'cat']",horse
34999,3,"['frog', 'ship', 'automobile', 'airplane']",ship
35000,5,"['frog', 'ship', 'airplane', 'automobile']",ship
35001,6,"['automobile', 'horse', 'ship', 'airplane']",airplane
35002,7,"['automobile', 'cat', 'airplane', 'frog']",cat
35003,7,"['automobile', 'cat', 'airplane', 'frog']",cat
35004,1,"['bird', 'dog', 'frog', 'cat', 'airplane']",airplane
35005,7,"['automobile', 'cat', 'airplane', 'frog']",cat
35006,9,"['dog', 'frog', 'cat', 'airplane']",dog
35007,3,"['frog', 'ship', 'automobile', 'airplane']",ship
35008,7,"['automobile', 'cat', 'airplane', 'frog']",airplane
35009,3,"['frog', 'ship', 'automobile', 'airplane']",ship
35010,2,"['ship', 'cat', 'automobile', 'airplane']",automobile
35011,1,"['bird', 'dog', 'frog', 'cat', 'airplane']",airplane
35012,1,"['bird', 'dog', 'frog', 'cat', 'airplane']",airplane
35013,8,"['horse', 'airplane', 'cat', 'frog']",horse
35014,8,"['horse', 'airplane', 'cat', 'frog']",horse
35015,5,"['frog', 'ship', 'airplane', 'automobile']",ship
35016,3,"['frog', 'ship', 'automobile', 'airplane']",ship
35017,6,"['automobile', 'horse', 'ship', 'airplane']",airplane
35018,8,"['horse', 'airplane', 'cat', 'frog']",horse
35019,9,"['dog', 'frog', 'cat', 'airplane']",dog
35020,7,"['automobile', 'cat', 'airplane', 'frog']",cat
35021,1,"['bird', 'dog', 'frog', 'cat', 'airplane']",airplane
35022,2,"['ship', 'cat', 'automobile', 'airplane']",cat
35023,4,"['cat', 'automobile', 'frog', 'airplane']",automobile
35024,3,"['frog', 'ship', 'automobile', 'airplane']",ship
35025,7,"['automobile', 'cat', 'airplane', 'frog']",airplane
35026,3,"['frog', 'ship', 'automobile', 'airplane']",ship
35027,4,"['cat', 'automobile', 'frog', 'airplane']",automobile
35028,0,"['horse', 'deer', 'frog', 'cat']",frog
35029,5,"['frog', 'ship', 'airplane', 'automobile']",ship
35030,9,"['dog', 'frog', 'cat', 'airplane']",dog
35031,2,"['ship', 'cat', 'automobile', 'airplane']",cat
35032,3,"['frog', 'ship', 'automobile', 'airplane']",ship
35033,1,"['bird', 'dog', 'frog', 'cat', 'airplane']",airplane
35034,5,"['frog', 'ship', 'airplane', 'automobile']",ship
35035,8,"['horse', 'airplane', 'cat', 'frog']",horse
35036,8,"['horse', 'airplane', 'cat', 'frog']",horse
35037,1,"['bird', 'dog', 'frog', 'cat', 'airplane']",airplane
35038,9,"['dog', 'frog', 'cat', 'airplane']",airplane
35039,0,"['horse', 'deer', 'frog', 'cat']",horse
35040,3,"['frog', 'ship', 'automobile', 'airplane']",ship
35041,1,"['bird', 'dog', 'frog', 'cat', 'airplane']",airplane
35042,0,"['horse', 'deer', 'frog', 'cat']",horse
35043,9,"['dog', 'frog', 'cat', 'airplane']",airplane
35044,5,"['frog', 'ship', 'airplane', 'automobile']",ship
35045,4,"['cat', 'automobile', 'frog', 'airplane']",automobile
35046,7,"['automobile', 'cat', 'airplane', 'frog']",cat
35047,9,"['dog', 'frog', 'cat', 'airplane']",airplane
35048,1,"['bird', 'dog', 'frog', 'cat', 'airplane']",airplane
35049,5,"['frog', 'ship', 'airplane', 'automobile']",ship
35050,4,"['cat', 'automobile', 'frog', 'airplane']",automobile
35051,1,"['bird', 'dog', 'frog', 'cat', 'airplane']",airplane
35052,5,"['frog', 'ship', 'airplane', 'automobile']",ship
35053,5,"['frog', 'ship', 'airplane', 'automobile']",ship
35054,4,"['cat', 'automobile', 'frog', 'airplane']",automobile
35055,5,"['frog', 'ship', 'airplane', 'automobile']",ship
35056,7,"['automobile', 'cat', 'airplane', 'frog']",cat
35057,9,"['dog', 'frog', 'cat', 'airplane']",airplane
35058,1,"['bird', 'dog', 'frog', 'cat', 'airplane']",airplane
35059,0,"['horse', 'deer', 'frog', 'cat']",horse
35060,6,"['automobile', 'horse', 'ship', 'airplane']",airplane
35061,5,"['frog', 'ship', 'airplane', 'automobile']",ship
35062,7,"['automobile', 'cat', 'airplane', 'frog']",cat
35063,2,"['ship', 'cat', 'automobile', 'airplane']",cat
35064,9,"['dog', 'frog', 'cat', 'airplane']",dog
35065,2,"['ship', 'cat', 'automobile', 'airplane']",cat
35066,4,"['cat', 'automobile', 'frog', 'airplane']",automobile
35067,7,"['automobile', 'cat', 'airplane', 'frog']",cat
35068,1,"['bird', 'dog', 'frog', 'cat', 'airplane']",airplane
35069,2,"['ship', 'cat', 'automobile', 'airplane']",cat
35070,1,"['bird', 'dog', 'frog', 'cat', 'airplane']",airplane
35071,3,"['frog', 'ship', 'automobile', 'airplane']",ship
35072,4,"['cat', 'automobile', 'frog', 'airplane']",automobile
35073,9,"['dog', 'frog', 'cat', 'airplane']",dog
35074,8,"['horse', 'airplane', 'cat', 'frog']",horse
35075,2,"['ship', 'cat', 'automobile', 'airplane']",cat
35076,1,"['bird', 'dog', 'frog', 'cat', 'airplane']",airplane
35077,4,"['cat', 'automobile', 'frog', 'airplane']",automobile
35078,8,"['horse', 'airplane', 'cat', 'frog']",horse
35079,0,"['horse', 'deer', 'frog', 'cat']",horse
35080,9,"['dog', 'frog', 'cat', 'airplane']",dog
35081,1,"['bird', 'dog', 'frog', 'cat', 'airplane']",airplane
35082,7,"['automobile', 'cat', 'airplane', 'frog']",cat
35083,3,"['frog', 'ship', 'automobile', 'airplane']",ship
35084,8,"['horse', 'airplane', 'cat', 'frog']",horse
35085,9,"['dog', 'frog', 'cat', 'airplane']",airplane
35086,1,"['bird', 'dog', 'frog', 'cat', 'airplane']",airplane
35087,6,"['automobile', 'horse', 'ship', 'airplane']",airplane
35088,8,"['horse', 'airplane', 'cat', 'frog']",horse
35089,0,"['horse', 'deer', 'frog', 'cat']",horse
35090,6,"['automobile', 'horse', 'ship', 'airplane']",automobile
35091,6,"['automobile', 'horse', 'ship', 'airplane']",automobile
35092,3,"['frog', 'ship', 'automobile', 'airplane']",ship
35093,7,"['automobile', 'cat', 'airplane', 'frog']",frog
35094,6,"['automobile', 'horse', 'ship', 'airplane']",automobile
35095,0,"['horse', 'deer', 'frog', 'cat']",horse
35096,2,"['ship', 'cat', 'automobile', 'airplane']",cat
35097,9,"['dog', 'frog', 'cat', 'airplane']",dog
35098,6,"['automobile', 'horse', 'ship', 'airplane']",airplane
35099,6,"['automobile', 'horse', 'ship', 'airplane']",airplane
35100,3,"['frog', 'ship', 'automobile', 'airplane']",frog
35101,3,"['frog', 'ship', 'automobile', 'airplane']",ship
35102,3,"['frog', 'ship', 'automobile', 'airplane']",frog
35103,6,"['automobile', 'horse', 'ship', 'airplane']",ship
35104,2,"['ship', 'cat', 'automobile', 'airplane']",cat
35105,1,"['bird', 'dog', 'frog', 'cat', 'airplane']",airplane
35106,1,"['bird', 'dog', 'frog', 'cat', 'airplane']",airplane
35107,2,"['ship', 'cat', 'automobile', 'airplane']",automobile
35108,7,"['automobile', 'cat', 'airplane', 'frog']",cat
35109,8,"['horse', 'airplane', 'cat', 'frog']",horse
35110,7,"['automobile', 'cat', 'airplane', 'frog']",cat
35111,2,"['ship', 'cat', 'automobile', 'airplane']",cat
35112,5,"['frog', 'ship', 'airplane', 'automobile']",ship
35113,4,"['cat', 'automobile', 'frog', 'airplane']",automobile
35114,6,"['automobile', 'horse', 'ship', 'airplane']",ship
35115,8,"['horse', 'airplane', 'cat', 'frog']",horse
35116,9,"['dog', 'frog', 'cat', 'airplane']",airplane
35117,6,"['automobile', 'horse', 'ship', 'airplane']",airplane
35118,6,"['automobile', 'horse', 'ship', 'airplane']",automobile
35119,6,"['automobile', 'horse', 'ship', 'airplane']",ship
35120,7,"['automobile', 'cat', 'airplane', 'frog']",airplane
35121,0,"['horse', 'deer', 'frog', 'cat']",horse
35122,7,"['automobile', 'cat', 'airplane', 'frog']",cat
35123,6,"['automobile', 'horse', 'ship', 'airplane']",airplane
35124,3,"['frog', 'ship', 'automobile', 'airplane']",ship
35125,5,"['frog', 'ship', 'airplane', 'automobile']",ship
35126,2,"['ship', 'cat', 'automobile', 'airplane']",cat
35127,9,"['dog', 'frog', 'cat', 'airplane']",airplane
35128,3,"['frog', 'ship', 'automobile', 'airplane']",ship
35129,1,"['bird', 'dog', 'frog', 'cat', 'airplane']",dog
35130,3,"['frog', 'ship', 'automobile', 'airplane']",ship
35131,6,"['automobile', 'horse', 'ship', 'airplane']",airplane
35132,0,"['horse', 'deer', 'frog', 'cat']",horse
35133,7,"['automobile', 'cat', 'airplane', 'frog']",airplane
35134,1,"['bird', 'dog', 'frog', 'cat', 'airplane']",airplane
35135,4,"['cat', 'automobile', 'frog', 'airplane']",automobile
35136,6,"['automobile', 'horse', 'ship', 'airplane']",ship
35137,7,"['automobile', 'cat', 'airplane', 'frog']",frog
35138,9,"['dog', 'frog', 'cat', 'airplane']",dog
35139,8,"['horse', 'airplane', 'cat', 'frog']",horse
35140,2,"['ship', 'cat', 'automobile', 'airplane']",automobile
35141,3,"['frog', 'ship', 'automobile', 'airplane']",ship
35142,8,"['horse', 'airplane', 'cat', 'frog']",horse
35143,4,"['cat', 'automobile', 'frog', 'airplane']",automobile
35144,3,"['frog', 'ship', 'automobile', 'airplane']",ship
35145,1,"['bird', 'dog', 'frog', 'cat', 'airplane']",airplane
35146,2,"['ship', 'cat', 'automobile', 'airplane']",cat
35147,0,"['horse', 'deer', 'frog', 'cat']",horse
35148,2,"['ship', 'cat', 'automobile', 'airplane']",cat
35149,0,"['horse', 'deer', 'frog', 'cat']",horse
35150,8,"['horse', 'airplane', 'cat', 'frog']",horse
35151,4,"['cat', 'automobile', 'frog', 'airplane']",automobile
35152,5,"['frog', 'ship', 'airplane', 'automobile']",ship
35153,7,"['automobile', 'cat', 'airplane', 'frog']",cat
35154,3,"['frog', 'ship', 'automobile', 'airplane']",ship
35155,5,"['frog', 'ship', 'airplane', 'automobile']",ship
35156,4,"['cat', 'automobile', 'frog', 'airplane']",automobile
35157,2,"['ship', 'cat', 'automobile', 'airplane']",cat
35158,7,"['automobile', 'cat', 'airplane', 'frog']",cat
35159,9,"['dog', 'frog', 'cat', 'airplane']",airplane
35160,8,"['horse', 'airplane', 'cat', 'frog']",horse
35161,2,"['ship', 'cat', 'automobile', 'airplane']",automobile
35162,0,"['horse', 'deer', 'frog', 'cat']",horse
35163,3,"['frog', 'ship', 'automobile', 'airplane']",ship
35164,7,"['automobile', 'cat', 'airplane', 'frog']",cat
35165,5,"['frog', 'ship', 'airplane', 'automobile']",ship
35166,5,"['frog', 'ship', 'airplane', 'automobile']",ship
35167,9,"['dog', 'frog', 'cat', 'airplane']",airplane
35168,2,"['ship', 'cat', 'automobile', 'airplane']",cat
35169,8,"['horse', 'airplane', 'cat', 'frog']",horse
35170,6,"['automobile', 'horse', 'ship', 'airplane']",airplane
35171,8,"['horse', 'airplane', 'cat', 'frog']",horse
35172,2,"['ship', 'cat', 'automobile', 'airplane']",automobile
35173,8,"['horse', 'airplane', 'cat', 'frog']",horse
35174,1,"['bird', 'dog', 'frog', 'cat', 'airplane']",airplane
35175,4,"['cat', 'automobile', 'frog', 'airplane']",automobile
35176,7,"['automobile', 'cat', 'airplane', 'frog']",cat
35177,8,"['horse', 'airplane', 'cat', 'frog']",horse
35178,9,"['dog', 'frog', 'cat', 'airplane']",airplane
35179,0,"['horse', 'deer', 'frog', 'cat']",horse
35180,4,"['cat', 'automobile', 'frog', 'airplane']",automobile
35181,8,"['horse', 'airplane', 'cat', 'frog']",horse
35182,0,"['horse', 'deer', 'frog', 'cat']",horse
35183,9,"['dog', 'frog', 'cat', 'airplane']",dog
35184,9,"['dog', 'frog', 'cat', 'airplane']",dog
35185,4,"['cat', 'automobile', 'frog', 'airplane']",automobile
35186,4,"['cat', 'automobile', 'frog', 'airplane']",automobile
35187,4,"['cat', 'automobile', 'frog', 'airplane']",automobile
35188,1,"['bird', 'dog', 'frog', 'cat', 'airplane']",airplane
35189,5,"['frog', 'ship', 'airplane', 'automobile']",ship
35190,5,"['frog', 'ship', 'airplane', 'automobile']",ship
35191,2,"['ship', 'cat', 'automobile', 'airplane']",cat
35192,8,"['horse', 'airplane', 'cat', 'frog']",horse
35193,5,"['frog', 'ship', 'airplane', 'automobile']",ship
35194,5,"['frog', 'ship', 'airplane', 'automobile']",ship
35195,0,"['horse', 'deer', 'frog', 'cat']",horse
35196,0,"['horse', 'deer', 'frog', 'cat']",horse
35197,9,"['dog', 'frog', 'cat', 'airplane']",airplane
35198,4,"['cat', 'automobile', 'frog', 'airplane']",automobile
35199,8,"['horse', 'airplane', 'cat', 'frog']",horse
35200,5,"['frog', 'ship', 'airplane', 'automobile']",ship
35201,0,"['horse', 'deer', 'frog', 'cat']",horse
35202,0,"['horse', 'deer', 'frog', 'cat']",horse
35203,9,"['dog', 'frog', 'cat', 'airplane']",airplane
35204,3,"['frog', 'ship', 'automobile', 'airplane']",ship
35205,3,"['frog', 'ship', 'automobile', 'airplane']",ship
35206,9,"['dog', 'frog', 'cat', 'airplane']",airplane
35207,1,"['bird', 'dog', 'frog', 'cat', 'airplane']",airplane
35208,6,"['automobile', 'horse', 'ship', 'airplane']",airplane
35209,0,"['horse', 'deer', 'frog', 'cat']",horse
35210,8,"['horse', 'airplane', 'cat', 'frog']",horse
35211,8,"['horse', 'airplane', 'cat', 'frog']",horse
35212,4,"['cat', 'automobile', 'frog', 'airplane']",automobile
35213,6,"['automobile', 'horse', 'ship', 'airplane']",airplane
35214,7,"['automobile', 'cat', 'airplane', 'frog']",cat
35215,3,"['frog', 'ship', 'automobile', 'airplane']",ship
35216,2,"['ship', 'cat', 'automobile', 'airplane']",cat
35217,7,"['automobile', 'cat', 'airplane', 'frog']",airplane
35218,9,"['dog', 'frog', 'cat', 'airplane']",dog
35219,6,"['automobile', 'horse', 'ship', 'airplane']",airplane
35220,7,"['automobile', 'cat', 'airplane', 'frog']",cat
35221,6,"['automobile', 'horse', 'ship', 'airplane']",airplane
35222,6,"['automobile', 'horse', 'ship', 'airplane']",airplane
35223,3,"['frog', 'ship', 'automobile', 'airplane']",ship
35224,8,"['horse', 'airplane', 'cat', 'frog']",horse
35225,6,"['automobile', 'horse', 'ship', 'airplane']",airplane
35226,2,"['ship', 'cat', 'automobile', 'airplane']",cat
35227,5,"['frog', 'ship', 'airplane', 'automobile']",ship
35228,4,"['cat', 'automobile', 'frog', 'airplane']",automobile
35229,3,"['frog', 'ship', 'automobile', 'airplane']",ship
35230,2,"['ship', 'cat', 'automobile', 'airplane']",automobile
35231,9,"['dog', 'frog', 'cat', 'airplane']",airplane
35232,5,"['frog', 'ship', 'airplane', 'automobile']",ship
35233,9,"['dog', 'frog', 'cat', 'airplane']",airplane
35234,5,"['frog', 'ship', 'airplane', 'automobile']",ship
35235,1,"['bird', 'dog', 'frog', 'cat', 'airplane']",airplane
35236,8,"['horse', 'airplane', 'cat', 'frog']",horse
35237,5,"['frog', 'ship', 'airplane', 'automobile']",ship
35238,7,"['automobile', 'cat', 'airplane', 'frog']",frog
35239,7,"['automobile', 'cat', 'airplane', 'frog']",cat
35240,6,"['automobile', 'horse', 'ship', 'airplane']",airplane
35241,7,"['automobile', 'cat', 'airplane', 'frog']",cat
35242,4,"['cat', 'automobile', 'frog', 'airplane']",automobile
35243,2,"['ship', 'cat', 'automobile', 'airplane']",automobile
35244,8,"['horse', 'airplane', 'cat', 'frog']",horse
35245,3,"['frog', 'ship', 'automobile', 'airplane']",ship
35246,3,"['frog', 'ship', 'automobile', 'airplane']",ship
35247,5,"['frog', 'ship', 'airplane', 'automobile']",ship
35248,0,"['horse', 'deer', 'frog', 'cat']",horse
35249,8,"['horse', 'airplane', 'cat', 'frog']",horse
35250,4,"['cat', 'automobile', 'frog', 'airplane']",automobile
35251,9,"['dog', 'frog', 'cat', 'airplane']",dog
35252,7,"['automobile', 'cat', 'airplane', 'frog']",cat
35253,7,"['automobile', 'cat', 'airplane', 'frog']",cat
35254,5,"['frog', 'ship', 'airplane', 'automobile']",ship
35255,2,"['ship', 'cat', 'automobile', 'airplane']",cat
35256,0,"['horse', 'deer', 'frog', 'cat']",horse
35257,9,"['dog', 'frog', 'cat', 'airplane']",dog
35258,0,"['horse', 'deer', 'frog', 'cat']",horse
35259,2,"['ship', 'cat', 'automobile', 'airplane']",cat
35260,9,"['dog', 'frog', 'cat', 'airplane']",dog
35261,6,"['automobile', 'horse', 'ship', 'airplane']",airplane
35262,9,"['dog', 'frog', 'cat', 'airplane']",airplane
35263,0,"['horse', 'deer', 'frog', 'cat']",horse
35264,1,"['bird', 'dog', 'frog', 'cat', 'airplane']",airplane
35265,5,"['frog', 'ship', 'airplane', 'automobile']",ship
35266,8,"['horse', 'airplane', 'cat', 'frog']",frog
35267,2,"['ship', 'cat', 'automobile', 'airplane']",ship
35268,8,"['horse', 'airplane', 'cat', 'frog']",horse
35269,0,"['horse', 'deer', 'frog', 'cat']",horse
35270,6,"['automobile', 'horse', 'ship', 'airplane']",airplane
35271,3,"['frog', 'ship', 'automobile', 'airplane']",ship
35272,3,"['frog', 'ship', 'automobile', 'airplane']",ship
35273,5,"['frog', 'ship', 'airplane', 'automobile']",ship
35274,8,"['horse', 'airplane', 'cat', 'frog']",horse
35275,7,"['automobile', 'cat', 'airplane', 'frog']",cat
35276,4,"['cat', 'automobile', 'frog', 'airplane']",automobile
35277,7,"['automobile', 'cat', 'airplane', 'frog']",airplane
35278,6,"['automobile', 'horse', 'ship', 'airplane']",airplane
35279,0,"['horse', 'deer', 'frog', 'cat']",horse
35280,9,"['dog', 'frog', 'cat', 'airplane']",airplane
35281,0,"['horse', 'deer', 'frog', 'cat']",horse
35282,0,"['horse', 'deer', 'frog', 'cat']",horse
35283,0,"['horse', 'deer', 'frog', 'cat']",horse
35284,7,"['automobile', 'cat', 'airplane', 'frog']",cat
35285,0,"['horse', 'deer', 'frog', 'cat']",horse
35286,0,"['horse', 'deer', 'frog', 'cat']",horse
35287,3,"['frog', 'ship', 'automobile', 'airplane']",ship
35288,9,"['dog', 'frog', 'cat', 'airplane']",airplane
35289,5,"['frog', 'ship', 'airplane', 'automobile']",ship
35290,7,"['automobile', 'cat', 'airplane', 'frog']",airplane
35291,1,"['bird', 'dog', 'frog', 'cat', 'airplane']",airplane
35292,3,"['frog', 'ship', 'automobile', 'airplane']",ship
35293,3,"['frog', 'ship', 'automobile', 'airplane']",ship
35294,2,"['ship', 'cat', 'automobile', 'airplane']",cat
35295,8,"['horse', 'airplane', 'cat', 'frog']",horse
35296,3,"['frog', 'ship', 'automobile', 'airplane']",ship
35297,9,"['dog', 'frog', 'cat', 'airplane']",airplane
35298,3,"['frog', 'ship', 'automobile', 'airplane']",ship
35299,3,"['frog', 'ship', 'automobile', 'airplane']",ship
35300,8,"['horse', 'airplane', 'cat', 'frog']",horse
35301,8,"['horse', 'airplane', 'cat', 'frog']",horse
35302,8,"['horse', 'airplane', 'cat', 'frog']",horse
35303,6,"['automobile', 'horse', 'ship', 'airplane']",airplane
35304,4,"['cat', 'automobile', 'frog', 'airplane']",frog
35305,9,"['dog', 'frog', 'cat', 'airplane']",airplane
35306,2,"['ship', 'cat', 'automobile', 'airplane']",automobile
35307,3,"['frog', 'ship', 'automobile', 'airplane']",ship
35308,4,"['cat', 'automobile', 'frog', 'airplane']",automobile
35309,2,"['ship', 'cat', 'automobile', 'airplane']",automobile
35310,2,"['ship', 'cat', 'automobile', 'airplane']",cat
35311,2,"['ship', 'cat', 'automobile', 'airplane']",cat
35312,6,"['automobile', 'horse', 'ship', 'airplane']",airplane
35313,3,"['frog', 'ship', 'automobile', 'airplane']",ship
35314,3,"['frog', 'ship', 'automobile', 'airplane']",ship
35315,8,"['horse', 'airplane', 'cat', 'frog']",horse
35316,7,"['automobile', 'cat', 'airplane', 'frog']",airplane
35317,0,"['horse', 'deer', 'frog', 'cat']",horse
35318,4,"['cat', 'automobile', 'frog', 'airplane']",airplane
35319,2,"['ship', 'cat', 'automobile', 'airplane']",automobile
35320,2,"['ship', 'cat', 'automobile', 'airplane']",cat
35321,8,"['horse', 'airplane', 'cat', 'frog']",horse
35322,1,"['bird', 'dog', 'frog', 'cat', 'airplane']",airplane
35323,3,"['frog', 'ship', 'automobile', 'airplane']",ship
35324,4,"['cat', 'automobile', 'frog', 'airplane']",automobile
35325,0,"['horse', 'deer', 'frog', 'cat']",horse
35326,0,"['horse', 'deer', 'frog', 'cat']",horse
35327,0,"['horse', 'deer', 'frog', 'cat']",horse
35328,5,"['frog', 'ship', 'airplane', 'automobile']",ship
35329,7,"['automobile', 'cat', 'airplane', 'frog']",cat
35330,9,"['dog', 'frog', 'cat', 'airplane']",dog
35331,9,"['dog', 'frog', 'cat', 'airplane']",airplane
35332,6,"['automobile', 'horse', 'ship', 'airplane']",airplane
35333,7,"['automobile', 'cat', 'airplane', 'frog']",airplane
35334,5,"['frog', 'ship', 'airplane', 'automobile']",ship
35335,1,"['bird', 'dog', 'frog', 'cat', 'airplane']",airplane
35336,7,"['automobile', 'cat', 'airplane', 'frog']",cat
35337,2,"['ship', 'cat', 'automobile', 'airplane']",cat
35338,1,"['bird', 'dog', 'frog', 'cat', 'airplane']",airplane
35339,1,"['bird', 'dog', 'frog', 'cat', 'airplane']",airplane
35340,6,"['automobile', 'horse', 'ship', 'airplane']",automobile
35341,7,"['automobile', 'cat', 'airplane', 'frog']",cat
35342,6,"['automobile', 'horse', 'ship', 'airplane']",airplane
35343,0,"['horse', 'deer', 'frog', 'cat']",horse
35344,1,"['bird', 'dog', 'frog', 'cat', 'airplane']",airplane
35345,8,"['horse', 'airplane', 'cat', 'frog']",horse
35346,9,"['dog', 'frog', 'cat', 'airplane']",airplane
35347,2,"['ship', 'cat', 'automobile', 'airplane']",cat
35348,2,"['ship', 'cat', 'automobile', 'airplane']",cat
35349,6,"['automobile', 'horse', 'ship', 'airplane']",airplane
35350,2,"['ship', 'cat', 'automobile', 'airplane']",automobile
35351,6,"['automobile', 'horse', 'ship', 'airplane']",airplane
35352,8,"['horse', 'airplane', 'cat', 'frog']",horse
35353,2,"['ship', 'cat', 'automobile', 'airplane']",cat
35354,0,"['horse', 'deer', 'frog', 'cat']",horse
35355,1,"['bird', 'dog', 'frog', 'cat', 'airplane']",airplane
35356,1,"['bird', 'dog', 'frog', 'cat', 'airplane']",airplane
35357,1,"['bird', 'dog', 'frog', 'cat', 'airplane']",airplane
35358,9,"['dog', 'frog', 'cat', 'airplane']",dog
35359,3,"['frog', 'ship', 'automobile', 'airplane']",frog
35360,2,"['ship', 'cat', 'automobile', 'airplane']",cat
35361,8,"['horse', 'airplane', 'cat', 'frog']",horse
35362,2,"['ship', 'cat', 'automobile', 'airplane']",cat
35363,2,"['ship', 'cat', 'automobile', 'airplane']",cat
35364,1,"['bird', 'dog', 'frog', 'cat', 'airplane']",airplane
35365,8,"['horse', 'airplane', 'cat', 'frog']",horse
35366,1,"['bird', 'dog', 'frog', 'cat', 'airplane']",airplane
35367,8,"['horse', 'airplane', 'cat', 'frog']",horse
35368,3,"['frog', 'ship', 'automobile', 'airplane']",ship
35369,0,"['horse', 'deer', 'frog', 'cat']",horse
35370,6,"['automobile', 'horse', 'ship', 'airplane']",airplane
35371,1,"['bird', 'dog', 'frog', 'cat', 'airplane']",airplane
35372,9,"['dog', 'frog', 'cat', 'airplane']",airplane
35373,0,"['horse', 'deer', 'frog', 'cat']",horse
35374,8,"['horse', 'airplane', 'cat', 'frog']",horse
35375,3,"['frog', 'ship', 'automobile', 'airplane']",ship
35376,7,"['automobile', 'cat', 'airplane', 'frog']",cat
35377,0,"['horse', 'deer', 'frog', 'cat']",horse
35378,4,"['cat', 'automobile', 'frog', 'airplane']",automobile
35379,9,"['dog', 'frog', 'cat', 'airplane']",airplane
35380,3,"['frog', 'ship', 'automobile', 'airplane']",ship
35381,0,"['horse', 'deer', 'frog', 'cat']",horse
35382,9,"['dog', 'frog', 'cat', 'airplane']",dog
35383,7,"['automobile', 'cat', 'airplane', 'frog']",cat
35384,9,"['dog', 'frog', 'cat', 'airplane']",airplane
35385,7,"['automobile', 'cat', 'airplane', 'frog']",cat
35386,5,"['frog', 'ship', 'airplane', 'automobile']",ship
35387,2,"['ship', 'cat', 'automobile', 'airplane']",cat
35388,8,"['horse', 'airplane', 'cat', 'frog']",horse
35389,5,"['frog', 'ship', 'airplane', 'automobile']",ship
35390,5,"['frog', 'ship', 'airplane', 'automobile']",ship
35391,0,"['horse', 'deer', 'frog', 'cat']",horse
35392,7,"['automobile', 'cat', 'airplane', 'frog']",airplane
35393,9,"['dog', 'frog', 'cat', 'airplane']",airplane
35394,5,"['frog', 'ship', 'airplane', 'automobile']",ship
35395,4,"['cat', 'automobile', 'frog', 'airplane']",automobile
35396,6,"['automobile', 'horse', 'ship', 'airplane']",airplane
35397,4,"['cat', 'automobile', 'frog', 'airplane']",automobile
35398,3,"['frog', 'ship', 'automobile', 'airplane']",ship
35399,1,"['bird', 'dog', 'frog', 'cat', 'airplane']",airplane
35400,7,"['automobile', 'cat', 'airplane', 'frog']",cat
35401,1,"['bird', 'dog', 'frog', 'cat', 'airplane']",airplane
35402,9,"['dog', 'frog', 'cat', 'airplane']",airplane
35403,0,"['horse', 'deer', 'frog', 'cat']",horse
35404,1,"['bird', 'dog', 'frog', 'cat', 'airplane']",airplane
35405,2,"['ship', 'cat', 'automobile', 'airplane']",cat
35406,1,"['bird', 'dog', 'frog', 'cat', 'airplane']",airplane
35407,7,"['automobile', 'cat', 'airplane', 'frog']",cat
35408,8,"['horse', 'airplane', 'cat', 'frog']",horse
35409,5,"['frog', 'ship', 'airplane', 'automobile']",ship
35410,5,"['frog', 'ship', 'airplane', 'automobile']",ship
35411,0,"['horse', 'deer', 'frog', 'cat']",horse
35412,6,"['automobile', 'horse', 'ship', 'airplane']",airplane
35413,4,"['cat', 'automobile', 'frog', 'airplane']",airplane
35414,0,"['horse', 'deer', 'frog', 'cat']",horse
35415,4,"['cat', 'automobile', 'frog', 'airplane']",automobile
35416,8,"['horse', 'airplane', 'cat', 'frog']",horse
35417,0,"['horse', 'deer', 'frog', 'cat']",horse
35418,0,"['horse', 'deer', 'frog', 'cat']",horse
35419,8,"['horse', 'airplane', 'cat', 'frog']",airplane
35420,2,"['ship', 'cat', 'automobile', 'airplane']",automobile
35421,7,"['automobile', 'cat', 'airplane', 'frog']",cat
35422,0,"['horse', 'deer', 'frog', 'cat']",horse
35423,9,"['dog', 'frog', 'cat', 'airplane']",airplane
35424,5,"['frog', 'ship', 'airplane', 'automobile']",ship
35425,8,"['horse', 'airplane', 'cat', 'frog']",horse
35426,7,"['automobile', 'cat', 'airplane', 'frog']",cat
35427,3,"['frog', 'ship', 'automobile', 'airplane']",ship
35428,3,"['frog', 'ship', 'automobile', 'airplane']",ship
35429,4,"['cat', 'automobile', 'frog', 'airplane']",frog
35430,0,"['horse', 'deer', 'frog', 'cat']",horse
35431,4,"['cat', 'automobile', 'frog', 'airplane']",automobile
35432,4,"['cat', 'automobile', 'frog', 'airplane']",automobile
35433,9,"['dog', 'frog', 'cat', 'airplane']",dog
35434,0,"['horse', 'deer', 'frog', 'cat']",horse
35435,6,"['automobile', 'horse', 'ship', 'airplane']",ship
35436,8,"['horse', 'airplane', 'cat', 'frog']",horse
35437,3,"['frog', 'ship', 'automobile', 'airplane']",ship
35438,5,"['frog', 'ship', 'airplane', 'automobile']",ship
35439,6,"['automobile', 'horse', 'ship', 'airplane']",airplane
35440,1,"['bird', 'dog', 'frog', 'cat', 'airplane']",airplane
35441,8,"['horse', 'airplane', 'cat', 'frog']",horse
35442,3,"['frog', 'ship', 'automobile', 'airplane']",ship
35443,4,"['cat', 'automobile', 'frog', 'airplane']",automobile
35444,6,"['automobile', 'horse', 'ship', 'airplane']",ship
35445,5,"['frog', 'ship', 'airplane', 'automobile']",ship
35446,0,"['horse', 'deer', 'frog', 'cat']",horse
35447,8,"['horse', 'airplane', 'cat', 'frog']",horse
35448,2,"['ship', 'cat', 'automobile', 'airplane']",automobile
35449,3,"['frog', 'ship', 'automobile', 'airplane']",frog
35450,4,"['cat', 'automobile', 'frog', 'airplane']",automobile
35451,2,"['ship', 'cat', 'automobile', 'airplane']",automobile
35452,5,"['frog', 'ship', 'airplane', 'automobile']",ship
35453,1,"['bird', 'dog', 'frog', 'cat', 'airplane']",airplane
35454,1,"['bird', 'dog', 'frog', 'cat', 'airplane']",airplane
35455,6,"['automobile', 'horse', 'ship', 'airplane']",airplane
35456,0,"['horse', 'deer', 'frog', 'cat']",horse
35457,4,"['cat', 'automobile', 'frog', 'airplane']",airplane
35458,6,"['automobile', 'horse', 'ship', 'airplane']",automobile
35459,3,"['frog', 'ship', 'automobile', 'airplane']",ship
35460,2,"['ship', 'cat', 'automobile', 'airplane']",cat
35461,9,"['dog', 'frog', 'cat', 'airplane']",dog
35462,7,"['automobile', 'cat', 'airplane', 'frog']",cat
35463,3,"['frog', 'ship', 'automobile', 'airplane']",ship
35464,3,"['frog', 'ship', 'automobile', 'airplane']",ship
35465,1,"['bird', 'dog', 'frog', 'cat', 'airplane']",airplane
35466,2,"['ship', 'cat', 'automobile', 'airplane']",automobile
35467,4,"['cat', 'automobile', 'frog', 'airplane']",automobile
35468,8,"['horse', 'airplane', 'cat', 'frog']",horse
35469,5,"['frog', 'ship', 'airplane', 'automobile']",ship
35470,0,"['horse', 'deer', 'frog', 'cat']",horse
35471,5,"['frog', 'ship', 'airplane', 'automobile']",ship
35472,3,"['frog', 'ship', 'automobile', 'airplane']",ship
35473,7,"['automobile', 'cat', 'airplane', 'frog']",airplane
35474,4,"['cat', 'automobile', 'frog', 'airplane']",automobile
35475,0,"['horse', 'deer', 'frog', 'cat']",horse
35476,9,"['dog', 'frog', 'cat', 'airplane']",airplane
35477,2,"['ship', 'cat', 'automobile', 'airplane']",cat
35478,3,"['frog', 'ship', 'automobile', 'airplane']",ship
35479,3,"['frog', 'ship', 'automobile', 'airplane']",ship
35480,6,"['automobile', 'horse', 'ship', 'airplane']",ship
35481,3,"['frog', 'ship', 'automobile', 'airplane']",ship
35482,2,"['ship', 'cat', 'automobile', 'airplane']",cat
35483,7,"['automobile', 'cat', 'airplane', 'frog']",cat
35484,4,"['cat', 'automobile', 'frog', 'airplane']",automobile
35485,7,"['automobile', 'cat', 'airplane', 'frog']",cat
35486,2,"['ship', 'cat', 'automobile', 'airplane']",automobile
35487,5,"['frog', 'ship', 'airplane', 'automobile']",ship
35488,2,"['ship', 'cat', 'automobile', 'airplane']",cat
35489,8,"['horse', 'airplane', 'cat', 'frog']",horse
35490,0,"['horse', 'deer', 'frog', 'cat']",horse
35491,8,"['horse', 'airplane', 'cat', 'frog']",horse
35492,6,"['automobile', 'horse', 'ship', 'airplane']",airplane
35493,2,"['ship', 'cat', 'automobile', 'airplane']",ship
35494,4,"['cat', 'automobile', 'frog', 'airplane']",automobile
35495,5,"['frog', 'ship', 'airplane', 'automobile']",ship
35496,8,"['horse', 'airplane', 'cat', 'frog']",horse
35497,5,"['frog', 'ship', 'airplane', 'automobile']",ship
35498,9,"['dog', 'frog', 'cat', 'airplane']",dog
35499,6,"['automobile', 'horse', 'ship', 'airplane']",airplane
35500,3,"['frog', 'ship', 'automobile', 'airplane']",ship
35501,5,"['frog', 'ship', 'airplane', 'automobile']",ship
35502,7,"['automobile', 'cat', 'airplane', 'frog']",airplane
35503,2,"['ship', 'cat', 'automobile', 'airplane']",automobile
35504,9,"['dog', 'frog', 'cat', 'airplane']",dog
35505,8,"['horse', 'airplane', 'cat', 'frog']",horse
35506,6,"['automobile', 'horse', 'ship', 'airplane']",airplane
35507,5,"['frog', 'ship', 'airplane', 'automobile']",ship
35508,1,"['bird', 'dog', 'frog', 'cat', 'airplane']",airplane
35509,0,"['horse', 'deer', 'frog', 'cat']",horse
35510,5,"['frog', 'ship', 'airplane', 'automobile']",ship
35511,7,"['automobile', 'cat', 'airplane', 'frog']",cat
35512,7,"['automobile', 'cat', 'airplane', 'frog']",airplane
35513,5,"['frog', 'ship', 'airplane', 'automobile']",ship
35514,4,"['cat', 'automobile', 'frog', 'airplane']",automobile
35515,4,"['cat', 'automobile', 'frog', 'airplane']",automobile
35516,1,"['bird', 'dog', 'frog', 'cat', 'airplane']",airplane
35517,4,"['cat', 'automobile', 'frog', 'airplane']",automobile
35518,8,"['horse', 'airplane', 'cat', 'frog']",horse
35519,2,"['ship', 'cat', 'automobile', 'airplane']",cat
35520,9,"['dog', 'frog', 'cat', 'airplane']",airplane
35521,9,"['dog', 'frog', 'cat', 'airplane']",airplane
35522,4,"['cat', 'automobile', 'frog', 'airplane']",automobile
35523,7,"['automobile', 'cat', 'airplane', 'frog']",cat
35524,0,"['horse', 'deer', 'frog', 'cat']",horse
35525,3,"['frog', 'ship', 'automobile', 'airplane']",ship
35526,4,"['cat', 'automobile', 'frog', 'airplane']",automobile
35527,7,"['automobile', 'cat', 'airplane', 'frog']",cat
35528,0,"['horse', 'deer', 'frog', 'cat']",horse
35529,0,"['horse', 'deer', 'frog', 'cat']",horse
35530,1,"['bird', 'dog', 'frog', 'cat', 'airplane']",airplane
35531,1,"['bird', 'dog', 'frog', 'cat', 'airplane']",airplane
35532,3,"['frog', 'ship', 'automobile', 'airplane']",ship
35533,9,"['dog', 'frog', 'cat', 'airplane']",dog
35534,5,"['frog', 'ship', 'airplane', 'automobile']",ship
35535,6,"['automobile', 'horse', 'ship', 'airplane']",airplane
35536,8,"['horse', 'airplane', 'cat', 'frog']",horse
35537,2,"['ship', 'cat', 'automobile', 'airplane']",cat
35538,4,"['cat', 'automobile', 'frog', 'airplane']",automobile
35539,8,"['horse', 'airplane', 'cat', 'frog']",horse
35540,8,"['horse', 'airplane', 'cat', 'frog']",horse
35541,3,"['frog', 'ship', 'automobile', 'airplane']",ship
35542,9,"['dog', 'frog', 'cat', 'airplane']",dog
35543,5,"['frog', 'ship', 'airplane', 'automobile']",ship
35544,0,"['horse', 'deer', 'frog', 'cat']",horse
35545,9,"['dog', 'frog', 'cat', 'airplane']",airplane
35546,0,"['horse', 'deer', 'frog', 'cat']",horse
35547,5,"['frog', 'ship', 'airplane', 'automobile']",ship
35548,0,"['horse', 'deer', 'frog', 'cat']",horse
35549,3,"['frog', 'ship', 'automobile', 'airplane']",ship
35550,1,"['bird', 'dog', 'frog', 'cat', 'airplane']",airplane
35551,0,"['horse', 'deer', 'frog', 'cat']",horse
35552,5,"['frog', 'ship', 'airplane', 'automobile']",ship
35553,0,"['horse', 'deer', 'frog', 'cat']",horse
35554,0,"['horse', 'deer', 'frog', 'cat']",horse
35555,3,"['frog', 'ship', 'automobile', 'airplane']",ship
35556,1,"['bird', 'dog', 'frog', 'cat', 'airplane']",airplane
35557,3,"['frog', 'ship', 'automobile', 'airplane']",ship
35558,9,"['dog', 'frog', 'cat', 'airplane']",dog
35559,6,"['automobile', 'horse', 'ship', 'airplane']",airplane
35560,4,"['cat', 'automobile', 'frog', 'airplane']",automobile
35561,6,"['automobile', 'horse', 'ship', 'airplane']",ship
35562,8,"['horse', 'airplane', 'cat', 'frog']",horse
35563,4,"['cat', 'automobile', 'frog', 'airplane']",automobile
35564,4,"['cat', 'automobile', 'frog', 'airplane']",automobile
35565,6,"['automobile', 'horse', 'ship', 'airplane']",airplane
35566,4,"['cat', 'automobile', 'frog', 'airplane']",automobile
35567,1,"['bird', 'dog', 'frog', 'cat', 'airplane']",airplane
35568,9,"['dog', 'frog', 'cat', 'airplane']",dog
35569,2,"['ship', 'cat', 'automobile', 'airplane']",cat
35570,0,"['horse', 'deer', 'frog', 'cat']",horse
35571,6,"['automobile', 'horse', 'ship', 'airplane']",ship
35572,8,"['horse', 'airplane', 'cat', 'frog']",horse
35573,4,"['cat', 'automobile', 'frog', 'airplane']",automobile
35574,9,"['dog', 'frog', 'cat', 'airplane']",airplane
35575,2,"['ship', 'cat', 'automobile', 'airplane']",cat
35576,1,"['bird', 'dog', 'frog', 'cat', 'airplane']",airplane
35577,6,"['automobile', 'horse', 'ship', 'airplane']",ship
35578,8,"['horse', 'airplane', 'cat', 'frog']",horse
35579,9,"['dog', 'frog', 'cat', 'airplane']",dog
35580,5,"['frog', 'ship', 'airplane', 'automobile']",ship
35581,3,"['frog', 'ship', 'automobile', 'airplane']",ship
35582,3,"['frog', 'ship', 'automobile', 'airplane']",ship
35583,3,"['frog', 'ship', 'automobile', 'airplane']",ship
35584,7,"['automobile', 'cat', 'airplane', 'frog']",airplane
35585,6,"['automobile', 'horse', 'ship', 'airplane']",airplane
35586,8,"['horse', 'airplane', 'cat', 'frog']",horse
35587,1,"['bird', 'dog', 'frog', 'cat', 'airplane']",airplane
35588,8,"['horse', 'airplane', 'cat', 'frog']",horse
35589,7,"['automobile', 'cat', 'airplane', 'frog']",cat
35590,5,"['frog', 'ship', 'airplane', 'automobile']",ship
35591,6,"['automobile', 'horse', 'ship', 'airplane']",airplane
35592,9,"['dog', 'frog', 'cat', 'airplane']",airplane
35593,8,"['horse', 'airplane', 'cat', 'frog']",horse
35594,0,"['horse', 'deer', 'frog', 'cat']",horse
35595,3,"['frog', 'ship', 'automobile', 'airplane']",ship
35596,2,"['ship', 'cat', 'automobile', 'airplane']",cat
35597,2,"['ship', 'cat', 'automobile', 'airplane']",cat
35598,4,"['cat', 'automobile', 'frog', 'airplane']",airplane
35599,0,"['horse', 'deer', 'frog', 'cat']",horse
35600,6,"['automobile', 'horse', 'ship', 'airplane']",ship
35601,4,"['cat', 'automobile', 'frog', 'airplane']",airplane
35602,5,"['frog', 'ship', 'airplane', 'automobile']",ship
35603,0,"['horse', 'deer', 'frog', 'cat']",horse
35604,5,"['frog', 'ship', 'airplane', 'automobile']",ship
35605,1,"['bird', 'dog', 'frog', 'cat', 'airplane']",airplane
35606,5,"['frog', 'ship', 'airplane', 'automobile']",ship
35607,9,"['dog', 'frog', 'cat', 'airplane']",airplane
35608,0,"['horse', 'deer', 'frog', 'cat']",horse
35609,5,"['frog', 'ship', 'airplane', 'automobile']",ship
35610,9,"['dog', 'frog', 'cat', 'airplane']",dog
35611,4,"['cat', 'automobile', 'frog', 'airplane']",automobile
35612,9,"['dog', 'frog', 'cat', 'airplane']",airplane
35613,1,"['bird', 'dog', 'frog', 'cat', 'airplane']",airplane
35614,6,"['automobile', 'horse', 'ship', 'airplane']",airplane
35615,6,"['automobile', 'horse', 'ship', 'airplane']",airplane
35616,2,"['ship', 'cat', 'automobile', 'airplane']",automobile
35617,8,"['horse', 'airplane', 'cat', 'frog']",horse
35618,9,"['dog', 'frog', 'cat', 'airplane']",airplane
35619,8,"['horse', 'airplane', 'cat', 'frog']",horse
35620,6,"['automobile', 'horse', 'ship', 'airplane']",airplane
35621,8,"['horse', 'airplane', 'cat', 'frog']",horse
35622,4,"['cat', 'automobile', 'frog', 'airplane']",automobile
35623,7,"['automobile', 'cat', 'airplane', 'frog']",cat
35624,4,"['cat', 'automobile', 'frog', 'airplane']",automobile
35625,9,"['dog', 'frog', 'cat', 'airplane']",dog
35626,0,"['horse', 'deer', 'frog', 'cat']",horse
35627,5,"['frog', 'ship', 'airplane', 'automobile']",ship
35628,8,"['horse', 'airplane', 'cat', 'frog']",horse
35629,3,"['frog', 'ship', 'automobile', 'airplane']",ship
35630,4,"['cat', 'automobile', 'frog', 'airplane']",automobile
35631,7,"['automobile', 'cat', 'airplane', 'frog']",airplane
35632,7,"['automobile', 'cat', 'airplane', 'frog']",cat
35633,0,"['horse', 'deer', 'frog', 'cat']",horse
35634,4,"['cat', 'automobile', 'frog', 'airplane']",airplane
35635,1,"['bird', 'dog', 'frog', 'cat', 'airplane']",airplane
35636,9,"['dog', 'frog', 'cat', 'airplane']",dog
35637,6,"['automobile', 'horse', 'ship', 'airplane']",ship
35638,2,"['ship', 'cat', 'automobile', 'airplane']",automobile
35639,5,"['frog', 'ship', 'airplane', 'automobile']",ship
35640,5,"['frog', 'ship', 'airplane', 'automobile']",ship
35641,4,"['cat', 'automobile', 'frog', 'airplane']",automobile
35642,9,"['dog', 'frog', 'cat', 'airplane']",airplane
35643,2,"['ship', 'cat', 'automobile', 'airplane']",cat
35644,1,"['bird', 'dog', 'frog', 'cat', 'airplane']",airplane
35645,2,"['ship', 'cat', 'automobile', 'airplane']",cat
35646,8,"['horse', 'airplane', 'cat', 'frog']",horse
35647,7,"['automobile', 'cat', 'airplane', 'frog']",airplane
35648,4,"['cat', 'automobile', 'frog', 'airplane']",automobile
35649,1,"['bird', 'dog', 'frog', 'cat', 'airplane']",airplane
35650,7,"['automobile', 'cat', 'airplane', 'frog']",cat
35651,1,"['bird', 'dog', 'frog', 'cat', 'airplane']",airplane
35652,5,"['frog', 'ship', 'airplane', 'automobile']",ship
35653,2,"['ship', 'cat', 'automobile', 'airplane']",automobile
35654,9,"['dog', 'frog', 'cat', 'airplane']",airplane
35655,2,"['ship', 'cat', 'automobile', 'airplane']",ship
35656,2,"['ship', 'cat', 'automobile', 'airplane']",cat
35657,9,"['dog', 'frog', 'cat', 'airplane']",airplane
35658,0,"['horse', 'deer', 'frog', 'cat']",horse
35659,6,"['automobile', 'horse', 'ship', 'airplane']",airplane
35660,5,"['frog', 'ship', 'airplane', 'automobile']",ship
35661,8,"['horse', 'airplane', 'cat', 'frog']",horse
35662,0,"['horse', 'deer', 'frog', 'cat']",horse
35663,8,"['horse', 'airplane', 'cat', 'frog']",horse
35664,6,"['automobile', 'horse', 'ship', 'airplane']",airplane
35665,0,"['horse', 'deer', 'frog', 'cat']",horse
35666,1,"['bird', 'dog', 'frog', 'cat', 'airplane']",airplane
35667,9,"['dog', 'frog', 'cat', 'airplane']",airplane
35668,1,"['bird', 'dog', 'frog', 'cat', 'airplane']",airplane
35669,3,"['frog', 'ship', 'automobile', 'airplane']",ship
35670,9,"['dog', 'frog', 'cat', 'airplane']",dog
35671,8,"['horse', 'airplane', 'cat', 'frog']",horse
35672,6,"['automobile', 'horse', 'ship', 'airplane']",ship
35673,2,"['ship', 'cat', 'automobile', 'airplane']",cat
35674,1,"['bird', 'dog', 'frog', 'cat', 'airplane']",airplane
35675,4,"['cat', 'automobile', 'frog', 'airplane']",automobile
35676,9,"['dog', 'frog', 'cat', 'airplane']",airplane
35677,2,"['ship', 'cat', 'automobile', 'airplane']",automobile
35678,8,"['horse', 'airplane', 'cat', 'frog']",horse
35679,8,"['horse', 'airplane', 'cat', 'frog']",horse
35680,5,"['frog', 'ship', 'airplane', 'automobile']",ship
35681,2,"['ship', 'cat', 'automobile', 'airplane']",cat
35682,7,"['automobile', 'cat', 'airplane', 'frog']",airplane
35683,0,"['horse', 'deer', 'frog', 'cat']",horse
35684,5,"['frog', 'ship', 'airplane', 'automobile']",ship
35685,0,"['horse', 'deer', 'frog', 'cat']",horse
35686,2,"['ship', 'cat', 'automobile', 'airplane']",automobile
35687,8,"['horse', 'airplane', 'cat', 'frog']",horse
35688,1,"['bird', 'dog', 'frog', 'cat', 'airplane']",airplane
35689,7,"['automobile', 'cat', 'airplane', 'frog']",cat
35690,0,"['horse', 'deer', 'frog', 'cat']",horse
35691,1,"['bird', 'dog', 'frog', 'cat', 'airplane']",airplane
35692,1,"['bird', 'dog', 'frog', 'cat', 'airplane']",airplane
35693,8,"['horse', 'airplane', 'cat', 'frog']",horse
35694,1,"['bird', 'dog', 'frog', 'cat', 'airplane']",airplane
35695,5,"['frog', 'ship', 'airplane', 'automobile']",ship
35696,7,"['automobile', 'cat', 'airplane', 'frog']",frog
35697,3,"['frog', 'ship', 'automobile', 'airplane']",ship
35698,7,"['automobile', 'cat', 'airplane', 'frog']",airplane
35699,9,"['dog', 'frog', 'cat', 'airplane']",airplane
35700,0,"['horse', 'deer', 'frog', 'cat']",horse
35701,0,"['horse', 'deer', 'frog', 'cat']",horse
35702,9,"['dog', 'frog', 'cat', 'airplane']",airplane
35703,6,"['automobile', 'horse', 'ship', 'airplane']",airplane
35704,3,"['frog', 'ship', 'automobile', 'airplane']",ship
35705,1,"['bird', 'dog', 'frog', 'cat', 'airplane']",airplane
35706,9,"['dog', 'frog', 'cat', 'airplane']",dog
35707,8,"['horse', 'airplane', 'cat', 'frog']",horse
35708,2,"['ship', 'cat', 'automobile', 'airplane']",automobile
35709,7,"['automobile', 'cat', 'airplane', 'frog']",cat
35710,7,"['automobile', 'cat', 'airplane', 'frog']",cat
35711,2,"['ship', 'cat', 'automobile', 'airplane']",ship
35712,5,"['frog', 'ship', 'airplane', 'automobile']",ship
35713,0,"['horse', 'deer', 'frog', 'cat']",horse
35714,4,"['cat', 'automobile', 'frog', 'airplane']",automobile
35715,3,"['frog', 'ship', 'automobile', 'airplane']",ship
35716,6,"['automobile', 'horse', 'ship', 'airplane']",ship
35717,9,"['dog', 'frog', 'cat', 'airplane']",airplane
35718,2,"['ship', 'cat', 'automobile', 'airplane']",cat
35719,8,"['horse', 'airplane', 'cat', 'frog']",horse
35720,9,"['dog', 'frog', 'cat', 'airplane']",airplane
35721,2,"['ship', 'cat', 'automobile', 'airplane']",cat
35722,2,"['ship', 'cat', 'automobile', 'airplane']",cat
35723,2,"['ship', 'cat', 'automobile', 'airplane']",automobile
35724,7,"['automobile', 'cat', 'airplane', 'frog']",airplane
35725,0,"['horse', 'deer', 'frog', 'cat']",horse
35726,8,"['horse', 'airplane', 'cat', 'frog']",horse
35727,8,"['horse', 'airplane', 'cat', 'frog']",horse
35728,1,"['bird', 'dog', 'frog', 'cat', 'airplane']",airplane
35729,7,"['automobile', 'cat', 'airplane', 'frog']",cat
35730,8,"['horse', 'airplane', 'cat', 'frog']",horse
35731,0,"['horse', 'deer', 'frog', 'cat']",horse
35732,6,"['automobile', 'horse', 'ship', 'airplane']",horse
35733,9,"['dog', 'frog', 'cat', 'airplane']",airplane
35734,2,"['ship', 'cat', 'automobile', 'airplane']",cat
35735,5,"['frog', 'ship', 'airplane', 'automobile']",ship
35736,8,"['horse', 'airplane', 'cat', 'frog']",horse
35737,9,"['dog', 'frog', 'cat', 'airplane']",airplane
35738,0,"['horse', 'deer', 'frog', 'cat']",horse
35739,6,"['automobile', 'horse', 'ship', 'airplane']",airplane
35740,2,"['ship', 'cat', 'automobile', 'airplane']",ship
35741,9,"['dog', 'frog', 'cat', 'airplane']",airplane
35742,6,"['automobile', 'horse', 'ship', 'airplane']",horse
35743,4,"['cat', 'automobile', 'frog', 'airplane']",automobile
35744,0,"['horse', 'deer', 'frog', 'cat']",horse
35745,6,"['automobile', 'horse', 'ship', 'airplane']",horse
35746,9,"['dog', 'frog', 'cat', 'airplane']",dog
35747,6,"['automobile', 'horse', 'ship', 'airplane']",ship
35748,5,"['frog', 'ship', 'airplane', 'automobile']",ship
35749,9,"['dog', 'frog', 'cat', 'airplane']",airplane
35750,0,"['horse', 'deer', 'frog', 'cat']",horse
35751,5,"['frog', 'ship', 'airplane', 'automobile']",ship
35752,5,"['frog', 'ship', 'airplane', 'automobile']",ship
35753,1,"['bird', 'dog', 'frog', 'cat', 'airplane']",airplane
35754,3,"['frog', 'ship', 'automobile', 'airplane']",ship
35755,3,"['frog', 'ship', 'automobile', 'airplane']",ship
35756,1,"['bird', 'dog', 'frog', 'cat', 'airplane']",airplane
35757,1,"['bird', 'dog', 'frog', 'cat', 'airplane']",airplane
35758,0,"['horse', 'deer', 'frog', 'cat']",horse
35759,3,"['frog', 'ship', 'automobile', 'airplane']",ship
35760,4,"['cat', 'automobile', 'frog', 'airplane']",automobile
35761,0,"['horse', 'deer', 'frog', 'cat']",horse
35762,5,"['frog', 'ship', 'airplane', 'automobile']",ship
35763,0,"['horse', 'deer', 'frog', 'cat']",horse
35764,2,"['ship', 'cat', 'automobile', 'airplane']",automobile
35765,2,"['ship', 'cat', 'automobile', 'airplane']",automobile
35766,8,"['horse', 'airplane', 'cat', 'frog']",horse
35767,7,"['automobile', 'cat', 'airplane', 'frog']",airplane
35768,7,"['automobile', 'cat', 'airplane', 'frog']",cat
35769,3,"['frog', 'ship', 'automobile', 'airplane']",ship
35770,3,"['frog', 'ship', 'automobile', 'airplane']",frog
35771,2,"['ship', 'cat', 'automobile', 'airplane']",cat
35772,3,"['frog', 'ship', 'automobile', 'airplane']",ship
35773,9,"['dog', 'frog', 'cat', 'airplane']",airplane
35774,4,"['cat', 'automobile', 'frog', 'airplane']",automobile
35775,5,"['frog', 'ship', 'airplane', 'automobile']",ship
35776,7,"['automobile', 'cat', 'airplane', 'frog']",airplane
35777,4,"['cat', 'automobile', 'frog', 'airplane']",automobile
35778,8,"['horse', 'airplane', 'cat', 'frog']",horse
35779,1,"['bird', 'dog', 'frog', 'cat', 'airplane']",airplane
35780,6,"['automobile', 'horse', 'ship', 'airplane']",airplane
35781,6,"['automobile', 'horse', 'ship', 'airplane']",airplane
35782,0,"['horse', 'deer', 'frog', 'cat']",horse
35783,1,"['bird', 'dog', 'frog', 'cat', 'airplane']",airplane
35784,7,"['automobile', 'cat', 'airplane', 'frog']",cat
35785,2,"['ship', 'cat', 'automobile', 'airplane']",automobile
35786,5,"['frog', 'ship', 'airplane', 'automobile']",ship
35787,2,"['ship', 'cat', 'automobile', 'airplane']",cat
35788,0,"['horse', 'deer', 'frog', 'cat']",horse
35789,1,"['bird', 'dog', 'frog', 'cat', 'airplane']",airplane
35790,3,"['frog', 'ship', 'automobile', 'airplane']",ship
35791,4,"['cat', 'automobile', 'frog', 'airplane']",frog
35792,2,"['ship', 'cat', 'automobile', 'airplane']",cat
35793,7,"['automobile', 'cat', 'airplane', 'frog']",cat
35794,3,"['frog', 'ship', 'automobile', 'airplane']",ship
35795,9,"['dog', 'frog', 'cat', 'airplane']",dog
35796,0,"['horse', 'deer', 'frog', 'cat']",horse
35797,4,"['cat', 'automobile', 'frog', 'airplane']",automobile
35798,0,"['horse', 'deer', 'frog', 'cat']",horse
35799,1,"['bird', 'dog', 'frog', 'cat', 'airplane']",airplane
35800,2,"['ship', 'cat', 'automobile', 'airplane']",automobile
35801,5,"['frog', 'ship', 'airplane', 'automobile']",ship
35802,5,"['frog', 'ship', 'airplane', 'automobile']",ship
35803,1,"['bird', 'dog', 'frog', 'cat', 'airplane']",airplane
35804,3,"['frog', 'ship', 'automobile', 'airplane']",ship
35805,1,"['bird', 'dog', 'frog', 'cat', 'airplane']",airplane
35806,4,"['cat', 'automobile', 'frog', 'airplane']",automobile
35807,9,"['dog', 'frog', 'cat', 'airplane']",airplane
35808,8,"['horse', 'airplane', 'cat', 'frog']",horse
35809,4,"['cat', 'automobile', 'frog', 'airplane']",automobile
35810,1,"['bird', 'dog', 'frog', 'cat', 'airplane']",airplane
35811,4,"['cat', 'automobile', 'frog', 'airplane']",automobile
35812,7,"['automobile', 'cat', 'airplane', 'frog']",cat
35813,9,"['dog', 'frog', 'cat', 'airplane']",airplane
35814,7,"['automobile', 'cat', 'airplane', 'frog']",cat
35815,7,"['automobile', 'cat', 'airplane', 'frog']",frog
35816,7,"['automobile', 'cat', 'airplane', 'frog']",cat
35817,6,"['automobile', 'horse', 'ship', 'airplane']",airplane
35818,7,"['automobile', 'cat', 'airplane', 'frog']",airplane
35819,5,"['frog', 'ship', 'airplane', 'automobile']",ship
35820,0,"['horse', 'deer', 'frog', 'cat']",horse
35821,5,"['frog', 'ship', 'airplane', 'automobile']",ship
35822,5,"['frog', 'ship', 'airplane', 'automobile']",ship
35823,2,"['ship', 'cat', 'automobile', 'airplane']",airplane
35824,2,"['ship', 'cat', 'automobile', 'airplane']",cat
35825,8,"['horse', 'airplane', 'cat', 'frog']",horse
35826,8,"['horse', 'airplane', 'cat', 'frog']",horse
35827,1,"['bird', 'dog', 'frog', 'cat', 'airplane']",airplane
35828,8,"['horse', 'airplane', 'cat', 'frog']",horse
35829,9,"['dog', 'frog', 'cat', 'airplane']",airplane
35830,6,"['automobile', 'horse', 'ship', 'airplane']",airplane
35831,6,"['automobile', 'horse', 'ship', 'airplane']",airplane
35832,3,"['frog', 'ship', 'automobile', 'airplane']",ship
35833,2,"['ship', 'cat', 'automobile', 'airplane']",cat
35834,2,"['ship', 'cat', 'automobile', 'airplane']",cat
35835,0,"['horse', 'deer', 'frog', 'cat']",horse
35836,3,"['frog', 'ship', 'automobile', 'airplane']",ship
35837,2,"['ship', 'cat', 'automobile', 'airplane']",automobile
35838,6,"['automobile', 'horse', 'ship', 'airplane']",airplane
35839,4,"['cat', 'automobile', 'frog', 'airplane']",automobile
35840,1,"['bird', 'dog', 'frog', 'cat', 'airplane']",airplane
35841,2,"['ship', 'cat', 'automobile', 'airplane']",cat
35842,5,"['frog', 'ship', 'airplane', 'automobile']",ship
35843,4,"['cat', 'automobile', 'frog', 'airplane']",automobile
35844,9,"['dog', 'frog', 'cat', 'airplane']",airplane
35845,6,"['automobile', 'horse', 'ship', 'airplane']",ship
35846,0,"['horse', 'deer', 'frog', 'cat']",horse
35847,1,"['bird', 'dog', 'frog', 'cat', 'airplane']",airplane
35848,6,"['automobile', 'horse', 'ship', 'airplane']",airplane
35849,2,"['ship', 'cat', 'automobile', 'airplane']",automobile
35850,1,"['bird', 'dog', 'frog', 'cat', 'airplane']",airplane
35851,6,"['automobile', 'horse', 'ship', 'airplane']",airplane
35852,9,"['dog', 'frog', 'cat', 'airplane']",airplane
35853,2,"['ship', 'cat', 'automobile', 'airplane']",cat
35854,4,"['cat', 'automobile', 'frog', 'airplane']",automobile
35855,0,"['horse', 'deer', 'frog', 'cat']",horse
35856,9,"['dog', 'frog', 'cat', 'airplane']",airplane
35857,2,"['ship', 'cat', 'automobile', 'airplane']",cat
35858,0,"['horse', 'deer', 'frog', 'cat']",horse
35859,0,"['horse', 'deer', 'frog', 'cat']",horse
35860,2,"['ship', 'cat', 'automobile', 'airplane']",cat
35861,1,"['bird', 'dog', 'frog', 'cat', 'airplane']",airplane
35862,2,"['ship', 'cat', 'automobile', 'airplane']",automobile
35863,1,"['bird', 'dog', 'frog', 'cat', 'airplane']",airplane
35864,8,"['horse', 'airplane', 'cat', 'frog']",horse
35865,7,"['automobile', 'cat', 'airplane', 'frog']",airplane
35866,1,"['bird', 'dog', 'frog', 'cat', 'airplane']",airplane
35867,5,"['frog', 'ship', 'airplane', 'automobile']",ship
35868,4,"['cat', 'automobile', 'frog', 'airplane']",automobile
35869,7,"['automobile', 'cat', 'airplane', 'frog']",cat
35870,2,"['ship', 'cat', 'automobile', 'airplane']",cat
35871,2,"['ship', 'cat', 'automobile', 'airplane']",automobile
35872,6,"['automobile', 'horse', 'ship', 'airplane']",airplane
35873,0,"['horse', 'deer', 'frog', 'cat']",horse
35874,2,"['ship', 'cat', 'automobile', 'airplane']",automobile
35875,3,"['frog', 'ship', 'automobile', 'airplane']",ship
35876,8,"['horse', 'airplane', 'cat', 'frog']",horse
35877,4,"['cat', 'automobile', 'frog', 'airplane']",automobile
35878,1,"['bird', 'dog', 'frog', 'cat', 'airplane']",airplane
35879,5,"['frog', 'ship', 'airplane', 'automobile']",ship
35880,2,"['ship', 'cat', 'automobile', 'airplane']",cat
35881,8,"['horse', 'airplane', 'cat', 'frog']",horse
35882,2,"['ship', 'cat', 'automobile', 'airplane']",cat
35883,0,"['horse', 'deer', 'frog', 'cat']",horse
35884,1,"['bird', 'dog', 'frog', 'cat', 'airplane']",airplane
35885,8,"['horse', 'airplane', 'cat', 'frog']",horse
35886,9,"['dog', 'frog', 'cat', 'airplane']",airplane
35887,2,"['ship', 'cat', 'automobile', 'airplane']",ship
35888,7,"['automobile', 'cat', 'airplane', 'frog']",cat
35889,3,"['frog', 'ship', 'automobile', 'airplane']",ship
35890,7,"['automobile', 'cat', 'airplane', 'frog']",cat
35891,6,"['automobile', 'horse', 'ship', 'airplane']",airplane
35892,5,"['frog', 'ship', 'airplane', 'automobile']",ship
35893,9,"['dog', 'frog', 'cat', 'airplane']",dog
35894,8,"['horse', 'airplane', 'cat', 'frog']",horse
35895,8,"['horse', 'airplane', 'cat', 'frog']",airplane
35896,8,"['horse', 'airplane', 'cat', 'frog']",horse
35897,9,"['dog', 'frog', 'cat', 'airplane']",airplane
35898,5,"['frog', 'ship', 'airplane', 'automobile']",ship
35899,3,"['frog', 'ship', 'automobile', 'airplane']",ship
35900,6,"['automobile', 'horse', 'ship', 'airplane']",airplane
35901,2,"['ship', 'cat', 'automobile', 'airplane']",cat
35902,5,"['frog', 'ship', 'airplane', 'automobile']",ship
35903,6,"['automobile', 'horse', 'ship', 'airplane']",airplane
35904,6,"['automobile', 'horse', 'ship', 'airplane']",horse
35905,5,"['frog', 'ship', 'airplane', 'automobile']",ship
35906,5,"['frog', 'ship', 'airplane', 'automobile']",ship
35907,4,"['cat', 'automobile', 'frog', 'airplane']",automobile
35908,7,"['automobile', 'cat', 'airplane', 'frog']",airplane
35909,8,"['horse', 'airplane', 'cat', 'frog']",horse
35910,1,"['bird', 'dog', 'frog', 'cat', 'airplane']",airplane
35911,8,"['horse', 'airplane', 'cat', 'frog']",horse
35912,8,"['horse', 'airplane', 'cat', 'frog']",horse
35913,3,"['frog', 'ship', 'automobile', 'airplane']",ship
35914,1,"['bird', 'dog', 'frog', 'cat', 'airplane']",airplane
35915,4,"['cat', 'automobile', 'frog', 'airplane']",automobile
35916,0,"['horse', 'deer', 'frog', 'cat']",horse
35917,8,"['horse', 'airplane', 'cat', 'frog']",horse
35918,5,"['frog', 'ship', 'airplane', 'automobile']",ship
35919,3,"['frog', 'ship', 'automobile', 'airplane']",ship
35920,6,"['automobile', 'horse', 'ship', 'airplane']",airplane
35921,6,"['automobile', 'horse', 'ship', 'airplane']",airplane
35922,7,"['automobile', 'cat', 'airplane', 'frog']",airplane
35923,3,"['frog', 'ship', 'automobile', 'airplane']",ship
35924,7,"['automobile', 'cat', 'airplane', 'frog']",cat
35925,4,"['cat', 'automobile', 'frog', 'airplane']",automobile
35926,1,"['bird', 'dog', 'frog', 'cat', 'airplane']",airplane
35927,0,"['horse', 'deer', 'frog', 'cat']",horse
35928,6,"['automobile', 'horse', 'ship', 'airplane']",ship
35929,0,"['horse', 'deer', 'frog', 'cat']",horse
35930,6,"['automobile', 'horse', 'ship', 'airplane']",ship
35931,3,"['frog', 'ship', 'automobile', 'airplane']",ship
35932,5,"['frog', 'ship', 'airplane', 'automobile']",ship
35933,1,"['bird', 'dog', 'frog', 'cat', 'airplane']",airplane
35934,0,"['horse', 'deer', 'frog', 'cat']",horse
35935,3,"['frog', 'ship', 'automobile', 'airplane']",ship
35936,2,"['ship', 'cat', 'automobile', 'airplane']",cat
35937,3,"['frog', 'ship', 'automobile', 'airplane']",frog
35938,8,"['horse', 'airplane', 'cat', 'frog']",cat
35939,1,"['bird', 'dog', 'frog', 'cat', 'airplane']",airplane
35940,2,"['ship', 'cat', 'automobile', 'airplane']",cat
35941,5,"['frog', 'ship', 'airplane', 'automobile']",ship
35942,4,"['cat', 'automobile', 'frog', 'airplane']",frog
35943,9,"['dog', 'frog', 'cat', 'airplane']",airplane
35944,5,"['frog', 'ship', 'airplane', 'automobile']",ship
35945,1,"['bird', 'dog', 'frog', 'cat', 'airplane']",airplane
35946,4,"['cat', 'automobile', 'frog', 'airplane']",automobile
35947,2,"['ship', 'cat', 'automobile', 'airplane']",cat
35948,1,"['bird', 'dog', 'frog', 'cat', 'airplane']",airplane
35949,5,"['frog', 'ship', 'airplane', 'automobile']",ship
35950,6,"['automobile', 'horse', 'ship', 'airplane']",ship
35951,6,"['automobile', 'horse', 'ship', 'airplane']",automobile
35952,0,"['horse', 'deer', 'frog', 'cat']",horse
35953,1,"['bird', 'dog', 'frog', 'cat', 'airplane']",airplane
35954,4,"['cat', 'automobile', 'frog', 'airplane']",automobile
35955,2,"['ship', 'cat', 'automobile', 'airplane']",automobile
35956,4,"['cat', 'automobile', 'frog', 'airplane']",automobile
35957,2,"['ship', 'cat', 'automobile', 'airplane']",cat
35958,2,"['ship', 'cat', 'automobile', 'airplane']",cat
35959,2,"['ship', 'cat', 'automobile', 'airplane']",cat
35960,3,"['frog', 'ship', 'automobile', 'airplane']",ship
35961,9,"['dog', 'frog', 'cat', 'airplane']",airplane
35962,7,"['automobile', 'cat', 'airplane', 'frog']",cat
35963,0,"['horse', 'deer', 'frog', 'cat']",horse
35964,5,"['frog', 'ship', 'airplane', 'automobile']",ship
35965,1,"['bird', 'dog', 'frog', 'cat', 'airplane']",airplane
35966,1,"['bird', 'dog', 'frog', 'cat', 'airplane']",airplane
35967,2,"['ship', 'cat', 'automobile', 'airplane']",cat
35968,4,"['cat', 'automobile', 'frog', 'airplane']",automobile
35969,7,"['automobile', 'cat', 'airplane', 'frog']",airplane
35970,4,"['cat', 'automobile', 'frog', 'airplane']",automobile
35971,6,"['automobile', 'horse', 'ship', 'airplane']",airplane
35972,7,"['automobile', 'cat', 'airplane', 'frog']",airplane
35973,0,"['horse', 'deer', 'frog', 'cat']",horse
35974,9,"['dog', 'frog', 'cat', 'airplane']",dog
35975,7,"['automobile', 'cat', 'airplane', 'frog']",cat
35976,3,"['frog', 'ship', 'automobile', 'airplane']",ship
35977,6,"['automobile', 'horse', 'ship', 'airplane']",ship
35978,4,"['cat', 'automobile', 'frog', 'airplane']",automobile
35979,1,"['bird', 'dog', 'frog', 'cat', 'airplane']",airplane
35980,7,"['automobile', 'cat', 'airplane', 'frog']",cat
35981,9,"['dog', 'frog', 'cat', 'airplane']",dog
35982,7,"['automobile', 'cat', 'airplane', 'frog']",cat
35983,6,"['automobile', 'horse', 'ship', 'airplane']",airplane
35984,9,"['dog', 'frog', 'cat', 'airplane']",airplane
35985,8,"['horse', 'airplane', 'cat', 'frog']",horse
35986,7,"['automobile', 'cat', 'airplane', 'frog']",cat
35987,7,"['automobile', 'cat', 'airplane', 'frog']",cat
35988,7,"['automobile', 'cat', 'airplane', 'frog']",frog
35989,5,"['frog', 'ship', 'airplane', 'automobile']",ship
35990,1,"['bird', 'dog', 'frog', 'cat', 'airplane']",airplane
35991,0,"['horse', 'deer', 'frog', 'cat']",horse
35992,8,"['horse', 'airplane', 'cat', 'frog']",horse
35993,5,"['frog', 'ship', 'airplane', 'automobile']",ship
35994,3,"['frog', 'ship', 'automobile', 'airplane']",ship
35995,8,"['horse', 'airplane', 'cat', 'frog']",horse
35996,0,"['horse', 'deer', 'frog', 'cat']",horse
35997,4,"['cat', 'automobile', 'frog', 'airplane']",automobile
35998,3,"['frog', 'ship', 'automobile', 'airplane']",ship
35999,8,"['horse', 'airplane', 'cat', 'frog']",horse
36000,3,"['frog', 'ship', 'automobile', 'airplane']",ship
36001,8,"['horse', 'airplane', 'cat', 'frog']",horse
36002,5,"['frog', 'ship', 'airplane', 'automobile']",ship
36003,4,"['cat', 'automobile', 'frog', 'airplane']",automobile
36004,0,"['horse', 'deer', 'frog', 'cat']",horse
36005,1,"['bird', 'dog', 'frog', 'cat', 'airplane']",airplane
36006,2,"['ship', 'cat', 'automobile', 'airplane']",cat
36007,0,"['horse', 'deer', 'frog', 'cat']",horse
36008,4,"['cat', 'automobile', 'frog', 'airplane']",automobile
36009,2,"['ship', 'cat', 'automobile', 'airplane']",automobile
36010,9,"['dog', 'frog', 'cat', 'airplane']",dog
36011,2,"['ship', 'cat', 'automobile', 'airplane']",automobile
36012,6,"['automobile', 'horse', 'ship', 'airplane']",airplane
36013,8,"['horse', 'airplane', 'cat', 'frog']",horse
36014,3,"['frog', 'ship', 'automobile', 'airplane']",ship
36015,1,"['bird', 'dog', 'frog', 'cat', 'airplane']",airplane
36016,5,"['frog', 'ship', 'airplane', 'automobile']",ship
36017,7,"['automobile', 'cat', 'airplane', 'frog']",cat
36018,0,"['horse', 'deer', 'frog', 'cat']",horse
36019,4,"['cat', 'automobile', 'frog', 'airplane']",automobile
36020,2,"['ship', 'cat', 'automobile', 'airplane']",ship
36021,1,"['bird', 'dog', 'frog', 'cat', 'airplane']",airplane
36022,5,"['frog', 'ship', 'airplane', 'automobile']",ship
36023,6,"['automobile', 'horse', 'ship', 'airplane']",horse
36024,8,"['horse', 'airplane', 'cat', 'frog']",horse
36025,2,"['ship', 'cat', 'automobile', 'airplane']",cat
36026,3,"['frog', 'ship', 'automobile', 'airplane']",ship
36027,3,"['frog', 'ship', 'automobile', 'airplane']",ship
36028,1,"['bird', 'dog', 'frog', 'cat', 'airplane']",airplane
36029,9,"['dog', 'frog', 'cat', 'airplane']",airplane
36030,5,"['frog', 'ship', 'airplane', 'automobile']",ship
36031,9,"['dog', 'frog', 'cat', 'airplane']",dog
36032,4,"['cat', 'automobile', 'frog', 'airplane']",automobile
36033,1,"['bird', 'dog', 'frog', 'cat', 'airplane']",airplane
36034,7,"['automobile', 'cat', 'airplane', 'frog']",cat
36035,5,"['frog', 'ship', 'airplane', 'automobile']",ship
36036,3,"['frog', 'ship', 'automobile', 'airplane']",ship
36037,7,"['automobile', 'cat', 'airplane', 'frog']",airplane
36038,0,"['horse', 'deer', 'frog', 'cat']",horse
36039,1,"['bird', 'dog', 'frog', 'cat', 'airplane']",airplane
36040,1,"['bird', 'dog', 'frog', 'cat', 'airplane']",airplane
36041,5,"['frog', 'ship', 'airplane', 'automobile']",ship
36042,9,"['dog', 'frog', 'cat', 'airplane']",airplane
36043,3,"['frog', 'ship', 'automobile', 'airplane']",ship
36044,6,"['automobile', 'horse', 'ship', 'airplane']",ship
36045,9,"['dog', 'frog', 'cat', 'airplane']",dog
36046,1,"['bird', 'dog', 'frog', 'cat', 'airplane']",airplane
36047,4,"['cat', 'automobile', 'frog', 'airplane']",automobile
36048,5,"['frog', 'ship', 'airplane', 'automobile']",ship
36049,0,"['horse', 'deer', 'frog', 'cat']",horse
36050,9,"['dog', 'frog', 'cat', 'airplane']",airplane
36051,3,"['frog', 'ship', 'automobile', 'airplane']",ship
36052,0,"['horse', 'deer', 'frog', 'cat']",horse
36053,1,"['bird', 'dog', 'frog', 'cat', 'airplane']",airplane
36054,3,"['frog', 'ship', 'automobile', 'airplane']",ship
36055,0,"['horse', 'deer', 'frog', 'cat']",horse
36056,5,"['frog', 'ship', 'airplane', 'automobile']",ship
36057,5,"['frog', 'ship', 'airplane', 'automobile']",ship
36058,1,"['bird', 'dog', 'frog', 'cat', 'airplane']",airplane
36059,9,"['dog', 'frog', 'cat', 'airplane']",dog
36060,6,"['automobile', 'horse', 'ship', 'airplane']",automobile
36061,6,"['automobile', 'horse', 'ship', 'airplane']",airplane
36062,6,"['automobile', 'horse', 'ship', 'airplane']",airplane
36063,3,"['frog', 'ship', 'automobile', 'airplane']",ship
36064,9,"['dog', 'frog', 'cat', 'airplane']",airplane
36065,7,"['automobile', 'cat', 'airplane', 'frog']",cat
36066,3,"['frog', 'ship', 'automobile', 'airplane']",ship
36067,1,"['bird', 'dog', 'frog', 'cat', 'airplane']",airplane
36068,0,"['horse', 'deer', 'frog', 'cat']",horse
36069,6,"['automobile', 'horse', 'ship', 'airplane']",airplane
36070,2,"['ship', 'cat', 'automobile', 'airplane']",cat
36071,4,"['cat', 'automobile', 'frog', 'airplane']",automobile
36072,2,"['ship', 'cat', 'automobile', 'airplane']",cat
36073,5,"['frog', 'ship', 'airplane', 'automobile']",ship
36074,3,"['frog', 'ship', 'automobile', 'airplane']",ship
36075,5,"['frog', 'ship', 'airplane', 'automobile']",ship
36076,9,"['dog', 'frog', 'cat', 'airplane']",airplane
36077,3,"['frog', 'ship', 'automobile', 'airplane']",ship
36078,7,"['automobile', 'cat', 'airplane', 'frog']",cat
36079,6,"['automobile', 'horse', 'ship', 'airplane']",airplane
36080,3,"['frog', 'ship', 'automobile', 'airplane']",ship
36081,1,"['bird', 'dog', 'frog', 'cat', 'airplane']",airplane
36082,5,"['frog', 'ship', 'airplane', 'automobile']",ship
36083,4,"['cat', 'automobile', 'frog', 'airplane']",automobile
36084,4,"['cat', 'automobile', 'frog', 'airplane']",automobile
36085,1,"['bird', 'dog', 'frog', 'cat', 'airplane']",airplane
36086,1,"['bird', 'dog', 'frog', 'cat', 'airplane']",airplane
36087,3,"['frog', 'ship', 'automobile', 'airplane']",ship
36088,9,"['dog', 'frog', 'cat', 'airplane']",airplane
36089,6,"['automobile', 'horse', 'ship', 'airplane']",airplane
36090,4,"['cat', 'automobile', 'frog', 'airplane']",automobile
36091,8,"['horse', 'airplane', 'cat', 'frog']",horse
36092,2,"['ship', 'cat', 'automobile', 'airplane']",automobile
36093,5,"['frog', 'ship', 'airplane', 'automobile']",ship
36094,2,"['ship', 'cat', 'automobile', 'airplane']",automobile
36095,2,"['ship', 'cat', 'automobile', 'airplane']",automobile
36096,4,"['cat', 'automobile', 'frog', 'airplane']",automobile
36097,8,"['horse', 'airplane', 'cat', 'frog']",horse
36098,7,"['automobile', 'cat', 'airplane', 'frog']",cat
36099,9,"['dog', 'frog', 'cat', 'airplane']",airplane
36100,0,"['horse', 'deer', 'frog', 'cat']",horse
36101,1,"['bird', 'dog', 'frog', 'cat', 'airplane']",airplane
36102,1,"['bird', 'dog', 'frog', 'cat', 'airplane']",airplane
36103,5,"['frog', 'ship', 'airplane', 'automobile']",ship
36104,5,"['frog', 'ship', 'airplane', 'automobile']",ship
36105,4,"['cat', 'automobile', 'frog', 'airplane']",automobile
36106,0,"['horse', 'deer', 'frog', 'cat']",horse
36107,1,"['bird', 'dog', 'frog', 'cat', 'airplane']",airplane
36108,8,"['horse', 'airplane', 'cat', 'frog']",horse
36109,9,"['dog', 'frog', 'cat', 'airplane']",airplane
36110,6,"['automobile', 'horse', 'ship', 'airplane']",airplane
36111,6,"['automobile', 'horse', 'ship', 'airplane']",airplane
36112,2,"['ship', 'cat', 'automobile', 'airplane']",ship
36113,3,"['frog', 'ship', 'automobile', 'airplane']",ship
36114,7,"['automobile', 'cat', 'airplane', 'frog']",airplane
36115,9,"['dog', 'frog', 'cat', 'airplane']",airplane
36116,2,"['ship', 'cat', 'automobile', 'airplane']",cat
36117,9,"['dog', 'frog', 'cat', 'airplane']",airplane
36118,9,"['dog', 'frog', 'cat', 'airplane']",airplane
36119,0,"['horse', 'deer', 'frog', 'cat']",horse
36120,5,"['frog', 'ship', 'airplane', 'automobile']",ship
36121,5,"['frog', 'ship', 'airplane', 'automobile']",ship
36122,2,"['ship', 'cat', 'automobile', 'airplane']",ship
36123,5,"['frog', 'ship', 'airplane', 'automobile']",ship
36124,3,"['frog', 'ship', 'automobile', 'airplane']",ship
36125,2,"['ship', 'cat', 'automobile', 'airplane']",automobile
36126,5,"['frog', 'ship', 'airplane', 'automobile']",ship
36127,5,"['frog', 'ship', 'airplane', 'automobile']",ship
36128,1,"['bird', 'dog', 'frog', 'cat', 'airplane']",airplane
36129,1,"['bird', 'dog', 'frog', 'cat', 'airplane']",airplane
36130,2,"['ship', 'cat', 'automobile', 'airplane']",cat
36131,8,"['horse', 'airplane', 'cat', 'frog']",horse
36132,5,"['frog', 'ship', 'airplane', 'automobile']",ship
36133,7,"['automobile', 'cat', 'airplane', 'frog']",airplane
36134,0,"['horse', 'deer', 'frog', 'cat']",horse
36135,7,"['automobile', 'cat', 'airplane', 'frog']",frog
36136,7,"['automobile', 'cat', 'airplane', 'frog']",airplane
36137,2,"['ship', 'cat', 'automobile', 'airplane']",cat
36138,2,"['ship', 'cat', 'automobile', 'airplane']",cat
36139,5,"['frog', 'ship', 'airplane', 'automobile']",ship
36140,3,"['frog', 'ship', 'automobile', 'airplane']",ship
36141,2,"['ship', 'cat', 'automobile', 'airplane']",automobile
36142,4,"['cat', 'automobile', 'frog', 'airplane']",automobile
36143,9,"['dog', 'frog', 'cat', 'airplane']",dog
36144,7,"['automobile', 'cat', 'airplane', 'frog']",cat
36145,3,"['frog', 'ship', 'automobile', 'airplane']",ship
36146,8,"['horse', 'airplane', 'cat', 'frog']",horse
36147,6,"['automobile', 'horse', 'ship', 'airplane']",horse
36148,0,"['horse', 'deer', 'frog', 'cat']",horse
36149,0,"['horse', 'deer', 'frog', 'cat']",horse
36150,5,"['frog', 'ship', 'airplane', 'automobile']",ship
36151,8,"['horse', 'airplane', 'cat', 'frog']",horse
36152,2,"['ship', 'cat', 'automobile', 'airplane']",cat
36153,1,"['bird', 'dog', 'frog', 'cat', 'airplane']",airplane
36154,2,"['ship', 'cat', 'automobile', 'airplane']",automobile
36155,0,"['horse', 'deer', 'frog', 'cat']",horse
36156,4,"['cat', 'automobile', 'frog', 'airplane']",automobile
36157,3,"['frog', 'ship', 'automobile', 'airplane']",ship
36158,1,"['bird', 'dog', 'frog', 'cat', 'airplane']",airplane
36159,3,"['frog', 'ship', 'automobile', 'airplane']",ship
36160,4,"['cat', 'automobile', 'frog', 'airplane']",automobile
36161,3,"['frog', 'ship', 'automobile', 'airplane']",ship
36162,2,"['ship', 'cat', 'automobile', 'airplane']",cat
36163,0,"['horse', 'deer', 'frog', 'cat']",horse
36164,6,"['automobile', 'horse', 'ship', 'airplane']",airplane
36165,9,"['dog', 'frog', 'cat', 'airplane']",airplane
36166,5,"['frog', 'ship', 'airplane', 'automobile']",ship
36167,4,"['cat', 'automobile', 'frog', 'airplane']",automobile
36168,4,"['cat', 'automobile', 'frog', 'airplane']",automobile
36169,2,"['ship', 'cat', 'automobile', 'airplane']",cat
36170,2,"['ship', 'cat', 'automobile', 'airplane']",cat
36171,5,"['frog', 'ship', 'airplane', 'automobile']",ship
36172,7,"['automobile', 'cat', 'airplane', 'frog']",airplane
36173,2,"['ship', 'cat', 'automobile', 'airplane']",cat
36174,7,"['automobile', 'cat', 'airplane', 'frog']",cat
36175,0,"['horse', 'deer', 'frog', 'cat']",horse
36176,6,"['automobile', 'horse', 'ship', 'airplane']",airplane
36177,4,"['cat', 'automobile', 'frog', 'airplane']",automobile
36178,4,"['cat', 'automobile', 'frog', 'airplane']",automobile
36179,9,"['dog', 'frog', 'cat', 'airplane']",dog
36180,0,"['horse', 'deer', 'frog', 'cat']",horse
36181,1,"['bird', 'dog', 'frog', 'cat', 'airplane']",airplane
36182,4,"['cat', 'automobile', 'frog', 'airplane']",automobile
36183,0,"['horse', 'deer', 'frog', 'cat']",horse
36184,2,"['ship', 'cat', 'automobile', 'airplane']",cat
36185,2,"['ship', 'cat', 'automobile', 'airplane']",automobile
36186,2,"['ship', 'cat', 'automobile', 'airplane']",cat
36187,8,"['horse', 'airplane', 'cat', 'frog']",horse
36188,6,"['automobile', 'horse', 'ship', 'airplane']",airplane
36189,7,"['automobile', 'cat', 'airplane', 'frog']",cat
36190,7,"['automobile', 'cat', 'airplane', 'frog']",cat
36191,5,"['frog', 'ship', 'airplane', 'automobile']",ship
36192,6,"['automobile', 'horse', 'ship', 'airplane']",airplane
36193,2,"['ship', 'cat', 'automobile', 'airplane']",cat
36194,1,"['bird', 'dog', 'frog', 'cat', 'airplane']",airplane
36195,0,"['horse', 'deer', 'frog', 'cat']",horse
36196,5,"['frog', 'ship', 'airplane', 'automobile']",ship
36197,2,"['ship', 'cat', 'automobile', 'airplane']",cat
36198,9,"['dog', 'frog', 'cat', 'airplane']",airplane
36199,4,"['cat', 'automobile', 'frog', 'airplane']",automobile
36200,8,"['horse', 'airplane', 'cat', 'frog']",horse
36201,0,"['horse', 'deer', 'frog', 'cat']",horse
36202,5,"['frog', 'ship', 'airplane', 'automobile']",ship
36203,7,"['automobile', 'cat', 'airplane', 'frog']",cat
36204,4,"['cat', 'automobile', 'frog', 'airplane']",automobile
36205,7,"['automobile', 'cat', 'airplane', 'frog']",cat
36206,5,"['frog', 'ship', 'airplane', 'automobile']",ship
36207,5,"['frog', 'ship', 'airplane', 'automobile']",ship
36208,1,"['bird', 'dog', 'frog', 'cat', 'airplane']",airplane
36209,8,"['horse', 'airplane', 'cat', 'frog']",horse
36210,9,"['dog', 'frog', 'cat', 'airplane']",airplane
36211,3,"['frog', 'ship', 'automobile', 'airplane']",ship
36212,3,"['frog', 'ship', 'automobile', 'airplane']",ship
36213,2,"['ship', 'cat', 'automobile', 'airplane']",cat
36214,8,"['horse', 'airplane', 'cat', 'frog']",horse
36215,1,"['bird', 'dog', 'frog', 'cat', 'airplane']",airplane
36216,3,"['frog', 'ship', 'automobile', 'airplane']",ship
36217,5,"['frog', 'ship', 'airplane', 'automobile']",ship
36218,9,"['dog', 'frog', 'cat', 'airplane']",airplane
36219,3,"['frog', 'ship', 'automobile', 'airplane']",ship
36220,8,"['horse', 'airplane', 'cat', 'frog']",horse
36221,8,"['horse', 'airplane', 'cat', 'frog']",airplane
36222,3,"['frog', 'ship', 'automobile', 'airplane']",ship
36223,9,"['dog', 'frog', 'cat', 'airplane']",airplane
36224,5,"['frog', 'ship', 'airplane', 'automobile']",ship
36225,4,"['cat', 'automobile', 'frog', 'airplane']",automobile
36226,3,"['frog', 'ship', 'automobile', 'airplane']",ship
36227,5,"['frog', 'ship', 'airplane', 'automobile']",ship
36228,0,"['horse', 'deer', 'frog', 'cat']",horse
36229,8,"['horse', 'airplane', 'cat', 'frog']",horse
36230,3,"['frog', 'ship', 'automobile', 'airplane']",ship
36231,0,"['horse', 'deer', 'frog', 'cat']",horse
36232,6,"['automobile', 'horse', 'ship', 'airplane']",airplane
36233,5,"['frog', 'ship', 'airplane', 'automobile']",ship
36234,4,"['cat', 'automobile', 'frog', 'airplane']",automobile
36235,5,"['frog', 'ship', 'airplane', 'automobile']",ship
36236,1,"['bird', 'dog', 'frog', 'cat', 'airplane']",airplane
36237,1,"['bird', 'dog', 'frog', 'cat', 'airplane']",airplane
36238,1,"['bird', 'dog', 'frog', 'cat', 'airplane']",airplane
36239,7,"['automobile', 'cat', 'airplane', 'frog']",cat
36240,3,"['frog', 'ship', 'automobile', 'airplane']",ship
36241,6,"['automobile', 'horse', 'ship', 'airplane']",automobile
36242,2,"['ship', 'cat', 'automobile', 'airplane']",automobile
36243,6,"['automobile', 'horse', 'ship', 'airplane']",ship
36244,3,"['frog', 'ship', 'automobile', 'airplane']",frog
36245,2,"['ship', 'cat', 'automobile', 'airplane']",cat
36246,5,"['frog', 'ship', 'airplane', 'automobile']",ship
36247,4,"['cat', 'automobile', 'frog', 'airplane']",automobile
36248,7,"['automobile', 'cat', 'airplane', 'frog']",airplane
36249,3,"['frog', 'ship', 'automobile', 'airplane']",ship
36250,9,"['dog', 'frog', 'cat', 'airplane']",airplane
36251,1,"['bird', 'dog', 'frog', 'cat', 'airplane']",airplane
36252,0,"['horse', 'deer', 'frog', 'cat']",horse
36253,8,"['horse', 'airplane', 'cat', 'frog']",horse
36254,0,"['horse', 'deer', 'frog', 'cat']",frog
36255,8,"['horse', 'airplane', 'cat', 'frog']",horse
36256,7,"['automobile', 'cat', 'airplane', 'frog']",cat
36257,6,"['automobile', 'horse', 'ship', 'airplane']",ship
36258,1,"['bird', 'dog', 'frog', 'cat', 'airplane']",airplane
36259,5,"['frog', 'ship', 'airplane', 'automobile']",ship
36260,7,"['automobile', 'cat', 'airplane', 'frog']",cat
36261,2,"['ship', 'cat', 'automobile', 'airplane']",cat
36262,8,"['horse', 'airplane', 'cat', 'frog']",horse
36263,6,"['automobile', 'horse', 'ship', 'airplane']",airplane
36264,3,"['frog', 'ship', 'automobile', 'airplane']",ship
36265,7,"['automobile', 'cat', 'airplane', 'frog']",cat
36266,9,"['dog', 'frog', 'cat', 'airplane']",airplane
36267,8,"['horse', 'airplane', 'cat', 'frog']",horse
36268,2,"['ship', 'cat', 'automobile', 'airplane']",cat
36269,3,"['frog', 'ship', 'automobile', 'airplane']",ship
36270,7,"['automobile', 'cat', 'airplane', 'frog']",cat
36271,9,"['dog', 'frog', 'cat', 'airplane']",airplane
36272,4,"['cat', 'automobile', 'frog', 'airplane']",automobile
36273,3,"['frog', 'ship', 'automobile', 'airplane']",ship
36274,6,"['automobile', 'horse', 'ship', 'airplane']",airplane
36275,3,"['frog', 'ship', 'automobile', 'airplane']",ship
36276,4,"['cat', 'automobile', 'frog', 'airplane']",automobile
36277,9,"['dog', 'frog', 'cat', 'airplane']",airplane
36278,7,"['automobile', 'cat', 'airplane', 'frog']",cat
36279,0,"['horse', 'deer', 'frog', 'cat']",horse
36280,9,"['dog', 'frog', 'cat', 'airplane']",airplane
36281,7,"['automobile', 'cat', 'airplane', 'frog']",cat
36282,6,"['automobile', 'horse', 'ship', 'airplane']",airplane
36283,9,"['dog', 'frog', 'cat', 'airplane']",airplane
36284,6,"['automobile', 'horse', 'ship', 'airplane']",automobile
36285,6,"['automobile', 'horse', 'ship', 'airplane']",airplane
36286,0,"['horse', 'deer', 'frog', 'cat']",horse
36287,0,"['horse', 'deer', 'frog', 'cat']",horse
36288,9,"['dog', 'frog', 'cat', 'airplane']",dog
36289,0,"['horse', 'deer', 'frog', 'cat']",horse
36290,6,"['automobile', 'horse', 'ship', 'airplane']",airplane
36291,9,"['dog', 'frog', 'cat', 'airplane']",dog
36292,4,"['cat', 'automobile', 'frog', 'airplane']",automobile
36293,2,"['ship', 'cat', 'automobile', 'airplane']",cat
36294,4,"['cat', 'automobile', 'frog', 'airplane']",automobile
36295,8,"['horse', 'airplane', 'cat', 'frog']",horse
36296,6,"['automobile', 'horse', 'ship', 'airplane']",airplane
36297,8,"['horse', 'airplane', 'cat', 'frog']",horse
36298,1,"['bird', 'dog', 'frog', 'cat', 'airplane']",airplane
36299,8,"['horse', 'airplane', 'cat', 'frog']",horse
36300,2,"['ship', 'cat', 'automobile', 'airplane']",cat
36301,5,"['frog', 'ship', 'airplane', 'automobile']",ship
36302,4,"['cat', 'automobile', 'frog', 'airplane']",automobile
36303,7,"['automobile', 'cat', 'airplane', 'frog']",airplane
36304,6,"['automobile', 'horse', 'ship', 'airplane']",airplane
36305,2,"['ship', 'cat', 'automobile', 'airplane']",cat
36306,7,"['automobile', 'cat', 'airplane', 'frog']",airplane
36307,2,"['ship', 'cat', 'automobile', 'airplane']",cat
36308,5,"['frog', 'ship', 'airplane', 'automobile']",ship
36309,9,"['dog', 'frog', 'cat', 'airplane']",dog
36310,6,"['automobile', 'horse', 'ship', 'airplane']",airplane
36311,0,"['horse', 'deer', 'frog', 'cat']",horse
36312,0,"['horse', 'deer', 'frog', 'cat']",horse
36313,6,"['automobile', 'horse', 'ship', 'airplane']",airplane
36314,0,"['horse', 'deer', 'frog', 'cat']",horse
36315,9,"['dog', 'frog', 'cat', 'airplane']",airplane
36316,2,"['ship', 'cat', 'automobile', 'airplane']",automobile
36317,4,"['cat', 'automobile', 'frog', 'airplane']",automobile
36318,6,"['automobile', 'horse', 'ship', 'airplane']",airplane
36319,4,"['cat', 'automobile', 'frog', 'airplane']",automobile
36320,3,"['frog', 'ship', 'automobile', 'airplane']",ship
36321,9,"['dog', 'frog', 'cat', 'airplane']",dog
36322,0,"['horse', 'deer', 'frog', 'cat']",horse
36323,0,"['horse', 'deer', 'frog', 'cat']",horse
36324,8,"['horse', 'airplane', 'cat', 'frog']",horse
36325,0,"['horse', 'deer', 'frog', 'cat']",horse
36326,4,"['cat', 'automobile', 'frog', 'airplane']",automobile
36327,4,"['cat', 'automobile', 'frog', 'airplane']",automobile
36328,7,"['automobile', 'cat', 'airplane', 'frog']",airplane
36329,9,"['dog', 'frog', 'cat', 'airplane']",airplane
36330,2,"['ship', 'cat', 'automobile', 'airplane']",cat
36331,1,"['bird', 'dog', 'frog', 'cat', 'airplane']",airplane
36332,5,"['frog', 'ship', 'airplane', 'automobile']",ship
36333,1,"['bird', 'dog', 'frog', 'cat', 'airplane']",airplane
36334,1,"['bird', 'dog', 'frog', 'cat', 'airplane']",airplane
36335,5,"['frog', 'ship', 'airplane', 'automobile']",ship
36336,4,"['cat', 'automobile', 'frog', 'airplane']",automobile
36337,0,"['horse', 'deer', 'frog', 'cat']",horse
36338,7,"['automobile', 'cat', 'airplane', 'frog']",cat
36339,2,"['ship', 'cat', 'automobile', 'airplane']",cat
36340,2,"['ship', 'cat', 'automobile', 'airplane']",automobile
36341,8,"['horse', 'airplane', 'cat', 'frog']",horse
36342,7,"['automobile', 'cat', 'airplane', 'frog']",airplane
36343,1,"['bird', 'dog', 'frog', 'cat', 'airplane']",airplane
36344,2,"['ship', 'cat', 'automobile', 'airplane']",cat
36345,4,"['cat', 'automobile', 'frog', 'airplane']",automobile
36346,7,"['automobile', 'cat', 'airplane', 'frog']",airplane
36347,5,"['frog', 'ship', 'airplane', 'automobile']",ship
36348,6,"['automobile', 'horse', 'ship', 'airplane']",ship
36349,2,"['ship', 'cat', 'automobile', 'airplane']",cat
36350,5,"['frog', 'ship', 'airplane', 'automobile']",ship
36351,3,"['frog', 'ship', 'automobile', 'airplane']",ship
36352,7,"['automobile', 'cat', 'airplane', 'frog']",cat
36353,0,"['horse', 'deer', 'frog', 'cat']",horse
36354,5,"['frog', 'ship', 'airplane', 'automobile']",ship
36355,2,"['ship', 'cat', 'automobile', 'airplane']",automobile
36356,0,"['horse', 'deer', 'frog', 'cat']",horse
36357,0,"['horse', 'deer', 'frog', 'cat']",horse
36358,0,"['horse', 'deer', 'frog', 'cat']",horse
36359,1,"['bird', 'dog', 'frog', 'cat', 'airplane']",airplane
36360,6,"['automobile', 'horse', 'ship', 'airplane']",airplane
36361,4,"['cat', 'automobile', 'frog', 'airplane']",automobile
36362,5,"['frog', 'ship', 'airplane', 'automobile']",ship
36363,0,"['horse', 'deer', 'frog', 'cat']",horse
36364,7,"['automobile', 'cat', 'airplane', 'frog']",airplane
36365,6,"['automobile', 'horse', 'ship', 'airplane']",airplane
36366,3,"['frog', 'ship', 'automobile', 'airplane']",ship
36367,2,"['ship', 'cat', 'automobile', 'airplane']",cat
36368,6,"['automobile', 'horse', 'ship', 'airplane']",airplane
36369,7,"['automobile', 'cat', 'airplane', 'frog']",cat
36370,0,"['horse', 'deer', 'frog', 'cat']",horse
36371,8,"['horse', 'airplane', 'cat', 'frog']",horse
36372,4,"['cat', 'automobile', 'frog', 'airplane']",automobile
36373,6,"['automobile', 'horse', 'ship', 'airplane']",airplane
36374,0,"['horse', 'deer', 'frog', 'cat']",horse
36375,8,"['horse', 'airplane', 'cat', 'frog']",horse
36376,1,"['bird', 'dog', 'frog', 'cat', 'airplane']",airplane
36377,2,"['ship', 'cat', 'automobile', 'airplane']",cat
36378,5,"['frog', 'ship', 'airplane', 'automobile']",ship
36379,1,"['bird', 'dog', 'frog', 'cat', 'airplane']",airplane
36380,6,"['automobile', 'horse', 'ship', 'airplane']",airplane
36381,9,"['dog', 'frog', 'cat', 'airplane']",dog
36382,2,"['ship', 'cat', 'automobile', 'airplane']",cat
36383,4,"['cat', 'automobile', 'frog', 'airplane']",airplane
36384,9,"['dog', 'frog', 'cat', 'airplane']",airplane
36385,2,"['ship', 'cat', 'automobile', 'airplane']",cat
36386,0,"['horse', 'deer', 'frog', 'cat']",horse
36387,5,"['frog', 'ship', 'airplane', 'automobile']",ship
36388,1,"['bird', 'dog', 'frog', 'cat', 'airplane']",airplane
36389,0,"['horse', 'deer', 'frog', 'cat']",horse
36390,8,"['horse', 'airplane', 'cat', 'frog']",horse
36391,8,"['horse', 'airplane', 'cat', 'frog']",horse
36392,5,"['frog', 'ship', 'airplane', 'automobile']",ship
36393,0,"['horse', 'deer', 'frog', 'cat']",horse
36394,7,"['automobile', 'cat', 'airplane', 'frog']",cat
36395,0,"['horse', 'deer', 'frog', 'cat']",horse
36396,6,"['automobile', 'horse', 'ship', 'airplane']",airplane
36397,9,"['dog', 'frog', 'cat', 'airplane']",airplane
36398,2,"['ship', 'cat', 'automobile', 'airplane']",cat
36399,7,"['automobile', 'cat', 'airplane', 'frog']",cat
36400,1,"['bird', 'dog', 'frog', 'cat', 'airplane']",airplane
36401,9,"['dog', 'frog', 'cat', 'airplane']",dog
36402,2,"['ship', 'cat', 'automobile', 'airplane']",cat
36403,8,"['horse', 'airplane', 'cat', 'frog']",horse
36404,0,"['horse', 'deer', 'frog', 'cat']",horse
36405,8,"['horse', 'airplane', 'cat', 'frog']",horse
36406,4,"['cat', 'automobile', 'frog', 'airplane']",automobile
36407,7,"['automobile', 'cat', 'airplane', 'frog']",cat
36408,2,"['ship', 'cat', 'automobile', 'airplane']",cat
36409,7,"['automobile', 'cat', 'airplane', 'frog']",cat
36410,2,"['ship', 'cat', 'automobile', 'airplane']",automobile
36411,5,"['frog', 'ship', 'airplane', 'automobile']",ship
36412,7,"['automobile', 'cat', 'airplane', 'frog']",cat
36413,9,"['dog', 'frog', 'cat', 'airplane']",airplane
36414,3,"['frog', 'ship', 'automobile', 'airplane']",ship
36415,0,"['horse', 'deer', 'frog', 'cat']",horse
36416,5,"['frog', 'ship', 'airplane', 'automobile']",ship
36417,7,"['automobile', 'cat', 'airplane', 'frog']",cat
36418,3,"['frog', 'ship', 'automobile', 'airplane']",ship
36419,6,"['automobile', 'horse', 'ship', 'airplane']",airplane
36420,4,"['cat', 'automobile', 'frog', 'airplane']",automobile
36421,5,"['frog', 'ship', 'airplane', 'automobile']",ship
36422,3,"['frog', 'ship', 'automobile', 'airplane']",ship
36423,2,"['ship', 'cat', 'automobile', 'airplane']",cat
36424,8,"['horse', 'airplane', 'cat', 'frog']",horse
36425,3,"['frog', 'ship', 'automobile', 'airplane']",ship
36426,2,"['ship', 'cat', 'automobile', 'airplane']",cat
36427,0,"['horse', 'deer', 'frog', 'cat']",horse
36428,4,"['cat', 'automobile', 'frog', 'airplane']",automobile
36429,7,"['automobile', 'cat', 'airplane', 'frog']",cat
36430,6,"['automobile', 'horse', 'ship', 'airplane']",airplane
36431,3,"['frog', 'ship', 'automobile', 'airplane']",ship
36432,9,"['dog', 'frog', 'cat', 'airplane']",airplane
36433,7,"['automobile', 'cat', 'airplane', 'frog']",cat
36434,9,"['dog', 'frog', 'cat', 'airplane']",dog
36435,5,"['frog', 'ship', 'airplane', 'automobile']",ship
36436,2,"['ship', 'cat', 'automobile', 'airplane']",automobile
36437,4,"['cat', 'automobile', 'frog', 'airplane']",automobile
36438,8,"['horse', 'airplane', 'cat', 'frog']",horse
36439,5,"['frog', 'ship', 'airplane', 'automobile']",ship
36440,3,"['frog', 'ship', 'automobile', 'airplane']",ship
36441,2,"['ship', 'cat', 'automobile', 'airplane']",cat
36442,4,"['cat', 'automobile', 'frog', 'airplane']",automobile
36443,8,"['horse', 'airplane', 'cat', 'frog']",horse
36444,8,"['horse', 'airplane', 'cat', 'frog']",horse
36445,1,"['bird', 'dog', 'frog', 'cat', 'airplane']",airplane
36446,0,"['horse', 'deer', 'frog', 'cat']",horse
36447,2,"['ship', 'cat', 'automobile', 'airplane']",cat
36448,3,"['frog', 'ship', 'automobile', 'airplane']",ship
36449,2,"['ship', 'cat', 'automobile', 'airplane']",cat
36450,2,"['ship', 'cat', 'automobile', 'airplane']",automobile
36451,8,"['horse', 'airplane', 'cat', 'frog']",horse
36452,7,"['automobile', 'cat', 'airplane', 'frog']",cat
36453,5,"['frog', 'ship', 'airplane', 'automobile']",ship
36454,5,"['frog', 'ship', 'airplane', 'automobile']",ship
36455,1,"['bird', 'dog', 'frog', 'cat', 'airplane']",airplane
36456,9,"['dog', 'frog', 'cat', 'airplane']",airplane
36457,4,"['cat', 'automobile', 'frog', 'airplane']",automobile
36458,9,"['dog', 'frog', 'cat', 'airplane']",airplane
36459,9,"['dog', 'frog', 'cat', 'airplane']",dog
36460,6,"['automobile', 'horse', 'ship', 'airplane']",airplane
36461,9,"['dog', 'frog', 'cat', 'airplane']",airplane
36462,6,"['automobile', 'horse', 'ship', 'airplane']",automobile
36463,6,"['automobile', 'horse', 'ship', 'airplane']",airplane
36464,0,"['horse', 'deer', 'frog', 'cat']",horse
36465,2,"['ship', 'cat', 'automobile', 'airplane']",cat
36466,4,"['cat', 'automobile', 'frog', 'airplane']",automobile
36467,4,"['cat', 'automobile', 'frog', 'airplane']",automobile
36468,2,"['ship', 'cat', 'automobile', 'airplane']",automobile
36469,2,"['ship', 'cat', 'automobile', 'airplane']",cat
36470,0,"['horse', 'deer', 'frog', 'cat']",horse
36471,5,"['frog', 'ship', 'airplane', 'automobile']",ship
36472,6,"['automobile', 'horse', 'ship', 'airplane']",airplane
36473,1,"['bird', 'dog', 'frog', 'cat', 'airplane']",airplane
36474,3,"['frog', 'ship', 'automobile', 'airplane']",ship
36475,9,"['dog', 'frog', 'cat', 'airplane']",dog
36476,3,"['frog', 'ship', 'automobile', 'airplane']",ship
36477,3,"['frog', 'ship', 'automobile', 'airplane']",ship
36478,6,"['automobile', 'horse', 'ship', 'airplane']",airplane
36479,9,"['dog', 'frog', 'cat', 'airplane']",dog
36480,4,"['cat', 'automobile', 'frog', 'airplane']",automobile
36481,2,"['ship', 'cat', 'automobile', 'airplane']",cat
36482,0,"['horse', 'deer', 'frog', 'cat']",horse
36483,1,"['bird', 'dog', 'frog', 'cat', 'airplane']",airplane
36484,8,"['horse', 'airplane', 'cat', 'frog']",horse
36485,1,"['bird', 'dog', 'frog', 'cat', 'airplane']",airplane
36486,6,"['automobile', 'horse', 'ship', 'airplane']",airplane
36487,5,"['frog', 'ship', 'airplane', 'automobile']",ship
36488,4,"['cat', 'automobile', 'frog', 'airplane']",automobile
36489,3,"['frog', 'ship', 'automobile', 'airplane']",ship
36490,1,"['bird', 'dog', 'frog', 'cat', 'airplane']",airplane
36491,0,"['horse', 'deer', 'frog', 'cat']",horse
36492,2,"['ship', 'cat', 'automobile', 'airplane']",automobile
36493,6,"['automobile', 'horse', 'ship', 'airplane']",airplane
36494,2,"['ship', 'cat', 'automobile', 'airplane']",cat
36495,7,"['automobile', 'cat', 'airplane', 'frog']",cat
36496,2,"['ship', 'cat', 'automobile', 'airplane']",cat
36497,0,"['horse', 'deer', 'frog', 'cat']",horse
36498,8,"['horse', 'airplane', 'cat', 'frog']",horse
36499,7,"['automobile', 'cat', 'airplane', 'frog']",airplane
36500,1,"['bird', 'dog', 'frog', 'cat', 'airplane']",airplane
36501,0,"['horse', 'deer', 'frog', 'cat']",horse
36502,2,"['ship', 'cat', 'automobile', 'airplane']",cat
36503,3,"['frog', 'ship', 'automobile', 'airplane']",ship
36504,9,"['dog', 'frog', 'cat', 'airplane']",airplane
36505,8,"['horse', 'airplane', 'cat', 'frog']",horse
36506,0,"['horse', 'deer', 'frog', 'cat']",horse
36507,9,"['dog', 'frog', 'cat', 'airplane']",dog
36508,9,"['dog', 'frog', 'cat', 'airplane']",dog
36509,1,"['bird', 'dog', 'frog', 'cat', 'airplane']",airplane
36510,2,"['ship', 'cat', 'automobile', 'airplane']",cat
36511,3,"['frog', 'ship', 'automobile', 'airplane']",ship
36512,9,"['dog', 'frog', 'cat', 'airplane']",airplane
36513,7,"['automobile', 'cat', 'airplane', 'frog']",airplane
36514,4,"['cat', 'automobile', 'frog', 'airplane']",automobile
36515,6,"['automobile', 'horse', 'ship', 'airplane']",airplane
36516,2,"['ship', 'cat', 'automobile', 'airplane']",cat
36517,4,"['cat', 'automobile', 'frog', 'airplane']",automobile
36518,3,"['frog', 'ship', 'automobile', 'airplane']",ship
36519,9,"['dog', 'frog', 'cat', 'airplane']",dog
36520,1,"['bird', 'dog', 'frog', 'cat', 'airplane']",airplane
36521,9,"['dog', 'frog', 'cat', 'airplane']",dog
36522,6,"['automobile', 'horse', 'ship', 'airplane']",airplane
36523,4,"['cat', 'automobile', 'frog', 'airplane']",automobile
36524,2,"['ship', 'cat', 'automobile', 'airplane']",automobile
36525,6,"['automobile', 'horse', 'ship', 'airplane']",automobile
36526,8,"['horse', 'airplane', 'cat', 'frog']",horse
36527,3,"['frog', 'ship', 'automobile', 'airplane']",ship
36528,5,"['frog', 'ship', 'airplane', 'automobile']",ship
36529,9,"['dog', 'frog', 'cat', 'airplane']",dog
36530,0,"['horse', 'deer', 'frog', 'cat']",horse
36531,0,"['horse', 'deer', 'frog', 'cat']",horse
36532,5,"['frog', 'ship', 'airplane', 'automobile']",ship
36533,4,"['cat', 'automobile', 'frog', 'airplane']",automobile
36534,8,"['horse', 'airplane', 'cat', 'frog']",horse
36535,7,"['automobile', 'cat', 'airplane', 'frog']",cat
36536,4,"['cat', 'automobile', 'frog', 'airplane']",automobile
36537,1,"['bird', 'dog', 'frog', 'cat', 'airplane']",airplane
36538,7,"['automobile', 'cat', 'airplane', 'frog']",airplane
36539,2,"['ship', 'cat', 'automobile', 'airplane']",cat
36540,5,"['frog', 'ship', 'airplane', 'automobile']",ship
36541,9,"['dog', 'frog', 'cat', 'airplane']",airplane
36542,1,"['bird', 'dog', 'frog', 'cat', 'airplane']",airplane
36543,3,"['frog', 'ship', 'automobile', 'airplane']",ship
36544,6,"['automobile', 'horse', 'ship', 'airplane']",airplane
36545,0,"['horse', 'deer', 'frog', 'cat']",horse
36546,1,"['bird', 'dog', 'frog', 'cat', 'airplane']",airplane
36547,8,"['horse', 'airplane', 'cat', 'frog']",horse
36548,3,"['frog', 'ship', 'automobile', 'airplane']",ship
36549,9,"['dog', 'frog', 'cat', 'airplane']",airplane
36550,1,"['bird', 'dog', 'frog', 'cat', 'airplane']",airplane
36551,8,"['horse', 'airplane', 'cat', 'frog']",horse
36552,4,"['cat', 'automobile', 'frog', 'airplane']",automobile
36553,8,"['horse', 'airplane', 'cat', 'frog']",horse
36554,3,"['frog', 'ship', 'automobile', 'airplane']",ship
36555,8,"['horse', 'airplane', 'cat', 'frog']",horse
36556,5,"['frog', 'ship', 'airplane', 'automobile']",ship
36557,9,"['dog', 'frog', 'cat', 'airplane']",dog
36558,0,"['horse', 'deer', 'frog', 'cat']",horse
36559,9,"['dog', 'frog', 'cat', 'airplane']",airplane
36560,8,"['horse', 'airplane', 'cat', 'frog']",horse
36561,6,"['automobile', 'horse', 'ship', 'airplane']",ship
36562,7,"['automobile', 'cat', 'airplane', 'frog']",cat
36563,6,"['automobile', 'horse', 'ship', 'airplane']",horse
36564,6,"['automobile', 'horse', 'ship', 'airplane']",horse
36565,7,"['automobile', 'cat', 'airplane', 'frog']",cat
36566,4,"['cat', 'automobile', 'frog', 'airplane']",automobile
36567,3,"['frog', 'ship', 'automobile', 'airplane']",ship
36568,1,"['bird', 'dog', 'frog', 'cat', 'airplane']",airplane
36569,7,"['automobile', 'cat', 'airplane', 'frog']",cat
36570,2,"['ship', 'cat', 'automobile', 'airplane']",cat
36571,8,"['horse', 'airplane', 'cat', 'frog']",horse
36572,4,"['cat', 'automobile', 'frog', 'airplane']",automobile
36573,0,"['horse', 'deer', 'frog', 'cat']",horse
36574,0,"['horse', 'deer', 'frog', 'cat']",horse
36575,4,"['cat', 'automobile', 'frog', 'airplane']",automobile
36576,6,"['automobile', 'horse', 'ship', 'airplane']",horse
36577,9,"['dog', 'frog', 'cat', 'airplane']",airplane
36578,1,"['bird', 'dog', 'frog', 'cat', 'airplane']",airplane
36579,8,"['horse', 'airplane', 'cat', 'frog']",horse
36580,7,"['automobile', 'cat', 'airplane', 'frog']",cat
36581,2,"['ship', 'cat', 'automobile', 'airplane']",cat
36582,6,"['automobile', 'horse', 'ship', 'airplane']",airplane
36583,2,"['ship', 'cat', 'automobile', 'airplane']",ship
36584,8,"['horse', 'airplane', 'cat', 'frog']",horse
36585,2,"['ship', 'cat', 'automobile', 'airplane']",cat
36586,6,"['automobile', 'horse', 'ship', 'airplane']",horse
36587,5,"['frog', 'ship', 'airplane', 'automobile']",ship
36588,3,"['frog', 'ship', 'automobile', 'airplane']",ship
36589,7,"['automobile', 'cat', 'airplane', 'frog']",airplane
36590,9,"['dog', 'frog', 'cat', 'airplane']",airplane
36591,1,"['bird', 'dog', 'frog', 'cat', 'airplane']",airplane
36592,7,"['automobile', 'cat', 'airplane', 'frog']",cat
36593,1,"['bird', 'dog', 'frog', 'cat', 'airplane']",airplane
36594,1,"['bird', 'dog', 'frog', 'cat', 'airplane']",airplane
36595,1,"['bird', 'dog', 'frog', 'cat', 'airplane']",airplane
36596,6,"['automobile', 'horse', 'ship', 'airplane']",airplane
36597,7,"['automobile', 'cat', 'airplane', 'frog']",cat
36598,2,"['ship', 'cat', 'automobile', 'airplane']",cat
36599,3,"['frog', 'ship', 'automobile', 'airplane']",ship
36600,4,"['cat', 'automobile', 'frog', 'airplane']",automobile
36601,3,"['frog', 'ship', 'automobile', 'airplane']",ship
36602,6,"['automobile', 'horse', 'ship', 'airplane']",ship
36603,5,"['frog', 'ship', 'airplane', 'automobile']",ship
36604,3,"['frog', 'ship', 'automobile', 'airplane']",frog
36605,3,"['frog', 'ship', 'automobile', 'airplane']",ship
36606,0,"['horse', 'deer', 'frog', 'cat']",horse
36607,6,"['automobile', 'horse', 'ship', 'airplane']",airplane
36608,7,"['automobile', 'cat', 'airplane', 'frog']",airplane
36609,3,"['frog', 'ship', 'automobile', 'airplane']",ship
36610,0,"['horse', 'deer', 'frog', 'cat']",horse
36611,1,"['bird', 'dog', 'frog', 'cat', 'airplane']",airplane
36612,7,"['automobile', 'cat', 'airplane', 'frog']",cat
36613,6,"['automobile', 'horse', 'ship', 'airplane']",airplane
36614,1,"['bird', 'dog', 'frog', 'cat', 'airplane']",airplane
36615,0,"['horse', 'deer', 'frog', 'cat']",horse
36616,2,"['ship', 'cat', 'automobile', 'airplane']",cat
36617,5,"['frog', 'ship', 'airplane', 'automobile']",ship
36618,1,"['bird', 'dog', 'frog', 'cat', 'airplane']",airplane
36619,7,"['automobile', 'cat', 'airplane', 'frog']",cat
36620,6,"['automobile', 'horse', 'ship', 'airplane']",automobile
36621,0,"['horse', 'deer', 'frog', 'cat']",horse
36622,2,"['ship', 'cat', 'automobile', 'airplane']",cat
36623,0,"['horse', 'deer', 'frog', 'cat']",horse
36624,3,"['frog', 'ship', 'automobile', 'airplane']",ship
36625,6,"['automobile', 'horse', 'ship', 'airplane']",automobile
36626,2,"['ship', 'cat', 'automobile', 'airplane']",cat
36627,0,"['horse', 'deer', 'frog', 'cat']",horse
36628,8,"['horse', 'airplane', 'cat', 'frog']",horse
36629,5,"['frog', 'ship', 'airplane', 'automobile']",ship
36630,4,"['cat', 'automobile', 'frog', 'airplane']",automobile
36631,4,"['cat', 'automobile', 'frog', 'airplane']",automobile
36632,0,"['horse', 'deer', 'frog', 'cat']",horse
36633,3,"['frog', 'ship', 'automobile', 'airplane']",ship
36634,0,"['horse', 'deer', 'frog', 'cat']",horse
36635,2,"['ship', 'cat', 'automobile', 'airplane']",automobile
36636,8,"['horse', 'airplane', 'cat', 'frog']",horse
36637,7,"['automobile', 'cat', 'airplane', 'frog']",airplane
36638,6,"['automobile', 'horse', 'ship', 'airplane']",airplane
36639,2,"['ship', 'cat', 'automobile', 'airplane']",automobile
36640,9,"['dog', 'frog', 'cat', 'airplane']",dog
36641,1,"['bird', 'dog', 'frog', 'cat', 'airplane']",airplane
36642,6,"['automobile', 'horse', 'ship', 'airplane']",airplane
36643,3,"['frog', 'ship', 'automobile', 'airplane']",ship
36644,8,"['horse', 'airplane', 'cat', 'frog']",horse
36645,6,"['automobile', 'horse', 'ship', 'airplane']",ship
36646,4,"['cat', 'automobile', 'frog', 'airplane']",automobile
36647,3,"['frog', 'ship', 'automobile', 'airplane']",ship
36648,1,"['bird', 'dog', 'frog', 'cat', 'airplane']",airplane
36649,9,"['dog', 'frog', 'cat', 'airplane']",airplane
36650,8,"['horse', 'airplane', 'cat', 'frog']",horse
36651,2,"['ship', 'cat', 'automobile', 'airplane']",automobile
36652,4,"['cat', 'automobile', 'frog', 'airplane']",automobile
36653,5,"['frog', 'ship', 'airplane', 'automobile']",ship
36654,7,"['automobile', 'cat', 'airplane', 'frog']",cat
36655,4,"['cat', 'automobile', 'frog', 'airplane']",automobile
36656,6,"['automobile', 'horse', 'ship', 'airplane']",automobile
36657,2,"['ship', 'cat', 'automobile', 'airplane']",cat
36658,2,"['ship', 'cat', 'automobile', 'airplane']",cat
36659,9,"['dog', 'frog', 'cat', 'airplane']",dog
36660,5,"['frog', 'ship', 'airplane', 'automobile']",ship
36661,6,"['automobile', 'horse', 'ship', 'airplane']",ship
36662,4,"['cat', 'automobile', 'frog', 'airplane']",automobile
36663,1,"['bird', 'dog', 'frog', 'cat', 'airplane']",airplane
36664,3,"['frog', 'ship', 'automobile', 'airplane']",ship
36665,4,"['cat', 'automobile', 'frog', 'airplane']",automobile
36666,6,"['automobile', 'horse', 'ship', 'airplane']",airplane
36667,4,"['cat', 'automobile', 'frog', 'airplane']",automobile
36668,9,"['dog', 'frog', 'cat', 'airplane']",airplane
36669,5,"['frog', 'ship', 'airplane', 'automobile']",ship
36670,8,"['horse', 'airplane', 'cat', 'frog']",horse
36671,4,"['cat', 'automobile', 'frog', 'airplane']",automobile
36672,1,"['bird', 'dog', 'frog', 'cat', 'airplane']",airplane
36673,5,"['frog', 'ship', 'airplane', 'automobile']",ship
36674,9,"['dog', 'frog', 'cat', 'airplane']",dog
36675,2,"['ship', 'cat', 'automobile', 'airplane']",cat
36676,3,"['frog', 'ship', 'automobile', 'airplane']",ship
36677,7,"['automobile', 'cat', 'airplane', 'frog']",cat
36678,8,"['horse', 'airplane', 'cat', 'frog']",horse
36679,1,"['bird', 'dog', 'frog', 'cat', 'airplane']",airplane
36680,7,"['automobile', 'cat', 'airplane', 'frog']",airplane
36681,2,"['ship', 'cat', 'automobile', 'airplane']",ship
36682,2,"['ship', 'cat', 'automobile', 'airplane']",cat
36683,9,"['dog', 'frog', 'cat', 'airplane']",airplane
36684,9,"['dog', 'frog', 'cat', 'airplane']",airplane
36685,3,"['frog', 'ship', 'automobile', 'airplane']",ship
36686,1,"['bird', 'dog', 'frog', 'cat', 'airplane']",airplane
36687,6,"['automobile', 'horse', 'ship', 'airplane']",automobile
36688,6,"['automobile', 'horse', 'ship', 'airplane']",airplane
36689,6,"['automobile', 'horse', 'ship', 'airplane']",airplane
36690,4,"['cat', 'automobile', 'frog', 'airplane']",automobile
36691,7,"['automobile', 'cat', 'airplane', 'frog']",airplane
36692,5,"['frog', 'ship', 'airplane', 'automobile']",ship
36693,0,"['horse', 'deer', 'frog', 'cat']",horse
36694,4,"['cat', 'automobile', 'frog', 'airplane']",airplane
36695,9,"['dog', 'frog', 'cat', 'airplane']",airplane
36696,6,"['automobile', 'horse', 'ship', 'airplane']",airplane
36697,9,"['dog', 'frog', 'cat', 'airplane']",airplane
36698,0,"['horse', 'deer', 'frog', 'cat']",horse
36699,2,"['ship', 'cat', 'automobile', 'airplane']",cat
36700,2,"['ship', 'cat', 'automobile', 'airplane']",cat
36701,4,"['cat', 'automobile', 'frog', 'airplane']",automobile
36702,6,"['automobile', 'horse', 'ship', 'airplane']",airplane
36703,1,"['bird', 'dog', 'frog', 'cat', 'airplane']",airplane
36704,6,"['automobile', 'horse', 'ship', 'airplane']",horse
36705,9,"['dog', 'frog', 'cat', 'airplane']",airplane
36706,0,"['horse', 'deer', 'frog', 'cat']",horse
36707,3,"['frog', 'ship', 'automobile', 'airplane']",ship
36708,8,"['horse', 'airplane', 'cat', 'frog']",horse
36709,3,"['frog', 'ship', 'automobile', 'airplane']",ship
36710,2,"['ship', 'cat', 'automobile', 'airplane']",ship
36711,4,"['cat', 'automobile', 'frog', 'airplane']",automobile
36712,6,"['automobile', 'horse', 'ship', 'airplane']",airplane
36713,9,"['dog', 'frog', 'cat', 'airplane']",dog
36714,3,"['frog', 'ship', 'automobile', 'airplane']",ship
36715,1,"['bird', 'dog', 'frog', 'cat', 'airplane']",airplane
36716,6,"['automobile', 'horse', 'ship', 'airplane']",airplane
36717,9,"['dog', 'frog', 'cat', 'airplane']",dog
36718,7,"['automobile', 'cat', 'airplane', 'frog']",airplane
36719,9,"['dog', 'frog', 'cat', 'airplane']",dog
36720,6,"['automobile', 'horse', 'ship', 'airplane']",airplane
36721,1,"['bird', 'dog', 'frog', 'cat', 'airplane']",airplane
36722,8,"['horse', 'airplane', 'cat', 'frog']",horse
36723,0,"['horse', 'deer', 'frog', 'cat']",horse
36724,6,"['automobile', 'horse', 'ship', 'airplane']",airplane
36725,3,"['frog', 'ship', 'automobile', 'airplane']",ship
36726,2,"['ship', 'cat', 'automobile', 'airplane']",automobile
36727,2,"['ship', 'cat', 'automobile', 'airplane']",cat
36728,3,"['frog', 'ship', 'automobile', 'airplane']",ship
36729,7,"['automobile', 'cat', 'airplane', 'frog']",cat
36730,7,"['automobile', 'cat', 'airplane', 'frog']",airplane
36731,4,"['cat', 'automobile', 'frog', 'airplane']",automobile
36732,1,"['bird', 'dog', 'frog', 'cat', 'airplane']",airplane
36733,8,"['horse', 'airplane', 'cat', 'frog']",horse
36734,9,"['dog', 'frog', 'cat', 'airplane']",dog
36735,8,"['horse', 'airplane', 'cat', 'frog']",horse
36736,1,"['bird', 'dog', 'frog', 'cat', 'airplane']",airplane
36737,0,"['horse', 'deer', 'frog', 'cat']",horse
36738,3,"['frog', 'ship', 'automobile', 'airplane']",ship
36739,8,"['horse', 'airplane', 'cat', 'frog']",horse
36740,4,"['cat', 'automobile', 'frog', 'airplane']",automobile
36741,9,"['dog', 'frog', 'cat', 'airplane']",airplane
36742,8,"['horse', 'airplane', 'cat', 'frog']",horse
36743,3,"['frog', 'ship', 'automobile', 'airplane']",ship
36744,8,"['horse', 'airplane', 'cat', 'frog']",horse
36745,3,"['frog', 'ship', 'automobile', 'airplane']",ship
36746,8,"['horse', 'airplane', 'cat', 'frog']",horse
36747,8,"['horse', 'airplane', 'cat', 'frog']",horse
36748,9,"['dog', 'frog', 'cat', 'airplane']",dog
36749,6,"['automobile', 'horse', 'ship', 'airplane']",horse
36750,0,"['horse', 'deer', 'frog', 'cat']",horse
36751,1,"['bird', 'dog', 'frog', 'cat', 'airplane']",airplane
36752,2,"['ship', 'cat', 'automobile', 'airplane']",cat
36753,9,"['dog', 'frog', 'cat', 'airplane']",airplane
36754,9,"['dog', 'frog', 'cat', 'airplane']",airplane
36755,4,"['cat', 'automobile', 'frog', 'airplane']",automobile
36756,2,"['ship', 'cat', 'automobile', 'airplane']",cat
36757,5,"['frog', 'ship', 'airplane', 'automobile']",ship
36758,8,"['horse', 'airplane', 'cat', 'frog']",horse
36759,2,"['ship', 'cat', 'automobile', 'airplane']",automobile
36760,8,"['horse', 'airplane', 'cat', 'frog']",horse
36761,3,"['frog', 'ship', 'automobile', 'airplane']",ship
36762,3,"['frog', 'ship', 'automobile', 'airplane']",ship
36763,0,"['horse', 'deer', 'frog', 'cat']",horse
36764,4,"['cat', 'automobile', 'frog', 'airplane']",automobile
36765,8,"['horse', 'airplane', 'cat', 'frog']",horse
36766,8,"['horse', 'airplane', 'cat', 'frog']",horse
36767,3,"['frog', 'ship', 'automobile', 'airplane']",ship
36768,6,"['automobile', 'horse', 'ship', 'airplane']",airplane
36769,5,"['frog', 'ship', 'airplane', 'automobile']",ship
36770,8,"['horse', 'airplane', 'cat', 'frog']",horse
36771,0,"['horse', 'deer', 'frog', 'cat']",horse
36772,3,"['frog', 'ship', 'automobile', 'airplane']",ship
36773,7,"['automobile', 'cat', 'airplane', 'frog']",cat
36774,1,"['bird', 'dog', 'frog', 'cat', 'airplane']",airplane
36775,7,"['automobile', 'cat', 'airplane', 'frog']",cat
36776,7,"['automobile', 'cat', 'airplane', 'frog']",cat
36777,4,"['cat', 'automobile', 'frog', 'airplane']",airplane
36778,2,"['ship', 'cat', 'automobile', 'airplane']",cat
36779,3,"['frog', 'ship', 'automobile', 'airplane']",ship
36780,8,"['horse', 'airplane', 'cat', 'frog']",horse
36781,3,"['frog', 'ship', 'automobile', 'airplane']",ship
36782,5,"['frog', 'ship', 'airplane', 'automobile']",ship
36783,8,"['horse', 'airplane', 'cat', 'frog']",horse
36784,7,"['automobile', 'cat', 'airplane', 'frog']",cat
36785,2,"['ship', 'cat', 'automobile', 'airplane']",cat
36786,0,"['horse', 'deer', 'frog', 'cat']",horse
36787,9,"['dog', 'frog', 'cat', 'airplane']",airplane
36788,6,"['automobile', 'horse', 'ship', 'airplane']",airplane
36789,0,"['horse', 'deer', 'frog', 'cat']",horse
36790,6,"['automobile', 'horse', 'ship', 'airplane']",horse
36791,1,"['bird', 'dog', 'frog', 'cat', 'airplane']",airplane
36792,8,"['horse', 'airplane', 'cat', 'frog']",airplane
36793,4,"['cat', 'automobile', 'frog', 'airplane']",automobile
36794,9,"['dog', 'frog', 'cat', 'airplane']",dog
36795,3,"['frog', 'ship', 'automobile', 'airplane']",ship
36796,5,"['frog', 'ship', 'airplane', 'automobile']",ship
36797,9,"['dog', 'frog', 'cat', 'airplane']",dog
36798,8,"['horse', 'airplane', 'cat', 'frog']",horse
36799,8,"['horse', 'airplane', 'cat', 'frog']",horse
36800,3,"['frog', 'ship', 'automobile', 'airplane']",ship
36801,2,"['ship', 'cat', 'automobile', 'airplane']",automobile
36802,8,"['horse', 'airplane', 'cat', 'frog']",horse
36803,8,"['horse', 'airplane', 'cat', 'frog']",horse
36804,8,"['horse', 'airplane', 'cat', 'frog']",horse
36805,7,"['automobile', 'cat', 'airplane', 'frog']",airplane
36806,7,"['automobile', 'cat', 'airplane', 'frog']",airplane
36807,9,"['dog', 'frog', 'cat', 'airplane']",dog
36808,6,"['automobile', 'horse', 'ship', 'airplane']",ship
36809,3,"['frog', 'ship', 'automobile', 'airplane']",ship
36810,5,"['frog', 'ship', 'airplane', 'automobile']",ship
36811,7,"['automobile', 'cat', 'airplane', 'frog']",cat
36812,3,"['frog', 'ship', 'automobile', 'airplane']",ship
36813,1,"['bird', 'dog', 'frog', 'cat', 'airplane']",airplane
36814,5,"['frog', 'ship', 'airplane', 'automobile']",ship
36815,7,"['automobile', 'cat', 'airplane', 'frog']",airplane
36816,6,"['automobile', 'horse', 'ship', 'airplane']",airplane
36817,4,"['cat', 'automobile', 'frog', 'airplane']",automobile
36818,9,"['dog', 'frog', 'cat', 'airplane']",airplane
36819,0,"['horse', 'deer', 'frog', 'cat']",horse
36820,7,"['automobile', 'cat', 'airplane', 'frog']",airplane
36821,6,"['automobile', 'horse', 'ship', 'airplane']",automobile
36822,3,"['frog', 'ship', 'automobile', 'airplane']",ship
36823,6,"['automobile', 'horse', 'ship', 'airplane']",airplane
36824,7,"['automobile', 'cat', 'airplane', 'frog']",cat
36825,2,"['ship', 'cat', 'automobile', 'airplane']",automobile
36826,6,"['automobile', 'horse', 'ship', 'airplane']",airplane
36827,9,"['dog', 'frog', 'cat', 'airplane']",airplane
36828,3,"['frog', 'ship', 'automobile', 'airplane']",ship
36829,7,"['automobile', 'cat', 'airplane', 'frog']",frog
36830,5,"['frog', 'ship', 'airplane', 'automobile']",ship
36831,7,"['automobile', 'cat', 'airplane', 'frog']",cat
36832,2,"['ship', 'cat', 'automobile', 'airplane']",ship
36833,7,"['automobile', 'cat', 'airplane', 'frog']",cat
36834,9,"['dog', 'frog', 'cat', 'airplane']",airplane
36835,2,"['ship', 'cat', 'automobile', 'airplane']",automobile
36836,0,"['horse', 'deer', 'frog', 'cat']",horse
36837,9,"['dog', 'frog', 'cat', 'airplane']",airplane
36838,1,"['bird', 'dog', 'frog', 'cat', 'airplane']",airplane
36839,7,"['automobile', 'cat', 'airplane', 'frog']",cat
36840,5,"['frog', 'ship', 'airplane', 'automobile']",ship
36841,6,"['automobile', 'horse', 'ship', 'airplane']",ship
36842,6,"['automobile', 'horse', 'ship', 'airplane']",airplane
36843,4,"['cat', 'automobile', 'frog', 'airplane']",automobile
36844,1,"['bird', 'dog', 'frog', 'cat', 'airplane']",airplane
36845,2,"['ship', 'cat', 'automobile', 'airplane']",ship
36846,9,"['dog', 'frog', 'cat', 'airplane']",airplane
36847,6,"['automobile', 'horse', 'ship', 'airplane']",airplane
36848,1,"['bird', 'dog', 'frog', 'cat', 'airplane']",airplane
36849,2,"['ship', 'cat', 'automobile', 'airplane']",ship
36850,1,"['bird', 'dog', 'frog', 'cat', 'airplane']",airplane
36851,5,"['frog', 'ship', 'airplane', 'automobile']",ship
36852,3,"['frog', 'ship', 'automobile', 'airplane']",ship
36853,1,"['bird', 'dog', 'frog', 'cat', 'airplane']",airplane
36854,5,"['frog', 'ship', 'airplane', 'automobile']",ship
36855,4,"['cat', 'automobile', 'frog', 'airplane']",automobile
36856,8,"['horse', 'airplane', 'cat', 'frog']",horse
36857,5,"['frog', 'ship', 'airplane', 'automobile']",ship
36858,0,"['horse', 'deer', 'frog', 'cat']",horse
36859,9,"['dog', 'frog', 'cat', 'airplane']",airplane
36860,2,"['ship', 'cat', 'automobile', 'airplane']",cat
36861,6,"['automobile', 'horse', 'ship', 'airplane']",ship
36862,0,"['horse', 'deer', 'frog', 'cat']",horse
36863,2,"['ship', 'cat', 'automobile', 'airplane']",cat
36864,8,"['horse', 'airplane', 'cat', 'frog']",horse
36865,9,"['dog', 'frog', 'cat', 'airplane']",dog
36866,9,"['dog', 'frog', 'cat', 'airplane']",airplane
36867,4,"['cat', 'automobile', 'frog', 'airplane']",automobile
36868,1,"['bird', 'dog', 'frog', 'cat', 'airplane']",airplane
36869,5,"['frog', 'ship', 'airplane', 'automobile']",ship
36870,3,"['frog', 'ship', 'automobile', 'airplane']",ship
36871,5,"['frog', 'ship', 'airplane', 'automobile']",ship
36872,1,"['bird', 'dog', 'frog', 'cat', 'airplane']",airplane
36873,4,"['cat', 'automobile', 'frog', 'airplane']",automobile
36874,8,"['horse', 'airplane', 'cat', 'frog']",horse
36875,9,"['dog', 'frog', 'cat', 'airplane']",airplane
36876,8,"['horse', 'airplane', 'cat', 'frog']",horse
36877,6,"['automobile', 'horse', 'ship', 'airplane']",airplane
36878,9,"['dog', 'frog', 'cat', 'airplane']",airplane
36879,1,"['bird', 'dog', 'frog', 'cat', 'airplane']",airplane
36880,6,"['automobile', 'horse', 'ship', 'airplane']",airplane
36881,6,"['automobile', 'horse', 'ship', 'airplane']",airplane
36882,8,"['horse', 'airplane', 'cat', 'frog']",horse
36883,2,"['ship', 'cat', 'automobile', 'airplane']",cat
36884,4,"['cat', 'automobile', 'frog', 'airplane']",automobile
36885,2,"['ship', 'cat', 'automobile', 'airplane']",cat
36886,0,"['horse', 'deer', 'frog', 'cat']",horse
36887,9,"['dog', 'frog', 'cat', 'airplane']",dog
36888,9,"['dog', 'frog', 'cat', 'airplane']",dog
36889,0,"['horse', 'deer', 'frog', 'cat']",horse
36890,3,"['frog', 'ship', 'automobile', 'airplane']",ship
36891,1,"['bird', 'dog', 'frog', 'cat', 'airplane']",airplane
36892,8,"['horse', 'airplane', 'cat', 'frog']",horse
36893,8,"['horse', 'airplane', 'cat', 'frog']",horse
36894,3,"['frog', 'ship', 'automobile', 'airplane']",ship
36895,7,"['automobile', 'cat', 'airplane', 'frog']",airplane
36896,4,"['cat', 'automobile', 'frog', 'airplane']",automobile
36897,7,"['automobile', 'cat', 'airplane', 'frog']",cat
36898,9,"['dog', 'frog', 'cat', 'airplane']",airplane
36899,5,"['frog', 'ship', 'airplane', 'automobile']",ship
36900,3,"['frog', 'ship', 'automobile', 'airplane']",ship
36901,0,"['horse', 'deer', 'frog', 'cat']",cat
36902,8,"['horse', 'airplane', 'cat', 'frog']",horse
36903,6,"['automobile', 'horse', 'ship', 'airplane']",airplane
36904,7,"['automobile', 'cat', 'airplane', 'frog']",airplane
36905,1,"['bird', 'dog', 'frog', 'cat', 'airplane']",airplane
36906,6,"['automobile', 'horse', 'ship', 'airplane']",airplane
36907,1,"['bird', 'dog', 'frog', 'cat', 'airplane']",airplane
36908,6,"['automobile', 'horse', 'ship', 'airplane']",ship
36909,0,"['horse', 'deer', 'frog', 'cat']",horse
36910,9,"['dog', 'frog', 'cat', 'airplane']",airplane
36911,8,"['horse', 'airplane', 'cat', 'frog']",horse
36912,5,"['frog', 'ship', 'airplane', 'automobile']",ship
36913,6,"['automobile', 'horse', 'ship', 'airplane']",airplane
36914,4,"['cat', 'automobile', 'frog', 'airplane']",automobile
36915,4,"['cat', 'automobile', 'frog', 'airplane']",automobile
36916,4,"['cat', 'automobile', 'frog', 'airplane']",automobile
36917,3,"['frog', 'ship', 'automobile', 'airplane']",ship
36918,9,"['dog', 'frog', 'cat', 'airplane']",airplane
36919,2,"['ship', 'cat', 'automobile', 'airplane']",cat
36920,2,"['ship', 'cat', 'automobile', 'airplane']",cat
36921,2,"['ship', 'cat', 'automobile', 'airplane']",cat
36922,6,"['automobile', 'horse', 'ship', 'airplane']",airplane
36923,4,"['cat', 'automobile', 'frog', 'airplane']",frog
36924,0,"['horse', 'deer', 'frog', 'cat']",horse
36925,0,"['horse', 'deer', 'frog', 'cat']",horse
36926,3,"['frog', 'ship', 'automobile', 'airplane']",ship
36927,0,"['horse', 'deer', 'frog', 'cat']",horse
36928,9,"['dog', 'frog', 'cat', 'airplane']",airplane
36929,1,"['bird', 'dog', 'frog', 'cat', 'airplane']",airplane
36930,3,"['frog', 'ship', 'automobile', 'airplane']",ship
36931,8,"['horse', 'airplane', 'cat', 'frog']",horse
36932,7,"['automobile', 'cat', 'airplane', 'frog']",cat
36933,8,"['horse', 'airplane', 'cat', 'frog']",horse
36934,4,"['cat', 'automobile', 'frog', 'airplane']",automobile
36935,1,"['bird', 'dog', 'frog', 'cat', 'airplane']",airplane
36936,7,"['automobile', 'cat', 'airplane', 'frog']",airplane
36937,4,"['cat', 'automobile', 'frog', 'airplane']",automobile
36938,1,"['bird', 'dog', 'frog', 'cat', 'airplane']",airplane
36939,8,"['horse', 'airplane', 'cat', 'frog']",horse
36940,8,"['horse', 'airplane', 'cat', 'frog']",horse
36941,1,"['bird', 'dog', 'frog', 'cat', 'airplane']",airplane
36942,8,"['horse', 'airplane', 'cat', 'frog']",horse
36943,6,"['automobile', 'horse', 'ship', 'airplane']",airplane
36944,5,"['frog', 'ship', 'airplane', 'automobile']",ship
36945,4,"['cat', 'automobile', 'frog', 'airplane']",automobile
36946,3,"['frog', 'ship', 'automobile', 'airplane']",ship
36947,6,"['automobile', 'horse', 'ship', 'airplane']",airplane
36948,3,"['frog', 'ship', 'automobile', 'airplane']",ship
36949,8,"['horse', 'airplane', 'cat', 'frog']",horse
36950,1,"['bird', 'dog', 'frog', 'cat', 'airplane']",airplane
36951,3,"['frog', 'ship', 'automobile', 'airplane']",ship
36952,5,"['frog', 'ship', 'airplane', 'automobile']",ship
36953,8,"['horse', 'airplane', 'cat', 'frog']",horse
36954,5,"['frog', 'ship', 'airplane', 'automobile']",ship
36955,0,"['horse', 'deer', 'frog', 'cat']",horse
36956,5,"['frog', 'ship', 'airplane', 'automobile']",ship
36957,7,"['automobile', 'cat', 'airplane', 'frog']",cat
36958,5,"['frog', 'ship', 'airplane', 'automobile']",ship
36959,7,"['automobile', 'cat', 'airplane', 'frog']",airplane
36960,4,"['cat', 'automobile', 'frog', 'airplane']",airplane
36961,3,"['frog', 'ship', 'automobile', 'airplane']",ship
36962,5,"['frog', 'ship', 'airplane', 'automobile']",ship
36963,7,"['automobile', 'cat', 'airplane', 'frog']",cat
36964,5,"['frog', 'ship', 'airplane', 'automobile']",ship
36965,4,"['cat', 'automobile', 'frog', 'airplane']",automobile
36966,8,"['horse', 'airplane', 'cat', 'frog']",horse
36967,9,"['dog', 'frog', 'cat', 'airplane']",airplane
36968,4,"['cat', 'automobile', 'frog', 'airplane']",automobile
36969,3,"['frog', 'ship', 'automobile', 'airplane']",ship
36970,3,"['frog', 'ship', 'automobile', 'airplane']",ship
36971,7,"['automobile', 'cat', 'airplane', 'frog']",cat
36972,2,"['ship', 'cat', 'automobile', 'airplane']",cat
36973,3,"['frog', 'ship', 'automobile', 'airplane']",ship
36974,8,"['horse', 'airplane', 'cat', 'frog']",cat
36975,1,"['bird', 'dog', 'frog', 'cat', 'airplane']",airplane
36976,4,"['cat', 'automobile', 'frog', 'airplane']",automobile
36977,7,"['automobile', 'cat', 'airplane', 'frog']",frog
36978,9,"['dog', 'frog', 'cat', 'airplane']",airplane
36979,3,"['frog', 'ship', 'automobile', 'airplane']",ship
36980,3,"['frog', 'ship', 'automobile', 'airplane']",ship
36981,0,"['horse', 'deer', 'frog', 'cat']",horse
36982,4,"['cat', 'automobile', 'frog', 'airplane']",automobile
36983,9,"['dog', 'frog', 'cat', 'airplane']",dog
36984,6,"['automobile', 'horse', 'ship', 'airplane']",airplane
36985,8,"['horse', 'airplane', 'cat', 'frog']",horse
36986,6,"['automobile', 'horse', 'ship', 'airplane']",ship
36987,7,"['automobile', 'cat', 'airplane', 'frog']",cat
36988,5,"['frog', 'ship', 'airplane', 'automobile']",ship
36989,4,"['cat', 'automobile', 'frog', 'airplane']",automobile
36990,3,"['frog', 'ship', 'automobile', 'airplane']",ship
36991,1,"['bird', 'dog', 'frog', 'cat', 'airplane']",airplane
36992,4,"['cat', 'automobile', 'frog', 'airplane']",automobile
36993,0,"['horse', 'deer', 'frog', 'cat']",horse
36994,2,"['ship', 'cat', 'automobile', 'airplane']",cat
36995,6,"['automobile', 'horse', 'ship', 'airplane']",ship
36996,4,"['cat', 'automobile', 'frog', 'airplane']",automobile
36997,5,"['frog', 'ship', 'airplane', 'automobile']",ship
36998,6,"['automobile', 'horse', 'ship', 'airplane']",automobile
36999,7,"['automobile', 'cat', 'airplane', 'frog']",cat
37000,7,"['automobile', 'cat', 'airplane', 'frog']",frog
37001,7,"['automobile', 'cat', 'airplane', 'frog']",cat
37002,8,"['horse', 'airplane', 'cat', 'frog']",horse
37003,5,"['frog', 'ship', 'airplane', 'automobile']",ship
37004,4,"['cat', 'automobile', 'frog', 'airplane']",automobile
37005,3,"['frog', 'ship', 'automobile', 'airplane']",ship
37006,5,"['frog', 'ship', 'airplane', 'automobile']",ship
37007,1,"['bird', 'dog', 'frog', 'cat', 'airplane']",airplane
37008,2,"['ship', 'cat', 'automobile', 'airplane']",cat
37009,2,"['ship', 'cat', 'automobile', 'airplane']",automobile
37010,7,"['automobile', 'cat', 'airplane', 'frog']",airplane
37011,5,"['frog', 'ship', 'airplane', 'automobile']",ship
37012,1,"['bird', 'dog', 'frog', 'cat', 'airplane']",airplane
37013,6,"['automobile', 'horse', 'ship', 'airplane']",airplane
37014,9,"['dog', 'frog', 'cat', 'airplane']",airplane
37015,2,"['ship', 'cat', 'automobile', 'airplane']",cat
37016,7,"['automobile', 'cat', 'airplane', 'frog']",airplane
37017,9,"['dog', 'frog', 'cat', 'airplane']",airplane
37018,4,"['cat', 'automobile', 'frog', 'airplane']",automobile
37019,7,"['automobile', 'cat', 'airplane', 'frog']",cat
37020,9,"['dog', 'frog', 'cat', 'airplane']",airplane
37021,6,"['automobile', 'horse', 'ship', 'airplane']",ship
37022,0,"['horse', 'deer', 'frog', 'cat']",horse
37023,8,"['horse', 'airplane', 'cat', 'frog']",horse
37024,1,"['bird', 'dog', 'frog', 'cat', 'airplane']",airplane
37025,4,"['cat', 'automobile', 'frog', 'airplane']",automobile
37026,2,"['ship', 'cat', 'automobile', 'airplane']",automobile
37027,1,"['bird', 'dog', 'frog', 'cat', 'airplane']",airplane
37028,4,"['cat', 'automobile', 'frog', 'airplane']",automobile
37029,8,"['horse', 'airplane', 'cat', 'frog']",horse
37030,1,"['bird', 'dog', 'frog', 'cat', 'airplane']",airplane
37031,9,"['dog', 'frog', 'cat', 'airplane']",airplane
37032,0,"['horse', 'deer', 'frog', 'cat']",horse
37033,6,"['automobile', 'horse', 'ship', 'airplane']",ship
37034,0,"['horse', 'deer', 'frog', 'cat']",horse
37035,0,"['horse', 'deer', 'frog', 'cat']",horse
37036,8,"['horse', 'airplane', 'cat', 'frog']",horse
37037,7,"['automobile', 'cat', 'airplane', 'frog']",cat
37038,3,"['frog', 'ship', 'automobile', 'airplane']",ship
37039,0,"['horse', 'deer', 'frog', 'cat']",horse
37040,9,"['dog', 'frog', 'cat', 'airplane']",airplane
37041,0,"['horse', 'deer', 'frog', 'cat']",horse
37042,8,"['horse', 'airplane', 'cat', 'frog']",horse
37043,1,"['bird', 'dog', 'frog', 'cat', 'airplane']",airplane
37044,8,"['horse', 'airplane', 'cat', 'frog']",horse
37045,6,"['automobile', 'horse', 'ship', 'airplane']",airplane
37046,5,"['frog', 'ship', 'airplane', 'automobile']",ship
37047,1,"['bird', 'dog', 'frog', 'cat', 'airplane']",airplane
37048,6,"['automobile', 'horse', 'ship', 'airplane']",automobile
37049,0,"['horse', 'deer', 'frog', 'cat']",horse
37050,9,"['dog', 'frog', 'cat', 'airplane']",airplane
37051,8,"['horse', 'airplane', 'cat', 'frog']",horse
37052,8,"['horse', 'airplane', 'cat', 'frog']",horse
37053,4,"['cat', 'automobile', 'frog', 'airplane']",automobile
37054,2,"['ship', 'cat', 'automobile', 'airplane']",cat
37055,7,"['automobile', 'cat', 'airplane', 'frog']",airplane
37056,5,"['frog', 'ship', 'airplane', 'automobile']",ship
37057,3,"['frog', 'ship', 'automobile', 'airplane']",ship
37058,9,"['dog', 'frog', 'cat', 'airplane']",airplane
37059,5,"['frog', 'ship', 'airplane', 'automobile']",ship
37060,8,"['horse', 'airplane', 'cat', 'frog']",horse
37061,0,"['horse', 'deer', 'frog', 'cat']",horse
37062,0,"['horse', 'deer', 'frog', 'cat']",horse
37063,0,"['horse', 'deer', 'frog', 'cat']",horse
37064,8,"['horse', 'airplane', 'cat', 'frog']",horse
37065,0,"['horse', 'deer', 'frog', 'cat']",horse
37066,0,"['horse', 'deer', 'frog', 'cat']",horse
37067,9,"['dog', 'frog', 'cat', 'airplane']",airplane
37068,0,"['horse', 'deer', 'frog', 'cat']",horse
37069,4,"['cat', 'automobile', 'frog', 'airplane']",automobile
37070,9,"['dog', 'frog', 'cat', 'airplane']",airplane
37071,9,"['dog', 'frog', 'cat', 'airplane']",airplane
37072,8,"['horse', 'airplane', 'cat', 'frog']",horse
37073,4,"['cat', 'automobile', 'frog', 'airplane']",automobile
37074,9,"['dog', 'frog', 'cat', 'airplane']",dog
37075,4,"['cat', 'automobile', 'frog', 'airplane']",automobile
37076,2,"['ship', 'cat', 'automobile', 'airplane']",cat
37077,6,"['automobile', 'horse', 'ship', 'airplane']",automobile
37078,0,"['horse', 'deer', 'frog', 'cat']",horse
37079,0,"['horse', 'deer', 'frog', 'cat']",horse
37080,3,"['frog', 'ship', 'automobile', 'airplane']",ship
37081,1,"['bird', 'dog', 'frog', 'cat', 'airplane']",airplane
37082,7,"['automobile', 'cat', 'airplane', 'frog']",cat
37083,0,"['horse', 'deer', 'frog', 'cat']",horse
37084,6,"['automobile', 'horse', 'ship', 'airplane']",airplane
37085,5,"['frog', 'ship', 'airplane', 'automobile']",ship
37086,5,"['frog', 'ship', 'airplane', 'automobile']",ship
37087,0,"['horse', 'deer', 'frog', 'cat']",horse
37088,9,"['dog', 'frog', 'cat', 'airplane']",airplane
37089,4,"['cat', 'automobile', 'frog', 'airplane']",airplane
37090,9,"['dog', 'frog', 'cat', 'airplane']",airplane
37091,3,"['frog', 'ship', 'automobile', 'airplane']",ship
37092,1,"['bird', 'dog', 'frog', 'cat', 'airplane']",airplane
37093,4,"['cat', 'automobile', 'frog', 'airplane']",automobile
37094,9,"['dog', 'frog', 'cat', 'airplane']",dog
37095,3,"['frog', 'ship', 'automobile', 'airplane']",ship
37096,5,"['frog', 'ship', 'airplane', 'automobile']",ship
37097,6,"['automobile', 'horse', 'ship', 'airplane']",airplane
37098,1,"['bird', 'dog', 'frog', 'cat', 'airplane']",airplane
37099,5,"['frog', 'ship', 'airplane', 'automobile']",ship
37100,7,"['automobile', 'cat', 'airplane', 'frog']",cat
37101,5,"['frog', 'ship', 'airplane', 'automobile']",ship
37102,0,"['horse', 'deer', 'frog', 'cat']",horse
37103,0,"['horse', 'deer', 'frog', 'cat']",horse
37104,8,"['horse', 'airplane', 'cat', 'frog']",horse
37105,3,"['frog', 'ship', 'automobile', 'airplane']",ship
37106,6,"['automobile', 'horse', 'ship', 'airplane']",airplane
37107,6,"['automobile', 'horse', 'ship', 'airplane']",airplane
37108,5,"['frog', 'ship', 'airplane', 'automobile']",ship
37109,3,"['frog', 'ship', 'automobile', 'airplane']",ship
37110,3,"['frog', 'ship', 'automobile', 'airplane']",ship
37111,2,"['ship', 'cat', 'automobile', 'airplane']",automobile
37112,9,"['dog', 'frog', 'cat', 'airplane']",airplane
37113,6,"['automobile', 'horse', 'ship', 'airplane']",airplane
37114,5,"['frog', 'ship', 'airplane', 'automobile']",ship
37115,9,"['dog', 'frog', 'cat', 'airplane']",airplane
37116,4,"['cat', 'automobile', 'frog', 'airplane']",automobile
37117,3,"['frog', 'ship', 'automobile', 'airplane']",ship
37118,7,"['automobile', 'cat', 'airplane', 'frog']",cat
37119,6,"['automobile', 'horse', 'ship', 'airplane']",airplane
37120,3,"['frog', 'ship', 'automobile', 'airplane']",ship
37121,2,"['ship', 'cat', 'automobile', 'airplane']",automobile
37122,7,"['automobile', 'cat', 'airplane', 'frog']",cat
37123,4,"['cat', 'automobile', 'frog', 'airplane']",automobile
37124,4,"['cat', 'automobile', 'frog', 'airplane']",automobile
37125,5,"['frog', 'ship', 'airplane', 'automobile']",ship
37126,9,"['dog', 'frog', 'cat', 'airplane']",airplane
37127,2,"['ship', 'cat', 'automobile', 'airplane']",cat
37128,2,"['ship', 'cat', 'automobile', 'airplane']",ship
37129,2,"['ship', 'cat', 'automobile', 'airplane']",automobile
37130,0,"['horse', 'deer', 'frog', 'cat']",horse
37131,7,"['automobile', 'cat', 'airplane', 'frog']",cat
37132,9,"['dog', 'frog', 'cat', 'airplane']",dog
37133,3,"['frog', 'ship', 'automobile', 'airplane']",ship
37134,6,"['automobile', 'horse', 'ship', 'airplane']",airplane
37135,3,"['frog', 'ship', 'automobile', 'airplane']",ship
37136,1,"['bird', 'dog', 'frog', 'cat', 'airplane']",airplane
37137,2,"['ship', 'cat', 'automobile', 'airplane']",cat
37138,9,"['dog', 'frog', 'cat', 'airplane']",dog
37139,9,"['dog', 'frog', 'cat', 'airplane']",airplane
37140,6,"['automobile', 'horse', 'ship', 'airplane']",automobile
37141,9,"['dog', 'frog', 'cat', 'airplane']",airplane
37142,7,"['automobile', 'cat', 'airplane', 'frog']",airplane
37143,2,"['ship', 'cat', 'automobile', 'airplane']",cat
37144,8,"['horse', 'airplane', 'cat', 'frog']",horse
37145,1,"['bird', 'dog', 'frog', 'cat', 'airplane']",airplane
37146,0,"['horse', 'deer', 'frog', 'cat']",horse
37147,8,"['horse', 'airplane', 'cat', 'frog']",horse
37148,8,"['horse', 'airplane', 'cat', 'frog']",horse
37149,6,"['automobile', 'horse', 'ship', 'airplane']",airplane
37150,7,"['automobile', 'cat', 'airplane', 'frog']",airplane
37151,5,"['frog', 'ship', 'airplane', 'automobile']",ship
37152,5,"['frog', 'ship', 'airplane', 'automobile']",ship
37153,1,"['bird', 'dog', 'frog', 'cat', 'airplane']",airplane
37154,4,"['cat', 'automobile', 'frog', 'airplane']",automobile
37155,9,"['dog', 'frog', 'cat', 'airplane']",airplane
37156,3,"['frog', 'ship', 'automobile', 'airplane']",ship
37157,9,"['dog', 'frog', 'cat', 'airplane']",airplane
37158,7,"['automobile', 'cat', 'airplane', 'frog']",cat
37159,7,"['automobile', 'cat', 'airplane', 'frog']",airplane
37160,0,"['horse', 'deer', 'frog', 'cat']",horse
37161,3,"['frog', 'ship', 'automobile', 'airplane']",ship
37162,3,"['frog', 'ship', 'automobile', 'airplane']",ship
37163,3,"['frog', 'ship', 'automobile', 'airplane']",ship
37164,2,"['ship', 'cat', 'automobile', 'airplane']",cat
37165,0,"['horse', 'deer', 'frog', 'cat']",horse
37166,2,"['ship', 'cat', 'automobile', 'airplane']",cat
37167,3,"['frog', 'ship', 'automobile', 'airplane']",ship
37168,4,"['cat', 'automobile', 'frog', 'airplane']",automobile
37169,5,"['frog', 'ship', 'airplane', 'automobile']",ship
37170,9,"['dog', 'frog', 'cat', 'airplane']",airplane
37171,4,"['cat', 'automobile', 'frog', 'airplane']",automobile
37172,4,"['cat', 'automobile', 'frog', 'airplane']",automobile
37173,3,"['frog', 'ship', 'automobile', 'airplane']",ship
37174,5,"['frog', 'ship', 'airplane', 'automobile']",ship
37175,3,"['frog', 'ship', 'automobile', 'airplane']",ship
37176,3,"['frog', 'ship', 'automobile', 'airplane']",ship
37177,0,"['horse', 'deer', 'frog', 'cat']",horse
37178,0,"['horse', 'deer', 'frog', 'cat']",horse
37179,1,"['bird', 'dog', 'frog', 'cat', 'airplane']",airplane
37180,3,"['frog', 'ship', 'automobile', 'airplane']",ship
37181,0,"['horse', 'deer', 'frog', 'cat']",horse
37182,0,"['horse', 'deer', 'frog', 'cat']",horse
37183,1,"['bird', 'dog', 'frog', 'cat', 'airplane']",airplane
37184,5,"['frog', 'ship', 'airplane', 'automobile']",ship
37185,2,"['ship', 'cat', 'automobile', 'airplane']",automobile
37186,7,"['automobile', 'cat', 'airplane', 'frog']",cat
37187,3,"['frog', 'ship', 'automobile', 'airplane']",ship
37188,6,"['automobile', 'horse', 'ship', 'airplane']",airplane
37189,0,"['horse', 'deer', 'frog', 'cat']",horse
37190,7,"['automobile', 'cat', 'airplane', 'frog']",airplane
37191,0,"['horse', 'deer', 'frog', 'cat']",horse
37192,4,"['cat', 'automobile', 'frog', 'airplane']",automobile
37193,4,"['cat', 'automobile', 'frog', 'airplane']",automobile
37194,3,"['frog', 'ship', 'automobile', 'airplane']",ship
37195,9,"['dog', 'frog', 'cat', 'airplane']",airplane
37196,5,"['frog', 'ship', 'airplane', 'automobile']",ship
37197,9,"['dog', 'frog', 'cat', 'airplane']",airplane
37198,2,"['ship', 'cat', 'automobile', 'airplane']",automobile
37199,0,"['horse', 'deer', 'frog', 'cat']",horse
37200,7,"['automobile', 'cat', 'airplane', 'frog']",airplane
37201,9,"['dog', 'frog', 'cat', 'airplane']",dog
37202,7,"['automobile', 'cat', 'airplane', 'frog']",airplane
37203,1,"['bird', 'dog', 'frog', 'cat', 'airplane']",airplane
37204,3,"['frog', 'ship', 'automobile', 'airplane']",ship
37205,7,"['automobile', 'cat', 'airplane', 'frog']",cat
37206,6,"['automobile', 'horse', 'ship', 'airplane']",airplane
37207,8,"['horse', 'airplane', 'cat', 'frog']",horse
37208,2,"['ship', 'cat', 'automobile', 'airplane']",cat
37209,3,"['frog', 'ship', 'automobile', 'airplane']",ship
37210,5,"['frog', 'ship', 'airplane', 'automobile']",ship
37211,7,"['automobile', 'cat', 'airplane', 'frog']",cat
37212,2,"['ship', 'cat', 'automobile', 'airplane']",cat
37213,1,"['bird', 'dog', 'frog', 'cat', 'airplane']",airplane
37214,4,"['cat', 'automobile', 'frog', 'airplane']",automobile
37215,3,"['frog', 'ship', 'automobile', 'airplane']",ship
37216,5,"['frog', 'ship', 'airplane', 'automobile']",ship
37217,3,"['frog', 'ship', 'automobile', 'airplane']",ship
37218,5,"['frog', 'ship', 'airplane', 'automobile']",ship
37219,6,"['automobile', 'horse', 'ship', 'airplane']",airplane
37220,9,"['dog', 'frog', 'cat', 'airplane']",dog
37221,6,"['automobile', 'horse', 'ship', 'airplane']",airplane
37222,7,"['automobile', 'cat', 'airplane', 'frog']",frog
37223,3,"['frog', 'ship', 'automobile', 'airplane']",ship
37224,5,"['frog', 'ship', 'airplane', 'automobile']",ship
37225,9,"['dog', 'frog', 'cat', 'airplane']",airplane
37226,9,"['dog', 'frog', 'cat', 'airplane']",airplane
37227,6,"['automobile', 'horse', 'ship', 'airplane']",airplane
37228,7,"['automobile', 'cat', 'airplane', 'frog']",cat
37229,5,"['frog', 'ship', 'airplane', 'automobile']",ship
37230,7,"['automobile', 'cat', 'airplane', 'frog']",cat
37231,6,"['automobile', 'horse', 'ship', 'airplane']",airplane
37232,2,"['ship', 'cat', 'automobile', 'airplane']",cat
37233,0,"['horse', 'deer', 'frog', 'cat']",horse
37234,4,"['cat', 'automobile', 'frog', 'airplane']",automobile
37235,1,"['bird', 'dog', 'frog', 'cat', 'airplane']",airplane
37236,3,"['frog', 'ship', 'automobile', 'airplane']",ship
37237,4,"['cat', 'automobile', 'frog', 'airplane']",automobile
37238,6,"['automobile', 'horse', 'ship', 'airplane']",airplane
37239,1,"['bird', 'dog', 'frog', 'cat', 'airplane']",airplane
37240,0,"['horse', 'deer', 'frog', 'cat']",horse
37241,4,"['cat', 'automobile', 'frog', 'airplane']",automobile
37242,9,"['dog', 'frog', 'cat', 'airplane']",airplane
37243,2,"['ship', 'cat', 'automobile', 'airplane']",cat
37244,7,"['automobile', 'cat', 'airplane', 'frog']",cat
37245,9,"['dog', 'frog', 'cat', 'airplane']",airplane
37246,0,"['horse', 'deer', 'frog', 'cat']",horse
37247,2,"['ship', 'cat', 'automobile', 'airplane']",cat
37248,1,"['bird', 'dog', 'frog', 'cat', 'airplane']",airplane
37249,9,"['dog', 'frog', 'cat', 'airplane']",airplane
37250,0,"['horse', 'deer', 'frog', 'cat']",horse
37251,3,"['frog', 'ship', 'automobile', 'airplane']",ship
37252,5,"['frog', 'ship', 'airplane', 'automobile']",ship
37253,1,"['bird', 'dog', 'frog', 'cat', 'airplane']",airplane
37254,7,"['automobile', 'cat', 'airplane', 'frog']",airplane
37255,2,"['ship', 'cat', 'automobile', 'airplane']",cat
37256,6,"['automobile', 'horse', 'ship', 'airplane']",horse
37257,1,"['bird', 'dog', 'frog', 'cat', 'airplane']",airplane
37258,8,"['horse', 'airplane', 'cat', 'frog']",horse
37259,1,"['bird', 'dog', 'frog', 'cat', 'airplane']",airplane
37260,1,"['bird', 'dog', 'frog', 'cat', 'airplane']",airplane
37261,6,"['automobile', 'horse', 'ship', 'airplane']",airplane
37262,7,"['automobile', 'cat', 'airplane', 'frog']",airplane
37263,3,"['frog', 'ship', 'automobile', 'airplane']",ship
37264,1,"['bird', 'dog', 'frog', 'cat', 'airplane']",airplane
37265,0,"['horse', 'deer', 'frog', 'cat']",horse
37266,7,"['automobile', 'cat', 'airplane', 'frog']",airplane
37267,7,"['automobile', 'cat', 'airplane', 'frog']",cat
37268,2,"['ship', 'cat', 'automobile', 'airplane']",cat
37269,1,"['bird', 'dog', 'frog', 'cat', 'airplane']",airplane
37270,6,"['automobile', 'horse', 'ship', 'airplane']",airplane
37271,3,"['frog', 'ship', 'automobile', 'airplane']",ship
37272,5,"['frog', 'ship', 'airplane', 'automobile']",ship
37273,7,"['automobile', 'cat', 'airplane', 'frog']",cat
37274,4,"['cat', 'automobile', 'frog', 'airplane']",automobile
37275,6,"['automobile', 'horse', 'ship', 'airplane']",airplane
37276,0,"['horse', 'deer', 'frog', 'cat']",horse
37277,2,"['ship', 'cat', 'automobile', 'airplane']",automobile
37278,2,"['ship', 'cat', 'automobile', 'airplane']",ship
37279,0,"['horse', 'deer', 'frog', 'cat']",horse
37280,2,"['ship', 'cat', 'automobile', 'airplane']",cat
37281,4,"['cat', 'automobile', 'frog', 'airplane']",automobile
37282,5,"['frog', 'ship', 'airplane', 'automobile']",ship
37283,2,"['ship', 'cat', 'automobile', 'airplane']",cat
37284,6,"['automobile', 'horse', 'ship', 'airplane']",automobile
37285,9,"['dog', 'frog', 'cat', 'airplane']",dog
37286,7,"['automobile', 'cat', 'airplane', 'frog']",frog
37287,6,"['automobile', 'horse', 'ship', 'airplane']",horse
37288,4,"['cat', 'automobile', 'frog', 'airplane']",automobile
37289,6,"['automobile', 'horse', 'ship', 'airplane']",airplane
37290,4,"['cat', 'automobile', 'frog', 'airplane']",automobile
37291,5,"['frog', 'ship', 'airplane', 'automobile']",ship
37292,7,"['automobile', 'cat', 'airplane', 'frog']",airplane
37293,7,"['automobile', 'cat', 'airplane', 'frog']",cat
37294,4,"['cat', 'automobile', 'frog', 'airplane']",automobile
37295,9,"['dog', 'frog', 'cat', 'airplane']",airplane
37296,1,"['bird', 'dog', 'frog', 'cat', 'airplane']",airplane
37297,3,"['frog', 'ship', 'automobile', 'airplane']",ship
37298,2,"['ship', 'cat', 'automobile', 'airplane']",automobile
37299,8,"['horse', 'airplane', 'cat', 'frog']",horse
37300,3,"['frog', 'ship', 'automobile', 'airplane']",frog
37301,1,"['bird', 'dog', 'frog', 'cat', 'airplane']",airplane
37302,7,"['automobile', 'cat', 'airplane', 'frog']",airplane
37303,1,"['bird', 'dog', 'frog', 'cat', 'airplane']",airplane
37304,3,"['frog', 'ship', 'automobile', 'airplane']",ship
37305,2,"['ship', 'cat', 'automobile', 'airplane']",automobile
37306,7,"['automobile', 'cat', 'airplane', 'frog']",airplane
37307,8,"['horse', 'airplane', 'cat', 'frog']",horse
37308,8,"['horse', 'airplane', 'cat', 'frog']",horse
37309,1,"['bird', 'dog', 'frog', 'cat', 'airplane']",airplane
37310,5,"['frog', 'ship', 'airplane', 'automobile']",ship
37311,3,"['frog', 'ship', 'automobile', 'airplane']",ship
37312,5,"['frog', 'ship', 'airplane', 'automobile']",ship
37313,4,"['cat', 'automobile', 'frog', 'airplane']",automobile
37314,9,"['dog', 'frog', 'cat', 'airplane']",dog
37315,2,"['ship', 'cat', 'automobile', 'airplane']",cat
37316,5,"['frog', 'ship', 'airplane', 'automobile']",ship
37317,5,"['frog', 'ship', 'airplane', 'automobile']",ship
37318,8,"['horse', 'airplane', 'cat', 'frog']",horse
37319,7,"['automobile', 'cat', 'airplane', 'frog']",cat
37320,1,"['bird', 'dog', 'frog', 'cat', 'airplane']",airplane
37321,2,"['ship', 'cat', 'automobile', 'airplane']",ship
37322,0,"['horse', 'deer', 'frog', 'cat']",horse
37323,8,"['horse', 'airplane', 'cat', 'frog']",horse
37324,0,"['horse', 'deer', 'frog', 'cat']",horse
37325,0,"['horse', 'deer', 'frog', 'cat']",horse
37326,9,"['dog', 'frog', 'cat', 'airplane']",dog
37327,1,"['bird', 'dog', 'frog', 'cat', 'airplane']",airplane
37328,0,"['horse', 'deer', 'frog', 'cat']",horse
37329,8,"['horse', 'airplane', 'cat', 'frog']",horse
37330,0,"['horse', 'deer', 'frog', 'cat']",horse
37331,5,"['frog', 'ship', 'airplane', 'automobile']",ship
37332,6,"['automobile', 'horse', 'ship', 'airplane']",automobile
37333,2,"['ship', 'cat', 'automobile', 'airplane']",cat
37334,0,"['horse', 'deer', 'frog', 'cat']",horse
37335,8,"['horse', 'airplane', 'cat', 'frog']",horse
37336,2,"['ship', 'cat', 'automobile', 'airplane']",cat
37337,2,"['ship', 'cat', 'automobile', 'airplane']",cat
37338,5,"['frog', 'ship', 'airplane', 'automobile']",ship
37339,2,"['ship', 'cat', 'automobile', 'airplane']",ship
37340,4,"['cat', 'automobile', 'frog', 'airplane']",automobile
37341,5,"['frog', 'ship', 'airplane', 'automobile']",ship
37342,4,"['cat', 'automobile', 'frog', 'airplane']",automobile
37343,2,"['ship', 'cat', 'automobile', 'airplane']",cat
37344,6,"['automobile', 'horse', 'ship', 'airplane']",airplane
37345,4,"['cat', 'automobile', 'frog', 'airplane']",automobile
37346,7,"['automobile', 'cat', 'airplane', 'frog']",cat
37347,9,"['dog', 'frog', 'cat', 'airplane']",dog
37348,8,"['horse', 'airplane', 'cat', 'frog']",horse
37349,9,"['dog', 'frog', 'cat', 'airplane']",airplane
37350,3,"['frog', 'ship', 'automobile', 'airplane']",ship
37351,6,"['automobile', 'horse', 'ship', 'airplane']",airplane
37352,2,"['ship', 'cat', 'automobile', 'airplane']",cat
37353,2,"['ship', 'cat', 'automobile', 'airplane']",cat
37354,1,"['bird', 'dog', 'frog', 'cat', 'airplane']",airplane
37355,0,"['horse', 'deer', 'frog', 'cat']",horse
37356,6,"['automobile', 'horse', 'ship', 'airplane']",airplane
37357,3,"['frog', 'ship', 'automobile', 'airplane']",ship
37358,0,"['horse', 'deer', 'frog', 'cat']",horse
37359,5,"['frog', 'ship', 'airplane', 'automobile']",ship
37360,5,"['frog', 'ship', 'airplane', 'automobile']",ship
37361,2,"['ship', 'cat', 'automobile', 'airplane']",cat
37362,8,"['horse', 'airplane', 'cat', 'frog']",horse
37363,9,"['dog', 'frog', 'cat', 'airplane']",dog
37364,5,"['frog', 'ship', 'airplane', 'automobile']",ship
37365,1,"['bird', 'dog', 'frog', 'cat', 'airplane']",airplane
37366,5,"['frog', 'ship', 'airplane', 'automobile']",ship
37367,3,"['frog', 'ship', 'automobile', 'airplane']",ship
37368,2,"['ship', 'cat', 'automobile', 'airplane']",automobile
37369,5,"['frog', 'ship', 'airplane', 'automobile']",ship
37370,3,"['frog', 'ship', 'automobile', 'airplane']",ship
37371,0,"['horse', 'deer', 'frog', 'cat']",horse
37372,6,"['automobile', 'horse', 'ship', 'airplane']",ship
37373,2,"['ship', 'cat', 'automobile', 'airplane']",ship
37374,2,"['ship', 'cat', 'automobile', 'airplane']",cat
37375,5,"['frog', 'ship', 'airplane', 'automobile']",ship
37376,9,"['dog', 'frog', 'cat', 'airplane']",dog
37377,0,"['horse', 'deer', 'frog', 'cat']",horse
37378,6,"['automobile', 'horse', 'ship', 'airplane']",airplane
37379,7,"['automobile', 'cat', 'airplane', 'frog']",cat
37380,6,"['automobile', 'horse', 'ship', 'airplane']",airplane
37381,5,"['frog', 'ship', 'airplane', 'automobile']",ship
37382,1,"['bird', 'dog', 'frog', 'cat', 'airplane']",airplane
37383,9,"['dog', 'frog', 'cat', 'airplane']",airplane
37384,8,"['horse', 'airplane', 'cat', 'frog']",horse
37385,1,"['bird', 'dog', 'frog', 'cat', 'airplane']",airplane
37386,4,"['cat', 'automobile', 'frog', 'airplane']",automobile
37387,9,"['dog', 'frog', 'cat', 'airplane']",airplane
37388,4,"['cat', 'automobile', 'frog', 'airplane']",automobile
37389,4,"['cat', 'automobile', 'frog', 'airplane']",automobile
37390,1,"['bird', 'dog', 'frog', 'cat', 'airplane']",airplane
37391,5,"['frog', 'ship', 'airplane', 'automobile']",ship
37392,9,"['dog', 'frog', 'cat', 'airplane']",dog
37393,8,"['horse', 'airplane', 'cat', 'frog']",horse
37394,8,"['horse', 'airplane', 'cat', 'frog']",horse
37395,5,"['frog', 'ship', 'airplane', 'automobile']",ship
37396,5,"['frog', 'ship', 'airplane', 'automobile']",ship
37397,2,"['ship', 'cat', 'automobile', 'airplane']",cat
37398,8,"['horse', 'airplane', 'cat', 'frog']",horse
37399,3,"['frog', 'ship', 'automobile', 'airplane']",ship
37400,9,"['dog', 'frog', 'cat', 'airplane']",dog
37401,1,"['bird', 'dog', 'frog', 'cat', 'airplane']",airplane
37402,5,"['frog', 'ship', 'airplane', 'automobile']",ship
37403,2,"['ship', 'cat', 'automobile', 'airplane']",ship
37404,6,"['automobile', 'horse', 'ship', 'airplane']",airplane
37405,7,"['automobile', 'cat', 'airplane', 'frog']",cat
37406,8,"['horse', 'airplane', 'cat', 'frog']",horse
37407,9,"['dog', 'frog', 'cat', 'airplane']",airplane
37408,3,"['frog', 'ship', 'automobile', 'airplane']",ship
37409,2,"['ship', 'cat', 'automobile', 'airplane']",cat
37410,3,"['frog', 'ship', 'automobile', 'airplane']",ship
37411,8,"['horse', 'airplane', 'cat', 'frog']",horse
37412,1,"['bird', 'dog', 'frog', 'cat', 'airplane']",airplane
37413,9,"['dog', 'frog', 'cat', 'airplane']",airplane
37414,3,"['frog', 'ship', 'automobile', 'airplane']",ship
37415,3,"['frog', 'ship', 'automobile', 'airplane']",ship
37416,8,"['horse', 'airplane', 'cat', 'frog']",horse
37417,3,"['frog', 'ship', 'automobile', 'airplane']",ship
37418,1,"['bird', 'dog', 'frog', 'cat', 'airplane']",airplane
37419,5,"['frog', 'ship', 'airplane', 'automobile']",ship
37420,8,"['horse', 'airplane', 'cat', 'frog']",horse
37421,3,"['frog', 'ship', 'automobile', 'airplane']",ship
37422,1,"['bird', 'dog', 'frog', 'cat', 'airplane']",airplane
37423,7,"['automobile', 'cat', 'airplane', 'frog']",airplane
37424,2,"['ship', 'cat', 'automobile', 'airplane']",cat
37425,3,"['frog', 'ship', 'automobile', 'airplane']",ship
37426,6,"['automobile', 'horse', 'ship', 'airplane']",airplane
37427,9,"['dog', 'frog', 'cat', 'airplane']",dog
37428,1,"['bird', 'dog', 'frog', 'cat', 'airplane']",airplane
37429,3,"['frog', 'ship', 'automobile', 'airplane']",ship
37430,7,"['automobile', 'cat', 'airplane', 'frog']",cat
37431,4,"['cat', 'automobile', 'frog', 'airplane']",automobile
37432,0,"['horse', 'deer', 'frog', 'cat']",horse
37433,9,"['dog', 'frog', 'cat', 'airplane']",airplane
37434,5,"['frog', 'ship', 'airplane', 'automobile']",ship
37435,2,"['ship', 'cat', 'automobile', 'airplane']",automobile
37436,5,"['frog', 'ship', 'airplane', 'automobile']",ship
37437,8,"['horse', 'airplane', 'cat', 'frog']",horse
37438,4,"['cat', 'automobile', 'frog', 'airplane']",automobile
37439,0,"['horse', 'deer', 'frog', 'cat']",horse
37440,1,"['bird', 'dog', 'frog', 'cat', 'airplane']",airplane
37441,5,"['frog', 'ship', 'airplane', 'automobile']",ship
37442,4,"['cat', 'automobile', 'frog', 'airplane']",automobile
37443,9,"['dog', 'frog', 'cat', 'airplane']",dog
37444,9,"['dog', 'frog', 'cat', 'airplane']",airplane
37445,3,"['frog', 'ship', 'automobile', 'airplane']",ship
37446,2,"['ship', 'cat', 'automobile', 'airplane']",cat
37447,9,"['dog', 'frog', 'cat', 'airplane']",airplane
37448,7,"['automobile', 'cat', 'airplane', 'frog']",airplane
37449,7,"['automobile', 'cat', 'airplane', 'frog']",cat
37450,4,"['cat', 'automobile', 'frog', 'airplane']",automobile
37451,5,"['frog', 'ship', 'airplane', 'automobile']",ship
37452,9,"['dog', 'frog', 'cat', 'airplane']",dog
37453,3,"['frog', 'ship', 'automobile', 'airplane']",ship
37454,9,"['dog', 'frog', 'cat', 'airplane']",airplane
37455,1,"['bird', 'dog', 'frog', 'cat', 'airplane']",airplane
37456,0,"['horse', 'deer', 'frog', 'cat']",horse
37457,6,"['automobile', 'horse', 'ship', 'airplane']",airplane
37458,7,"['automobile', 'cat', 'airplane', 'frog']",airplane
37459,7,"['automobile', 'cat', 'airplane', 'frog']",cat
37460,1,"['bird', 'dog', 'frog', 'cat', 'airplane']",airplane
37461,1,"['bird', 'dog', 'frog', 'cat', 'airplane']",airplane
37462,5,"['frog', 'ship', 'airplane', 'automobile']",ship
37463,4,"['cat', 'automobile', 'frog', 'airplane']",automobile
37464,2,"['ship', 'cat', 'automobile', 'airplane']",cat
37465,4,"['cat', 'automobile', 'frog', 'airplane']",automobile
37466,4,"['cat', 'automobile', 'frog', 'airplane']",automobile
37467,7,"['automobile', 'cat', 'airplane', 'frog']",airplane
37468,1,"['bird', 'dog', 'frog', 'cat', 'airplane']",airplane
37469,4,"['cat', 'automobile', 'frog', 'airplane']",airplane
37470,5,"['frog', 'ship', 'airplane', 'automobile']",ship
37471,5,"['frog', 'ship', 'airplane', 'automobile']",ship
37472,7,"['automobile', 'cat', 'airplane', 'frog']",airplane
37473,6,"['automobile', 'horse', 'ship', 'airplane']",airplane
37474,7,"['automobile', 'cat', 'airplane', 'frog']",airplane
37475,3,"['frog', 'ship', 'automobile', 'airplane']",ship
37476,1,"['bird', 'dog', 'frog', 'cat', 'airplane']",airplane
37477,8,"['horse', 'airplane', 'cat', 'frog']",horse
37478,9,"['dog', 'frog', 'cat', 'airplane']",dog
37479,6,"['automobile', 'horse', 'ship', 'airplane']",airplane
37480,1,"['bird', 'dog', 'frog', 'cat', 'airplane']",airplane
37481,6,"['automobile', 'horse', 'ship', 'airplane']",airplane
37482,7,"['automobile', 'cat', 'airplane', 'frog']",cat
37483,8,"['horse', 'airplane', 'cat', 'frog']",horse
37484,5,"['frog', 'ship', 'airplane', 'automobile']",ship
37485,2,"['ship', 'cat', 'automobile', 'airplane']",cat
37486,5,"['frog', 'ship', 'airplane', 'automobile']",ship
37487,6,"['automobile', 'horse', 'ship', 'airplane']",airplane
37488,2,"['ship', 'cat', 'automobile', 'airplane']",cat
37489,7,"['automobile', 'cat', 'airplane', 'frog']",cat
37490,9,"['dog', 'frog', 'cat', 'airplane']",airplane
37491,1,"['bird', 'dog', 'frog', 'cat', 'airplane']",airplane
37492,8,"['horse', 'airplane', 'cat', 'frog']",horse
37493,0,"['horse', 'deer', 'frog', 'cat']",horse
37494,1,"['bird', 'dog', 'frog', 'cat', 'airplane']",airplane
37495,0,"['horse', 'deer', 'frog', 'cat']",horse
37496,7,"['automobile', 'cat', 'airplane', 'frog']",cat
37497,7,"['automobile', 'cat', 'airplane', 'frog']",cat
37498,5,"['frog', 'ship', 'airplane', 'automobile']",ship
37499,9,"['dog', 'frog', 'cat', 'airplane']",airplane
37500,3,"['frog', 'ship', 'automobile', 'airplane']",ship
37501,5,"['frog', 'ship', 'airplane', 'automobile']",ship
37502,2,"['ship', 'cat', 'automobile', 'airplane']",cat
37503,2,"['ship', 'cat', 'automobile', 'airplane']",automobile
37504,0,"['horse', 'deer', 'frog', 'cat']",horse
37505,1,"['bird', 'dog', 'frog', 'cat', 'airplane']",airplane
37506,1,"['bird', 'dog', 'frog', 'cat', 'airplane']",airplane
37507,4,"['cat', 'automobile', 'frog', 'airplane']",automobile
37508,5,"['frog', 'ship', 'airplane', 'automobile']",ship
37509,9,"['dog', 'frog', 'cat', 'airplane']",airplane
37510,3,"['frog', 'ship', 'automobile', 'airplane']",ship
37511,2,"['ship', 'cat', 'automobile', 'airplane']",cat
37512,1,"['bird', 'dog', 'frog', 'cat', 'airplane']",airplane
37513,3,"['frog', 'ship', 'automobile', 'airplane']",ship
37514,3,"['frog', 'ship', 'automobile', 'airplane']",ship
37515,2,"['ship', 'cat', 'automobile', 'airplane']",cat
37516,8,"['horse', 'airplane', 'cat', 'frog']",horse
37517,0,"['horse', 'deer', 'frog', 'cat']",horse
37518,6,"['automobile', 'horse', 'ship', 'airplane']",airplane
37519,0,"['horse', 'deer', 'frog', 'cat']",horse
37520,7,"['automobile', 'cat', 'airplane', 'frog']",cat
37521,5,"['frog', 'ship', 'airplane', 'automobile']",ship
37522,0,"['horse', 'deer', 'frog', 'cat']",horse
37523,3,"['frog', 'ship', 'automobile', 'airplane']",ship
37524,8,"['horse', 'airplane', 'cat', 'frog']",horse
37525,7,"['automobile', 'cat', 'airplane', 'frog']",cat
37526,8,"['horse', 'airplane', 'cat', 'frog']",horse
37527,5,"['frog', 'ship', 'airplane', 'automobile']",ship
37528,4,"['cat', 'automobile', 'frog', 'airplane']",automobile
37529,7,"['automobile', 'cat', 'airplane', 'frog']",cat
37530,4,"['cat', 'automobile', 'frog', 'airplane']",automobile
37531,5,"['frog', 'ship', 'airplane', 'automobile']",ship
37532,0,"['horse', 'deer', 'frog', 'cat']",horse
37533,1,"['bird', 'dog', 'frog', 'cat', 'airplane']",airplane
37534,8,"['horse', 'airplane', 'cat', 'frog']",horse
37535,9,"['dog', 'frog', 'cat', 'airplane']",airplane
37536,9,"['dog', 'frog', 'cat', 'airplane']",dog
37537,5,"['frog', 'ship', 'airplane', 'automobile']",ship
37538,9,"['dog', 'frog', 'cat', 'airplane']",airplane
37539,9,"['dog', 'frog', 'cat', 'airplane']",dog
37540,9,"['dog', 'frog', 'cat', 'airplane']",dog
37541,5,"['frog', 'ship', 'airplane', 'automobile']",ship
37542,6,"['automobile', 'horse', 'ship', 'airplane']",automobile
37543,6,"['automobile', 'horse', 'ship', 'airplane']",airplane
37544,9,"['dog', 'frog', 'cat', 'airplane']",dog
37545,2,"['ship', 'cat', 'automobile', 'airplane']",cat
37546,3,"['frog', 'ship', 'automobile', 'airplane']",ship
37547,9,"['dog', 'frog', 'cat', 'airplane']",airplane
37548,3,"['frog', 'ship', 'automobile', 'airplane']",ship
37549,2,"['ship', 'cat', 'automobile', 'airplane']",cat
37550,8,"['horse', 'airplane', 'cat', 'frog']",horse
37551,1,"['bird', 'dog', 'frog', 'cat', 'airplane']",airplane
37552,9,"['dog', 'frog', 'cat', 'airplane']",airplane
37553,4,"['cat', 'automobile', 'frog', 'airplane']",automobile
37554,3,"['frog', 'ship', 'automobile', 'airplane']",ship
37555,8,"['horse', 'airplane', 'cat', 'frog']",horse
37556,7,"['automobile', 'cat', 'airplane', 'frog']",cat
37557,8,"['horse', 'airplane', 'cat', 'frog']",horse
37558,0,"['horse', 'deer', 'frog', 'cat']",horse
37559,5,"['frog', 'ship', 'airplane', 'automobile']",ship
37560,2,"['ship', 'cat', 'automobile', 'airplane']",cat
37561,0,"['horse', 'deer', 'frog', 'cat']",horse
37562,3,"['frog', 'ship', 'automobile', 'airplane']",ship
37563,4,"['cat', 'automobile', 'frog', 'airplane']",automobile
37564,6,"['automobile', 'horse', 'ship', 'airplane']",airplane
37565,8,"['horse', 'airplane', 'cat', 'frog']",horse
37566,0,"['horse', 'deer', 'frog', 'cat']",horse
37567,8,"['horse', 'airplane', 'cat', 'frog']",horse
37568,5,"['frog', 'ship', 'airplane', 'automobile']",ship
37569,4,"['cat', 'automobile', 'frog', 'airplane']",automobile
37570,1,"['bird', 'dog', 'frog', 'cat', 'airplane']",airplane
37571,9,"['dog', 'frog', 'cat', 'airplane']",airplane
37572,2,"['ship', 'cat', 'automobile', 'airplane']",cat
37573,7,"['automobile', 'cat', 'airplane', 'frog']",cat
37574,6,"['automobile', 'horse', 'ship', 'airplane']",automobile
37575,9,"['dog', 'frog', 'cat', 'airplane']",airplane
37576,4,"['cat', 'automobile', 'frog', 'airplane']",automobile
37577,4,"['cat', 'automobile', 'frog', 'airplane']",automobile
37578,2,"['ship', 'cat', 'automobile', 'airplane']",cat
37579,6,"['automobile', 'horse', 'ship', 'airplane']",airplane
37580,9,"['dog', 'frog', 'cat', 'airplane']",airplane
37581,2,"['ship', 'cat', 'automobile', 'airplane']",cat
37582,9,"['dog', 'frog', 'cat', 'airplane']",airplane
37583,8,"['horse', 'airplane', 'cat', 'frog']",horse
37584,3,"['frog', 'ship', 'automobile', 'airplane']",ship
37585,4,"['cat', 'automobile', 'frog', 'airplane']",automobile
37586,2,"['ship', 'cat', 'automobile', 'airplane']",cat
37587,8,"['horse', 'airplane', 'cat', 'frog']",horse
37588,1,"['bird', 'dog', 'frog', 'cat', 'airplane']",airplane
37589,5,"['frog', 'ship', 'airplane', 'automobile']",ship
37590,1,"['bird', 'dog', 'frog', 'cat', 'airplane']",airplane
37591,4,"['cat', 'automobile', 'frog', 'airplane']",airplane
37592,1,"['bird', 'dog', 'frog', 'cat', 'airplane']",airplane
37593,6,"['automobile', 'horse', 'ship', 'airplane']",airplane
37594,2,"['ship', 'cat', 'automobile', 'airplane']",cat
37595,7,"['automobile', 'cat', 'airplane', 'frog']",cat
37596,1,"['bird', 'dog', 'frog', 'cat', 'airplane']",airplane
37597,9,"['dog', 'frog', 'cat', 'airplane']",airplane
37598,5,"['frog', 'ship', 'airplane', 'automobile']",ship
37599,4,"['cat', 'automobile', 'frog', 'airplane']",automobile
37600,9,"['dog', 'frog', 'cat', 'airplane']",airplane
37601,7,"['automobile', 'cat', 'airplane', 'frog']",airplane
37602,4,"['cat', 'automobile', 'frog', 'airplane']",automobile
37603,6,"['automobile', 'horse', 'ship', 'airplane']",airplane
37604,9,"['dog', 'frog', 'cat', 'airplane']",airplane
37605,0,"['horse', 'deer', 'frog', 'cat']",horse
37606,9,"['dog', 'frog', 'cat', 'airplane']",dog
37607,9,"['dog', 'frog', 'cat', 'airplane']",airplane
37608,7,"['automobile', 'cat', 'airplane', 'frog']",airplane
37609,6,"['automobile', 'horse', 'ship', 'airplane']",airplane
37610,5,"['frog', 'ship', 'airplane', 'automobile']",ship
37611,1,"['bird', 'dog', 'frog', 'cat', 'airplane']",airplane
37612,5,"['frog', 'ship', 'airplane', 'automobile']",ship
37613,2,"['ship', 'cat', 'automobile', 'airplane']",cat
37614,4,"['cat', 'automobile', 'frog', 'airplane']",automobile
37615,2,"['ship', 'cat', 'automobile', 'airplane']",ship
37616,1,"['bird', 'dog', 'frog', 'cat', 'airplane']",airplane
37617,6,"['automobile', 'horse', 'ship', 'airplane']",airplane
37618,1,"['bird', 'dog', 'frog', 'cat', 'airplane']",airplane
37619,0,"['horse', 'deer', 'frog', 'cat']",horse
37620,1,"['bird', 'dog', 'frog', 'cat', 'airplane']",airplane
37621,5,"['frog', 'ship', 'airplane', 'automobile']",ship
37622,5,"['frog', 'ship', 'airplane', 'automobile']",ship
37623,5,"['frog', 'ship', 'airplane', 'automobile']",ship
37624,7,"['automobile', 'cat', 'airplane', 'frog']",cat
37625,6,"['automobile', 'horse', 'ship', 'airplane']",airplane
37626,2,"['ship', 'cat', 'automobile', 'airplane']",automobile
37627,4,"['cat', 'automobile', 'frog', 'airplane']",automobile
37628,0,"['horse', 'deer', 'frog', 'cat']",horse
37629,9,"['dog', 'frog', 'cat', 'airplane']",dog
37630,1,"['bird', 'dog', 'frog', 'cat', 'airplane']",airplane
37631,3,"['frog', 'ship', 'automobile', 'airplane']",ship
37632,5,"['frog', 'ship', 'airplane', 'automobile']",ship
37633,8,"['horse', 'airplane', 'cat', 'frog']",horse
37634,9,"['dog', 'frog', 'cat', 'airplane']",dog
37635,7,"['automobile', 'cat', 'airplane', 'frog']",frog
37636,7,"['automobile', 'cat', 'airplane', 'frog']",cat
37637,7,"['automobile', 'cat', 'airplane', 'frog']",airplane
37638,6,"['automobile', 'horse', 'ship', 'airplane']",airplane
37639,4,"['cat', 'automobile', 'frog', 'airplane']",automobile
37640,3,"['frog', 'ship', 'automobile', 'airplane']",ship
37641,8,"['horse', 'airplane', 'cat', 'frog']",horse
37642,8,"['horse', 'airplane', 'cat', 'frog']",horse
37643,8,"['horse', 'airplane', 'cat', 'frog']",horse
37644,3,"['frog', 'ship', 'automobile', 'airplane']",ship
37645,2,"['ship', 'cat', 'automobile', 'airplane']",automobile
37646,0,"['horse', 'deer', 'frog', 'cat']",horse
37647,2,"['ship', 'cat', 'automobile', 'airplane']",cat
37648,0,"['horse', 'deer', 'frog', 'cat']",horse
37649,4,"['cat', 'automobile', 'frog', 'airplane']",automobile
37650,1,"['bird', 'dog', 'frog', 'cat', 'airplane']",airplane
37651,7,"['automobile', 'cat', 'airplane', 'frog']",cat
37652,1,"['bird', 'dog', 'frog', 'cat', 'airplane']",airplane
37653,8,"['horse', 'airplane', 'cat', 'frog']",horse
37654,6,"['automobile', 'horse', 'ship', 'airplane']",airplane
37655,7,"['automobile', 'cat', 'airplane', 'frog']",airplane
37656,4,"['cat', 'automobile', 'frog', 'airplane']",automobile
37657,3,"['frog', 'ship', 'automobile', 'airplane']",ship
37658,7,"['automobile', 'cat', 'airplane', 'frog']",airplane
37659,8,"['horse', 'airplane', 'cat', 'frog']",horse
37660,7,"['automobile', 'cat', 'airplane', 'frog']",cat
37661,7,"['automobile', 'cat', 'airplane', 'frog']",cat
37662,3,"['frog', 'ship', 'automobile', 'airplane']",ship
37663,2,"['ship', 'cat', 'automobile', 'airplane']",cat
37664,0,"['horse', 'deer', 'frog', 'cat']",horse
37665,4,"['cat', 'automobile', 'frog', 'airplane']",automobile
37666,1,"['bird', 'dog', 'frog', 'cat', 'airplane']",airplane
37667,9,"['dog', 'frog', 'cat', 'airplane']",dog
37668,3,"['frog', 'ship', 'automobile', 'airplane']",ship
37669,3,"['frog', 'ship', 'automobile', 'airplane']",ship
37670,7,"['automobile', 'cat', 'airplane', 'frog']",airplane
37671,7,"['automobile', 'cat', 'airplane', 'frog']",cat
37672,0,"['horse', 'deer', 'frog', 'cat']",horse
37673,0,"['horse', 'deer', 'frog', 'cat']",horse
37674,0,"['horse', 'deer', 'frog', 'cat']",horse
37675,3,"['frog', 'ship', 'automobile', 'airplane']",ship
37676,5,"['frog', 'ship', 'airplane', 'automobile']",ship
37677,4,"['cat', 'automobile', 'frog', 'airplane']",automobile
37678,9,"['dog', 'frog', 'cat', 'airplane']",dog
37679,7,"['automobile', 'cat', 'airplane', 'frog']",airplane
37680,5,"['frog', 'ship', 'airplane', 'automobile']",ship
37681,8,"['horse', 'airplane', 'cat', 'frog']",horse
37682,6,"['automobile', 'horse', 'ship', 'airplane']",ship
37683,7,"['automobile', 'cat', 'airplane', 'frog']",airplane
37684,2,"['ship', 'cat', 'automobile', 'airplane']",ship
37685,5,"['frog', 'ship', 'airplane', 'automobile']",ship
37686,2,"['ship', 'cat', 'automobile', 'airplane']",cat
37687,1,"['bird', 'dog', 'frog', 'cat', 'airplane']",airplane
37688,4,"['cat', 'automobile', 'frog', 'airplane']",automobile
37689,1,"['bird', 'dog', 'frog', 'cat', 'airplane']",airplane
37690,0,"['horse', 'deer', 'frog', 'cat']",horse
37691,4,"['cat', 'automobile', 'frog', 'airplane']",automobile
37692,8,"['horse', 'airplane', 'cat', 'frog']",horse
37693,0,"['horse', 'deer', 'frog', 'cat']",horse
37694,6,"['automobile', 'horse', 'ship', 'airplane']",ship
37695,7,"['automobile', 'cat', 'airplane', 'frog']",cat
37696,4,"['cat', 'automobile', 'frog', 'airplane']",automobile
37697,3,"['frog', 'ship', 'automobile', 'airplane']",ship
37698,1,"['bird', 'dog', 'frog', 'cat', 'airplane']",airplane
37699,6,"['automobile', 'horse', 'ship', 'airplane']",airplane
37700,3,"['frog', 'ship', 'automobile', 'airplane']",ship
37701,6,"['automobile', 'horse', 'ship', 'airplane']",airplane
37702,1,"['bird', 'dog', 'frog', 'cat', 'airplane']",airplane
37703,8,"['horse', 'airplane', 'cat', 'frog']",horse
37704,0,"['horse', 'deer', 'frog', 'cat']",horse
37705,6,"['automobile', 'horse', 'ship', 'airplane']",airplane
37706,5,"['frog', 'ship', 'airplane', 'automobile']",ship
37707,4,"['cat', 'automobile', 'frog', 'airplane']",automobile
37708,5,"['frog', 'ship', 'airplane', 'automobile']",ship
37709,9,"['dog', 'frog', 'cat', 'airplane']",airplane
37710,8,"['horse', 'airplane', 'cat', 'frog']",horse
37711,8,"['horse', 'airplane', 'cat', 'frog']",horse
37712,0,"['horse', 'deer', 'frog', 'cat']",horse
37713,2,"['ship', 'cat', 'automobile', 'airplane']",cat
37714,6,"['automobile', 'horse', 'ship', 'airplane']",airplane
37715,6,"['automobile', 'horse', 'ship', 'airplane']",ship
37716,7,"['automobile', 'cat', 'airplane', 'frog']",cat
37717,6,"['automobile', 'horse', 'ship', 'airplane']",airplane
37718,0,"['horse', 'deer', 'frog', 'cat']",horse
37719,4,"['cat', 'automobile', 'frog', 'airplane']",automobile
37720,5,"['frog', 'ship', 'airplane', 'automobile']",ship
37721,4,"['cat', 'automobile', 'frog', 'airplane']",automobile
37722,8,"['horse', 'airplane', 'cat', 'frog']",horse
37723,9,"['dog', 'frog', 'cat', 'airplane']",dog
37724,7,"['automobile', 'cat', 'airplane', 'frog']",cat
37725,6,"['automobile', 'horse', 'ship', 'airplane']",automobile
37726,8,"['horse', 'airplane', 'cat', 'frog']",horse
37727,1,"['bird', 'dog', 'frog', 'cat', 'airplane']",airplane
37728,0,"['horse', 'deer', 'frog', 'cat']",horse
37729,0,"['horse', 'deer', 'frog', 'cat']",horse
37730,9,"['dog', 'frog', 'cat', 'airplane']",dog
37731,4,"['cat', 'automobile', 'frog', 'airplane']",automobile
37732,5,"['frog', 'ship', 'airplane', 'automobile']",ship
37733,3,"['frog', 'ship', 'automobile', 'airplane']",ship
37734,6,"['automobile', 'horse', 'ship', 'airplane']",ship
37735,6,"['automobile', 'horse', 'ship', 'airplane']",airplane
37736,5,"['frog', 'ship', 'airplane', 'automobile']",ship
37737,9,"['dog', 'frog', 'cat', 'airplane']",airplane
37738,0,"['horse', 'deer', 'frog', 'cat']",horse
37739,9,"['dog', 'frog', 'cat', 'airplane']",airplane
37740,5,"['frog', 'ship', 'airplane', 'automobile']",ship
37741,4,"['cat', 'automobile', 'frog', 'airplane']",automobile
37742,2,"['ship', 'cat', 'automobile', 'airplane']",cat
37743,1,"['bird', 'dog', 'frog', 'cat', 'airplane']",airplane
37744,7,"['automobile', 'cat', 'airplane', 'frog']",cat
37745,2,"['ship', 'cat', 'automobile', 'airplane']",cat
37746,5,"['frog', 'ship', 'airplane', 'automobile']",ship
37747,0,"['horse', 'deer', 'frog', 'cat']",horse
37748,6,"['automobile', 'horse', 'ship', 'airplane']",ship
37749,5,"['frog', 'ship', 'airplane', 'automobile']",ship
37750,5,"['frog', 'ship', 'airplane', 'automobile']",ship
37751,9,"['dog', 'frog', 'cat', 'airplane']",dog
37752,3,"['frog', 'ship', 'automobile', 'airplane']",ship
37753,3,"['frog', 'ship', 'automobile', 'airplane']",frog
37754,2,"['ship', 'cat', 'automobile', 'airplane']",cat
37755,1,"['bird', 'dog', 'frog', 'cat', 'airplane']",airplane
37756,3,"['frog', 'ship', 'automobile', 'airplane']",ship
37757,4,"['cat', 'automobile', 'frog', 'airplane']",automobile
37758,0,"['horse', 'deer', 'frog', 'cat']",horse
37759,6,"['automobile', 'horse', 'ship', 'airplane']",ship
37760,7,"['automobile', 'cat', 'airplane', 'frog']",cat
37761,0,"['horse', 'deer', 'frog', 'cat']",horse
37762,9,"['dog', 'frog', 'cat', 'airplane']",airplane
37763,7,"['automobile', 'cat', 'airplane', 'frog']",airplane
37764,6,"['automobile', 'horse', 'ship', 'airplane']",airplane
37765,3,"['frog', 'ship', 'automobile', 'airplane']",ship
37766,2,"['ship', 'cat', 'automobile', 'airplane']",cat
37767,7,"['automobile', 'cat', 'airplane', 'frog']",airplane
37768,5,"['frog', 'ship', 'airplane', 'automobile']",ship
37769,3,"['frog', 'ship', 'automobile', 'airplane']",ship
37770,3,"['frog', 'ship', 'automobile', 'airplane']",ship
37771,8,"['horse', 'airplane', 'cat', 'frog']",horse
37772,0,"['horse', 'deer', 'frog', 'cat']",horse
37773,3,"['frog', 'ship', 'automobile', 'airplane']",ship
37774,6,"['automobile', 'horse', 'ship', 'airplane']",airplane
37775,4,"['cat', 'automobile', 'frog', 'airplane']",airplane
37776,3,"['frog', 'ship', 'automobile', 'airplane']",ship
37777,4,"['cat', 'automobile', 'frog', 'airplane']",automobile
37778,4,"['cat', 'automobile', 'frog', 'airplane']",automobile
37779,1,"['bird', 'dog', 'frog', 'cat', 'airplane']",airplane
37780,9,"['dog', 'frog', 'cat', 'airplane']",airplane
37781,2,"['ship', 'cat', 'automobile', 'airplane']",cat
37782,9,"['dog', 'frog', 'cat', 'airplane']",dog
37783,0,"['horse', 'deer', 'frog', 'cat']",horse
37784,5,"['frog', 'ship', 'airplane', 'automobile']",ship
37785,3,"['frog', 'ship', 'automobile', 'airplane']",ship
37786,8,"['horse', 'airplane', 'cat', 'frog']",horse
37787,7,"['automobile', 'cat', 'airplane', 'frog']",airplane
37788,0,"['horse', 'deer', 'frog', 'cat']",horse
37789,6,"['automobile', 'horse', 'ship', 'airplane']",airplane
37790,5,"['frog', 'ship', 'airplane', 'automobile']",ship
37791,7,"['automobile', 'cat', 'airplane', 'frog']",cat
37792,1,"['bird', 'dog', 'frog', 'cat', 'airplane']",airplane
37793,9,"['dog', 'frog', 'cat', 'airplane']",airplane
37794,8,"['horse', 'airplane', 'cat', 'frog']",horse
37795,5,"['frog', 'ship', 'airplane', 'automobile']",ship
37796,6,"['automobile', 'horse', 'ship', 'airplane']",horse
37797,2,"['ship', 'cat', 'automobile', 'airplane']",cat
37798,8,"['horse', 'airplane', 'cat', 'frog']",horse
37799,1,"['bird', 'dog', 'frog', 'cat', 'airplane']",airplane
37800,7,"['automobile', 'cat', 'airplane', 'frog']",airplane
37801,1,"['bird', 'dog', 'frog', 'cat', 'airplane']",airplane
37802,7,"['automobile', 'cat', 'airplane', 'frog']",cat
37803,8,"['horse', 'airplane', 'cat', 'frog']",horse
37804,3,"['frog', 'ship', 'automobile', 'airplane']",ship
37805,4,"['cat', 'automobile', 'frog', 'airplane']",automobile
37806,0,"['horse', 'deer', 'frog', 'cat']",horse
37807,7,"['automobile', 'cat', 'airplane', 'frog']",cat
37808,8,"['horse', 'airplane', 'cat', 'frog']",horse
37809,3,"['frog', 'ship', 'automobile', 'airplane']",ship
37810,7,"['automobile', 'cat', 'airplane', 'frog']",cat
37811,2,"['ship', 'cat', 'automobile', 'airplane']",cat
37812,3,"['frog', 'ship', 'automobile', 'airplane']",ship
37813,5,"['frog', 'ship', 'airplane', 'automobile']",ship
37814,8,"['horse', 'airplane', 'cat', 'frog']",horse
37815,5,"['frog', 'ship', 'airplane', 'automobile']",ship
37816,2,"['ship', 'cat', 'automobile', 'airplane']",automobile
37817,3,"['frog', 'ship', 'automobile', 'airplane']",ship
37818,6,"['automobile', 'horse', 'ship', 'airplane']",airplane
37819,9,"['dog', 'frog', 'cat', 'airplane']",airplane
37820,2,"['ship', 'cat', 'automobile', 'airplane']",cat
37821,2,"['ship', 'cat', 'automobile', 'airplane']",cat
37822,6,"['automobile', 'horse', 'ship', 'airplane']",airplane
37823,8,"['horse', 'airplane', 'cat', 'frog']",horse
37824,9,"['dog', 'frog', 'cat', 'airplane']",airplane
37825,6,"['automobile', 'horse', 'ship', 'airplane']",airplane
37826,1,"['bird', 'dog', 'frog', 'cat', 'airplane']",airplane
37827,4,"['cat', 'automobile', 'frog', 'airplane']",automobile
37828,2,"['ship', 'cat', 'automobile', 'airplane']",cat
37829,3,"['frog', 'ship', 'automobile', 'airplane']",ship
37830,1,"['bird', 'dog', 'frog', 'cat', 'airplane']",airplane
37831,6,"['automobile', 'horse', 'ship', 'airplane']",airplane
37832,8,"['horse', 'airplane', 'cat', 'frog']",horse
37833,9,"['dog', 'frog', 'cat', 'airplane']",airplane
37834,5,"['frog', 'ship', 'airplane', 'automobile']",ship
37835,6,"['automobile', 'horse', 'ship', 'airplane']",ship
37836,7,"['automobile', 'cat', 'airplane', 'frog']",cat
37837,7,"['automobile', 'cat', 'airplane', 'frog']",cat
37838,2,"['ship', 'cat', 'automobile', 'airplane']",cat
37839,4,"['cat', 'automobile', 'frog', 'airplane']",automobile
37840,2,"['ship', 'cat', 'automobile', 'airplane']",automobile
37841,0,"['horse', 'deer', 'frog', 'cat']",horse
37842,7,"['automobile', 'cat', 'airplane', 'frog']",cat
37843,0,"['horse', 'deer', 'frog', 'cat']",horse
37844,1,"['bird', 'dog', 'frog', 'cat', 'airplane']",airplane
37845,8,"['horse', 'airplane', 'cat', 'frog']",horse
37846,6,"['automobile', 'horse', 'ship', 'airplane']",ship
37847,1,"['bird', 'dog', 'frog', 'cat', 'airplane']",airplane
37848,2,"['ship', 'cat', 'automobile', 'airplane']",automobile
37849,1,"['bird', 'dog', 'frog', 'cat', 'airplane']",airplane
37850,4,"['cat', 'automobile', 'frog', 'airplane']",airplane
37851,6,"['automobile', 'horse', 'ship', 'airplane']",airplane
37852,5,"['frog', 'ship', 'airplane', 'automobile']",ship
37853,4,"['cat', 'automobile', 'frog', 'airplane']",airplane
37854,4,"['cat', 'automobile', 'frog', 'airplane']",airplane
37855,2,"['ship', 'cat', 'automobile', 'airplane']",automobile
37856,2,"['ship', 'cat', 'automobile', 'airplane']",cat
37857,9,"['dog', 'frog', 'cat', 'airplane']",airplane
37858,8,"['horse', 'airplane', 'cat', 'frog']",horse
37859,7,"['automobile', 'cat', 'airplane', 'frog']",airplane
37860,5,"['frog', 'ship', 'airplane', 'automobile']",ship
37861,3,"['frog', 'ship', 'automobile', 'airplane']",ship
37862,7,"['automobile', 'cat', 'airplane', 'frog']",airplane
37863,3,"['frog', 'ship', 'automobile', 'airplane']",ship
37864,9,"['dog', 'frog', 'cat', 'airplane']",dog
37865,6,"['automobile', 'horse', 'ship', 'airplane']",airplane
37866,1,"['bird', 'dog', 'frog', 'cat', 'airplane']",airplane
37867,0,"['horse', 'deer', 'frog', 'cat']",horse
37868,5,"['frog', 'ship', 'airplane', 'automobile']",ship
37869,0,"['horse', 'deer', 'frog', 'cat']",horse
37870,0,"['horse', 'deer', 'frog', 'cat']",horse
37871,4,"['cat', 'automobile', 'frog', 'airplane']",automobile
37872,0,"['horse', 'deer', 'frog', 'cat']",horse
37873,8,"['horse', 'airplane', 'cat', 'frog']",horse
37874,5,"['frog', 'ship', 'airplane', 'automobile']",ship
37875,4,"['cat', 'automobile', 'frog', 'airplane']",automobile
37876,5,"['frog', 'ship', 'airplane', 'automobile']",ship
37877,0,"['horse', 'deer', 'frog', 'cat']",horse
37878,2,"['ship', 'cat', 'automobile', 'airplane']",automobile
37879,0,"['horse', 'deer', 'frog', 'cat']",horse
37880,5,"['frog', 'ship', 'airplane', 'automobile']",ship
37881,0,"['horse', 'deer', 'frog', 'cat']",horse
37882,7,"['automobile', 'cat', 'airplane', 'frog']",cat
37883,0,"['horse', 'deer', 'frog', 'cat']",horse
37884,7,"['automobile', 'cat', 'airplane', 'frog']",airplane
37885,5,"['frog', 'ship', 'airplane', 'automobile']",ship
37886,4,"['cat', 'automobile', 'frog', 'airplane']",frog
37887,6,"['automobile', 'horse', 'ship', 'airplane']",airplane
37888,8,"['horse', 'airplane', 'cat', 'frog']",horse
37889,7,"['automobile', 'cat', 'airplane', 'frog']",airplane
37890,6,"['automobile', 'horse', 'ship', 'airplane']",airplane
37891,4,"['cat', 'automobile', 'frog', 'airplane']",automobile
37892,7,"['automobile', 'cat', 'airplane', 'frog']",cat
37893,7,"['automobile', 'cat', 'airplane', 'frog']",cat
37894,5,"['frog', 'ship', 'airplane', 'automobile']",ship
37895,2,"['ship', 'cat', 'automobile', 'airplane']",automobile
37896,7,"['automobile', 'cat', 'airplane', 'frog']",cat
37897,7,"['automobile', 'cat', 'airplane', 'frog']",airplane
37898,7,"['automobile', 'cat', 'airplane', 'frog']",cat
37899,5,"['frog', 'ship', 'airplane', 'automobile']",ship
37900,5,"['frog', 'ship', 'airplane', 'automobile']",ship
37901,4,"['cat', 'automobile', 'frog', 'airplane']",automobile
37902,7,"['automobile', 'cat', 'airplane', 'frog']",airplane
37903,4,"['cat', 'automobile', 'frog', 'airplane']",airplane
37904,3,"['frog', 'ship', 'automobile', 'airplane']",ship
37905,0,"['horse', 'deer', 'frog', 'cat']",horse
37906,3,"['frog', 'ship', 'automobile', 'airplane']",ship
37907,6,"['automobile', 'horse', 'ship', 'airplane']",automobile
37908,7,"['automobile', 'cat', 'airplane', 'frog']",cat
37909,0,"['horse', 'deer', 'frog', 'cat']",horse
37910,3,"['frog', 'ship', 'automobile', 'airplane']",ship
37911,5,"['frog', 'ship', 'airplane', 'automobile']",ship
37912,3,"['frog', 'ship', 'automobile', 'airplane']",ship
37913,1,"['bird', 'dog', 'frog', 'cat', 'airplane']",airplane
37914,5,"['frog', 'ship', 'airplane', 'automobile']",ship
37915,5,"['frog', 'ship', 'airplane', 'automobile']",ship
37916,1,"['bird', 'dog', 'frog', 'cat', 'airplane']",airplane
37917,6,"['automobile', 'horse', 'ship', 'airplane']",airplane
37918,6,"['automobile', 'horse', 'ship', 'airplane']",airplane
37919,7,"['automobile', 'cat', 'airplane', 'frog']",cat
37920,1,"['bird', 'dog', 'frog', 'cat', 'airplane']",airplane
37921,5,"['frog', 'ship', 'airplane', 'automobile']",ship
37922,6,"['automobile', 'horse', 'ship', 'airplane']",airplane
37923,4,"['cat', 'automobile', 'frog', 'airplane']",automobile
37924,3,"['frog', 'ship', 'automobile', 'airplane']",ship
37925,2,"['ship', 'cat', 'automobile', 'airplane']",cat
37926,6,"['automobile', 'horse', 'ship', 'airplane']",airplane
37927,9,"['dog', 'frog', 'cat', 'airplane']",airplane
37928,4,"['cat', 'automobile', 'frog', 'airplane']",automobile
37929,1,"['bird', 'dog', 'frog', 'cat', 'airplane']",airplane
37930,7,"['automobile', 'cat', 'airplane', 'frog']",cat
37931,0,"['horse', 'deer', 'frog', 'cat']",horse
37932,2,"['ship', 'cat', 'automobile', 'airplane']",cat
37933,6,"['automobile', 'horse', 'ship', 'airplane']",airplane
37934,2,"['ship', 'cat', 'automobile', 'airplane']",cat
37935,7,"['automobile', 'cat', 'airplane', 'frog']",cat
37936,5,"['frog', 'ship', 'airplane', 'automobile']",ship
37937,1,"['bird', 'dog', 'frog', 'cat', 'airplane']",airplane
37938,1,"['bird', 'dog', 'frog', 'cat', 'airplane']",airplane
37939,3,"['frog', 'ship', 'automobile', 'airplane']",frog
37940,6,"['automobile', 'horse', 'ship', 'airplane']",airplane
37941,2,"['ship', 'cat', 'automobile', 'airplane']",automobile
37942,4,"['cat', 'automobile', 'frog', 'airplane']",automobile
37943,2,"['ship', 'cat', 'automobile', 'airplane']",cat
37944,0,"['horse', 'deer', 'frog', 'cat']",horse
37945,0,"['horse', 'deer', 'frog', 'cat']",horse
37946,5,"['frog', 'ship', 'airplane', 'automobile']",ship
37947,2,"['ship', 'cat', 'automobile', 'airplane']",cat
37948,7,"['automobile', 'cat', 'airplane', 'frog']",cat
37949,0,"['horse', 'deer', 'frog', 'cat']",horse
37950,0,"['horse', 'deer', 'frog', 'cat']",horse
37951,3,"['frog', 'ship', 'automobile', 'airplane']",ship
37952,2,"['ship', 'cat', 'automobile', 'airplane']",automobile
37953,8,"['horse', 'airplane', 'cat', 'frog']",horse
37954,4,"['cat', 'automobile', 'frog', 'airplane']",automobile
37955,0,"['horse', 'deer', 'frog', 'cat']",horse
37956,6,"['automobile', 'horse', 'ship', 'airplane']",airplane
37957,7,"['automobile', 'cat', 'airplane', 'frog']",airplane
37958,5,"['frog', 'ship', 'airplane', 'automobile']",ship
37959,8,"['horse', 'airplane', 'cat', 'frog']",horse
37960,4,"['cat', 'automobile', 'frog', 'airplane']",automobile
37961,9,"['dog', 'frog', 'cat', 'airplane']",airplane
37962,0,"['horse', 'deer', 'frog', 'cat']",horse
37963,4,"['cat', 'automobile', 'frog', 'airplane']",automobile
37964,3,"['frog', 'ship', 'automobile', 'airplane']",frog
37965,3,"['frog', 'ship', 'automobile', 'airplane']",ship
37966,3,"['frog', 'ship', 'automobile', 'airplane']",ship
37967,3,"['frog', 'ship', 'automobile', 'airplane']",ship
37968,9,"['dog', 'frog', 'cat', 'airplane']",airplane
37969,2,"['ship', 'cat', 'automobile', 'airplane']",cat
37970,6,"['automobile', 'horse', 'ship', 'airplane']",horse
37971,7,"['automobile', 'cat', 'airplane', 'frog']",cat
37972,2,"['ship', 'cat', 'automobile', 'airplane']",cat
37973,3,"['frog', 'ship', 'automobile', 'airplane']",ship
37974,6,"['automobile', 'horse', 'ship', 'airplane']",airplane
37975,9,"['dog', 'frog', 'cat', 'airplane']",airplane
37976,0,"['horse', 'deer', 'frog', 'cat']",horse
37977,4,"['cat', 'automobile', 'frog', 'airplane']",automobile
37978,0,"['horse', 'deer', 'frog', 'cat']",horse
37979,1,"['bird', 'dog', 'frog', 'cat', 'airplane']",airplane
37980,7,"['automobile', 'cat', 'airplane', 'frog']",cat
37981,1,"['bird', 'dog', 'frog', 'cat', 'airplane']",airplane
37982,3,"['frog', 'ship', 'automobile', 'airplane']",frog
37983,3,"['frog', 'ship', 'automobile', 'airplane']",ship
37984,0,"['horse', 'deer', 'frog', 'cat']",horse
37985,7,"['automobile', 'cat', 'airplane', 'frog']",cat
37986,5,"['frog', 'ship', 'airplane', 'automobile']",ship
37987,4,"['cat', 'automobile', 'frog', 'airplane']",automobile
37988,8,"['horse', 'airplane', 'cat', 'frog']",horse
37989,1,"['bird', 'dog', 'frog', 'cat', 'airplane']",airplane
37990,2,"['ship', 'cat', 'automobile', 'airplane']",cat
37991,8,"['horse', 'airplane', 'cat', 'frog']",horse
37992,6,"['automobile', 'horse', 'ship', 'airplane']",ship
37993,9,"['dog', 'frog', 'cat', 'airplane']",airplane
37994,8,"['horse', 'airplane', 'cat', 'frog']",horse
37995,1,"['bird', 'dog', 'frog', 'cat', 'airplane']",airplane
37996,4,"['cat', 'automobile', 'frog', 'airplane']",automobile
37997,6,"['automobile', 'horse', 'ship', 'airplane']",airplane
37998,3,"['frog', 'ship', 'automobile', 'airplane']",ship
37999,0,"['horse', 'deer', 'frog', 'cat']",horse
38000,0,"['horse', 'deer', 'frog', 'cat']",horse
38001,2,"['ship', 'cat', 'automobile', 'airplane']",ship
38002,8,"['horse', 'airplane', 'cat', 'frog']",horse
38003,0,"['horse', 'deer', 'frog', 'cat']",horse
38004,5,"['frog', 'ship', 'airplane', 'automobile']",ship
38005,9,"['dog', 'frog', 'cat', 'airplane']",dog
38006,3,"['frog', 'ship', 'automobile', 'airplane']",ship
38007,2,"['ship', 'cat', 'automobile', 'airplane']",cat
38008,8,"['horse', 'airplane', 'cat', 'frog']",horse
38009,8,"['horse', 'airplane', 'cat', 'frog']",horse
38010,0,"['horse', 'deer', 'frog', 'cat']",horse
38011,0,"['horse', 'deer', 'frog', 'cat']",horse
38012,3,"['frog', 'ship', 'automobile', 'airplane']",ship
38013,5,"['frog', 'ship', 'airplane', 'automobile']",ship
38014,4,"['cat', 'automobile', 'frog', 'airplane']",automobile
38015,4,"['cat', 'automobile', 'frog', 'airplane']",automobile
38016,2,"['ship', 'cat', 'automobile', 'airplane']",cat
38017,9,"['dog', 'frog', 'cat', 'airplane']",airplane
38018,9,"['dog', 'frog', 'cat', 'airplane']",dog
38019,4,"['cat', 'automobile', 'frog', 'airplane']",automobile
38020,6,"['automobile', 'horse', 'ship', 'airplane']",ship
38021,5,"['frog', 'ship', 'airplane', 'automobile']",ship
38022,2,"['ship', 'cat', 'automobile', 'airplane']",ship
38023,0,"['horse', 'deer', 'frog', 'cat']",horse
38024,9,"['dog', 'frog', 'cat', 'airplane']",airplane
38025,7,"['automobile', 'cat', 'airplane', 'frog']",airplane
38026,6,"['automobile', 'horse', 'ship', 'airplane']",airplane
38027,9,"['dog', 'frog', 'cat', 'airplane']",airplane
38028,1,"['bird', 'dog', 'frog', 'cat', 'airplane']",airplane
38029,0,"['horse', 'deer', 'frog', 'cat']",horse
38030,2,"['ship', 'cat', 'automobile', 'airplane']",ship
38031,1,"['bird', 'dog', 'frog', 'cat', 'airplane']",airplane
38032,2,"['ship', 'cat', 'automobile', 'airplane']",cat
38033,4,"['cat', 'automobile', 'frog', 'airplane']",automobile
38034,8,"['horse', 'airplane', 'cat', 'frog']",horse
38035,9,"['dog', 'frog', 'cat', 'airplane']",dog
38036,0,"['horse', 'deer', 'frog', 'cat']",horse
38037,1,"['bird', 'dog', 'frog', 'cat', 'airplane']",airplane
38038,2,"['ship', 'cat', 'automobile', 'airplane']",cat
38039,0,"['horse', 'deer', 'frog', 'cat']",horse
38040,3,"['frog', 'ship', 'automobile', 'airplane']",ship
38041,0,"['horse', 'deer', 'frog', 'cat']",horse
38042,7,"['automobile', 'cat', 'airplane', 'frog']",cat
38043,0,"['horse', 'deer', 'frog', 'cat']",horse
38044,0,"['horse', 'deer', 'frog', 'cat']",horse
38045,8,"['horse', 'airplane', 'cat', 'frog']",horse
38046,2,"['ship', 'cat', 'automobile', 'airplane']",automobile
38047,1,"['bird', 'dog', 'frog', 'cat', 'airplane']",airplane
38048,3,"['frog', 'ship', 'automobile', 'airplane']",ship
38049,2,"['ship', 'cat', 'automobile', 'airplane']",cat
38050,6,"['automobile', 'horse', 'ship', 'airplane']",ship
38051,0,"['horse', 'deer', 'frog', 'cat']",horse
38052,0,"['horse', 'deer', 'frog', 'cat']",horse
38053,0,"['horse', 'deer', 'frog', 'cat']",horse
38054,2,"['ship', 'cat', 'automobile', 'airplane']",cat
38055,2,"['ship', 'cat', 'automobile', 'airplane']",cat
38056,9,"['dog', 'frog', 'cat', 'airplane']",airplane
38057,7,"['automobile', 'cat', 'airplane', 'frog']",cat
38058,2,"['ship', 'cat', 'automobile', 'airplane']",cat
38059,5,"['frog', 'ship', 'airplane', 'automobile']",ship
38060,2,"['ship', 'cat', 'automobile', 'airplane']",cat
38061,6,"['automobile', 'horse', 'ship', 'airplane']",ship
38062,7,"['automobile', 'cat', 'airplane', 'frog']",cat
38063,2,"['ship', 'cat', 'automobile', 'airplane']",cat
38064,1,"['bird', 'dog', 'frog', 'cat', 'airplane']",airplane
38065,8,"['horse', 'airplane', 'cat', 'frog']",horse
38066,3,"['frog', 'ship', 'automobile', 'airplane']",frog
38067,7,"['automobile', 'cat', 'airplane', 'frog']",cat
38068,3,"['frog', 'ship', 'automobile', 'airplane']",ship
38069,6,"['automobile', 'horse', 'ship', 'airplane']",airplane
38070,4,"['cat', 'automobile', 'frog', 'airplane']",automobile
38071,9,"['dog', 'frog', 'cat', 'airplane']",dog
38072,2,"['ship', 'cat', 'automobile', 'airplane']",cat
38073,7,"['automobile', 'cat', 'airplane', 'frog']",cat
38074,5,"['frog', 'ship', 'airplane', 'automobile']",ship
38075,1,"['bird', 'dog', 'frog', 'cat', 'airplane']",airplane
38076,4,"['cat', 'automobile', 'frog', 'airplane']",airplane
38077,4,"['cat', 'automobile', 'frog', 'airplane']",automobile
38078,1,"['bird', 'dog', 'frog', 'cat', 'airplane']",airplane
38079,5,"['frog', 'ship', 'airplane', 'automobile']",ship
38080,2,"['ship', 'cat', 'automobile', 'airplane']",cat
38081,8,"['horse', 'airplane', 'cat', 'frog']",horse
38082,9,"['dog', 'frog', 'cat', 'airplane']",airplane
38083,0,"['horse', 'deer', 'frog', 'cat']",horse
38084,1,"['bird', 'dog', 'frog', 'cat', 'airplane']",airplane
38085,3,"['frog', 'ship', 'automobile', 'airplane']",ship
38086,1,"['bird', 'dog', 'frog', 'cat', 'airplane']",airplane
38087,3,"['frog', 'ship', 'automobile', 'airplane']",ship
38088,6,"['automobile', 'horse', 'ship', 'airplane']",airplane
38089,8,"['horse', 'airplane', 'cat', 'frog']",horse
38090,4,"['cat', 'automobile', 'frog', 'airplane']",automobile
38091,0,"['horse', 'deer', 'frog', 'cat']",horse
38092,4,"['cat', 'automobile', 'frog', 'airplane']",automobile
38093,3,"['frog', 'ship', 'automobile', 'airplane']",ship
38094,7,"['automobile', 'cat', 'airplane', 'frog']",cat
38095,3,"['frog', 'ship', 'automobile', 'airplane']",ship
38096,2,"['ship', 'cat', 'automobile', 'airplane']",cat
38097,3,"['frog', 'ship', 'automobile', 'airplane']",ship
38098,0,"['horse', 'deer', 'frog', 'cat']",horse
38099,5,"['frog', 'ship', 'airplane', 'automobile']",ship
38100,3,"['frog', 'ship', 'automobile', 'airplane']",ship
38101,4,"['cat', 'automobile', 'frog', 'airplane']",automobile
38102,2,"['ship', 'cat', 'automobile', 'airplane']",cat
38103,4,"['cat', 'automobile', 'frog', 'airplane']",automobile
38104,7,"['automobile', 'cat', 'airplane', 'frog']",cat
38105,8,"['horse', 'airplane', 'cat', 'frog']",horse
38106,5,"['frog', 'ship', 'airplane', 'automobile']",ship
38107,8,"['horse', 'airplane', 'cat', 'frog']",horse
38108,5,"['frog', 'ship', 'airplane', 'automobile']",ship
38109,7,"['automobile', 'cat', 'airplane', 'frog']",airplane
38110,7,"['automobile', 'cat', 'airplane', 'frog']",airplane
38111,8,"['horse', 'airplane', 'cat', 'frog']",horse
38112,0,"['horse', 'deer', 'frog', 'cat']",horse
38113,7,"['automobile', 'cat', 'airplane', 'frog']",cat
38114,5,"['frog', 'ship', 'airplane', 'automobile']",ship
38115,4,"['cat', 'automobile', 'frog', 'airplane']",automobile
38116,9,"['dog', 'frog', 'cat', 'airplane']",airplane
38117,9,"['dog', 'frog', 'cat', 'airplane']",dog
38118,5,"['frog', 'ship', 'airplane', 'automobile']",ship
38119,4,"['cat', 'automobile', 'frog', 'airplane']",automobile
38120,8,"['horse', 'airplane', 'cat', 'frog']",horse
38121,7,"['automobile', 'cat', 'airplane', 'frog']",cat
38122,6,"['automobile', 'horse', 'ship', 'airplane']",airplane
38123,4,"['cat', 'automobile', 'frog', 'airplane']",airplane
38124,4,"['cat', 'automobile', 'frog', 'airplane']",automobile
38125,6,"['automobile', 'horse', 'ship', 'airplane']",airplane
38126,3,"['frog', 'ship', 'automobile', 'airplane']",ship
38127,3,"['frog', 'ship', 'automobile', 'airplane']",ship
38128,7,"['automobile', 'cat', 'airplane', 'frog']",cat
38129,2,"['ship', 'cat', 'automobile', 'airplane']",cat
38130,0,"['horse', 'deer', 'frog', 'cat']",horse
38131,7,"['automobile', 'cat', 'airplane', 'frog']",cat
38132,9,"['dog', 'frog', 'cat', 'airplane']",airplane
38133,8,"['horse', 'airplane', 'cat', 'frog']",horse
38134,4,"['cat', 'automobile', 'frog', 'airplane']",automobile
38135,4,"['cat', 'automobile', 'frog', 'airplane']",automobile
38136,8,"['horse', 'airplane', 'cat', 'frog']",horse
38137,6,"['automobile', 'horse', 'ship', 'airplane']",airplane
38138,8,"['horse', 'airplane', 'cat', 'frog']",horse
38139,9,"['dog', 'frog', 'cat', 'airplane']",dog
38140,5,"['frog', 'ship', 'airplane', 'automobile']",ship
38141,6,"['automobile', 'horse', 'ship', 'airplane']",airplane
38142,7,"['automobile', 'cat', 'airplane', 'frog']",cat
38143,7,"['automobile', 'cat', 'airplane', 'frog']",cat
38144,5,"['frog', 'ship', 'airplane', 'automobile']",ship
38145,7,"['automobile', 'cat', 'airplane', 'frog']",airplane
38146,4,"['cat', 'automobile', 'frog', 'airplane']",automobile
38147,3,"['frog', 'ship', 'automobile', 'airplane']",ship
38148,6,"['automobile', 'horse', 'ship', 'airplane']",airplane
38149,3,"['frog', 'ship', 'automobile', 'airplane']",ship
38150,2,"['ship', 'cat', 'automobile', 'airplane']",cat
38151,6,"['automobile', 'horse', 'ship', 'airplane']",airplane
38152,1,"['bird', 'dog', 'frog', 'cat', 'airplane']",airplane
38153,9,"['dog', 'frog', 'cat', 'airplane']",airplane
38154,0,"['horse', 'deer', 'frog', 'cat']",horse
38155,7,"['automobile', 'cat', 'airplane', 'frog']",cat
38156,6,"['automobile', 'horse', 'ship', 'airplane']",airplane
38157,1,"['bird', 'dog', 'frog', 'cat', 'airplane']",airplane
38158,8,"['horse', 'airplane', 'cat', 'frog']",horse
38159,9,"['dog', 'frog', 'cat', 'airplane']",dog
38160,5,"['frog', 'ship', 'airplane', 'automobile']",ship
38161,4,"['cat', 'automobile', 'frog', 'airplane']",automobile
38162,8,"['horse', 'airplane', 'cat', 'frog']",horse
38163,7,"['automobile', 'cat', 'airplane', 'frog']",airplane
38164,8,"['horse', 'airplane', 'cat', 'frog']",horse
38165,5,"['frog', 'ship', 'airplane', 'automobile']",ship
38166,6,"['automobile', 'horse', 'ship', 'airplane']",horse
38167,1,"['bird', 'dog', 'frog', 'cat', 'airplane']",airplane
38168,9,"['dog', 'frog', 'cat', 'airplane']",airplane
38169,6,"['automobile', 'horse', 'ship', 'airplane']",airplane
38170,2,"['ship', 'cat', 'automobile', 'airplane']",automobile
38171,3,"['frog', 'ship', 'automobile', 'airplane']",ship
38172,5,"['frog', 'ship', 'airplane', 'automobile']",ship
38173,4,"['cat', 'automobile', 'frog', 'airplane']",airplane
38174,1,"['bird', 'dog', 'frog', 'cat', 'airplane']",airplane
38175,1,"['bird', 'dog', 'frog', 'cat', 'airplane']",airplane
38176,7,"['automobile', 'cat', 'airplane', 'frog']",airplane
38177,1,"['bird', 'dog', 'frog', 'cat', 'airplane']",airplane
38178,7,"['automobile', 'cat', 'airplane', 'frog']",cat
38179,0,"['horse', 'deer', 'frog', 'cat']",horse
38180,7,"['automobile', 'cat', 'airplane', 'frog']",cat
38181,6,"['automobile', 'horse', 'ship', 'airplane']",airplane
38182,2,"['ship', 'cat', 'automobile', 'airplane']",cat
38183,1,"['bird', 'dog', 'frog', 'cat', 'airplane']",airplane
38184,8,"['horse', 'airplane', 'cat', 'frog']",horse
38185,0,"['horse', 'deer', 'frog', 'cat']",horse
38186,2,"['ship', 'cat', 'automobile', 'airplane']",cat
38187,0,"['horse', 'deer', 'frog', 'cat']",horse
38188,4,"['cat', 'automobile', 'frog', 'airplane']",automobile
38189,6,"['automobile', 'horse', 'ship', 'airplane']",horse
38190,0,"['horse', 'deer', 'frog', 'cat']",horse
38191,9,"['dog', 'frog', 'cat', 'airplane']",airplane
38192,1,"['bird', 'dog', 'frog', 'cat', 'airplane']",airplane
38193,3,"['frog', 'ship', 'automobile', 'airplane']",ship
38194,7,"['automobile', 'cat', 'airplane', 'frog']",cat
38195,7,"['automobile', 'cat', 'airplane', 'frog']",cat
38196,7,"['automobile', 'cat', 'airplane', 'frog']",airplane
38197,6,"['automobile', 'horse', 'ship', 'airplane']",airplane
38198,0,"['horse', 'deer', 'frog', 'cat']",horse
38199,5,"['frog', 'ship', 'airplane', 'automobile']",ship
38200,3,"['frog', 'ship', 'automobile', 'airplane']",ship
38201,7,"['automobile', 'cat', 'airplane', 'frog']",cat
38202,5,"['frog', 'ship', 'airplane', 'automobile']",ship
38203,7,"['automobile', 'cat', 'airplane', 'frog']",airplane
38204,1,"['bird', 'dog', 'frog', 'cat', 'airplane']",airplane
38205,0,"['horse', 'deer', 'frog', 'cat']",horse
38206,8,"['horse', 'airplane', 'cat', 'frog']",horse
38207,1,"['bird', 'dog', 'frog', 'cat', 'airplane']",airplane
38208,0,"['horse', 'deer', 'frog', 'cat']",horse
38209,3,"['frog', 'ship', 'automobile', 'airplane']",ship
38210,5,"['frog', 'ship', 'airplane', 'automobile']",ship
38211,1,"['bird', 'dog', 'frog', 'cat', 'airplane']",airplane
38212,7,"['automobile', 'cat', 'airplane', 'frog']",airplane
38213,4,"['cat', 'automobile', 'frog', 'airplane']",automobile
38214,8,"['horse', 'airplane', 'cat', 'frog']",horse
38215,3,"['frog', 'ship', 'automobile', 'airplane']",ship
38216,2,"['ship', 'cat', 'automobile', 'airplane']",automobile
38217,0,"['horse', 'deer', 'frog', 'cat']",horse
38218,8,"['horse', 'airplane', 'cat', 'frog']",horse
38219,2,"['ship', 'cat', 'automobile', 'airplane']",cat
38220,7,"['automobile', 'cat', 'airplane', 'frog']",cat
38221,8,"['horse', 'airplane', 'cat', 'frog']",horse
38222,0,"['horse', 'deer', 'frog', 'cat']",horse
38223,1,"['bird', 'dog', 'frog', 'cat', 'airplane']",airplane
38224,0,"['horse', 'deer', 'frog', 'cat']",horse
38225,7,"['automobile', 'cat', 'airplane', 'frog']",cat
38226,9,"['dog', 'frog', 'cat', 'airplane']",dog
38227,6,"['automobile', 'horse', 'ship', 'airplane']",airplane
38228,4,"['cat', 'automobile', 'frog', 'airplane']",automobile
38229,3,"['frog', 'ship', 'automobile', 'airplane']",ship
38230,6,"['automobile', 'horse', 'ship', 'airplane']",ship
38231,1,"['bird', 'dog', 'frog', 'cat', 'airplane']",airplane
38232,7,"['automobile', 'cat', 'airplane', 'frog']",airplane
38233,0,"['horse', 'deer', 'frog', 'cat']",horse
38234,2,"['ship', 'cat', 'automobile', 'airplane']",cat
38235,0,"['horse', 'deer', 'frog', 'cat']",horse
38236,7,"['automobile', 'cat', 'airplane', 'frog']",cat
38237,8,"['horse', 'airplane', 'cat', 'frog']",horse
38238,0,"['horse', 'deer', 'frog', 'cat']",horse
38239,8,"['horse', 'airplane', 'cat', 'frog']",horse
38240,5,"['frog', 'ship', 'airplane', 'automobile']",ship
38241,5,"['frog', 'ship', 'airplane', 'automobile']",ship
38242,4,"['cat', 'automobile', 'frog', 'airplane']",automobile
38243,7,"['automobile', 'cat', 'airplane', 'frog']",airplane
38244,2,"['ship', 'cat', 'automobile', 'airplane']",cat
38245,5,"['frog', 'ship', 'airplane', 'automobile']",ship
38246,3,"['frog', 'ship', 'automobile', 'airplane']",ship
38247,4,"['cat', 'automobile', 'frog', 'airplane']",automobile
38248,4,"['cat', 'automobile', 'frog', 'airplane']",automobile
38249,7,"['automobile', 'cat', 'airplane', 'frog']",cat
38250,6,"['automobile', 'horse', 'ship', 'airplane']",airplane
38251,6,"['automobile', 'horse', 'ship', 'airplane']",horse
38252,7,"['automobile', 'cat', 'airplane', 'frog']",automobile
38253,5,"['frog', 'ship', 'airplane', 'automobile']",ship
38254,0,"['horse', 'deer', 'frog', 'cat']",horse
38255,8,"['horse', 'airplane', 'cat', 'frog']",horse
38256,7,"['automobile', 'cat', 'airplane', 'frog']",cat
38257,1,"['bird', 'dog', 'frog', 'cat', 'airplane']",airplane
38258,5,"['frog', 'ship', 'airplane', 'automobile']",ship
38259,4,"['cat', 'automobile', 'frog', 'airplane']",automobile
38260,1,"['bird', 'dog', 'frog', 'cat', 'airplane']",airplane
38261,1,"['bird', 'dog', 'frog', 'cat', 'airplane']",airplane
38262,1,"['bird', 'dog', 'frog', 'cat', 'airplane']",airplane
38263,4,"['cat', 'automobile', 'frog', 'airplane']",automobile
38264,8,"['horse', 'airplane', 'cat', 'frog']",horse
38265,7,"['automobile', 'cat', 'airplane', 'frog']",cat
38266,1,"['bird', 'dog', 'frog', 'cat', 'airplane']",airplane
38267,9,"['dog', 'frog', 'cat', 'airplane']",airplane
38268,6,"['automobile', 'horse', 'ship', 'airplane']",airplane
38269,4,"['cat', 'automobile', 'frog', 'airplane']",automobile
38270,1,"['bird', 'dog', 'frog', 'cat', 'airplane']",airplane
38271,1,"['bird', 'dog', 'frog', 'cat', 'airplane']",airplane
38272,5,"['frog', 'ship', 'airplane', 'automobile']",ship
38273,9,"['dog', 'frog', 'cat', 'airplane']",airplane
38274,8,"['horse', 'airplane', 'cat', 'frog']",horse
38275,3,"['frog', 'ship', 'automobile', 'airplane']",ship
38276,8,"['horse', 'airplane', 'cat', 'frog']",horse
38277,9,"['dog', 'frog', 'cat', 'airplane']",airplane
38278,1,"['bird', 'dog', 'frog', 'cat', 'airplane']",airplane
38279,7,"['automobile', 'cat', 'airplane', 'frog']",cat
38280,9,"['dog', 'frog', 'cat', 'airplane']",dog
38281,4,"['cat', 'automobile', 'frog', 'airplane']",automobile
38282,1,"['bird', 'dog', 'frog', 'cat', 'airplane']",airplane
38283,4,"['cat', 'automobile', 'frog', 'airplane']",automobile
38284,7,"['automobile', 'cat', 'airplane', 'frog']",cat
38285,0,"['horse', 'deer', 'frog', 'cat']",horse
38286,7,"['automobile', 'cat', 'airplane', 'frog']",airplane
38287,2,"['ship', 'cat', 'automobile', 'airplane']",automobile
38288,8,"['horse', 'airplane', 'cat', 'frog']",horse
38289,0,"['horse', 'deer', 'frog', 'cat']",horse
38290,6,"['automobile', 'horse', 'ship', 'airplane']",airplane
38291,2,"['ship', 'cat', 'automobile', 'airplane']",cat
38292,3,"['frog', 'ship', 'automobile', 'airplane']",ship
38293,4,"['cat', 'automobile', 'frog', 'airplane']",automobile
38294,4,"['cat', 'automobile', 'frog', 'airplane']",automobile
38295,5,"['frog', 'ship', 'airplane', 'automobile']",ship
38296,4,"['cat', 'automobile', 'frog', 'airplane']",automobile
38297,6,"['automobile', 'horse', 'ship', 'airplane']",automobile
38298,6,"['automobile', 'horse', 'ship', 'airplane']",airplane
38299,0,"['horse', 'deer', 'frog', 'cat']",horse
38300,9,"['dog', 'frog', 'cat', 'airplane']",airplane
38301,8,"['horse', 'airplane', 'cat', 'frog']",horse
38302,5,"['frog', 'ship', 'airplane', 'automobile']",ship
38303,5,"['frog', 'ship', 'airplane', 'automobile']",ship
38304,3,"['frog', 'ship', 'automobile', 'airplane']",ship
38305,5,"['frog', 'ship', 'airplane', 'automobile']",ship
38306,5,"['frog', 'ship', 'airplane', 'automobile']",ship
38307,0,"['horse', 'deer', 'frog', 'cat']",horse
38308,7,"['automobile', 'cat', 'airplane', 'frog']",cat
38309,6,"['automobile', 'horse', 'ship', 'airplane']",airplane
38310,6,"['automobile', 'horse', 'ship', 'airplane']",airplane
38311,2,"['ship', 'cat', 'automobile', 'airplane']",cat
38312,0,"['horse', 'deer', 'frog', 'cat']",horse
38313,5,"['frog', 'ship', 'airplane', 'automobile']",ship
38314,9,"['dog', 'frog', 'cat', 'airplane']",airplane
38315,8,"['horse', 'airplane', 'cat', 'frog']",horse
38316,4,"['cat', 'automobile', 'frog', 'airplane']",automobile
38317,3,"['frog', 'ship', 'automobile', 'airplane']",ship
38318,6,"['automobile', 'horse', 'ship', 'airplane']",airplane
38319,3,"['frog', 'ship', 'automobile', 'airplane']",ship
38320,0,"['horse', 'deer', 'frog', 'cat']",horse
38321,0,"['horse', 'deer', 'frog', 'cat']",horse
38322,8,"['horse', 'airplane', 'cat', 'frog']",horse
38323,8,"['horse', 'airplane', 'cat', 'frog']",horse
38324,9,"['dog', 'frog', 'cat', 'airplane']",airplane
38325,7,"['automobile', 'cat', 'airplane', 'frog']",cat
38326,0,"['horse', 'deer', 'frog', 'cat']",horse
38327,1,"['bird', 'dog', 'frog', 'cat', 'airplane']",airplane
38328,9,"['dog', 'frog', 'cat', 'airplane']",dog
38329,2,"['ship', 'cat', 'automobile', 'airplane']",automobile
38330,1,"['bird', 'dog', 'frog', 'cat', 'airplane']",airplane
38331,9,"['dog', 'frog', 'cat', 'airplane']",dog
38332,8,"['horse', 'airplane', 'cat', 'frog']",horse
38333,1,"['bird', 'dog', 'frog', 'cat', 'airplane']",airplane
38334,0,"['horse', 'deer', 'frog', 'cat']",horse
38335,0,"['horse', 'deer', 'frog', 'cat']",horse
38336,6,"['automobile', 'horse', 'ship', 'airplane']",airplane
38337,6,"['automobile', 'horse', 'ship', 'airplane']",horse
38338,3,"['frog', 'ship', 'automobile', 'airplane']",ship
38339,8,"['horse', 'airplane', 'cat', 'frog']",horse
38340,0,"['horse', 'deer', 'frog', 'cat']",horse
38341,0,"['horse', 'deer', 'frog', 'cat']",horse
38342,0,"['horse', 'deer', 'frog', 'cat']",horse
38343,5,"['frog', 'ship', 'airplane', 'automobile']",ship
38344,0,"['horse', 'deer', 'frog', 'cat']",horse
38345,0,"['horse', 'deer', 'frog', 'cat']",horse
38346,5,"['frog', 'ship', 'airplane', 'automobile']",ship
38347,1,"['bird', 'dog', 'frog', 'cat', 'airplane']",airplane
38348,8,"['horse', 'airplane', 'cat', 'frog']",horse
38349,2,"['ship', 'cat', 'automobile', 'airplane']",cat
38350,4,"['cat', 'automobile', 'frog', 'airplane']",automobile
38351,4,"['cat', 'automobile', 'frog', 'airplane']",airplane
38352,2,"['ship', 'cat', 'automobile', 'airplane']",cat
38353,4,"['cat', 'automobile', 'frog', 'airplane']",automobile
38354,4,"['cat', 'automobile', 'frog', 'airplane']",automobile
38355,6,"['automobile', 'horse', 'ship', 'airplane']",airplane
38356,7,"['automobile', 'cat', 'airplane', 'frog']",cat
38357,9,"['dog', 'frog', 'cat', 'airplane']",airplane
38358,7,"['automobile', 'cat', 'airplane', 'frog']",cat
38359,5,"['frog', 'ship', 'airplane', 'automobile']",ship
38360,3,"['frog', 'ship', 'automobile', 'airplane']",ship
38361,5,"['frog', 'ship', 'airplane', 'automobile']",ship
38362,8,"['horse', 'airplane', 'cat', 'frog']",horse
38363,9,"['dog', 'frog', 'cat', 'airplane']",airplane
38364,3,"['frog', 'ship', 'automobile', 'airplane']",frog
38365,2,"['ship', 'cat', 'automobile', 'airplane']",automobile
38366,5,"['frog', 'ship', 'airplane', 'automobile']",ship
38367,7,"['automobile', 'cat', 'airplane', 'frog']",cat
38368,0,"['horse', 'deer', 'frog', 'cat']",horse
38369,5,"['frog', 'ship', 'airplane', 'automobile']",ship
38370,9,"['dog', 'frog', 'cat', 'airplane']",airplane
38371,8,"['horse', 'airplane', 'cat', 'frog']",horse
38372,6,"['automobile', 'horse', 'ship', 'airplane']",airplane
38373,5,"['frog', 'ship', 'airplane', 'automobile']",ship
38374,8,"['horse', 'airplane', 'cat', 'frog']",horse
38375,4,"['cat', 'automobile', 'frog', 'airplane']",automobile
38376,4,"['cat', 'automobile', 'frog', 'airplane']",automobile
38377,3,"['frog', 'ship', 'automobile', 'airplane']",ship
38378,9,"['dog', 'frog', 'cat', 'airplane']",dog
38379,9,"['dog', 'frog', 'cat', 'airplane']",airplane
38380,9,"['dog', 'frog', 'cat', 'airplane']",airplane
38381,8,"['horse', 'airplane', 'cat', 'frog']",horse
38382,8,"['horse', 'airplane', 'cat', 'frog']",horse
38383,3,"['frog', 'ship', 'automobile', 'airplane']",ship
38384,8,"['horse', 'airplane', 'cat', 'frog']",horse
38385,5,"['frog', 'ship', 'airplane', 'automobile']",ship
38386,4,"['cat', 'automobile', 'frog', 'airplane']",automobile
38387,0,"['horse', 'deer', 'frog', 'cat']",horse
38388,7,"['automobile', 'cat', 'airplane', 'frog']",airplane
38389,2,"['ship', 'cat', 'automobile', 'airplane']",cat
38390,3,"['frog', 'ship', 'automobile', 'airplane']",ship
38391,6,"['automobile', 'horse', 'ship', 'airplane']",airplane
38392,5,"['frog', 'ship', 'airplane', 'automobile']",ship
38393,9,"['dog', 'frog', 'cat', 'airplane']",airplane
38394,7,"['automobile', 'cat', 'airplane', 'frog']",cat
38395,4,"['cat', 'automobile', 'frog', 'airplane']",automobile
38396,6,"['automobile', 'horse', 'ship', 'airplane']",airplane
38397,6,"['automobile', 'horse', 'ship', 'airplane']",airplane
38398,2,"['ship', 'cat', 'automobile', 'airplane']",cat
38399,2,"['ship', 'cat', 'automobile', 'airplane']",cat
38400,3,"['frog', 'ship', 'automobile', 'airplane']",ship
38401,6,"['automobile', 'horse', 'ship', 'airplane']",automobile
38402,9,"['dog', 'frog', 'cat', 'airplane']",airplane
38403,5,"['frog', 'ship', 'airplane', 'automobile']",ship
38404,4,"['cat', 'automobile', 'frog', 'airplane']",automobile
38405,9,"['dog', 'frog', 'cat', 'airplane']",dog
38406,9,"['dog', 'frog', 'cat', 'airplane']",airplane
38407,2,"['ship', 'cat', 'automobile', 'airplane']",automobile
38408,8,"['horse', 'airplane', 'cat', 'frog']",horse
38409,6,"['automobile', 'horse', 'ship', 'airplane']",airplane
38410,0,"['horse', 'deer', 'frog', 'cat']",horse
38411,5,"['frog', 'ship', 'airplane', 'automobile']",ship
38412,8,"['horse', 'airplane', 'cat', 'frog']",horse
38413,8,"['horse', 'airplane', 'cat', 'frog']",horse
38414,9,"['dog', 'frog', 'cat', 'airplane']",dog
38415,7,"['automobile', 'cat', 'airplane', 'frog']",airplane
38416,8,"['horse', 'airplane', 'cat', 'frog']",horse
38417,5,"['frog', 'ship', 'airplane', 'automobile']",ship
38418,4,"['cat', 'automobile', 'frog', 'airplane']",automobile
38419,0,"['horse', 'deer', 'frog', 'cat']",horse
38420,1,"['bird', 'dog', 'frog', 'cat', 'airplane']",airplane
38421,8,"['horse', 'airplane', 'cat', 'frog']",horse
38422,7,"['automobile', 'cat', 'airplane', 'frog']",frog
38423,3,"['frog', 'ship', 'automobile', 'airplane']",ship
38424,5,"['frog', 'ship', 'airplane', 'automobile']",ship
38425,7,"['automobile', 'cat', 'airplane', 'frog']",cat
38426,9,"['dog', 'frog', 'cat', 'airplane']",airplane
38427,5,"['frog', 'ship', 'airplane', 'automobile']",ship
38428,6,"['automobile', 'horse', 'ship', 'airplane']",horse
38429,3,"['frog', 'ship', 'automobile', 'airplane']",ship
38430,9,"['dog', 'frog', 'cat', 'airplane']",airplane
38431,0,"['horse', 'deer', 'frog', 'cat']",horse
38432,3,"['frog', 'ship', 'automobile', 'airplane']",ship
38433,0,"['horse', 'deer', 'frog', 'cat']",horse
38434,2,"['ship', 'cat', 'automobile', 'airplane']",automobile
38435,7,"['automobile', 'cat', 'airplane', 'frog']",cat
38436,8,"['horse', 'airplane', 'cat', 'frog']",horse
38437,5,"['frog', 'ship', 'airplane', 'automobile']",ship
38438,6,"['automobile', 'horse', 'ship', 'airplane']",airplane
38439,2,"['ship', 'cat', 'automobile', 'airplane']",automobile
38440,7,"['automobile', 'cat', 'airplane', 'frog']",airplane
38441,8,"['horse', 'airplane', 'cat', 'frog']",horse
38442,3,"['frog', 'ship', 'automobile', 'airplane']",ship
38443,8,"['horse', 'airplane', 'cat', 'frog']",horse
38444,3,"['frog', 'ship', 'automobile', 'airplane']",ship
38445,3,"['frog', 'ship', 'automobile', 'airplane']",ship
38446,1,"['bird', 'dog', 'frog', 'cat', 'airplane']",airplane
38447,5,"['frog', 'ship', 'airplane', 'automobile']",ship
38448,1,"['bird', 'dog', 'frog', 'cat', 'airplane']",airplane
38449,3,"['frog', 'ship', 'automobile', 'airplane']",ship
38450,6,"['automobile', 'horse', 'ship', 'airplane']",airplane
38451,2,"['ship', 'cat', 'automobile', 'airplane']",cat
38452,1,"['bird', 'dog', 'frog', 'cat', 'airplane']",airplane
38453,8,"['horse', 'airplane', 'cat', 'frog']",cat
38454,4,"['cat', 'automobile', 'frog', 'airplane']",automobile
38455,4,"['cat', 'automobile', 'frog', 'airplane']",airplane
38456,2,"['ship', 'cat', 'automobile', 'airplane']",automobile
38457,2,"['ship', 'cat', 'automobile', 'airplane']",cat
38458,8,"['horse', 'airplane', 'cat', 'frog']",horse
38459,2,"['ship', 'cat', 'automobile', 'airplane']",ship
38460,8,"['horse', 'airplane', 'cat', 'frog']",horse
38461,6,"['automobile', 'horse', 'ship', 'airplane']",ship
38462,6,"['automobile', 'horse', 'ship', 'airplane']",airplane
38463,1,"['bird', 'dog', 'frog', 'cat', 'airplane']",airplane
38464,1,"['bird', 'dog', 'frog', 'cat', 'airplane']",airplane
38465,4,"['cat', 'automobile', 'frog', 'airplane']",automobile
38466,0,"['horse', 'deer', 'frog', 'cat']",horse
38467,8,"['horse', 'airplane', 'cat', 'frog']",horse
38468,7,"['automobile', 'cat', 'airplane', 'frog']",cat
38469,8,"['horse', 'airplane', 'cat', 'frog']",horse
38470,6,"['automobile', 'horse', 'ship', 'airplane']",airplane
38471,5,"['frog', 'ship', 'airplane', 'automobile']",ship
38472,3,"['frog', 'ship', 'automobile', 'airplane']",ship
38473,9,"['dog', 'frog', 'cat', 'airplane']",airplane
38474,7,"['automobile', 'cat', 'airplane', 'frog']",cat
38475,6,"['automobile', 'horse', 'ship', 'airplane']",airplane
38476,2,"['ship', 'cat', 'automobile', 'airplane']",automobile
38477,8,"['horse', 'airplane', 'cat', 'frog']",horse
38478,0,"['horse', 'deer', 'frog', 'cat']",horse
38479,0,"['horse', 'deer', 'frog', 'cat']",horse
38480,2,"['ship', 'cat', 'automobile', 'airplane']",cat
38481,9,"['dog', 'frog', 'cat', 'airplane']",airplane
38482,1,"['bird', 'dog', 'frog', 'cat', 'airplane']",airplane
38483,9,"['dog', 'frog', 'cat', 'airplane']",airplane
38484,1,"['bird', 'dog', 'frog', 'cat', 'airplane']",airplane
38485,3,"['frog', 'ship', 'automobile', 'airplane']",ship
38486,7,"['automobile', 'cat', 'airplane', 'frog']",frog
38487,1,"['bird', 'dog', 'frog', 'cat', 'airplane']",airplane
38488,2,"['ship', 'cat', 'automobile', 'airplane']",cat
38489,5,"['frog', 'ship', 'airplane', 'automobile']",ship
38490,6,"['automobile', 'horse', 'ship', 'airplane']",airplane
38491,1,"['bird', 'dog', 'frog', 'cat', 'airplane']",airplane
38492,4,"['cat', 'automobile', 'frog', 'airplane']",airplane
38493,1,"['bird', 'dog', 'frog', 'cat', 'airplane']",airplane
38494,9,"['dog', 'frog', 'cat', 'airplane']",dog
38495,8,"['horse', 'airplane', 'cat', 'frog']",horse
38496,4,"['cat', 'automobile', 'frog', 'airplane']",automobile
38497,4,"['cat', 'automobile', 'frog', 'airplane']",automobile
38498,5,"['frog', 'ship', 'airplane', 'automobile']",ship
38499,0,"['horse', 'deer', 'frog', 'cat']",horse
38500,7,"['automobile', 'cat', 'airplane', 'frog']",cat
38501,9,"['dog', 'frog', 'cat', 'airplane']",airplane
38502,2,"['ship', 'cat', 'automobile', 'airplane']",cat
38503,5,"['frog', 'ship', 'airplane', 'automobile']",ship
38504,3,"['frog', 'ship', 'automobile', 'airplane']",ship
38505,7,"['automobile', 'cat', 'airplane', 'frog']",airplane
38506,8,"['horse', 'airplane', 'cat', 'frog']",horse
38507,5,"['frog', 'ship', 'airplane', 'automobile']",ship
38508,6,"['automobile', 'horse', 'ship', 'airplane']",airplane
38509,2,"['ship', 'cat', 'automobile', 'airplane']",automobile
38510,7,"['automobile', 'cat', 'airplane', 'frog']",cat
38511,4,"['cat', 'automobile', 'frog', 'airplane']",automobile
38512,7,"['automobile', 'cat', 'airplane', 'frog']",cat
38513,5,"['frog', 'ship', 'airplane', 'automobile']",ship
38514,1,"['bird', 'dog', 'frog', 'cat', 'airplane']",airplane
38515,1,"['bird', 'dog', 'frog', 'cat', 'airplane']",airplane
38516,9,"['dog', 'frog', 'cat', 'airplane']",dog
38517,4,"['cat', 'automobile', 'frog', 'airplane']",automobile
38518,0,"['horse', 'deer', 'frog', 'cat']",frog
38519,0,"['horse', 'deer', 'frog', 'cat']",horse
38520,2,"['ship', 'cat', 'automobile', 'airplane']",cat
38521,3,"['frog', 'ship', 'automobile', 'airplane']",ship
38522,1,"['bird', 'dog', 'frog', 'cat', 'airplane']",airplane
38523,8,"['horse', 'airplane', 'cat', 'frog']",horse
38524,8,"['horse', 'airplane', 'cat', 'frog']",horse
38525,8,"['horse', 'airplane', 'cat', 'frog']",horse
38526,4,"['cat', 'automobile', 'frog', 'airplane']",automobile
38527,6,"['automobile', 'horse', 'ship', 'airplane']",airplane
38528,7,"['automobile', 'cat', 'airplane', 'frog']",airplane
38529,5,"['frog', 'ship', 'airplane', 'automobile']",ship
38530,9,"['dog', 'frog', 'cat', 'airplane']",airplane
38531,2,"['ship', 'cat', 'automobile', 'airplane']",cat
38532,9,"['dog', 'frog', 'cat', 'airplane']",airplane
38533,0,"['horse', 'deer', 'frog', 'cat']",horse
38534,6,"['automobile', 'horse', 'ship', 'airplane']",ship
38535,2,"['ship', 'cat', 'automobile', 'airplane']",automobile
38536,0,"['horse', 'deer', 'frog', 'cat']",horse
38537,6,"['automobile', 'horse', 'ship', 'airplane']",airplane
38538,7,"['automobile', 'cat', 'airplane', 'frog']",airplane
38539,7,"['automobile', 'cat', 'airplane', 'frog']",airplane
38540,8,"['horse', 'airplane', 'cat', 'frog']",horse
38541,9,"['dog', 'frog', 'cat', 'airplane']",airplane
38542,1,"['bird', 'dog', 'frog', 'cat', 'airplane']",airplane
38543,4,"['cat', 'automobile', 'frog', 'airplane']",automobile
38544,8,"['horse', 'airplane', 'cat', 'frog']",horse
38545,0,"['horse', 'deer', 'frog', 'cat']",horse
38546,2,"['ship', 'cat', 'automobile', 'airplane']",cat
38547,0,"['horse', 'deer', 'frog', 'cat']",horse
38548,6,"['automobile', 'horse', 'ship', 'airplane']",airplane
38549,1,"['bird', 'dog', 'frog', 'cat', 'airplane']",airplane
38550,7,"['automobile', 'cat', 'airplane', 'frog']",airplane
38551,0,"['horse', 'deer', 'frog', 'cat']",horse
38552,3,"['frog', 'ship', 'automobile', 'airplane']",ship
38553,7,"['automobile', 'cat', 'airplane', 'frog']",cat
38554,8,"['horse', 'airplane', 'cat', 'frog']",horse
38555,5,"['frog', 'ship', 'airplane', 'automobile']",ship
38556,2,"['ship', 'cat', 'automobile', 'airplane']",automobile
38557,3,"['frog', 'ship', 'automobile', 'airplane']",ship
38558,2,"['ship', 'cat', 'automobile', 'airplane']",cat
38559,6,"['automobile', 'horse', 'ship', 'airplane']",horse
38560,2,"['ship', 'cat', 'automobile', 'airplane']",cat
38561,9,"['dog', 'frog', 'cat', 'airplane']",dog
38562,1,"['bird', 'dog', 'frog', 'cat', 'airplane']",airplane
38563,2,"['ship', 'cat', 'automobile', 'airplane']",cat
38564,5,"['frog', 'ship', 'airplane', 'automobile']",ship
38565,2,"['ship', 'cat', 'automobile', 'airplane']",cat
38566,0,"['horse', 'deer', 'frog', 'cat']",horse
38567,8,"['horse', 'airplane', 'cat', 'frog']",horse
38568,6,"['automobile', 'horse', 'ship', 'airplane']",airplane
38569,9,"['dog', 'frog', 'cat', 'airplane']",airplane
38570,5,"['frog', 'ship', 'airplane', 'automobile']",ship
38571,1,"['bird', 'dog', 'frog', 'cat', 'airplane']",airplane
38572,6,"['automobile', 'horse', 'ship', 'airplane']",airplane
38573,2,"['ship', 'cat', 'automobile', 'airplane']",cat
38574,0,"['horse', 'deer', 'frog', 'cat']",horse
38575,7,"['automobile', 'cat', 'airplane', 'frog']",cat
38576,0,"['horse', 'deer', 'frog', 'cat']",horse
38577,1,"['bird', 'dog', 'frog', 'cat', 'airplane']",airplane
38578,4,"['cat', 'automobile', 'frog', 'airplane']",automobile
38579,1,"['bird', 'dog', 'frog', 'cat', 'airplane']",airplane
38580,0,"['horse', 'deer', 'frog', 'cat']",deer
38581,0,"['horse', 'deer', 'frog', 'cat']",horse
38582,5,"['frog', 'ship', 'airplane', 'automobile']",ship
38583,6,"['automobile', 'horse', 'ship', 'airplane']",airplane
38584,4,"['cat', 'automobile', 'frog', 'airplane']",automobile
38585,9,"['dog', 'frog', 'cat', 'airplane']",airplane
38586,0,"['horse', 'deer', 'frog', 'cat']",horse
38587,8,"['horse', 'airplane', 'cat', 'frog']",horse
38588,6,"['automobile', 'horse', 'ship', 'airplane']",airplane
38589,8,"['horse', 'airplane', 'cat', 'frog']",horse
38590,1,"['bird', 'dog', 'frog', 'cat', 'airplane']",airplane
38591,0,"['horse', 'deer', 'frog', 'cat']",horse
38592,2,"['ship', 'cat', 'automobile', 'airplane']",cat
38593,4,"['cat', 'automobile', 'frog', 'airplane']",automobile
38594,2,"['ship', 'cat', 'automobile', 'airplane']",cat
38595,7,"['automobile', 'cat', 'airplane', 'frog']",cat
38596,1,"['bird', 'dog', 'frog', 'cat', 'airplane']",airplane
38597,7,"['automobile', 'cat', 'airplane', 'frog']",cat
38598,4,"['cat', 'automobile', 'frog', 'airplane']",automobile
38599,8,"['horse', 'airplane', 'cat', 'frog']",horse
38600,5,"['frog', 'ship', 'airplane', 'automobile']",frog
38601,9,"['dog', 'frog', 'cat', 'airplane']",dog
38602,9,"['dog', 'frog', 'cat', 'airplane']",dog
38603,4,"['cat', 'automobile', 'frog', 'airplane']",automobile
38604,7,"['automobile', 'cat', 'airplane', 'frog']",cat
38605,2,"['ship', 'cat', 'automobile', 'airplane']",cat
38606,6,"['automobile', 'horse', 'ship', 'airplane']",airplane
38607,8,"['horse', 'airplane', 'cat', 'frog']",horse
38608,8,"['horse', 'airplane', 'cat', 'frog']",horse
38609,3,"['frog', 'ship', 'automobile', 'airplane']",ship
38610,1,"['bird', 'dog', 'frog', 'cat', 'airplane']",airplane
38611,7,"['automobile', 'cat', 'airplane', 'frog']",cat
38612,6,"['automobile', 'horse', 'ship', 'airplane']",airplane
38613,0,"['horse', 'deer', 'frog', 'cat']",horse
38614,3,"['frog', 'ship', 'automobile', 'airplane']",ship
38615,7,"['automobile', 'cat', 'airplane', 'frog']",airplane
38616,7,"['automobile', 'cat', 'airplane', 'frog']",cat
38617,0,"['horse', 'deer', 'frog', 'cat']",horse
38618,0,"['horse', 'deer', 'frog', 'cat']",horse
38619,8,"['horse', 'airplane', 'cat', 'frog']",horse
38620,3,"['frog', 'ship', 'automobile', 'airplane']",ship
38621,9,"['dog', 'frog', 'cat', 'airplane']",airplane
38622,2,"['ship', 'cat', 'automobile', 'airplane']",automobile
38623,2,"['ship', 'cat', 'automobile', 'airplane']",cat
38624,5,"['frog', 'ship', 'airplane', 'automobile']",ship
38625,8,"['horse', 'airplane', 'cat', 'frog']",horse
38626,3,"['frog', 'ship', 'automobile', 'airplane']",ship
38627,5,"['frog', 'ship', 'airplane', 'automobile']",ship
38628,0,"['horse', 'deer', 'frog', 'cat']",horse
38629,5,"['frog', 'ship', 'airplane', 'automobile']",ship
38630,1,"['bird', 'dog', 'frog', 'cat', 'airplane']",airplane
38631,8,"['horse', 'airplane', 'cat', 'frog']",horse
38632,5,"['frog', 'ship', 'airplane', 'automobile']",ship
38633,0,"['horse', 'deer', 'frog', 'cat']",horse
38634,3,"['frog', 'ship', 'automobile', 'airplane']",ship
38635,0,"['horse', 'deer', 'frog', 'cat']",horse
38636,5,"['frog', 'ship', 'airplane', 'automobile']",ship
38637,1,"['bird', 'dog', 'frog', 'cat', 'airplane']",airplane
38638,2,"['ship', 'cat', 'automobile', 'airplane']",cat
38639,0,"['horse', 'deer', 'frog', 'cat']",horse
38640,4,"['cat', 'automobile', 'frog', 'airplane']",automobile
38641,6,"['automobile', 'horse', 'ship', 'airplane']",airplane
38642,1,"['bird', 'dog', 'frog', 'cat', 'airplane']",airplane
38643,1,"['bird', 'dog', 'frog', 'cat', 'airplane']",airplane
38644,9,"['dog', 'frog', 'cat', 'airplane']",airplane
38645,8,"['horse', 'airplane', 'cat', 'frog']",horse
38646,1,"['bird', 'dog', 'frog', 'cat', 'airplane']",airplane
38647,3,"['frog', 'ship', 'automobile', 'airplane']",ship
38648,3,"['frog', 'ship', 'automobile', 'airplane']",ship
38649,3,"['frog', 'ship', 'automobile', 'airplane']",ship
38650,1,"['bird', 'dog', 'frog', 'cat', 'airplane']",airplane
38651,9,"['dog', 'frog', 'cat', 'airplane']",airplane
38652,3,"['frog', 'ship', 'automobile', 'airplane']",ship
38653,7,"['automobile', 'cat', 'airplane', 'frog']",airplane
38654,3,"['frog', 'ship', 'automobile', 'airplane']",ship
38655,2,"['ship', 'cat', 'automobile', 'airplane']",automobile
38656,0,"['horse', 'deer', 'frog', 'cat']",horse
38657,5,"['frog', 'ship', 'airplane', 'automobile']",ship
38658,1,"['bird', 'dog', 'frog', 'cat', 'airplane']",airplane
38659,6,"['automobile', 'horse', 'ship', 'airplane']",airplane
38660,4,"['cat', 'automobile', 'frog', 'airplane']",automobile
38661,4,"['cat', 'automobile', 'frog', 'airplane']",automobile
38662,6,"['automobile', 'horse', 'ship', 'airplane']",airplane
38663,9,"['dog', 'frog', 'cat', 'airplane']",airplane
38664,2,"['ship', 'cat', 'automobile', 'airplane']",cat
38665,6,"['automobile', 'horse', 'ship', 'airplane']",automobile
38666,8,"['horse', 'airplane', 'cat', 'frog']",horse
38667,7,"['automobile', 'cat', 'airplane', 'frog']",airplane
38668,4,"['cat', 'automobile', 'frog', 'airplane']",automobile
38669,9,"['dog', 'frog', 'cat', 'airplane']",dog
38670,0,"['horse', 'deer', 'frog', 'cat']",horse
38671,6,"['automobile', 'horse', 'ship', 'airplane']",airplane
38672,5,"['frog', 'ship', 'airplane', 'automobile']",ship
38673,3,"['frog', 'ship', 'automobile', 'airplane']",ship
38674,6,"['automobile', 'horse', 'ship', 'airplane']",airplane
38675,0,"['horse', 'deer', 'frog', 'cat']",horse
38676,2,"['ship', 'cat', 'automobile', 'airplane']",cat
38677,6,"['automobile', 'horse', 'ship', 'airplane']",automobile
38678,7,"['automobile', 'cat', 'airplane', 'frog']",cat
38679,3,"['frog', 'ship', 'automobile', 'airplane']",ship
38680,5,"['frog', 'ship', 'airplane', 'automobile']",frog
38681,0,"['horse', 'deer', 'frog', 'cat']",horse
38682,1,"['bird', 'dog', 'frog', 'cat', 'airplane']",airplane
38683,0,"['horse', 'deer', 'frog', 'cat']",horse
38684,3,"['frog', 'ship', 'automobile', 'airplane']",ship
38685,4,"['cat', 'automobile', 'frog', 'airplane']",frog
38686,8,"['horse', 'airplane', 'cat', 'frog']",horse
38687,9,"['dog', 'frog', 'cat', 'airplane']",dog
38688,7,"['automobile', 'cat', 'airplane', 'frog']",cat
38689,8,"['horse', 'airplane', 'cat', 'frog']",horse
38690,6,"['automobile', 'horse', 'ship', 'airplane']",airplane
38691,1,"['bird', 'dog', 'frog', 'cat', 'airplane']",airplane
38692,5,"['frog', 'ship', 'airplane', 'automobile']",ship
38693,7,"['automobile', 'cat', 'airplane', 'frog']",airplane
38694,8,"['horse', 'airplane', 'cat', 'frog']",horse
38695,5,"['frog', 'ship', 'airplane', 'automobile']",ship
38696,5,"['frog', 'ship', 'airplane', 'automobile']",ship
38697,3,"['frog', 'ship', 'automobile', 'airplane']",frog
38698,6,"['automobile', 'horse', 'ship', 'airplane']",airplane
38699,3,"['frog', 'ship', 'automobile', 'airplane']",ship
38700,8,"['horse', 'airplane', 'cat', 'frog']",horse
38701,4,"['cat', 'automobile', 'frog', 'airplane']",automobile
38702,3,"['frog', 'ship', 'automobile', 'airplane']",ship
38703,7,"['automobile', 'cat', 'airplane', 'frog']",cat
38704,2,"['ship', 'cat', 'automobile', 'airplane']",cat
38705,2,"['ship', 'cat', 'automobile', 'airplane']",cat
38706,3,"['frog', 'ship', 'automobile', 'airplane']",ship
38707,6,"['automobile', 'horse', 'ship', 'airplane']",airplane
38708,4,"['cat', 'automobile', 'frog', 'airplane']",automobile
38709,5,"['frog', 'ship', 'airplane', 'automobile']",ship
38710,1,"['bird', 'dog', 'frog', 'cat', 'airplane']",airplane
38711,0,"['horse', 'deer', 'frog', 'cat']",horse
38712,4,"['cat', 'automobile', 'frog', 'airplane']",automobile
38713,7,"['automobile', 'cat', 'airplane', 'frog']",airplane
38714,4,"['cat', 'automobile', 'frog', 'airplane']",automobile
38715,8,"['horse', 'airplane', 'cat', 'frog']",horse
38716,0,"['horse', 'deer', 'frog', 'cat']",horse
38717,5,"['frog', 'ship', 'airplane', 'automobile']",ship
38718,0,"['horse', 'deer', 'frog', 'cat']",horse
38719,1,"['bird', 'dog', 'frog', 'cat', 'airplane']",airplane
38720,4,"['cat', 'automobile', 'frog', 'airplane']",automobile
38721,6,"['automobile', 'horse', 'ship', 'airplane']",horse
38722,2,"['ship', 'cat', 'automobile', 'airplane']",cat
38723,6,"['automobile', 'horse', 'ship', 'airplane']",airplane
38724,8,"['horse', 'airplane', 'cat', 'frog']",horse
38725,1,"['bird', 'dog', 'frog', 'cat', 'airplane']",airplane
38726,8,"['horse', 'airplane', 'cat', 'frog']",horse
38727,8,"['horse', 'airplane', 'cat', 'frog']",horse
38728,4,"['cat', 'automobile', 'frog', 'airplane']",automobile
38729,7,"['automobile', 'cat', 'airplane', 'frog']",cat
38730,4,"['cat', 'automobile', 'frog', 'airplane']",automobile
38731,2,"['ship', 'cat', 'automobile', 'airplane']",cat
38732,7,"['automobile', 'cat', 'airplane', 'frog']",cat
38733,8,"['horse', 'airplane', 'cat', 'frog']",horse
38734,8,"['horse', 'airplane', 'cat', 'frog']",horse
38735,1,"['bird', 'dog', 'frog', 'cat', 'airplane']",airplane
38736,6,"['automobile', 'horse', 'ship', 'airplane']",airplane
38737,7,"['automobile', 'cat', 'airplane', 'frog']",cat
38738,6,"['automobile', 'horse', 'ship', 'airplane']",airplane
38739,5,"['frog', 'ship', 'airplane', 'automobile']",ship
38740,9,"['dog', 'frog', 'cat', 'airplane']",airplane
38741,2,"['ship', 'cat', 'automobile', 'airplane']",cat
38742,9,"['dog', 'frog', 'cat', 'airplane']",dog
38743,8,"['horse', 'airplane', 'cat', 'frog']",horse
38744,1,"['bird', 'dog', 'frog', 'cat', 'airplane']",airplane
38745,2,"['ship', 'cat', 'automobile', 'airplane']",cat
38746,2,"['ship', 'cat', 'automobile', 'airplane']",cat
38747,6,"['automobile', 'horse', 'ship', 'airplane']",airplane
38748,0,"['horse', 'deer', 'frog', 'cat']",horse
38749,7,"['automobile', 'cat', 'airplane', 'frog']",airplane
38750,2,"['ship', 'cat', 'automobile', 'airplane']",cat
38751,6,"['automobile', 'horse', 'ship', 'airplane']",airplane
38752,9,"['dog', 'frog', 'cat', 'airplane']",airplane
38753,0,"['horse', 'deer', 'frog', 'cat']",horse
38754,8,"['horse', 'airplane', 'cat', 'frog']",horse
38755,4,"['cat', 'automobile', 'frog', 'airplane']",automobile
38756,1,"['bird', 'dog', 'frog', 'cat', 'airplane']",airplane
38757,6,"['automobile', 'horse', 'ship', 'airplane']",airplane
38758,5,"['frog', 'ship', 'airplane', 'automobile']",ship
38759,9,"['dog', 'frog', 'cat', 'airplane']",dog
38760,7,"['automobile', 'cat', 'airplane', 'frog']",cat
38761,3,"['frog', 'ship', 'automobile', 'airplane']",ship
38762,4,"['cat', 'automobile', 'frog', 'airplane']",automobile
38763,6,"['automobile', 'horse', 'ship', 'airplane']",airplane
38764,3,"['frog', 'ship', 'automobile', 'airplane']",ship
38765,2,"['ship', 'cat', 'automobile', 'airplane']",cat
38766,2,"['ship', 'cat', 'automobile', 'airplane']",cat
38767,7,"['automobile', 'cat', 'airplane', 'frog']",cat
38768,9,"['dog', 'frog', 'cat', 'airplane']",dog
38769,6,"['automobile', 'horse', 'ship', 'airplane']",airplane
38770,0,"['horse', 'deer', 'frog', 'cat']",horse
38771,6,"['automobile', 'horse', 'ship', 'airplane']",airplane
38772,0,"['horse', 'deer', 'frog', 'cat']",horse
38773,6,"['automobile', 'horse', 'ship', 'airplane']",airplane
38774,4,"['cat', 'automobile', 'frog', 'airplane']",automobile
38775,5,"['frog', 'ship', 'airplane', 'automobile']",ship
38776,4,"['cat', 'automobile', 'frog', 'airplane']",automobile
38777,9,"['dog', 'frog', 'cat', 'airplane']",airplane
38778,9,"['dog', 'frog', 'cat', 'airplane']",airplane
38779,8,"['horse', 'airplane', 'cat', 'frog']",horse
38780,7,"['automobile', 'cat', 'airplane', 'frog']",cat
38781,3,"['frog', 'ship', 'automobile', 'airplane']",ship
38782,0,"['horse', 'deer', 'frog', 'cat']",horse
38783,0,"['horse', 'deer', 'frog', 'cat']",horse
38784,5,"['frog', 'ship', 'airplane', 'automobile']",ship
38785,1,"['bird', 'dog', 'frog', 'cat', 'airplane']",airplane
38786,6,"['automobile', 'horse', 'ship', 'airplane']",airplane
38787,4,"['cat', 'automobile', 'frog', 'airplane']",automobile
38788,5,"['frog', 'ship', 'airplane', 'automobile']",ship
38789,9,"['dog', 'frog', 'cat', 'airplane']",dog
38790,5,"['frog', 'ship', 'airplane', 'automobile']",ship
38791,0,"['horse', 'deer', 'frog', 'cat']",horse
38792,5,"['frog', 'ship', 'airplane', 'automobile']",ship
38793,9,"['dog', 'frog', 'cat', 'airplane']",airplane
38794,4,"['cat', 'automobile', 'frog', 'airplane']",automobile
38795,1,"['bird', 'dog', 'frog', 'cat', 'airplane']",airplane
38796,0,"['horse', 'deer', 'frog', 'cat']",horse
38797,8,"['horse', 'airplane', 'cat', 'frog']",horse
38798,7,"['automobile', 'cat', 'airplane', 'frog']",cat
38799,1,"['bird', 'dog', 'frog', 'cat', 'airplane']",airplane
38800,8,"['horse', 'airplane', 'cat', 'frog']",horse
38801,2,"['ship', 'cat', 'automobile', 'airplane']",cat
38802,4,"['cat', 'automobile', 'frog', 'airplane']",automobile
38803,7,"['automobile', 'cat', 'airplane', 'frog']",cat
38804,1,"['bird', 'dog', 'frog', 'cat', 'airplane']",airplane
38805,4,"['cat', 'automobile', 'frog', 'airplane']",automobile
38806,2,"['ship', 'cat', 'automobile', 'airplane']",automobile
38807,5,"['frog', 'ship', 'airplane', 'automobile']",ship
38808,8,"['horse', 'airplane', 'cat', 'frog']",horse
38809,8,"['horse', 'airplane', 'cat', 'frog']",horse
38810,4,"['cat', 'automobile', 'frog', 'airplane']",automobile
38811,3,"['frog', 'ship', 'automobile', 'airplane']",ship
38812,1,"['bird', 'dog', 'frog', 'cat', 'airplane']",airplane
38813,2,"['ship', 'cat', 'automobile', 'airplane']",cat
38814,7,"['automobile', 'cat', 'airplane', 'frog']",cat
38815,8,"['horse', 'airplane', 'cat', 'frog']",horse
38816,1,"['bird', 'dog', 'frog', 'cat', 'airplane']",airplane
38817,8,"['horse', 'airplane', 'cat', 'frog']",horse
38818,1,"['bird', 'dog', 'frog', 'cat', 'airplane']",airplane
38819,5,"['frog', 'ship', 'airplane', 'automobile']",ship
38820,9,"['dog', 'frog', 'cat', 'airplane']",airplane
38821,4,"['cat', 'automobile', 'frog', 'airplane']",automobile
38822,1,"['bird', 'dog', 'frog', 'cat', 'airplane']",airplane
38823,0,"['horse', 'deer', 'frog', 'cat']",horse
38824,4,"['cat', 'automobile', 'frog', 'airplane']",airplane
38825,3,"['frog', 'ship', 'automobile', 'airplane']",ship
38826,7,"['automobile', 'cat', 'airplane', 'frog']",cat
38827,9,"['dog', 'frog', 'cat', 'airplane']",airplane
38828,0,"['horse', 'deer', 'frog', 'cat']",horse
38829,3,"['frog', 'ship', 'automobile', 'airplane']",ship
38830,2,"['ship', 'cat', 'automobile', 'airplane']",automobile
38831,6,"['automobile', 'horse', 'ship', 'airplane']",horse
38832,8,"['horse', 'airplane', 'cat', 'frog']",horse
38833,7,"['automobile', 'cat', 'airplane', 'frog']",cat
38834,6,"['automobile', 'horse', 'ship', 'airplane']",airplane
38835,8,"['horse', 'airplane', 'cat', 'frog']",horse
38836,9,"['dog', 'frog', 'cat', 'airplane']",dog
38837,7,"['automobile', 'cat', 'airplane', 'frog']",cat
38838,1,"['bird', 'dog', 'frog', 'cat', 'airplane']",airplane
38839,5,"['frog', 'ship', 'airplane', 'automobile']",ship
38840,5,"['frog', 'ship', 'airplane', 'automobile']",ship
38841,1,"['bird', 'dog', 'frog', 'cat', 'airplane']",airplane
38842,1,"['bird', 'dog', 'frog', 'cat', 'airplane']",airplane
38843,6,"['automobile', 'horse', 'ship', 'airplane']",airplane
38844,6,"['automobile', 'horse', 'ship', 'airplane']",airplane
38845,6,"['automobile', 'horse', 'ship', 'airplane']",airplane
38846,5,"['frog', 'ship', 'airplane', 'automobile']",ship
38847,0,"['horse', 'deer', 'frog', 'cat']",horse
38848,9,"['dog', 'frog', 'cat', 'airplane']",dog
38849,0,"['horse', 'deer', 'frog', 'cat']",frog
38850,8,"['horse', 'airplane', 'cat', 'frog']",horse
38851,5,"['frog', 'ship', 'airplane', 'automobile']",ship
38852,4,"['cat', 'automobile', 'frog', 'airplane']",automobile
38853,6,"['automobile', 'horse', 'ship', 'airplane']",airplane
38854,5,"['frog', 'ship', 'airplane', 'automobile']",ship
38855,0,"['horse', 'deer', 'frog', 'cat']",horse
38856,6,"['automobile', 'horse', 'ship', 'airplane']",ship
38857,8,"['horse', 'airplane', 'cat', 'frog']",horse
38858,1,"['bird', 'dog', 'frog', 'cat', 'airplane']",airplane
38859,5,"['frog', 'ship', 'airplane', 'automobile']",ship
38860,5,"['frog', 'ship', 'airplane', 'automobile']",ship
38861,2,"['ship', 'cat', 'automobile', 'airplane']",cat
38862,8,"['horse', 'airplane', 'cat', 'frog']",horse
38863,9,"['dog', 'frog', 'cat', 'airplane']",airplane
38864,6,"['automobile', 'horse', 'ship', 'airplane']",airplane
38865,6,"['automobile', 'horse', 'ship', 'airplane']",ship
38866,6,"['automobile', 'horse', 'ship', 'airplane']",airplane
38867,8,"['horse', 'airplane', 'cat', 'frog']",horse
38868,9,"['dog', 'frog', 'cat', 'airplane']",dog
38869,4,"['cat', 'automobile', 'frog', 'airplane']",automobile
38870,8,"['horse', 'airplane', 'cat', 'frog']",horse
38871,9,"['dog', 'frog', 'cat', 'airplane']",airplane
38872,1,"['bird', 'dog', 'frog', 'cat', 'airplane']",airplane
38873,9,"['dog', 'frog', 'cat', 'airplane']",airplane
38874,5,"['frog', 'ship', 'airplane', 'automobile']",ship
38875,7,"['automobile', 'cat', 'airplane', 'frog']",cat
38876,4,"['cat', 'automobile', 'frog', 'airplane']",automobile
38877,4,"['cat', 'automobile', 'frog', 'airplane']",automobile
38878,1,"['bird', 'dog', 'frog', 'cat', 'airplane']",airplane
38879,3,"['frog', 'ship', 'automobile', 'airplane']",ship
38880,3,"['frog', 'ship', 'automobile', 'airplane']",ship
38881,8,"['horse', 'airplane', 'cat', 'frog']",horse
38882,5,"['frog', 'ship', 'airplane', 'automobile']",ship
38883,2,"['ship', 'cat', 'automobile', 'airplane']",ship
38884,7,"['automobile', 'cat', 'airplane', 'frog']",cat
38885,0,"['horse', 'deer', 'frog', 'cat']",horse
38886,5,"['frog', 'ship', 'airplane', 'automobile']",ship
38887,3,"['frog', 'ship', 'automobile', 'airplane']",ship
38888,5,"['frog', 'ship', 'airplane', 'automobile']",ship
38889,2,"['ship', 'cat', 'automobile', 'airplane']",cat
38890,7,"['automobile', 'cat', 'airplane', 'frog']",cat
38891,3,"['frog', 'ship', 'automobile', 'airplane']",ship
38892,1,"['bird', 'dog', 'frog', 'cat', 'airplane']",airplane
38893,6,"['automobile', 'horse', 'ship', 'airplane']",airplane
38894,3,"['frog', 'ship', 'automobile', 'airplane']",ship
38895,4,"['cat', 'automobile', 'frog', 'airplane']",automobile
38896,5,"['frog', 'ship', 'airplane', 'automobile']",ship
38897,3,"['frog', 'ship', 'automobile', 'airplane']",ship
38898,0,"['horse', 'deer', 'frog', 'cat']",horse
38899,8,"['horse', 'airplane', 'cat', 'frog']",horse
38900,0,"['horse', 'deer', 'frog', 'cat']",horse
38901,8,"['horse', 'airplane', 'cat', 'frog']",horse
38902,1,"['bird', 'dog', 'frog', 'cat', 'airplane']",airplane
38903,3,"['frog', 'ship', 'automobile', 'airplane']",frog
38904,8,"['horse', 'airplane', 'cat', 'frog']",horse
38905,2,"['ship', 'cat', 'automobile', 'airplane']",cat
38906,4,"['cat', 'automobile', 'frog', 'airplane']",automobile
38907,2,"['ship', 'cat', 'automobile', 'airplane']",cat
38908,1,"['bird', 'dog', 'frog', 'cat', 'airplane']",airplane
38909,4,"['cat', 'automobile', 'frog', 'airplane']",automobile
38910,4,"['cat', 'automobile', 'frog', 'airplane']",automobile
38911,1,"['bird', 'dog', 'frog', 'cat', 'airplane']",airplane
38912,3,"['frog', 'ship', 'automobile', 'airplane']",ship
38913,0,"['horse', 'deer', 'frog', 'cat']",horse
38914,8,"['horse', 'airplane', 'cat', 'frog']",horse
38915,7,"['automobile', 'cat', 'airplane', 'frog']",airplane
38916,9,"['dog', 'frog', 'cat', 'airplane']",dog
38917,6,"['automobile', 'horse', 'ship', 'airplane']",airplane
38918,7,"['automobile', 'cat', 'airplane', 'frog']",frog
38919,1,"['bird', 'dog', 'frog', 'cat', 'airplane']",airplane
38920,7,"['automobile', 'cat', 'airplane', 'frog']",cat
38921,0,"['horse', 'deer', 'frog', 'cat']",horse
38922,6,"['automobile', 'horse', 'ship', 'airplane']",airplane
38923,4,"['cat', 'automobile', 'frog', 'airplane']",automobile
38924,5,"['frog', 'ship', 'airplane', 'automobile']",ship
38925,8,"['horse', 'airplane', 'cat', 'frog']",horse
38926,9,"['dog', 'frog', 'cat', 'airplane']",airplane
38927,8,"['horse', 'airplane', 'cat', 'frog']",horse
38928,9,"['dog', 'frog', 'cat', 'airplane']",dog
38929,1,"['bird', 'dog', 'frog', 'cat', 'airplane']",airplane
38930,4,"['cat', 'automobile', 'frog', 'airplane']",automobile
38931,3,"['frog', 'ship', 'automobile', 'airplane']",ship
38932,3,"['frog', 'ship', 'automobile', 'airplane']",frog
38933,9,"['dog', 'frog', 'cat', 'airplane']",dog
38934,7,"['automobile', 'cat', 'airplane', 'frog']",automobile
38935,1,"['bird', 'dog', 'frog', 'cat', 'airplane']",airplane
38936,6,"['automobile', 'horse', 'ship', 'airplane']",ship
38937,0,"['horse', 'deer', 'frog', 'cat']",horse
38938,7,"['automobile', 'cat', 'airplane', 'frog']",airplane
38939,2,"['ship', 'cat', 'automobile', 'airplane']",cat
38940,4,"['cat', 'automobile', 'frog', 'airplane']",automobile
38941,4,"['cat', 'automobile', 'frog', 'airplane']",automobile
38942,3,"['frog', 'ship', 'automobile', 'airplane']",ship
38943,0,"['horse', 'deer', 'frog', 'cat']",horse
38944,5,"['frog', 'ship', 'airplane', 'automobile']",ship
38945,3,"['frog', 'ship', 'automobile', 'airplane']",ship
38946,1,"['bird', 'dog', 'frog', 'cat', 'airplane']",airplane
38947,7,"['automobile', 'cat', 'airplane', 'frog']",cat
38948,0,"['horse', 'deer', 'frog', 'cat']",horse
38949,8,"['horse', 'airplane', 'cat', 'frog']",horse
38950,1,"['bird', 'dog', 'frog', 'cat', 'airplane']",airplane
38951,3,"['frog', 'ship', 'automobile', 'airplane']",ship
38952,8,"['horse', 'airplane', 'cat', 'frog']",horse
38953,4,"['cat', 'automobile', 'frog', 'airplane']",automobile
38954,5,"['frog', 'ship', 'airplane', 'automobile']",ship
38955,7,"['automobile', 'cat', 'airplane', 'frog']",cat
38956,3,"['frog', 'ship', 'automobile', 'airplane']",ship
38957,6,"['automobile', 'horse', 'ship', 'airplane']",airplane
38958,1,"['bird', 'dog', 'frog', 'cat', 'airplane']",airplane
38959,6,"['automobile', 'horse', 'ship', 'airplane']",airplane
38960,3,"['frog', 'ship', 'automobile', 'airplane']",ship
38961,9,"['dog', 'frog', 'cat', 'airplane']",airplane
38962,7,"['automobile', 'cat', 'airplane', 'frog']",cat
38963,0,"['horse', 'deer', 'frog', 'cat']",horse
38964,4,"['cat', 'automobile', 'frog', 'airplane']",automobile
38965,7,"['automobile', 'cat', 'airplane', 'frog']",cat
38966,5,"['frog', 'ship', 'airplane', 'automobile']",ship
38967,4,"['cat', 'automobile', 'frog', 'airplane']",automobile
38968,6,"['automobile', 'horse', 'ship', 'airplane']",airplane
38969,8,"['horse', 'airplane', 'cat', 'frog']",horse
38970,0,"['horse', 'deer', 'frog', 'cat']",horse
38971,2,"['ship', 'cat', 'automobile', 'airplane']",ship
38972,4,"['cat', 'automobile', 'frog', 'airplane']",automobile
38973,6,"['automobile', 'horse', 'ship', 'airplane']",airplane
38974,1,"['bird', 'dog', 'frog', 'cat', 'airplane']",airplane
38975,5,"['frog', 'ship', 'airplane', 'automobile']",ship
38976,3,"['frog', 'ship', 'automobile', 'airplane']",ship
38977,0,"['horse', 'deer', 'frog', 'cat']",horse
38978,8,"['horse', 'airplane', 'cat', 'frog']",horse
38979,4,"['cat', 'automobile', 'frog', 'airplane']",automobile
38980,0,"['horse', 'deer', 'frog', 'cat']",horse
38981,2,"['ship', 'cat', 'automobile', 'airplane']",cat
38982,3,"['frog', 'ship', 'automobile', 'airplane']",ship
38983,4,"['cat', 'automobile', 'frog', 'airplane']",automobile
38984,3,"['frog', 'ship', 'automobile', 'airplane']",ship
38985,9,"['dog', 'frog', 'cat', 'airplane']",dog
38986,9,"['dog', 'frog', 'cat', 'airplane']",airplane
38987,8,"['horse', 'airplane', 'cat', 'frog']",horse
38988,5,"['frog', 'ship', 'airplane', 'automobile']",ship
38989,2,"['ship', 'cat', 'automobile', 'airplane']",automobile
38990,5,"['frog', 'ship', 'airplane', 'automobile']",ship
38991,2,"['ship', 'cat', 'automobile', 'airplane']",automobile
38992,3,"['frog', 'ship', 'automobile', 'airplane']",ship
38993,6,"['automobile', 'horse', 'ship', 'airplane']",horse
38994,3,"['frog', 'ship', 'automobile', 'airplane']",ship
38995,4,"['cat', 'automobile', 'frog', 'airplane']",automobile
38996,2,"['ship', 'cat', 'automobile', 'airplane']",automobile
38997,5,"['frog', 'ship', 'airplane', 'automobile']",ship
38998,9,"['dog', 'frog', 'cat', 'airplane']",airplane
38999,3,"['frog', 'ship', 'automobile', 'airplane']",ship
39000,6,"['automobile', 'horse', 'ship', 'airplane']",horse
39001,2,"['ship', 'cat', 'automobile', 'airplane']",cat
39002,5,"['frog', 'ship', 'airplane', 'automobile']",ship
39003,4,"['cat', 'automobile', 'frog', 'airplane']",airplane
39004,5,"['frog', 'ship', 'airplane', 'automobile']",ship
39005,4,"['cat', 'automobile', 'frog', 'airplane']",automobile
39006,0,"['horse', 'deer', 'frog', 'cat']",horse
39007,6,"['automobile', 'horse', 'ship', 'airplane']",airplane
39008,2,"['ship', 'cat', 'automobile', 'airplane']",cat
39009,4,"['cat', 'automobile', 'frog', 'airplane']",frog
39010,6,"['automobile', 'horse', 'ship', 'airplane']",airplane
39011,8,"['horse', 'airplane', 'cat', 'frog']",horse
39012,0,"['horse', 'deer', 'frog', 'cat']",horse
39013,3,"['frog', 'ship', 'automobile', 'airplane']",ship
39014,9,"['dog', 'frog', 'cat', 'airplane']",dog
39015,8,"['horse', 'airplane', 'cat', 'frog']",horse
39016,9,"['dog', 'frog', 'cat', 'airplane']",airplane
39017,7,"['automobile', 'cat', 'airplane', 'frog']",cat
39018,5,"['frog', 'ship', 'airplane', 'automobile']",ship
39019,2,"['ship', 'cat', 'automobile', 'airplane']",cat
39020,6,"['automobile', 'horse', 'ship', 'airplane']",airplane
39021,3,"['frog', 'ship', 'automobile', 'airplane']",frog
39022,8,"['horse', 'airplane', 'cat', 'frog']",horse
39023,1,"['bird', 'dog', 'frog', 'cat', 'airplane']",airplane
39024,3,"['frog', 'ship', 'automobile', 'airplane']",ship
39025,9,"['dog', 'frog', 'cat', 'airplane']",airplane
39026,0,"['horse', 'deer', 'frog', 'cat']",horse
39027,0,"['horse', 'deer', 'frog', 'cat']",horse
39028,6,"['automobile', 'horse', 'ship', 'airplane']",automobile
39029,5,"['frog', 'ship', 'airplane', 'automobile']",ship
39030,7,"['automobile', 'cat', 'airplane', 'frog']",cat
39031,6,"['automobile', 'horse', 'ship', 'airplane']",horse
39032,8,"['horse', 'airplane', 'cat', 'frog']",horse
39033,3,"['frog', 'ship', 'automobile', 'airplane']",ship
39034,6,"['automobile', 'horse', 'ship', 'airplane']",airplane
39035,8,"['horse', 'airplane', 'cat', 'frog']",horse
39036,4,"['cat', 'automobile', 'frog', 'airplane']",automobile
39037,0,"['horse', 'deer', 'frog', 'cat']",horse
39038,8,"['horse', 'airplane', 'cat', 'frog']",horse
39039,1,"['bird', 'dog', 'frog', 'cat', 'airplane']",airplane
39040,1,"['bird', 'dog', 'frog', 'cat', 'airplane']",airplane
39041,9,"['dog', 'frog', 'cat', 'airplane']",dog
39042,5,"['frog', 'ship', 'airplane', 'automobile']",ship
39043,9,"['dog', 'frog', 'cat', 'airplane']",dog
39044,0,"['horse', 'deer', 'frog', 'cat']",horse
39045,3,"['frog', 'ship', 'automobile', 'airplane']",ship
39046,6,"['automobile', 'horse', 'ship', 'airplane']",ship
39047,4,"['cat', 'automobile', 'frog', 'airplane']",automobile
39048,9,"['dog', 'frog', 'cat', 'airplane']",airplane
39049,0,"['horse', 'deer', 'frog', 'cat']",horse
39050,9,"['dog', 'frog', 'cat', 'airplane']",airplane
39051,2,"['ship', 'cat', 'automobile', 'airplane']",cat
39052,6,"['automobile', 'horse', 'ship', 'airplane']",airplane
39053,7,"['automobile', 'cat', 'airplane', 'frog']",cat
39054,6,"['automobile', 'horse', 'ship', 'airplane']",airplane
39055,2,"['ship', 'cat', 'automobile', 'airplane']",cat
39056,0,"['horse', 'deer', 'frog', 'cat']",horse
39057,6,"['automobile', 'horse', 'ship', 'airplane']",ship
39058,1,"['bird', 'dog', 'frog', 'cat', 'airplane']",airplane
39059,0,"['horse', 'deer', 'frog', 'cat']",horse
39060,2,"['ship', 'cat', 'automobile', 'airplane']",cat
39061,4,"['cat', 'automobile', 'frog', 'airplane']",automobile
39062,2,"['ship', 'cat', 'automobile', 'airplane']",cat
39063,9,"['dog', 'frog', 'cat', 'airplane']",airplane
39064,7,"['automobile', 'cat', 'airplane', 'frog']",cat
39065,9,"['dog', 'frog', 'cat', 'airplane']",airplane
39066,5,"['frog', 'ship', 'airplane', 'automobile']",ship
39067,4,"['cat', 'automobile', 'frog', 'airplane']",automobile
39068,6,"['automobile', 'horse', 'ship', 'airplane']",airplane
39069,8,"['horse', 'airplane', 'cat', 'frog']",horse
39070,5,"['frog', 'ship', 'airplane', 'automobile']",ship
39071,3,"['frog', 'ship', 'automobile', 'airplane']",ship
39072,8,"['horse', 'airplane', 'cat', 'frog']",horse
39073,3,"['frog', 'ship', 'automobile', 'airplane']",ship
39074,3,"['frog', 'ship', 'automobile', 'airplane']",ship
39075,8,"['horse', 'airplane', 'cat', 'frog']",horse
39076,0,"['horse', 'deer', 'frog', 'cat']",frog
39077,7,"['automobile', 'cat', 'airplane', 'frog']",cat
39078,7,"['automobile', 'cat', 'airplane', 'frog']",cat
39079,8,"['horse', 'airplane', 'cat', 'frog']",horse
39080,0,"['horse', 'deer', 'frog', 'cat']",horse
39081,7,"['automobile', 'cat', 'airplane', 'frog']",cat
39082,2,"['ship', 'cat', 'automobile', 'airplane']",cat
39083,0,"['horse', 'deer', 'frog', 'cat']",horse
39084,9,"['dog', 'frog', 'cat', 'airplane']",airplane
39085,7,"['automobile', 'cat', 'airplane', 'frog']",cat
39086,6,"['automobile', 'horse', 'ship', 'airplane']",airplane
39087,6,"['automobile', 'horse', 'ship', 'airplane']",ship
39088,7,"['automobile', 'cat', 'airplane', 'frog']",cat
39089,8,"['horse', 'airplane', 'cat', 'frog']",horse
39090,5,"['frog', 'ship', 'airplane', 'automobile']",ship
39091,6,"['automobile', 'horse', 'ship', 'airplane']",airplane
39092,5,"['frog', 'ship', 'airplane', 'automobile']",ship
39093,9,"['dog', 'frog', 'cat', 'airplane']",dog
39094,8,"['horse', 'airplane', 'cat', 'frog']",horse
39095,3,"['frog', 'ship', 'automobile', 'airplane']",ship
39096,2,"['ship', 'cat', 'automobile', 'airplane']",automobile
39097,1,"['bird', 'dog', 'frog', 'cat', 'airplane']",airplane
39098,8,"['horse', 'airplane', 'cat', 'frog']",horse
39099,9,"['dog', 'frog', 'cat', 'airplane']",airplane
39100,3,"['frog', 'ship', 'automobile', 'airplane']",ship
39101,3,"['frog', 'ship', 'automobile', 'airplane']",ship
39102,1,"['bird', 'dog', 'frog', 'cat', 'airplane']",airplane
39103,5,"['frog', 'ship', 'airplane', 'automobile']",ship
39104,0,"['horse', 'deer', 'frog', 'cat']",horse
39105,4,"['cat', 'automobile', 'frog', 'airplane']",automobile
39106,8,"['horse', 'airplane', 'cat', 'frog']",horse
39107,7,"['automobile', 'cat', 'airplane', 'frog']",cat
39108,3,"['frog', 'ship', 'automobile', 'airplane']",ship
39109,1,"['bird', 'dog', 'frog', 'cat', 'airplane']",airplane
39110,2,"['ship', 'cat', 'automobile', 'airplane']",cat
39111,7,"['automobile', 'cat', 'airplane', 'frog']",airplane
39112,2,"['ship', 'cat', 'automobile', 'airplane']",cat
39113,0,"['horse', 'deer', 'frog', 'cat']",horse
39114,8,"['horse', 'airplane', 'cat', 'frog']",horse
39115,9,"['dog', 'frog', 'cat', 'airplane']",airplane
39116,5,"['frog', 'ship', 'airplane', 'automobile']",ship
39117,9,"['dog', 'frog', 'cat', 'airplane']",airplane
39118,1,"['bird', 'dog', 'frog', 'cat', 'airplane']",airplane
39119,8,"['horse', 'airplane', 'cat', 'frog']",horse
39120,6,"['automobile', 'horse', 'ship', 'airplane']",airplane
39121,0,"['horse', 'deer', 'frog', 'cat']",horse
39122,6,"['automobile', 'horse', 'ship', 'airplane']",airplane
39123,5,"['frog', 'ship', 'airplane', 'automobile']",ship
39124,5,"['frog', 'ship', 'airplane', 'automobile']",ship
39125,4,"['cat', 'automobile', 'frog', 'airplane']",automobile
39126,4,"['cat', 'automobile', 'frog', 'airplane']",automobile
39127,4,"['cat', 'automobile', 'frog', 'airplane']",automobile
39128,2,"['ship', 'cat', 'automobile', 'airplane']",cat
39129,3,"['frog', 'ship', 'automobile', 'airplane']",ship
39130,3,"['frog', 'ship', 'automobile', 'airplane']",ship
39131,5,"['frog', 'ship', 'airplane', 'automobile']",ship
39132,1,"['bird', 'dog', 'frog', 'cat', 'airplane']",airplane
39133,6,"['automobile', 'horse', 'ship', 'airplane']",automobile
39134,6,"['automobile', 'horse', 'ship', 'airplane']",airplane
39135,3,"['frog', 'ship', 'automobile', 'airplane']",ship
39136,7,"['automobile', 'cat', 'airplane', 'frog']",cat
39137,9,"['dog', 'frog', 'cat', 'airplane']",airplane
39138,0,"['horse', 'deer', 'frog', 'cat']",horse
39139,8,"['horse', 'airplane', 'cat', 'frog']",horse
39140,3,"['frog', 'ship', 'automobile', 'airplane']",ship
39141,1,"['bird', 'dog', 'frog', 'cat', 'airplane']",airplane
39142,8,"['horse', 'airplane', 'cat', 'frog']",horse
39143,4,"['cat', 'automobile', 'frog', 'airplane']",automobile
39144,7,"['automobile', 'cat', 'airplane', 'frog']",cat
39145,2,"['ship', 'cat', 'automobile', 'airplane']",automobile
39146,4,"['cat', 'automobile', 'frog', 'airplane']",automobile
39147,5,"['frog', 'ship', 'airplane', 'automobile']",ship
39148,6,"['automobile', 'horse', 'ship', 'airplane']",airplane
39149,0,"['horse', 'deer', 'frog', 'cat']",horse
39150,3,"['frog', 'ship', 'automobile', 'airplane']",ship
39151,3,"['frog', 'ship', 'automobile', 'airplane']",ship
39152,3,"['frog', 'ship', 'automobile', 'airplane']",ship
39153,0,"['horse', 'deer', 'frog', 'cat']",horse
39154,8,"['horse', 'airplane', 'cat', 'frog']",horse
39155,7,"['automobile', 'cat', 'airplane', 'frog']",cat
39156,9,"['dog', 'frog', 'cat', 'airplane']",airplane
39157,5,"['frog', 'ship', 'airplane', 'automobile']",ship
39158,3,"['frog', 'ship', 'automobile', 'airplane']",ship
39159,6,"['automobile', 'horse', 'ship', 'airplane']",airplane
39160,5,"['frog', 'ship', 'airplane', 'automobile']",ship
39161,6,"['automobile', 'horse', 'ship', 'airplane']",airplane
39162,4,"['cat', 'automobile', 'frog', 'airplane']",automobile
39163,3,"['frog', 'ship', 'automobile', 'airplane']",ship
39164,7,"['automobile', 'cat', 'airplane', 'frog']",cat
39165,3,"['frog', 'ship', 'automobile', 'airplane']",ship
39166,3,"['frog', 'ship', 'automobile', 'airplane']",ship
39167,5,"['frog', 'ship', 'airplane', 'automobile']",ship
39168,7,"['automobile', 'cat', 'airplane', 'frog']",airplane
39169,4,"['cat', 'automobile', 'frog', 'airplane']",automobile
39170,0,"['horse', 'deer', 'frog', 'cat']",horse
39171,3,"['frog', 'ship', 'automobile', 'airplane']",ship
39172,7,"['automobile', 'cat', 'airplane', 'frog']",cat
39173,4,"['cat', 'automobile', 'frog', 'airplane']",automobile
39174,9,"['dog', 'frog', 'cat', 'airplane']",dog
39175,3,"['frog', 'ship', 'automobile', 'airplane']",ship
39176,5,"['frog', 'ship', 'airplane', 'automobile']",ship
39177,4,"['cat', 'automobile', 'frog', 'airplane']",automobile
39178,2,"['ship', 'cat', 'automobile', 'airplane']",cat
39179,0,"['horse', 'deer', 'frog', 'cat']",horse
39180,7,"['automobile', 'cat', 'airplane', 'frog']",airplane
39181,7,"['automobile', 'cat', 'airplane', 'frog']",cat
39182,4,"['cat', 'automobile', 'frog', 'airplane']",automobile
39183,9,"['dog', 'frog', 'cat', 'airplane']",airplane
39184,8,"['horse', 'airplane', 'cat', 'frog']",horse
39185,2,"['ship', 'cat', 'automobile', 'airplane']",cat
39186,4,"['cat', 'automobile', 'frog', 'airplane']",airplane
39187,3,"['frog', 'ship', 'automobile', 'airplane']",ship
39188,6,"['automobile', 'horse', 'ship', 'airplane']",ship
39189,6,"['automobile', 'horse', 'ship', 'airplane']",ship
39190,6,"['automobile', 'horse', 'ship', 'airplane']",airplane
39191,8,"['horse', 'airplane', 'cat', 'frog']",horse
39192,1,"['bird', 'dog', 'frog', 'cat', 'airplane']",airplane
39193,8,"['horse', 'airplane', 'cat', 'frog']",horse
39194,3,"['frog', 'ship', 'automobile', 'airplane']",ship
39195,1,"['bird', 'dog', 'frog', 'cat', 'airplane']",airplane
39196,0,"['horse', 'deer', 'frog', 'cat']",horse
39197,6,"['automobile', 'horse', 'ship', 'airplane']",airplane
39198,8,"['horse', 'airplane', 'cat', 'frog']",horse
39199,9,"['dog', 'frog', 'cat', 'airplane']",airplane
39200,6,"['automobile', 'horse', 'ship', 'airplane']",airplane
39201,0,"['horse', 'deer', 'frog', 'cat']",horse
39202,4,"['cat', 'automobile', 'frog', 'airplane']",automobile
39203,6,"['automobile', 'horse', 'ship', 'airplane']",airplane
39204,1,"['bird', 'dog', 'frog', 'cat', 'airplane']",airplane
39205,6,"['automobile', 'horse', 'ship', 'airplane']",airplane
39206,6,"['automobile', 'horse', 'ship', 'airplane']",airplane
39207,8,"['horse', 'airplane', 'cat', 'frog']",horse
39208,1,"['bird', 'dog', 'frog', 'cat', 'airplane']",airplane
39209,4,"['cat', 'automobile', 'frog', 'airplane']",automobile
39210,8,"['horse', 'airplane', 'cat', 'frog']",horse
39211,3,"['frog', 'ship', 'automobile', 'airplane']",ship
39212,9,"['dog', 'frog', 'cat', 'airplane']",dog
39213,0,"['horse', 'deer', 'frog', 'cat']",horse
39214,5,"['frog', 'ship', 'airplane', 'automobile']",ship
39215,7,"['automobile', 'cat', 'airplane', 'frog']",airplane
39216,5,"['frog', 'ship', 'airplane', 'automobile']",ship
39217,4,"['cat', 'automobile', 'frog', 'airplane']",automobile
39218,1,"['bird', 'dog', 'frog', 'cat', 'airplane']",airplane
39219,7,"['automobile', 'cat', 'airplane', 'frog']",cat
39220,3,"['frog', 'ship', 'automobile', 'airplane']",ship
39221,4,"['cat', 'automobile', 'frog', 'airplane']",automobile
39222,2,"['ship', 'cat', 'automobile', 'airplane']",cat
39223,0,"['horse', 'deer', 'frog', 'cat']",horse
39224,6,"['automobile', 'horse', 'ship', 'airplane']",airplane
39225,5,"['frog', 'ship', 'airplane', 'automobile']",ship
39226,6,"['automobile', 'horse', 'ship', 'airplane']",ship
39227,6,"['automobile', 'horse', 'ship', 'airplane']",airplane
39228,5,"['frog', 'ship', 'airplane', 'automobile']",ship
39229,5,"['frog', 'ship', 'airplane', 'automobile']",ship
39230,0,"['horse', 'deer', 'frog', 'cat']",horse
39231,7,"['automobile', 'cat', 'airplane', 'frog']",cat
39232,8,"['horse', 'airplane', 'cat', 'frog']",horse
39233,2,"['ship', 'cat', 'automobile', 'airplane']",automobile
39234,1,"['bird', 'dog', 'frog', 'cat', 'airplane']",airplane
39235,3,"['frog', 'ship', 'automobile', 'airplane']",ship
39236,0,"['horse', 'deer', 'frog', 'cat']",horse
39237,2,"['ship', 'cat', 'automobile', 'airplane']",automobile
39238,9,"['dog', 'frog', 'cat', 'airplane']",airplane
39239,8,"['horse', 'airplane', 'cat', 'frog']",horse
39240,1,"['bird', 'dog', 'frog', 'cat', 'airplane']",airplane
39241,0,"['horse', 'deer', 'frog', 'cat']",horse
39242,2,"['ship', 'cat', 'automobile', 'airplane']",cat
39243,8,"['horse', 'airplane', 'cat', 'frog']",airplane
39244,4,"['cat', 'automobile', 'frog', 'airplane']",automobile
39245,0,"['horse', 'deer', 'frog', 'cat']",horse
39246,7,"['automobile', 'cat', 'airplane', 'frog']",cat
39247,7,"['automobile', 'cat', 'airplane', 'frog']",cat
39248,2,"['ship', 'cat', 'automobile', 'airplane']",cat
39249,4,"['cat', 'automobile', 'frog', 'airplane']",automobile
39250,1,"['bird', 'dog', 'frog', 'cat', 'airplane']",airplane
39251,7,"['automobile', 'cat', 'airplane', 'frog']",airplane
39252,6,"['automobile', 'horse', 'ship', 'airplane']",airplane
39253,8,"['horse', 'airplane', 'cat', 'frog']",horse
39254,8,"['horse', 'airplane', 'cat', 'frog']",horse
39255,7,"['automobile', 'cat', 'airplane', 'frog']",airplane
39256,1,"['bird', 'dog', 'frog', 'cat', 'airplane']",airplane
39257,7,"['automobile', 'cat', 'airplane', 'frog']",airplane
39258,6,"['automobile', 'horse', 'ship', 'airplane']",airplane
39259,7,"['automobile', 'cat', 'airplane', 'frog']",airplane
39260,0,"['horse', 'deer', 'frog', 'cat']",horse
39261,7,"['automobile', 'cat', 'airplane', 'frog']",cat
39262,7,"['automobile', 'cat', 'airplane', 'frog']",cat
39263,8,"['horse', 'airplane', 'cat', 'frog']",horse
39264,9,"['dog', 'frog', 'cat', 'airplane']",dog
39265,4,"['cat', 'automobile', 'frog', 'airplane']",automobile
39266,7,"['automobile', 'cat', 'airplane', 'frog']",cat
39267,8,"['horse', 'airplane', 'cat', 'frog']",horse
39268,1,"['bird', 'dog', 'frog', 'cat', 'airplane']",airplane
39269,2,"['ship', 'cat', 'automobile', 'airplane']",cat
39270,7,"['automobile', 'cat', 'airplane', 'frog']",cat
39271,0,"['horse', 'deer', 'frog', 'cat']",horse
39272,3,"['frog', 'ship', 'automobile', 'airplane']",ship
39273,2,"['ship', 'cat', 'automobile', 'airplane']",cat
39274,9,"['dog', 'frog', 'cat', 'airplane']",airplane
39275,1,"['bird', 'dog', 'frog', 'cat', 'airplane']",airplane
39276,7,"['automobile', 'cat', 'airplane', 'frog']",automobile
39277,1,"['bird', 'dog', 'frog', 'cat', 'airplane']",airplane
39278,8,"['horse', 'airplane', 'cat', 'frog']",horse
39279,1,"['bird', 'dog', 'frog', 'cat', 'airplane']",airplane
39280,9,"['dog', 'frog', 'cat', 'airplane']",airplane
39281,0,"['horse', 'deer', 'frog', 'cat']",horse
39282,5,"['frog', 'ship', 'airplane', 'automobile']",ship
39283,8,"['horse', 'airplane', 'cat', 'frog']",horse
39284,4,"['cat', 'automobile', 'frog', 'airplane']",automobile
39285,5,"['frog', 'ship', 'airplane', 'automobile']",frog
39286,0,"['horse', 'deer', 'frog', 'cat']",horse
39287,3,"['frog', 'ship', 'automobile', 'airplane']",ship
39288,0,"['horse', 'deer', 'frog', 'cat']",horse
39289,3,"['frog', 'ship', 'automobile', 'airplane']",ship
39290,4,"['cat', 'automobile', 'frog', 'airplane']",automobile
39291,1,"['bird', 'dog', 'frog', 'cat', 'airplane']",airplane
39292,4,"['cat', 'automobile', 'frog', 'airplane']",automobile
39293,4,"['cat', 'automobile', 'frog', 'airplane']",automobile
39294,3,"['frog', 'ship', 'automobile', 'airplane']",ship
39295,6,"['automobile', 'horse', 'ship', 'airplane']",airplane
39296,4,"['cat', 'automobile', 'frog', 'airplane']",automobile
39297,7,"['automobile', 'cat', 'airplane', 'frog']",cat
39298,8,"['horse', 'airplane', 'cat', 'frog']",horse
39299,8,"['horse', 'airplane', 'cat', 'frog']",horse
39300,3,"['frog', 'ship', 'automobile', 'airplane']",ship
39301,0,"['horse', 'deer', 'frog', 'cat']",horse
39302,4,"['cat', 'automobile', 'frog', 'airplane']",automobile
39303,7,"['automobile', 'cat', 'airplane', 'frog']",cat
39304,7,"['automobile', 'cat', 'airplane', 'frog']",airplane
39305,6,"['automobile', 'horse', 'ship', 'airplane']",automobile
39306,7,"['automobile', 'cat', 'airplane', 'frog']",cat
39307,7,"['automobile', 'cat', 'airplane', 'frog']",cat
39308,2,"['ship', 'cat', 'automobile', 'airplane']",ship
39309,2,"['ship', 'cat', 'automobile', 'airplane']",cat
39310,2,"['ship', 'cat', 'automobile', 'airplane']",cat
39311,0,"['horse', 'deer', 'frog', 'cat']",horse
39312,2,"['ship', 'cat', 'automobile', 'airplane']",cat
39313,3,"['frog', 'ship', 'automobile', 'airplane']",ship
39314,7,"['automobile', 'cat', 'airplane', 'frog']",airplane
39315,6,"['automobile', 'horse', 'ship', 'airplane']",ship
39316,5,"['frog', 'ship', 'airplane', 'automobile']",ship
39317,8,"['horse', 'airplane', 'cat', 'frog']",horse
39318,5,"['frog', 'ship', 'airplane', 'automobile']",ship
39319,9,"['dog', 'frog', 'cat', 'airplane']",airplane
39320,9,"['dog', 'frog', 'cat', 'airplane']",dog
39321,3,"['frog', 'ship', 'automobile', 'airplane']",ship
39322,1,"['bird', 'dog', 'frog', 'cat', 'airplane']",airplane
39323,6,"['automobile', 'horse', 'ship', 'airplane']",airplane
39324,2,"['ship', 'cat', 'automobile', 'airplane']",automobile
39325,3,"['frog', 'ship', 'automobile', 'airplane']",ship
39326,6,"['automobile', 'horse', 'ship', 'airplane']",airplane
39327,9,"['dog', 'frog', 'cat', 'airplane']",dog
39328,7,"['automobile', 'cat', 'airplane', 'frog']",airplane
39329,0,"['horse', 'deer', 'frog', 'cat']",horse
39330,9,"['dog', 'frog', 'cat', 'airplane']",airplane
39331,9,"['dog', 'frog', 'cat', 'airplane']",airplane
39332,5,"['frog', 'ship', 'airplane', 'automobile']",ship
39333,1,"['bird', 'dog', 'frog', 'cat', 'airplane']",airplane
39334,8,"['horse', 'airplane', 'cat', 'frog']",horse
39335,8,"['horse', 'airplane', 'cat', 'frog']",horse
39336,8,"['horse', 'airplane', 'cat', 'frog']",horse
39337,6,"['automobile', 'horse', 'ship', 'airplane']",airplane
39338,1,"['bird', 'dog', 'frog', 'cat', 'airplane']",airplane
39339,2,"['ship', 'cat', 'automobile', 'airplane']",cat
39340,1,"['bird', 'dog', 'frog', 'cat', 'airplane']",airplane
39341,3,"['frog', 'ship', 'automobile', 'airplane']",ship
39342,8,"['horse', 'airplane', 'cat', 'frog']",horse
39343,6,"['automobile', 'horse', 'ship', 'airplane']",airplane
39344,4,"['cat', 'automobile', 'frog', 'airplane']",airplane
39345,7,"['automobile', 'cat', 'airplane', 'frog']",airplane
39346,5,"['frog', 'ship', 'airplane', 'automobile']",ship
39347,5,"['frog', 'ship', 'airplane', 'automobile']",ship
39348,4,"['cat', 'automobile', 'frog', 'airplane']",frog
39349,1,"['bird', 'dog', 'frog', 'cat', 'airplane']",airplane
39350,8,"['horse', 'airplane', 'cat', 'frog']",horse
39351,7,"['automobile', 'cat', 'airplane', 'frog']",cat
39352,1,"['bird', 'dog', 'frog', 'cat', 'airplane']",airplane
39353,1,"['bird', 'dog', 'frog', 'cat', 'airplane']",airplane
39354,7,"['automobile', 'cat', 'airplane', 'frog']",airplane
39355,3,"['frog', 'ship', 'automobile', 'airplane']",ship
39356,4,"['cat', 'automobile', 'frog', 'airplane']",automobile
39357,6,"['automobile', 'horse', 'ship', 'airplane']",airplane
39358,8,"['horse', 'airplane', 'cat', 'frog']",horse
39359,9,"['dog', 'frog', 'cat', 'airplane']",dog
39360,2,"['ship', 'cat', 'automobile', 'airplane']",cat
39361,9,"['dog', 'frog', 'cat', 'airplane']",airplane
39362,8,"['horse', 'airplane', 'cat', 'frog']",horse
39363,1,"['bird', 'dog', 'frog', 'cat', 'airplane']",airplane
39364,8,"['horse', 'airplane', 'cat', 'frog']",horse
39365,8,"['horse', 'airplane', 'cat', 'frog']",horse
39366,3,"['frog', 'ship', 'automobile', 'airplane']",ship
39367,8,"['horse', 'airplane', 'cat', 'frog']",horse
39368,2,"['ship', 'cat', 'automobile', 'airplane']",cat
39369,4,"['cat', 'automobile', 'frog', 'airplane']",automobile
39370,6,"['automobile', 'horse', 'ship', 'airplane']",ship
39371,9,"['dog', 'frog', 'cat', 'airplane']",dog
39372,0,"['horse', 'deer', 'frog', 'cat']",horse
39373,1,"['bird', 'dog', 'frog', 'cat', 'airplane']",airplane
39374,3,"['frog', 'ship', 'automobile', 'airplane']",ship
39375,3,"['frog', 'ship', 'automobile', 'airplane']",ship
39376,9,"['dog', 'frog', 'cat', 'airplane']",dog
39377,4,"['cat', 'automobile', 'frog', 'airplane']",automobile
39378,7,"['automobile', 'cat', 'airplane', 'frog']",frog
39379,0,"['horse', 'deer', 'frog', 'cat']",horse
39380,0,"['horse', 'deer', 'frog', 'cat']",horse
39381,5,"['frog', 'ship', 'airplane', 'automobile']",ship
39382,2,"['ship', 'cat', 'automobile', 'airplane']",cat
39383,8,"['horse', 'airplane', 'cat', 'frog']",horse
39384,3,"['frog', 'ship', 'automobile', 'airplane']",ship
39385,8,"['horse', 'airplane', 'cat', 'frog']",horse
39386,0,"['horse', 'deer', 'frog', 'cat']",horse
39387,1,"['bird', 'dog', 'frog', 'cat', 'airplane']",airplane
39388,4,"['cat', 'automobile', 'frog', 'airplane']",automobile
39389,2,"['ship', 'cat', 'automobile', 'airplane']",automobile
39390,2,"['ship', 'cat', 'automobile', 'airplane']",cat
39391,1,"['bird', 'dog', 'frog', 'cat', 'airplane']",airplane
39392,0,"['horse', 'deer', 'frog', 'cat']",horse
39393,8,"['horse', 'airplane', 'cat', 'frog']",airplane
39394,5,"['frog', 'ship', 'airplane', 'automobile']",ship
39395,7,"['automobile', 'cat', 'airplane', 'frog']",airplane
39396,0,"['horse', 'deer', 'frog', 'cat']",horse
39397,0,"['horse', 'deer', 'frog', 'cat']",horse
39398,3,"['frog', 'ship', 'automobile', 'airplane']",ship
39399,3,"['frog', 'ship', 'automobile', 'airplane']",ship
39400,7,"['automobile', 'cat', 'airplane', 'frog']",cat
39401,6,"['automobile', 'horse', 'ship', 'airplane']",horse
39402,1,"['bird', 'dog', 'frog', 'cat', 'airplane']",airplane
39403,5,"['frog', 'ship', 'airplane', 'automobile']",ship
39404,1,"['bird', 'dog', 'frog', 'cat', 'airplane']",airplane
39405,1,"['bird', 'dog', 'frog', 'cat', 'airplane']",airplane
39406,7,"['automobile', 'cat', 'airplane', 'frog']",cat
39407,2,"['ship', 'cat', 'automobile', 'airplane']",cat
39408,7,"['automobile', 'cat', 'airplane', 'frog']",cat
39409,0,"['horse', 'deer', 'frog', 'cat']",horse
39410,3,"['frog', 'ship', 'automobile', 'airplane']",ship
39411,5,"['frog', 'ship', 'airplane', 'automobile']",ship
39412,2,"['ship', 'cat', 'automobile', 'airplane']",automobile
39413,4,"['cat', 'automobile', 'frog', 'airplane']",automobile
39414,5,"['frog', 'ship', 'airplane', 'automobile']",ship
39415,6,"['automobile', 'horse', 'ship', 'airplane']",airplane
39416,4,"['cat', 'automobile', 'frog', 'airplane']",automobile
39417,6,"['automobile', 'horse', 'ship', 'airplane']",airplane
39418,9,"['dog', 'frog', 'cat', 'airplane']",airplane
39419,8,"['horse', 'airplane', 'cat', 'frog']",horse
39420,3,"['frog', 'ship', 'automobile', 'airplane']",ship
39421,7,"['automobile', 'cat', 'airplane', 'frog']",cat
39422,1,"['bird', 'dog', 'frog', 'cat', 'airplane']",airplane
39423,3,"['frog', 'ship', 'automobile', 'airplane']",ship
39424,8,"['horse', 'airplane', 'cat', 'frog']",horse
39425,7,"['automobile', 'cat', 'airplane', 'frog']",airplane
39426,2,"['ship', 'cat', 'automobile', 'airplane']",cat
39427,9,"['dog', 'frog', 'cat', 'airplane']",airplane
39428,3,"['frog', 'ship', 'automobile', 'airplane']",ship
39429,7,"['automobile', 'cat', 'airplane', 'frog']",cat
39430,4,"['cat', 'automobile', 'frog', 'airplane']",automobile
39431,0,"['horse', 'deer', 'frog', 'cat']",horse
39432,7,"['automobile', 'cat', 'airplane', 'frog']",cat
39433,8,"['horse', 'airplane', 'cat', 'frog']",horse
39434,9,"['dog', 'frog', 'cat', 'airplane']",airplane
39435,0,"['horse', 'deer', 'frog', 'cat']",frog
39436,2,"['ship', 'cat', 'automobile', 'airplane']",cat
39437,1,"['bird', 'dog', 'frog', 'cat', 'airplane']",airplane
39438,3,"['frog', 'ship', 'automobile', 'airplane']",ship
39439,4,"['cat', 'automobile', 'frog', 'airplane']",airplane
39440,9,"['dog', 'frog', 'cat', 'airplane']",airplane
39441,5,"['frog', 'ship', 'airplane', 'automobile']",ship
39442,8,"['horse', 'airplane', 'cat', 'frog']",horse
39443,7,"['automobile', 'cat', 'airplane', 'frog']",airplane
39444,8,"['horse', 'airplane', 'cat', 'frog']",horse
39445,5,"['frog', 'ship', 'airplane', 'automobile']",ship
39446,5,"['frog', 'ship', 'airplane', 'automobile']",ship
39447,0,"['horse', 'deer', 'frog', 'cat']",horse
39448,8,"['horse', 'airplane', 'cat', 'frog']",horse
39449,9,"['dog', 'frog', 'cat', 'airplane']",airplane
39450,9,"['dog', 'frog', 'cat', 'airplane']",airplane
39451,4,"['cat', 'automobile', 'frog', 'airplane']",automobile
39452,6,"['automobile', 'horse', 'ship', 'airplane']",airplane
39453,9,"['dog', 'frog', 'cat', 'airplane']",dog
39454,8,"['horse', 'airplane', 'cat', 'frog']",horse
39455,1,"['bird', 'dog', 'frog', 'cat', 'airplane']",airplane
39456,5,"['frog', 'ship', 'airplane', 'automobile']",ship
39457,6,"['automobile', 'horse', 'ship', 'airplane']",airplane
39458,5,"['frog', 'ship', 'airplane', 'automobile']",ship
39459,4,"['cat', 'automobile', 'frog', 'airplane']",automobile
39460,8,"['horse', 'airplane', 'cat', 'frog']",horse
39461,3,"['frog', 'ship', 'automobile', 'airplane']",ship
39462,8,"['horse', 'airplane', 'cat', 'frog']",horse
39463,5,"['frog', 'ship', 'airplane', 'automobile']",ship
39464,6,"['automobile', 'horse', 'ship', 'airplane']",airplane
39465,7,"['automobile', 'cat', 'airplane', 'frog']",cat
39466,2,"['ship', 'cat', 'automobile', 'airplane']",cat
39467,4,"['cat', 'automobile', 'frog', 'airplane']",automobile
39468,8,"['horse', 'airplane', 'cat', 'frog']",horse
39469,6,"['automobile', 'horse', 'ship', 'airplane']",airplane
39470,4,"['cat', 'automobile', 'frog', 'airplane']",automobile
39471,0,"['horse', 'deer', 'frog', 'cat']",horse
39472,7,"['automobile', 'cat', 'airplane', 'frog']",cat
39473,4,"['cat', 'automobile', 'frog', 'airplane']",automobile
39474,1,"['bird', 'dog', 'frog', 'cat', 'airplane']",airplane
39475,5,"['frog', 'ship', 'airplane', 'automobile']",ship
39476,1,"['bird', 'dog', 'frog', 'cat', 'airplane']",airplane
39477,0,"['horse', 'deer', 'frog', 'cat']",horse
39478,2,"['ship', 'cat', 'automobile', 'airplane']",cat
39479,5,"['frog', 'ship', 'airplane', 'automobile']",ship
39480,0,"['horse', 'deer', 'frog', 'cat']",horse
39481,4,"['cat', 'automobile', 'frog', 'airplane']",airplane
39482,3,"['frog', 'ship', 'automobile', 'airplane']",ship
39483,6,"['automobile', 'horse', 'ship', 'airplane']",airplane
39484,1,"['bird', 'dog', 'frog', 'cat', 'airplane']",airplane
39485,7,"['automobile', 'cat', 'airplane', 'frog']",cat
39486,0,"['horse', 'deer', 'frog', 'cat']",horse
39487,5,"['frog', 'ship', 'airplane', 'automobile']",ship
39488,4,"['cat', 'automobile', 'frog', 'airplane']",automobile
39489,1,"['bird', 'dog', 'frog', 'cat', 'airplane']",airplane
39490,1,"['bird', 'dog', 'frog', 'cat', 'airplane']",airplane
39491,4,"['cat', 'automobile', 'frog', 'airplane']",automobile
39492,2,"['ship', 'cat', 'automobile', 'airplane']",automobile
39493,9,"['dog', 'frog', 'cat', 'airplane']",airplane
39494,7,"['automobile', 'cat', 'airplane', 'frog']",airplane
39495,4,"['cat', 'automobile', 'frog', 'airplane']",automobile
39496,3,"['frog', 'ship', 'automobile', 'airplane']",ship
39497,5,"['frog', 'ship', 'airplane', 'automobile']",ship
39498,7,"['automobile', 'cat', 'airplane', 'frog']",cat
39499,2,"['ship', 'cat', 'automobile', 'airplane']",cat
39500,3,"['frog', 'ship', 'automobile', 'airplane']",ship
39501,4,"['cat', 'automobile', 'frog', 'airplane']",automobile
39502,8,"['horse', 'airplane', 'cat', 'frog']",horse
39503,7,"['automobile', 'cat', 'airplane', 'frog']",airplane
39504,0,"['horse', 'deer', 'frog', 'cat']",horse
39505,4,"['cat', 'automobile', 'frog', 'airplane']",automobile
39506,3,"['frog', 'ship', 'automobile', 'airplane']",ship
39507,8,"['horse', 'airplane', 'cat', 'frog']",horse
39508,2,"['ship', 'cat', 'automobile', 'airplane']",automobile
39509,4,"['cat', 'automobile', 'frog', 'airplane']",automobile
39510,9,"['dog', 'frog', 'cat', 'airplane']",airplane
39511,6,"['automobile', 'horse', 'ship', 'airplane']",airplane
39512,6,"['automobile', 'horse', 'ship', 'airplane']",airplane
39513,7,"['automobile', 'cat', 'airplane', 'frog']",cat
39514,2,"['ship', 'cat', 'automobile', 'airplane']",cat
39515,2,"['ship', 'cat', 'automobile', 'airplane']",cat
39516,6,"['automobile', 'horse', 'ship', 'airplane']",airplane
39517,9,"['dog', 'frog', 'cat', 'airplane']",dog
39518,7,"['automobile', 'cat', 'airplane', 'frog']",cat
39519,0,"['horse', 'deer', 'frog', 'cat']",horse
39520,2,"['ship', 'cat', 'automobile', 'airplane']",cat
39521,0,"['horse', 'deer', 'frog', 'cat']",horse
39522,9,"['dog', 'frog', 'cat', 'airplane']",airplane
39523,6,"['automobile', 'horse', 'ship', 'airplane']",airplane
39524,1,"['bird', 'dog', 'frog', 'cat', 'airplane']",airplane
39525,5,"['frog', 'ship', 'airplane', 'automobile']",ship
39526,3,"['frog', 'ship', 'automobile', 'airplane']",ship
39527,6,"['automobile', 'horse', 'ship', 'airplane']",ship
39528,2,"['ship', 'cat', 'automobile', 'airplane']",cat
39529,7,"['automobile', 'cat', 'airplane', 'frog']",airplane
39530,0,"['horse', 'deer', 'frog', 'cat']",horse
39531,0,"['horse', 'deer', 'frog', 'cat']",horse
39532,1,"['bird', 'dog', 'frog', 'cat', 'airplane']",airplane
39533,3,"['frog', 'ship', 'automobile', 'airplane']",ship
39534,8,"['horse', 'airplane', 'cat', 'frog']",airplane
39535,2,"['ship', 'cat', 'automobile', 'airplane']",cat
39536,7,"['automobile', 'cat', 'airplane', 'frog']",airplane
39537,6,"['automobile', 'horse', 'ship', 'airplane']",airplane
39538,5,"['frog', 'ship', 'airplane', 'automobile']",ship
39539,5,"['frog', 'ship', 'airplane', 'automobile']",ship
39540,2,"['ship', 'cat', 'automobile', 'airplane']",cat
39541,4,"['cat', 'automobile', 'frog', 'airplane']",automobile
39542,6,"['automobile', 'horse', 'ship', 'airplane']",airplane
39543,3,"['frog', 'ship', 'automobile', 'airplane']",ship
39544,6,"['automobile', 'horse', 'ship', 'airplane']",horse
39545,8,"['horse', 'airplane', 'cat', 'frog']",horse
39546,9,"['dog', 'frog', 'cat', 'airplane']",dog
39547,7,"['automobile', 'cat', 'airplane', 'frog']",cat
39548,9,"['dog', 'frog', 'cat', 'airplane']",dog
39549,1,"['bird', 'dog', 'frog', 'cat', 'airplane']",airplane
39550,2,"['ship', 'cat', 'automobile', 'airplane']",automobile
39551,5,"['frog', 'ship', 'airplane', 'automobile']",ship
39552,3,"['frog', 'ship', 'automobile', 'airplane']",ship
39553,0,"['horse', 'deer', 'frog', 'cat']",horse
39554,3,"['frog', 'ship', 'automobile', 'airplane']",ship
39555,6,"['automobile', 'horse', 'ship', 'airplane']",ship
39556,9,"['dog', 'frog', 'cat', 'airplane']",airplane
39557,9,"['dog', 'frog', 'cat', 'airplane']",airplane
39558,5,"['frog', 'ship', 'airplane', 'automobile']",ship
39559,6,"['automobile', 'horse', 'ship', 'airplane']",airplane
39560,1,"['bird', 'dog', 'frog', 'cat', 'airplane']",airplane
39561,4,"['cat', 'automobile', 'frog', 'airplane']",automobile
39562,6,"['automobile', 'horse', 'ship', 'airplane']",airplane
39563,8,"['horse', 'airplane', 'cat', 'frog']",horse
39564,9,"['dog', 'frog', 'cat', 'airplane']",airplane
39565,4,"['cat', 'automobile', 'frog', 'airplane']",automobile
39566,1,"['bird', 'dog', 'frog', 'cat', 'airplane']",airplane
39567,9,"['dog', 'frog', 'cat', 'airplane']",dog
39568,6,"['automobile', 'horse', 'ship', 'airplane']",horse
39569,5,"['frog', 'ship', 'airplane', 'automobile']",ship
39570,9,"['dog', 'frog', 'cat', 'airplane']",dog
39571,8,"['horse', 'airplane', 'cat', 'frog']",horse
39572,9,"['dog', 'frog', 'cat', 'airplane']",airplane
39573,4,"['cat', 'automobile', 'frog', 'airplane']",automobile
39574,0,"['horse', 'deer', 'frog', 'cat']",horse
39575,3,"['frog', 'ship', 'automobile', 'airplane']",ship
39576,4,"['cat', 'automobile', 'frog', 'airplane']",airplane
39577,8,"['horse', 'airplane', 'cat', 'frog']",horse
39578,8,"['horse', 'airplane', 'cat', 'frog']",horse
39579,8,"['horse', 'airplane', 'cat', 'frog']",horse
39580,2,"['ship', 'cat', 'automobile', 'airplane']",automobile
39581,9,"['dog', 'frog', 'cat', 'airplane']",dog
39582,7,"['automobile', 'cat', 'airplane', 'frog']",airplane
39583,9,"['dog', 'frog', 'cat', 'airplane']",airplane
39584,0,"['horse', 'deer', 'frog', 'cat']",horse
39585,9,"['dog', 'frog', 'cat', 'airplane']",airplane
39586,9,"['dog', 'frog', 'cat', 'airplane']",dog
39587,5,"['frog', 'ship', 'airplane', 'automobile']",ship
39588,4,"['cat', 'automobile', 'frog', 'airplane']",airplane
39589,0,"['horse', 'deer', 'frog', 'cat']",horse
39590,8,"['horse', 'airplane', 'cat', 'frog']",horse
39591,5,"['frog', 'ship', 'airplane', 'automobile']",ship
39592,8,"['horse', 'airplane', 'cat', 'frog']",horse
39593,8,"['horse', 'airplane', 'cat', 'frog']",horse
39594,2,"['ship', 'cat', 'automobile', 'airplane']",cat
39595,7,"['automobile', 'cat', 'airplane', 'frog']",cat
39596,4,"['cat', 'automobile', 'frog', 'airplane']",automobile
39597,9,"['dog', 'frog', 'cat', 'airplane']",dog
39598,8,"['horse', 'airplane', 'cat', 'frog']",horse
39599,3,"['frog', 'ship', 'automobile', 'airplane']",ship
39600,9,"['dog', 'frog', 'cat', 'airplane']",airplane
39601,0,"['horse', 'deer', 'frog', 'cat']",horse
39602,5,"['frog', 'ship', 'airplane', 'automobile']",ship
39603,5,"['frog', 'ship', 'airplane', 'automobile']",ship
39604,3,"['frog', 'ship', 'automobile', 'airplane']",ship
39605,8,"['horse', 'airplane', 'cat', 'frog']",horse
39606,0,"['horse', 'deer', 'frog', 'cat']",horse
39607,4,"['cat', 'automobile', 'frog', 'airplane']",automobile
39608,3,"['frog', 'ship', 'automobile', 'airplane']",ship
39609,3,"['frog', 'ship', 'automobile', 'airplane']",ship
39610,2,"['ship', 'cat', 'automobile', 'airplane']",cat
39611,9,"['dog', 'frog', 'cat', 'airplane']",dog
39612,8,"['horse', 'airplane', 'cat', 'frog']",horse
39613,8,"['horse', 'airplane', 'cat', 'frog']",horse
39614,3,"['frog', 'ship', 'automobile', 'airplane']",ship
39615,4,"['cat', 'automobile', 'frog', 'airplane']",automobile
39616,3,"['frog', 'ship', 'automobile', 'airplane']",ship
39617,6,"['automobile', 'horse', 'ship', 'airplane']",airplane
39618,4,"['cat', 'automobile', 'frog', 'airplane']",automobile
39619,0,"['horse', 'deer', 'frog', 'cat']",horse
39620,9,"['dog', 'frog', 'cat', 'airplane']",airplane
39621,8,"['horse', 'airplane', 'cat', 'frog']",horse
39622,1,"['bird', 'dog', 'frog', 'cat', 'airplane']",airplane
39623,9,"['dog', 'frog', 'cat', 'airplane']",dog
39624,5,"['frog', 'ship', 'airplane', 'automobile']",ship
39625,9,"['dog', 'frog', 'cat', 'airplane']",dog
39626,4,"['cat', 'automobile', 'frog', 'airplane']",automobile
39627,8,"['horse', 'airplane', 'cat', 'frog']",horse
39628,0,"['horse', 'deer', 'frog', 'cat']",horse
39629,7,"['automobile', 'cat', 'airplane', 'frog']",automobile
39630,6,"['automobile', 'horse', 'ship', 'airplane']",horse
39631,0,"['horse', 'deer', 'frog', 'cat']",horse
39632,2,"['ship', 'cat', 'automobile', 'airplane']",cat
39633,7,"['automobile', 'cat', 'airplane', 'frog']",airplane
39634,3,"['frog', 'ship', 'automobile', 'airplane']",ship
39635,9,"['dog', 'frog', 'cat', 'airplane']",airplane
39636,6,"['automobile', 'horse', 'ship', 'airplane']",ship
39637,6,"['automobile', 'horse', 'ship', 'airplane']",airplane
39638,1,"['bird', 'dog', 'frog', 'cat', 'airplane']",airplane
39639,6,"['automobile', 'horse', 'ship', 'airplane']",airplane
39640,3,"['frog', 'ship', 'automobile', 'airplane']",ship
39641,3,"['frog', 'ship', 'automobile', 'airplane']",ship
39642,5,"['frog', 'ship', 'airplane', 'automobile']",ship
39643,6,"['automobile', 'horse', 'ship', 'airplane']",ship
39644,3,"['frog', 'ship', 'automobile', 'airplane']",ship
39645,5,"['frog', 'ship', 'airplane', 'automobile']",ship
39646,2,"['ship', 'cat', 'automobile', 'airplane']",cat
39647,5,"['frog', 'ship', 'airplane', 'automobile']",ship
39648,2,"['ship', 'cat', 'automobile', 'airplane']",automobile
39649,5,"['frog', 'ship', 'airplane', 'automobile']",ship
39650,0,"['horse', 'deer', 'frog', 'cat']",horse
39651,3,"['frog', 'ship', 'automobile', 'airplane']",ship
39652,1,"['bird', 'dog', 'frog', 'cat', 'airplane']",airplane
39653,8,"['horse', 'airplane', 'cat', 'frog']",horse
39654,1,"['bird', 'dog', 'frog', 'cat', 'airplane']",airplane
39655,2,"['ship', 'cat', 'automobile', 'airplane']",automobile
39656,4,"['cat', 'automobile', 'frog', 'airplane']",automobile
39657,6,"['automobile', 'horse', 'ship', 'airplane']",airplane
39658,8,"['horse', 'airplane', 'cat', 'frog']",horse
39659,3,"['frog', 'ship', 'automobile', 'airplane']",ship
39660,5,"['frog', 'ship', 'airplane', 'automobile']",ship
39661,2,"['ship', 'cat', 'automobile', 'airplane']",cat
39662,5,"['frog', 'ship', 'airplane', 'automobile']",ship
39663,5,"['frog', 'ship', 'airplane', 'automobile']",ship
39664,0,"['horse', 'deer', 'frog', 'cat']",horse
39665,3,"['frog', 'ship', 'automobile', 'airplane']",ship
39666,0,"['horse', 'deer', 'frog', 'cat']",horse
39667,7,"['automobile', 'cat', 'airplane', 'frog']",cat
39668,1,"['bird', 'dog', 'frog', 'cat', 'airplane']",airplane
39669,5,"['frog', 'ship', 'airplane', 'automobile']",ship
39670,0,"['horse', 'deer', 'frog', 'cat']",horse
39671,2,"['ship', 'cat', 'automobile', 'airplane']",cat
39672,9,"['dog', 'frog', 'cat', 'airplane']",dog
39673,9,"['dog', 'frog', 'cat', 'airplane']",dog
39674,1,"['bird', 'dog', 'frog', 'cat', 'airplane']",airplane
39675,2,"['ship', 'cat', 'automobile', 'airplane']",cat
39676,4,"['cat', 'automobile', 'frog', 'airplane']",automobile
39677,5,"['frog', 'ship', 'airplane', 'automobile']",ship
39678,6,"['automobile', 'horse', 'ship', 'airplane']",airplane
39679,1,"['bird', 'dog', 'frog', 'cat', 'airplane']",airplane
39680,6,"['automobile', 'horse', 'ship', 'airplane']",airplane
39681,3,"['frog', 'ship', 'automobile', 'airplane']",ship
39682,5,"['frog', 'ship', 'airplane', 'automobile']",ship
39683,2,"['ship', 'cat', 'automobile', 'airplane']",automobile
39684,8,"['horse', 'airplane', 'cat', 'frog']",horse
39685,9,"['dog', 'frog', 'cat', 'airplane']",airplane
39686,2,"['ship', 'cat', 'automobile', 'airplane']",cat
39687,2,"['ship', 'cat', 'automobile', 'airplane']",cat
39688,9,"['dog', 'frog', 'cat', 'airplane']",airplane
39689,3,"['frog', 'ship', 'automobile', 'airplane']",ship
39690,4,"['cat', 'automobile', 'frog', 'airplane']",automobile
39691,0,"['horse', 'deer', 'frog', 'cat']",horse
39692,1,"['bird', 'dog', 'frog', 'cat', 'airplane']",airplane
39693,2,"['ship', 'cat', 'automobile', 'airplane']",cat
39694,5,"['frog', 'ship', 'airplane', 'automobile']",ship
39695,5,"['frog', 'ship', 'airplane', 'automobile']",ship
39696,1,"['bird', 'dog', 'frog', 'cat', 'airplane']",airplane
39697,6,"['automobile', 'horse', 'ship', 'airplane']",airplane
39698,4,"['cat', 'automobile', 'frog', 'airplane']",automobile
39699,9,"['dog', 'frog', 'cat', 'airplane']",airplane
39700,7,"['automobile', 'cat', 'airplane', 'frog']",cat
39701,4,"['cat', 'automobile', 'frog', 'airplane']",automobile
39702,8,"['horse', 'airplane', 'cat', 'frog']",horse
39703,4,"['cat', 'automobile', 'frog', 'airplane']",airplane
39704,8,"['horse', 'airplane', 'cat', 'frog']",horse
39705,4,"['cat', 'automobile', 'frog', 'airplane']",automobile
39706,5,"['frog', 'ship', 'airplane', 'automobile']",ship
39707,8,"['horse', 'airplane', 'cat', 'frog']",horse
39708,7,"['automobile', 'cat', 'airplane', 'frog']",airplane
39709,0,"['horse', 'deer', 'frog', 'cat']",horse
39710,6,"['automobile', 'horse', 'ship', 'airplane']",airplane
39711,7,"['automobile', 'cat', 'airplane', 'frog']",airplane
39712,5,"['frog', 'ship', 'airplane', 'automobile']",ship
39713,9,"['dog', 'frog', 'cat', 'airplane']",airplane
39714,5,"['frog', 'ship', 'airplane', 'automobile']",ship
39715,8,"['horse', 'airplane', 'cat', 'frog']",horse
39716,0,"['horse', 'deer', 'frog', 'cat']",horse
39717,7,"['automobile', 'cat', 'airplane', 'frog']",cat
39718,5,"['frog', 'ship', 'airplane', 'automobile']",ship
39719,0,"['horse', 'deer', 'frog', 'cat']",horse
39720,7,"['automobile', 'cat', 'airplane', 'frog']",cat
39721,9,"['dog', 'frog', 'cat', 'airplane']",airplane
39722,5,"['frog', 'ship', 'airplane', 'automobile']",ship
39723,0,"['horse', 'deer', 'frog', 'cat']",horse
39724,1,"['bird', 'dog', 'frog', 'cat', 'airplane']",airplane
39725,0,"['horse', 'deer', 'frog', 'cat']",horse
39726,7,"['automobile', 'cat', 'airplane', 'frog']",airplane
39727,7,"['automobile', 'cat', 'airplane', 'frog']",airplane
39728,2,"['ship', 'cat', 'automobile', 'airplane']",cat
39729,2,"['ship', 'cat', 'automobile', 'airplane']",cat
39730,5,"['frog', 'ship', 'airplane', 'automobile']",ship
39731,9,"['dog', 'frog', 'cat', 'airplane']",airplane
39732,2,"['ship', 'cat', 'automobile', 'airplane']",cat
39733,5,"['frog', 'ship', 'airplane', 'automobile']",ship
39734,4,"['cat', 'automobile', 'frog', 'airplane']",automobile
39735,1,"['bird', 'dog', 'frog', 'cat', 'airplane']",airplane
39736,9,"['dog', 'frog', 'cat', 'airplane']",dog
39737,1,"['bird', 'dog', 'frog', 'cat', 'airplane']",airplane
39738,8,"['horse', 'airplane', 'cat', 'frog']",horse
39739,0,"['horse', 'deer', 'frog', 'cat']",horse
39740,4,"['cat', 'automobile', 'frog', 'airplane']",automobile
39741,9,"['dog', 'frog', 'cat', 'airplane']",dog
39742,5,"['frog', 'ship', 'airplane', 'automobile']",ship
39743,9,"['dog', 'frog', 'cat', 'airplane']",airplane
39744,2,"['ship', 'cat', 'automobile', 'airplane']",automobile
39745,1,"['bird', 'dog', 'frog', 'cat', 'airplane']",airplane
39746,9,"['dog', 'frog', 'cat', 'airplane']",frog
39747,2,"['ship', 'cat', 'automobile', 'airplane']",automobile
39748,5,"['frog', 'ship', 'airplane', 'automobile']",ship
39749,1,"['bird', 'dog', 'frog', 'cat', 'airplane']",airplane
39750,7,"['automobile', 'cat', 'airplane', 'frog']",cat
39751,3,"['frog', 'ship', 'automobile', 'airplane']",ship
39752,4,"['cat', 'automobile', 'frog', 'airplane']",automobile
39753,2,"['ship', 'cat', 'automobile', 'airplane']",cat
39754,9,"['dog', 'frog', 'cat', 'airplane']",airplane
39755,7,"['automobile', 'cat', 'airplane', 'frog']",cat
39756,6,"['automobile', 'horse', 'ship', 'airplane']",ship
39757,5,"['frog', 'ship', 'airplane', 'automobile']",ship
39758,7,"['automobile', 'cat', 'airplane', 'frog']",airplane
39759,6,"['automobile', 'horse', 'ship', 'airplane']",ship
39760,0,"['horse', 'deer', 'frog', 'cat']",horse
39761,3,"['frog', 'ship', 'automobile', 'airplane']",ship
39762,7,"['automobile', 'cat', 'airplane', 'frog']",cat
39763,0,"['horse', 'deer', 'frog', 'cat']",horse
39764,9,"['dog', 'frog', 'cat', 'airplane']",airplane
39765,2,"['ship', 'cat', 'automobile', 'airplane']",cat
39766,8,"['horse', 'airplane', 'cat', 'frog']",horse
39767,7,"['automobile', 'cat', 'airplane', 'frog']",airplane
39768,4,"['cat', 'automobile', 'frog', 'airplane']",automobile
39769,1,"['bird', 'dog', 'frog', 'cat', 'airplane']",airplane
39770,8,"['horse', 'airplane', 'cat', 'frog']",horse
39771,1,"['bird', 'dog', 'frog', 'cat', 'airplane']",airplane
39772,4,"['cat', 'automobile', 'frog', 'airplane']",automobile
39773,3,"['frog', 'ship', 'automobile', 'airplane']",ship
39774,0,"['horse', 'deer', 'frog', 'cat']",horse
39775,9,"['dog', 'frog', 'cat', 'airplane']",airplane
39776,8,"['horse', 'airplane', 'cat', 'frog']",horse
39777,3,"['frog', 'ship', 'automobile', 'airplane']",ship
39778,3,"['frog', 'ship', 'automobile', 'airplane']",ship
39779,5,"['frog', 'ship', 'airplane', 'automobile']",ship
39780,0,"['horse', 'deer', 'frog', 'cat']",horse
39781,9,"['dog', 'frog', 'cat', 'airplane']",dog
39782,7,"['automobile', 'cat', 'airplane', 'frog']",cat
39783,5,"['frog', 'ship', 'airplane', 'automobile']",ship
39784,9,"['dog', 'frog', 'cat', 'airplane']",dog
39785,4,"['cat', 'automobile', 'frog', 'airplane']",automobile
39786,2,"['ship', 'cat', 'automobile', 'airplane']",cat
39787,8,"['horse', 'airplane', 'cat', 'frog']",horse
39788,5,"['frog', 'ship', 'airplane', 'automobile']",ship
39789,3,"['frog', 'ship', 'automobile', 'airplane']",ship
39790,5,"['frog', 'ship', 'airplane', 'automobile']",ship
39791,6,"['automobile', 'horse', 'ship', 'airplane']",airplane
39792,1,"['bird', 'dog', 'frog', 'cat', 'airplane']",airplane
39793,0,"['horse', 'deer', 'frog', 'cat']",horse
39794,2,"['ship', 'cat', 'automobile', 'airplane']",cat
39795,8,"['horse', 'airplane', 'cat', 'frog']",horse
39796,7,"['automobile', 'cat', 'airplane', 'frog']",airplane
39797,7,"['automobile', 'cat', 'airplane', 'frog']",airplane
39798,7,"['automobile', 'cat', 'airplane', 'frog']",frog
39799,7,"['automobile', 'cat', 'airplane', 'frog']",frog
39800,1,"['bird', 'dog', 'frog', 'cat', 'airplane']",airplane
39801,9,"['dog', 'frog', 'cat', 'airplane']",airplane
39802,8,"['horse', 'airplane', 'cat', 'frog']",horse
39803,4,"['cat', 'automobile', 'frog', 'airplane']",automobile
39804,9,"['dog', 'frog', 'cat', 'airplane']",airplane
39805,1,"['bird', 'dog', 'frog', 'cat', 'airplane']",airplane
39806,9,"['dog', 'frog', 'cat', 'airplane']",airplane
39807,7,"['automobile', 'cat', 'airplane', 'frog']",airplane
39808,6,"['automobile', 'horse', 'ship', 'airplane']",horse
39809,2,"['ship', 'cat', 'automobile', 'airplane']",cat
39810,7,"['automobile', 'cat', 'airplane', 'frog']",cat
39811,1,"['bird', 'dog', 'frog', 'cat', 'airplane']",airplane
39812,7,"['automobile', 'cat', 'airplane', 'frog']",cat
39813,9,"['dog', 'frog', 'cat', 'airplane']",dog
39814,6,"['automobile', 'horse', 'ship', 'airplane']",airplane
39815,0,"['horse', 'deer', 'frog', 'cat']",horse
39816,9,"['dog', 'frog', 'cat', 'airplane']",airplane
39817,5,"['frog', 'ship', 'airplane', 'automobile']",ship
39818,1,"['bird', 'dog', 'frog', 'cat', 'airplane']",airplane
39819,0,"['horse', 'deer', 'frog', 'cat']",horse
39820,1,"['bird', 'dog', 'frog', 'cat', 'airplane']",airplane
39821,2,"['ship', 'cat', 'automobile', 'airplane']",automobile
39822,3,"['frog', 'ship', 'automobile', 'airplane']",ship
39823,6,"['automobile', 'horse', 'ship', 'airplane']",airplane
39824,1,"['bird', 'dog', 'frog', 'cat', 'airplane']",airplane
39825,1,"['bird', 'dog', 'frog', 'cat', 'airplane']",airplane
39826,0,"['horse', 'deer', 'frog', 'cat']",horse
39827,9,"['dog', 'frog', 'cat', 'airplane']",airplane
39828,1,"['bird', 'dog', 'frog', 'cat', 'airplane']",airplane
39829,4,"['cat', 'automobile', 'frog', 'airplane']",automobile
39830,9,"['dog', 'frog', 'cat', 'airplane']",dog
39831,9,"['dog', 'frog', 'cat', 'airplane']",dog
39832,9,"['dog', 'frog', 'cat', 'airplane']",dog
39833,4,"['cat', 'automobile', 'frog', 'airplane']",automobile
39834,2,"['ship', 'cat', 'automobile', 'airplane']",cat
39835,7,"['automobile', 'cat', 'airplane', 'frog']",cat
39836,2,"['ship', 'cat', 'automobile', 'airplane']",cat
39837,9,"['dog', 'frog', 'cat', 'airplane']",airplane
39838,8,"['horse', 'airplane', 'cat', 'frog']",horse
39839,9,"['dog', 'frog', 'cat', 'airplane']",airplane
39840,8,"['horse', 'airplane', 'cat', 'frog']",horse
39841,9,"['dog', 'frog', 'cat', 'airplane']",airplane
39842,6,"['automobile', 'horse', 'ship', 'airplane']",airplane
39843,1,"['bird', 'dog', 'frog', 'cat', 'airplane']",airplane
39844,9,"['dog', 'frog', 'cat', 'airplane']",dog
39845,5,"['frog', 'ship', 'airplane', 'automobile']",ship
39846,5,"['frog', 'ship', 'airplane', 'automobile']",ship
39847,2,"['ship', 'cat', 'automobile', 'airplane']",cat
39848,1,"['bird', 'dog', 'frog', 'cat', 'airplane']",airplane
39849,4,"['cat', 'automobile', 'frog', 'airplane']",automobile
39850,3,"['frog', 'ship', 'automobile', 'airplane']",ship
39851,5,"['frog', 'ship', 'airplane', 'automobile']",ship
39852,3,"['frog', 'ship', 'automobile', 'airplane']",ship
39853,4,"['cat', 'automobile', 'frog', 'airplane']",airplane
39854,2,"['ship', 'cat', 'automobile', 'airplane']",automobile
39855,9,"['dog', 'frog', 'cat', 'airplane']",airplane
39856,9,"['dog', 'frog', 'cat', 'airplane']",airplane
39857,2,"['ship', 'cat', 'automobile', 'airplane']",cat
39858,6,"['automobile', 'horse', 'ship', 'airplane']",airplane
39859,9,"['dog', 'frog', 'cat', 'airplane']",airplane
39860,9,"['dog', 'frog', 'cat', 'airplane']",dog
39861,2,"['ship', 'cat', 'automobile', 'airplane']",cat
39862,3,"['frog', 'ship', 'automobile', 'airplane']",ship
39863,0,"['horse', 'deer', 'frog', 'cat']",horse
39864,8,"['horse', 'airplane', 'cat', 'frog']",horse
39865,3,"['frog', 'ship', 'automobile', 'airplane']",ship
39866,4,"['cat', 'automobile', 'frog', 'airplane']",automobile
39867,6,"['automobile', 'horse', 'ship', 'airplane']",ship
39868,3,"['frog', 'ship', 'automobile', 'airplane']",ship
39869,5,"['frog', 'ship', 'airplane', 'automobile']",ship
39870,9,"['dog', 'frog', 'cat', 'airplane']",airplane
39871,3,"['frog', 'ship', 'automobile', 'airplane']",ship
39872,9,"['dog', 'frog', 'cat', 'airplane']",dog
39873,6,"['automobile', 'horse', 'ship', 'airplane']",ship
39874,6,"['automobile', 'horse', 'ship', 'airplane']",ship
39875,0,"['horse', 'deer', 'frog', 'cat']",horse
39876,9,"['dog', 'frog', 'cat', 'airplane']",dog
39877,0,"['horse', 'deer', 'frog', 'cat']",horse
39878,4,"['cat', 'automobile', 'frog', 'airplane']",automobile
39879,9,"['dog', 'frog', 'cat', 'airplane']",dog
39880,5,"['frog', 'ship', 'airplane', 'automobile']",ship
39881,2,"['ship', 'cat', 'automobile', 'airplane']",cat
39882,2,"['ship', 'cat', 'automobile', 'airplane']",cat
39883,0,"['horse', 'deer', 'frog', 'cat']",horse
39884,9,"['dog', 'frog', 'cat', 'airplane']",airplane
39885,3,"['frog', 'ship', 'automobile', 'airplane']",ship
39886,0,"['horse', 'deer', 'frog', 'cat']",horse
39887,2,"['ship', 'cat', 'automobile', 'airplane']",cat
39888,7,"['automobile', 'cat', 'airplane', 'frog']",frog
39889,6,"['automobile', 'horse', 'ship', 'airplane']",ship
39890,9,"['dog', 'frog', 'cat', 'airplane']",airplane
39891,4,"['cat', 'automobile', 'frog', 'airplane']",automobile
39892,1,"['bird', 'dog', 'frog', 'cat', 'airplane']",airplane
39893,5,"['frog', 'ship', 'airplane', 'automobile']",ship
39894,9,"['dog', 'frog', 'cat', 'airplane']",dog
39895,8,"['horse', 'airplane', 'cat', 'frog']",horse
39896,8,"['horse', 'airplane', 'cat', 'frog']",horse
39897,3,"['frog', 'ship', 'automobile', 'airplane']",ship
39898,3,"['frog', 'ship', 'automobile', 'airplane']",ship
39899,0,"['horse', 'deer', 'frog', 'cat']",horse
39900,6,"['automobile', 'horse', 'ship', 'airplane']",automobile
39901,2,"['ship', 'cat', 'automobile', 'airplane']",automobile
39902,1,"['bird', 'dog', 'frog', 'cat', 'airplane']",airplane
39903,3,"['frog', 'ship', 'automobile', 'airplane']",ship
39904,0,"['horse', 'deer', 'frog', 'cat']",horse
39905,1,"['bird', 'dog', 'frog', 'cat', 'airplane']",airplane
39906,1,"['bird', 'dog', 'frog', 'cat', 'airplane']",airplane
39907,0,"['horse', 'deer', 'frog', 'cat']",frog
39908,8,"['horse', 'airplane', 'cat', 'frog']",horse
39909,6,"['automobile', 'horse', 'ship', 'airplane']",airplane
39910,3,"['frog', 'ship', 'automobile', 'airplane']",ship
39911,1,"['bird', 'dog', 'frog', 'cat', 'airplane']",airplane
39912,1,"['bird', 'dog', 'frog', 'cat', 'airplane']",airplane
39913,6,"['automobile', 'horse', 'ship', 'airplane']",airplane
39914,0,"['horse', 'deer', 'frog', 'cat']",horse
39915,8,"['horse', 'airplane', 'cat', 'frog']",horse
39916,8,"['horse', 'airplane', 'cat', 'frog']",horse
39917,9,"['dog', 'frog', 'cat', 'airplane']",airplane
39918,8,"['horse', 'airplane', 'cat', 'frog']",horse
39919,3,"['frog', 'ship', 'automobile', 'airplane']",ship
39920,5,"['frog', 'ship', 'airplane', 'automobile']",ship
39921,3,"['frog', 'ship', 'automobile', 'airplane']",ship
39922,6,"['automobile', 'horse', 'ship', 'airplane']",ship
39923,5,"['frog', 'ship', 'airplane', 'automobile']",ship
39924,3,"['frog', 'ship', 'automobile', 'airplane']",ship
39925,2,"['ship', 'cat', 'automobile', 'airplane']",cat
39926,0,"['horse', 'deer', 'frog', 'cat']",horse
39927,0,"['horse', 'deer', 'frog', 'cat']",horse
39928,2,"['ship', 'cat', 'automobile', 'airplane']",cat
39929,5,"['frog', 'ship', 'airplane', 'automobile']",ship
39930,9,"['dog', 'frog', 'cat', 'airplane']",airplane
39931,2,"['ship', 'cat', 'automobile', 'airplane']",cat
39932,4,"['cat', 'automobile', 'frog', 'airplane']",automobile
39933,1,"['bird', 'dog', 'frog', 'cat', 'airplane']",airplane
39934,9,"['dog', 'frog', 'cat', 'airplane']",dog
39935,2,"['ship', 'cat', 'automobile', 'airplane']",automobile
39936,1,"['bird', 'dog', 'frog', 'cat', 'airplane']",airplane
39937,8,"['horse', 'airplane', 'cat', 'frog']",horse
39938,6,"['automobile', 'horse', 'ship', 'airplane']",airplane
39939,6,"['automobile', 'horse', 'ship', 'airplane']",airplane
39940,1,"['bird', 'dog', 'frog', 'cat', 'airplane']",airplane
39941,3,"['frog', 'ship', 'automobile', 'airplane']",ship
39942,4,"['cat', 'automobile', 'frog', 'airplane']",automobile
39943,2,"['ship', 'cat', 'automobile', 'airplane']",ship
39944,7,"['automobile', 'cat', 'airplane', 'frog']",cat
39945,4,"['cat', 'automobile', 'frog', 'airplane']",automobile
39946,4,"['cat', 'automobile', 'frog', 'airplane']",automobile
39947,4,"['cat', 'automobile', 'frog', 'airplane']",automobile
39948,1,"['bird', 'dog', 'frog', 'cat', 'airplane']",airplane
39949,7,"['automobile', 'cat', 'airplane', 'frog']",cat
39950,3,"['frog', 'ship', 'automobile', 'airplane']",ship
39951,2,"['ship', 'cat', 'automobile', 'airplane']",cat
39952,2,"['ship', 'cat', 'automobile', 'airplane']",cat
39953,1,"['bird', 'dog', 'frog', 'cat', 'airplane']",airplane
39954,6,"['automobile', 'horse', 'ship', 'airplane']",airplane
39955,9,"['dog', 'frog', 'cat', 'airplane']",airplane
39956,8,"['horse', 'airplane', 'cat', 'frog']",horse
39957,0,"['horse', 'deer', 'frog', 'cat']",horse
39958,4,"['cat', 'automobile', 'frog', 'airplane']",automobile
39959,0,"['horse', 'deer', 'frog', 'cat']",horse
39960,2,"['ship', 'cat', 'automobile', 'airplane']",cat
39961,7,"['automobile', 'cat', 'airplane', 'frog']",cat
39962,7,"['automobile', 'cat', 'airplane', 'frog']",cat
39963,6,"['automobile', 'horse', 'ship', 'airplane']",horse
39964,1,"['bird', 'dog', 'frog', 'cat', 'airplane']",airplane
39965,1,"['bird', 'dog', 'frog', 'cat', 'airplane']",airplane
39966,0,"['horse', 'deer', 'frog', 'cat']",horse
39967,5,"['frog', 'ship', 'airplane', 'automobile']",ship
39968,6,"['automobile', 'horse', 'ship', 'airplane']",ship
39969,6,"['automobile', 'horse', 'ship', 'airplane']",automobile
39970,8,"['horse', 'airplane', 'cat', 'frog']",horse
39971,8,"['horse', 'airplane', 'cat', 'frog']",horse
39972,3,"['frog', 'ship', 'automobile', 'airplane']",ship
39973,5,"['frog', 'ship', 'airplane', 'automobile']",ship
39974,1,"['bird', 'dog', 'frog', 'cat', 'airplane']",airplane
39975,5,"['frog', 'ship', 'airplane', 'automobile']",ship
39976,2,"['ship', 'cat', 'automobile', 'airplane']",cat
39977,4,"['cat', 'automobile', 'frog', 'airplane']",automobile
39978,6,"['automobile', 'horse', 'ship', 'airplane']",ship
39979,3,"['frog', 'ship', 'automobile', 'airplane']",ship
39980,3,"['frog', 'ship', 'automobile', 'airplane']",ship
39981,8,"['horse', 'airplane', 'cat', 'frog']",horse
39982,6,"['automobile', 'horse', 'ship', 'airplane']",horse
39983,2,"['ship', 'cat', 'automobile', 'airplane']",ship
39984,9,"['dog', 'frog', 'cat', 'airplane']",airplane
39985,7,"['automobile', 'cat', 'airplane', 'frog']",cat
39986,6,"['automobile', 'horse', 'ship', 'airplane']",airplane
39987,1,"['bird', 'dog', 'frog', 'cat', 'airplane']",airplane
39988,7,"['automobile', 'cat', 'airplane', 'frog']",airplane
39989,3,"['frog', 'ship', 'automobile', 'airplane']",ship
39990,1,"['bird', 'dog', 'frog', 'cat', 'airplane']",airplane
39991,2,"['ship', 'cat', 'automobile', 'airplane']",cat
39992,8,"['horse', 'airplane', 'cat', 'frog']",horse
39993,9,"['dog', 'frog', 'cat', 'airplane']",airplane
39994,6,"['automobile', 'horse', 'ship', 'airplane']",airplane
39995,0,"['horse', 'deer', 'frog', 'cat']",horse
39996,1,"['bird', 'dog', 'frog', 'cat', 'airplane']",airplane
39997,6,"['automobile', 'horse', 'ship', 'airplane']",airplane
39998,2,"['ship', 'cat', 'automobile', 'airplane']",cat
39999,8,"['horse', 'airplane', 'cat', 'frog']",horse
40000,1,"['bird', 'dog', 'frog', 'cat', 'airplane']",airplane
40001,8,"['horse', 'airplane', 'cat', 'frog']",horse
40002,5,"['frog', 'ship', 'airplane', 'automobile']",ship
40003,1,"['bird', 'dog', 'frog', 'cat', 'airplane']",airplane
40004,5,"['frog', 'ship', 'airplane', 'automobile']",ship
40005,7,"['automobile', 'cat', 'airplane', 'frog']",airplane
40006,4,"['cat', 'automobile', 'frog', 'airplane']",automobile
40007,3,"['frog', 'ship', 'automobile', 'airplane']",ship
40008,8,"['horse', 'airplane', 'cat', 'frog']",horse
40009,2,"['ship', 'cat', 'automobile', 'airplane']",cat
40010,7,"['automobile', 'cat', 'airplane', 'frog']",airplane
40011,2,"['ship', 'cat', 'automobile', 'airplane']",cat
40012,0,"['horse', 'deer', 'frog', 'cat']",horse
40013,1,"['bird', 'dog', 'frog', 'cat', 'airplane']",airplane
40014,5,"['frog', 'ship', 'airplane', 'automobile']",ship
40015,9,"['dog', 'frog', 'cat', 'airplane']",dog
40016,6,"['automobile', 'horse', 'ship', 'airplane']",automobile
40017,2,"['ship', 'cat', 'automobile', 'airplane']",automobile
40018,0,"['horse', 'deer', 'frog', 'cat']",horse
40019,8,"['horse', 'airplane', 'cat', 'frog']",horse
40020,2,"['ship', 'cat', 'automobile', 'airplane']",cat
40021,7,"['automobile', 'cat', 'airplane', 'frog']",airplane
40022,0,"['horse', 'deer', 'frog', 'cat']",horse
40023,4,"['cat', 'automobile', 'frog', 'airplane']",automobile
40024,1,"['bird', 'dog', 'frog', 'cat', 'airplane']",airplane
40025,7,"['automobile', 'cat', 'airplane', 'frog']",cat
40026,7,"['automobile', 'cat', 'airplane', 'frog']",airplane
40027,4,"['cat', 'automobile', 'frog', 'airplane']",automobile
40028,4,"['cat', 'automobile', 'frog', 'airplane']",automobile
40029,9,"['dog', 'frog', 'cat', 'airplane']",airplane
40030,9,"['dog', 'frog', 'cat', 'airplane']",airplane
40031,6,"['automobile', 'horse', 'ship', 'airplane']",airplane
40032,2,"['ship', 'cat', 'automobile', 'airplane']",cat
40033,4,"['cat', 'automobile', 'frog', 'airplane']",automobile
40034,1,"['bird', 'dog', 'frog', 'cat', 'airplane']",airplane
40035,6,"['automobile', 'horse', 'ship', 'airplane']",airplane
40036,4,"['cat', 'automobile', 'frog', 'airplane']",airplane
40037,9,"['dog', 'frog', 'cat', 'airplane']",dog
40038,6,"['automobile', 'horse', 'ship', 'airplane']",airplane
40039,6,"['automobile', 'horse', 'ship', 'airplane']",airplane
40040,9,"['dog', 'frog', 'cat', 'airplane']",dog
40041,6,"['automobile', 'horse', 'ship', 'airplane']",airplane
40042,9,"['dog', 'frog', 'cat', 'airplane']",airplane
40043,9,"['dog', 'frog', 'cat', 'airplane']",airplane
40044,5,"['frog', 'ship', 'airplane', 'automobile']",ship
40045,7,"['automobile', 'cat', 'airplane', 'frog']",cat
40046,1,"['bird', 'dog', 'frog', 'cat', 'airplane']",airplane
40047,6,"['automobile', 'horse', 'ship', 'airplane']",airplane
40048,8,"['horse', 'airplane', 'cat', 'frog']",horse
40049,2,"['ship', 'cat', 'automobile', 'airplane']",cat
40050,9,"['dog', 'frog', 'cat', 'airplane']",airplane
40051,5,"['frog', 'ship', 'airplane', 'automobile']",ship
40052,9,"['dog', 'frog', 'cat', 'airplane']",airplane
40053,5,"['frog', 'ship', 'airplane', 'automobile']",ship
40054,3,"['frog', 'ship', 'automobile', 'airplane']",ship
40055,7,"['automobile', 'cat', 'airplane', 'frog']",cat
40056,1,"['bird', 'dog', 'frog', 'cat', 'airplane']",airplane
40057,3,"['frog', 'ship', 'automobile', 'airplane']",ship
40058,3,"['frog', 'ship', 'automobile', 'airplane']",ship
40059,9,"['dog', 'frog', 'cat', 'airplane']",dog
40060,1,"['bird', 'dog', 'frog', 'cat', 'airplane']",airplane
40061,7,"['automobile', 'cat', 'airplane', 'frog']",cat
40062,8,"['horse', 'airplane', 'cat', 'frog']",horse
40063,9,"['dog', 'frog', 'cat', 'airplane']",dog
40064,7,"['automobile', 'cat', 'airplane', 'frog']",airplane
40065,4,"['cat', 'automobile', 'frog', 'airplane']",automobile
40066,3,"['frog', 'ship', 'automobile', 'airplane']",ship
40067,4,"['cat', 'automobile', 'frog', 'airplane']",automobile
40068,9,"['dog', 'frog', 'cat', 'airplane']",dog
40069,5,"['frog', 'ship', 'airplane', 'automobile']",ship
40070,8,"['horse', 'airplane', 'cat', 'frog']",horse
40071,4,"['cat', 'automobile', 'frog', 'airplane']",automobile
40072,9,"['dog', 'frog', 'cat', 'airplane']",airplane
40073,3,"['frog', 'ship', 'automobile', 'airplane']",ship
40074,6,"['automobile', 'horse', 'ship', 'airplane']",airplane
40075,1,"['bird', 'dog', 'frog', 'cat', 'airplane']",airplane
40076,1,"['bird', 'dog', 'frog', 'cat', 'airplane']",airplane
40077,4,"['cat', 'automobile', 'frog', 'airplane']",automobile
40078,3,"['frog', 'ship', 'automobile', 'airplane']",ship
40079,9,"['dog', 'frog', 'cat', 'airplane']",airplane
40080,9,"['dog', 'frog', 'cat', 'airplane']",airplane
40081,1,"['bird', 'dog', 'frog', 'cat', 'airplane']",airplane
40082,9,"['dog', 'frog', 'cat', 'airplane']",airplane
40083,9,"['dog', 'frog', 'cat', 'airplane']",airplane
40084,2,"['ship', 'cat', 'automobile', 'airplane']",cat
40085,4,"['cat', 'automobile', 'frog', 'airplane']",automobile
40086,3,"['frog', 'ship', 'automobile', 'airplane']",ship
40087,2,"['ship', 'cat', 'automobile', 'airplane']",cat
40088,4,"['cat', 'automobile', 'frog', 'airplane']",automobile
40089,7,"['automobile', 'cat', 'airplane', 'frog']",airplane
40090,1,"['bird', 'dog', 'frog', 'cat', 'airplane']",airplane
40091,5,"['frog', 'ship', 'airplane', 'automobile']",ship
40092,1,"['bird', 'dog', 'frog', 'cat', 'airplane']",airplane
40093,8,"['horse', 'airplane', 'cat', 'frog']",horse
40094,6,"['automobile', 'horse', 'ship', 'airplane']",airplane
40095,3,"['frog', 'ship', 'automobile', 'airplane']",ship
40096,6,"['automobile', 'horse', 'ship', 'airplane']",airplane
40097,3,"['frog', 'ship', 'automobile', 'airplane']",ship
40098,4,"['cat', 'automobile', 'frog', 'airplane']",automobile
40099,4,"['cat', 'automobile', 'frog', 'airplane']",automobile
40100,9,"['dog', 'frog', 'cat', 'airplane']",airplane
40101,9,"['dog', 'frog', 'cat', 'airplane']",airplane
40102,9,"['dog', 'frog', 'cat', 'airplane']",airplane
40103,7,"['automobile', 'cat', 'airplane', 'frog']",cat
40104,0,"['horse', 'deer', 'frog', 'cat']",horse
40105,5,"['frog', 'ship', 'airplane', 'automobile']",ship
40106,7,"['automobile', 'cat', 'airplane', 'frog']",frog
40107,7,"['automobile', 'cat', 'airplane', 'frog']",airplane
40108,4,"['cat', 'automobile', 'frog', 'airplane']",automobile
40109,8,"['horse', 'airplane', 'cat', 'frog']",horse
40110,8,"['horse', 'airplane', 'cat', 'frog']",horse
40111,4,"['cat', 'automobile', 'frog', 'airplane']",automobile
40112,2,"['ship', 'cat', 'automobile', 'airplane']",cat
40113,0,"['horse', 'deer', 'frog', 'cat']",horse
40114,5,"['frog', 'ship', 'airplane', 'automobile']",ship
40115,2,"['ship', 'cat', 'automobile', 'airplane']",cat
40116,4,"['cat', 'automobile', 'frog', 'airplane']",automobile
40117,9,"['dog', 'frog', 'cat', 'airplane']",airplane
40118,1,"['bird', 'dog', 'frog', 'cat', 'airplane']",airplane
40119,7,"['automobile', 'cat', 'airplane', 'frog']",cat
40120,7,"['automobile', 'cat', 'airplane', 'frog']",frog
40121,4,"['cat', 'automobile', 'frog', 'airplane']",automobile
40122,8,"['horse', 'airplane', 'cat', 'frog']",horse
40123,8,"['horse', 'airplane', 'cat', 'frog']",horse
40124,8,"['horse', 'airplane', 'cat', 'frog']",horse
40125,0,"['horse', 'deer', 'frog', 'cat']",horse
40126,2,"['ship', 'cat', 'automobile', 'airplane']",cat
40127,3,"['frog', 'ship', 'automobile', 'airplane']",ship
40128,6,"['automobile', 'horse', 'ship', 'airplane']",horse
40129,3,"['frog', 'ship', 'automobile', 'airplane']",ship
40130,9,"['dog', 'frog', 'cat', 'airplane']",dog
40131,0,"['horse', 'deer', 'frog', 'cat']",horse
40132,8,"['horse', 'airplane', 'cat', 'frog']",horse
40133,2,"['ship', 'cat', 'automobile', 'airplane']",cat
40134,2,"['ship', 'cat', 'automobile', 'airplane']",cat
40135,4,"['cat', 'automobile', 'frog', 'airplane']",automobile
40136,8,"['horse', 'airplane', 'cat', 'frog']",horse
40137,8,"['horse', 'airplane', 'cat', 'frog']",horse
40138,1,"['bird', 'dog', 'frog', 'cat', 'airplane']",airplane
40139,8,"['horse', 'airplane', 'cat', 'frog']",horse
40140,5,"['frog', 'ship', 'airplane', 'automobile']",ship
40141,7,"['automobile', 'cat', 'airplane', 'frog']",airplane
40142,6,"['automobile', 'horse', 'ship', 'airplane']",airplane
40143,0,"['horse', 'deer', 'frog', 'cat']",horse
40144,9,"['dog', 'frog', 'cat', 'airplane']",dog
40145,1,"['bird', 'dog', 'frog', 'cat', 'airplane']",airplane
40146,4,"['cat', 'automobile', 'frog', 'airplane']",automobile
40147,8,"['horse', 'airplane', 'cat', 'frog']",horse
40148,2,"['ship', 'cat', 'automobile', 'airplane']",cat
40149,1,"['bird', 'dog', 'frog', 'cat', 'airplane']",airplane
40150,0,"['horse', 'deer', 'frog', 'cat']",horse
40151,5,"['frog', 'ship', 'airplane', 'automobile']",ship
40152,1,"['bird', 'dog', 'frog', 'cat', 'airplane']",airplane
40153,6,"['automobile', 'horse', 'ship', 'airplane']",airplane
40154,5,"['frog', 'ship', 'airplane', 'automobile']",ship
40155,3,"['frog', 'ship', 'automobile', 'airplane']",ship
40156,4,"['cat', 'automobile', 'frog', 'airplane']",automobile
40157,9,"['dog', 'frog', 'cat', 'airplane']",airplane
40158,9,"['dog', 'frog', 'cat', 'airplane']",airplane
40159,0,"['horse', 'deer', 'frog', 'cat']",horse
40160,3,"['frog', 'ship', 'automobile', 'airplane']",ship
40161,5,"['frog', 'ship', 'airplane', 'automobile']",ship
40162,4,"['cat', 'automobile', 'frog', 'airplane']",automobile
40163,2,"['ship', 'cat', 'automobile', 'airplane']",cat
40164,6,"['automobile', 'horse', 'ship', 'airplane']",airplane
40165,3,"['frog', 'ship', 'automobile', 'airplane']",ship
40166,9,"['dog', 'frog', 'cat', 'airplane']",airplane
40167,4,"['cat', 'automobile', 'frog', 'airplane']",automobile
40168,9,"['dog', 'frog', 'cat', 'airplane']",airplane
40169,8,"['horse', 'airplane', 'cat', 'frog']",horse
40170,6,"['automobile', 'horse', 'ship', 'airplane']",airplane
40171,4,"['cat', 'automobile', 'frog', 'airplane']",automobile
40172,1,"['bird', 'dog', 'frog', 'cat', 'airplane']",airplane
40173,1,"['bird', 'dog', 'frog', 'cat', 'airplane']",airplane
40174,9,"['dog', 'frog', 'cat', 'airplane']",airplane
40175,8,"['horse', 'airplane', 'cat', 'frog']",horse
40176,2,"['ship', 'cat', 'automobile', 'airplane']",ship
40177,2,"['ship', 'cat', 'automobile', 'airplane']",automobile
40178,1,"['bird', 'dog', 'frog', 'cat', 'airplane']",airplane
40179,8,"['horse', 'airplane', 'cat', 'frog']",horse
40180,5,"['frog', 'ship', 'airplane', 'automobile']",frog
40181,9,"['dog', 'frog', 'cat', 'airplane']",airplane
40182,7,"['automobile', 'cat', 'airplane', 'frog']",cat
40183,8,"['horse', 'airplane', 'cat', 'frog']",horse
40184,1,"['bird', 'dog', 'frog', 'cat', 'airplane']",airplane
40185,1,"['bird', 'dog', 'frog', 'cat', 'airplane']",airplane
40186,4,"['cat', 'automobile', 'frog', 'airplane']",automobile
40187,2,"['ship', 'cat', 'automobile', 'airplane']",cat
40188,4,"['cat', 'automobile', 'frog', 'airplane']",automobile
40189,2,"['ship', 'cat', 'automobile', 'airplane']",cat
40190,0,"['horse', 'deer', 'frog', 'cat']",horse
40191,8,"['horse', 'airplane', 'cat', 'frog']",horse
40192,8,"['horse', 'airplane', 'cat', 'frog']",horse
40193,0,"['horse', 'deer', 'frog', 'cat']",horse
40194,0,"['horse', 'deer', 'frog', 'cat']",horse
40195,4,"['cat', 'automobile', 'frog', 'airplane']",automobile
40196,3,"['frog', 'ship', 'automobile', 'airplane']",ship
40197,0,"['horse', 'deer', 'frog', 'cat']",horse
40198,7,"['automobile', 'cat', 'airplane', 'frog']",cat
40199,7,"['automobile', 'cat', 'airplane', 'frog']",cat
40200,6,"['automobile', 'horse', 'ship', 'airplane']",horse
40201,1,"['bird', 'dog', 'frog', 'cat', 'airplane']",airplane
40202,6,"['automobile', 'horse', 'ship', 'airplane']",airplane
40203,7,"['automobile', 'cat', 'airplane', 'frog']",frog
40204,1,"['bird', 'dog', 'frog', 'cat', 'airplane']",airplane
40205,5,"['frog', 'ship', 'airplane', 'automobile']",ship
40206,6,"['automobile', 'horse', 'ship', 'airplane']",airplane
40207,1,"['bird', 'dog', 'frog', 'cat', 'airplane']",airplane
40208,7,"['automobile', 'cat', 'airplane', 'frog']",cat
40209,2,"['ship', 'cat', 'automobile', 'airplane']",cat
40210,4,"['cat', 'automobile', 'frog', 'airplane']",automobile
40211,0,"['horse', 'deer', 'frog', 'cat']",horse
40212,2,"['ship', 'cat', 'automobile', 'airplane']",cat
40213,2,"['ship', 'cat', 'automobile', 'airplane']",cat
40214,5,"['frog', 'ship', 'airplane', 'automobile']",ship
40215,9,"['dog', 'frog', 'cat', 'airplane']",airplane
40216,3,"['frog', 'ship', 'automobile', 'airplane']",ship
40217,2,"['ship', 'cat', 'automobile', 'airplane']",cat
40218,1,"['bird', 'dog', 'frog', 'cat', 'airplane']",airplane
40219,4,"['cat', 'automobile', 'frog', 'airplane']",automobile
40220,1,"['bird', 'dog', 'frog', 'cat', 'airplane']",airplane
40221,2,"['ship', 'cat', 'automobile', 'airplane']",cat
40222,9,"['dog', 'frog', 'cat', 'airplane']",dog
40223,8,"['horse', 'airplane', 'cat', 'frog']",airplane
40224,5,"['frog', 'ship', 'airplane', 'automobile']",ship
40225,2,"['ship', 'cat', 'automobile', 'airplane']",automobile
40226,3,"['frog', 'ship', 'automobile', 'airplane']",ship
40227,3,"['frog', 'ship', 'automobile', 'airplane']",ship
40228,4,"['cat', 'automobile', 'frog', 'airplane']",automobile
40229,9,"['dog', 'frog', 'cat', 'airplane']",dog
40230,7,"['automobile', 'cat', 'airplane', 'frog']",frog
40231,2,"['ship', 'cat', 'automobile', 'airplane']",cat
40232,3,"['frog', 'ship', 'automobile', 'airplane']",ship
40233,9,"['dog', 'frog', 'cat', 'airplane']",airplane
40234,7,"['automobile', 'cat', 'airplane', 'frog']",airplane
40235,6,"['automobile', 'horse', 'ship', 'airplane']",airplane
40236,2,"['ship', 'cat', 'automobile', 'airplane']",cat
40237,9,"['dog', 'frog', 'cat', 'airplane']",dog
40238,7,"['automobile', 'cat', 'airplane', 'frog']",cat
40239,5,"['frog', 'ship', 'airplane', 'automobile']",ship
40240,4,"['cat', 'automobile', 'frog', 'airplane']",automobile
40241,0,"['horse', 'deer', 'frog', 'cat']",horse
40242,8,"['horse', 'airplane', 'cat', 'frog']",horse
40243,7,"['automobile', 'cat', 'airplane', 'frog']",cat
40244,2,"['ship', 'cat', 'automobile', 'airplane']",automobile
40245,0,"['horse', 'deer', 'frog', 'cat']",horse
40246,3,"['frog', 'ship', 'automobile', 'airplane']",ship
40247,5,"['frog', 'ship', 'airplane', 'automobile']",ship
40248,1,"['bird', 'dog', 'frog', 'cat', 'airplane']",airplane
40249,3,"['frog', 'ship', 'automobile', 'airplane']",ship
40250,1,"['bird', 'dog', 'frog', 'cat', 'airplane']",airplane
40251,7,"['automobile', 'cat', 'airplane', 'frog']",cat
40252,8,"['horse', 'airplane', 'cat', 'frog']",horse
40253,7,"['automobile', 'cat', 'airplane', 'frog']",airplane
40254,9,"['dog', 'frog', 'cat', 'airplane']",airplane
40255,8,"['horse', 'airplane', 'cat', 'frog']",airplane
40256,2,"['ship', 'cat', 'automobile', 'airplane']",cat
40257,9,"['dog', 'frog', 'cat', 'airplane']",dog
40258,1,"['bird', 'dog', 'frog', 'cat', 'airplane']",airplane
40259,4,"['cat', 'automobile', 'frog', 'airplane']",automobile
40260,8,"['horse', 'airplane', 'cat', 'frog']",horse
40261,6,"['automobile', 'horse', 'ship', 'airplane']",airplane
40262,7,"['automobile', 'cat', 'airplane', 'frog']",frog
40263,3,"['frog', 'ship', 'automobile', 'airplane']",ship
40264,6,"['automobile', 'horse', 'ship', 'airplane']",ship
40265,9,"['dog', 'frog', 'cat', 'airplane']",airplane
40266,7,"['automobile', 'cat', 'airplane', 'frog']",airplane
40267,9,"['dog', 'frog', 'cat', 'airplane']",dog
40268,4,"['cat', 'automobile', 'frog', 'airplane']",automobile
40269,5,"['frog', 'ship', 'airplane', 'automobile']",ship
40270,8,"['horse', 'airplane', 'cat', 'frog']",horse
40271,0,"['horse', 'deer', 'frog', 'cat']",horse
40272,5,"['frog', 'ship', 'airplane', 'automobile']",ship
40273,6,"['automobile', 'horse', 'ship', 'airplane']",airplane
40274,6,"['automobile', 'horse', 'ship', 'airplane']",airplane
40275,0,"['horse', 'deer', 'frog', 'cat']",horse
40276,8,"['horse', 'airplane', 'cat', 'frog']",horse
40277,4,"['cat', 'automobile', 'frog', 'airplane']",automobile
40278,6,"['automobile', 'horse', 'ship', 'airplane']",airplane
40279,1,"['bird', 'dog', 'frog', 'cat', 'airplane']",airplane
40280,4,"['cat', 'automobile', 'frog', 'airplane']",automobile
40281,2,"['ship', 'cat', 'automobile', 'airplane']",cat
40282,2,"['ship', 'cat', 'automobile', 'airplane']",automobile
40283,1,"['bird', 'dog', 'frog', 'cat', 'airplane']",airplane
40284,8,"['horse', 'airplane', 'cat', 'frog']",horse
40285,4,"['cat', 'automobile', 'frog', 'airplane']",automobile
40286,4,"['cat', 'automobile', 'frog', 'airplane']",automobile
40287,0,"['horse', 'deer', 'frog', 'cat']",horse
40288,2,"['ship', 'cat', 'automobile', 'airplane']",cat
40289,4,"['cat', 'automobile', 'frog', 'airplane']",automobile
40290,1,"['bird', 'dog', 'frog', 'cat', 'airplane']",airplane
40291,9,"['dog', 'frog', 'cat', 'airplane']",airplane
40292,8,"['horse', 'airplane', 'cat', 'frog']",horse
40293,9,"['dog', 'frog', 'cat', 'airplane']",airplane
40294,0,"['horse', 'deer', 'frog', 'cat']",horse
40295,7,"['automobile', 'cat', 'airplane', 'frog']",cat
40296,1,"['bird', 'dog', 'frog', 'cat', 'airplane']",airplane
40297,1,"['bird', 'dog', 'frog', 'cat', 'airplane']",airplane
40298,6,"['automobile', 'horse', 'ship', 'airplane']",airplane
40299,4,"['cat', 'automobile', 'frog', 'airplane']",automobile
40300,7,"['automobile', 'cat', 'airplane', 'frog']",cat
40301,4,"['cat', 'automobile', 'frog', 'airplane']",automobile
40302,6,"['automobile', 'horse', 'ship', 'airplane']",airplane
40303,9,"['dog', 'frog', 'cat', 'airplane']",dog
40304,3,"['frog', 'ship', 'automobile', 'airplane']",ship
40305,2,"['ship', 'cat', 'automobile', 'airplane']",cat
40306,7,"['automobile', 'cat', 'airplane', 'frog']",frog
40307,3,"['frog', 'ship', 'automobile', 'airplane']",ship
40308,7,"['automobile', 'cat', 'airplane', 'frog']",cat
40309,4,"['cat', 'automobile', 'frog', 'airplane']",automobile
40310,5,"['frog', 'ship', 'airplane', 'automobile']",ship
40311,1,"['bird', 'dog', 'frog', 'cat', 'airplane']",airplane
40312,9,"['dog', 'frog', 'cat', 'airplane']",airplane
40313,6,"['automobile', 'horse', 'ship', 'airplane']",ship
40314,3,"['frog', 'ship', 'automobile', 'airplane']",ship
40315,9,"['dog', 'frog', 'cat', 'airplane']",frog
40316,6,"['automobile', 'horse', 'ship', 'airplane']",automobile
40317,0,"['horse', 'deer', 'frog', 'cat']",horse
40318,7,"['automobile', 'cat', 'airplane', 'frog']",cat
40319,0,"['horse', 'deer', 'frog', 'cat']",horse
40320,0,"['horse', 'deer', 'frog', 'cat']",horse
40321,0,"['horse', 'deer', 'frog', 'cat']",horse
40322,6,"['automobile', 'horse', 'ship', 'airplane']",horse
40323,6,"['automobile', 'horse', 'ship', 'airplane']",ship
40324,9,"['dog', 'frog', 'cat', 'airplane']",airplane
40325,7,"['automobile', 'cat', 'airplane', 'frog']",cat
40326,3,"['frog', 'ship', 'automobile', 'airplane']",ship
40327,2,"['ship', 'cat', 'automobile', 'airplane']",cat
40328,0,"['horse', 'deer', 'frog', 'cat']",horse
40329,6,"['automobile', 'horse', 'ship', 'airplane']",airplane
40330,7,"['automobile', 'cat', 'airplane', 'frog']",airplane
40331,5,"['frog', 'ship', 'airplane', 'automobile']",ship
40332,0,"['horse', 'deer', 'frog', 'cat']",horse
40333,2,"['ship', 'cat', 'automobile', 'airplane']",automobile
40334,0,"['horse', 'deer', 'frog', 'cat']",horse
40335,3,"['frog', 'ship', 'automobile', 'airplane']",ship
40336,8,"['horse', 'airplane', 'cat', 'frog']",horse
40337,6,"['automobile', 'horse', 'ship', 'airplane']",ship
40338,9,"['dog', 'frog', 'cat', 'airplane']",airplane
40339,9,"['dog', 'frog', 'cat', 'airplane']",airplane
40340,7,"['automobile', 'cat', 'airplane', 'frog']",cat
40341,1,"['bird', 'dog', 'frog', 'cat', 'airplane']",airplane
40342,2,"['ship', 'cat', 'automobile', 'airplane']",cat
40343,0,"['horse', 'deer', 'frog', 'cat']",horse
40344,8,"['horse', 'airplane', 'cat', 'frog']",horse
40345,8,"['horse', 'airplane', 'cat', 'frog']",horse
40346,0,"['horse', 'deer', 'frog', 'cat']",horse
40347,8,"['horse', 'airplane', 'cat', 'frog']",horse
40348,2,"['ship', 'cat', 'automobile', 'airplane']",cat
40349,0,"['horse', 'deer', 'frog', 'cat']",horse
40350,9,"['dog', 'frog', 'cat', 'airplane']",dog
40351,5,"['frog', 'ship', 'airplane', 'automobile']",ship
40352,1,"['bird', 'dog', 'frog', 'cat', 'airplane']",airplane
40353,3,"['frog', 'ship', 'automobile', 'airplane']",ship
40354,3,"['frog', 'ship', 'automobile', 'airplane']",ship
40355,0,"['horse', 'deer', 'frog', 'cat']",horse
40356,7,"['automobile', 'cat', 'airplane', 'frog']",airplane
40357,6,"['automobile', 'horse', 'ship', 'airplane']",airplane
40358,1,"['bird', 'dog', 'frog', 'cat', 'airplane']",airplane
40359,0,"['horse', 'deer', 'frog', 'cat']",horse
40360,7,"['automobile', 'cat', 'airplane', 'frog']",airplane
40361,9,"['dog', 'frog', 'cat', 'airplane']",dog
40362,3,"['frog', 'ship', 'automobile', 'airplane']",ship
40363,1,"['bird', 'dog', 'frog', 'cat', 'airplane']",airplane
40364,6,"['automobile', 'horse', 'ship', 'airplane']",automobile
40365,3,"['frog', 'ship', 'automobile', 'airplane']",ship
40366,5,"['frog', 'ship', 'airplane', 'automobile']",ship
40367,1,"['bird', 'dog', 'frog', 'cat', 'airplane']",airplane
40368,8,"['horse', 'airplane', 'cat', 'frog']",horse
40369,3,"['frog', 'ship', 'automobile', 'airplane']",ship
40370,3,"['frog', 'ship', 'automobile', 'airplane']",ship
40371,2,"['ship', 'cat', 'automobile', 'airplane']",cat
40372,2,"['ship', 'cat', 'automobile', 'airplane']",cat
40373,5,"['frog', 'ship', 'airplane', 'automobile']",ship
40374,7,"['automobile', 'cat', 'airplane', 'frog']",cat
40375,4,"['cat', 'automobile', 'frog', 'airplane']",airplane
40376,8,"['horse', 'airplane', 'cat', 'frog']",horse
40377,4,"['cat', 'automobile', 'frog', 'airplane']",automobile
40378,3,"['frog', 'ship', 'automobile', 'airplane']",ship
40379,0,"['horse', 'deer', 'frog', 'cat']",horse
40380,5,"['frog', 'ship', 'airplane', 'automobile']",ship
40381,9,"['dog', 'frog', 'cat', 'airplane']",airplane
40382,5,"['frog', 'ship', 'airplane', 'automobile']",ship
40383,4,"['cat', 'automobile', 'frog', 'airplane']",automobile
40384,3,"['frog', 'ship', 'automobile', 'airplane']",ship
40385,2,"['ship', 'cat', 'automobile', 'airplane']",automobile
40386,1,"['bird', 'dog', 'frog', 'cat', 'airplane']",airplane
40387,9,"['dog', 'frog', 'cat', 'airplane']",airplane
40388,2,"['ship', 'cat', 'automobile', 'airplane']",cat
40389,8,"['horse', 'airplane', 'cat', 'frog']",horse
40390,7,"['automobile', 'cat', 'airplane', 'frog']",cat
40391,8,"['horse', 'airplane', 'cat', 'frog']",horse
40392,2,"['ship', 'cat', 'automobile', 'airplane']",automobile
40393,9,"['dog', 'frog', 'cat', 'airplane']",dog
40394,1,"['bird', 'dog', 'frog', 'cat', 'airplane']",airplane
40395,8,"['horse', 'airplane', 'cat', 'frog']",horse
40396,6,"['automobile', 'horse', 'ship', 'airplane']",airplane
40397,4,"['cat', 'automobile', 'frog', 'airplane']",automobile
40398,2,"['ship', 'cat', 'automobile', 'airplane']",automobile
40399,3,"['frog', 'ship', 'automobile', 'airplane']",ship
40400,3,"['frog', 'ship', 'automobile', 'airplane']",ship
40401,0,"['horse', 'deer', 'frog', 'cat']",horse
40402,8,"['horse', 'airplane', 'cat', 'frog']",horse
40403,2,"['ship', 'cat', 'automobile', 'airplane']",cat
40404,3,"['frog', 'ship', 'automobile', 'airplane']",ship
40405,5,"['frog', 'ship', 'airplane', 'automobile']",ship
40406,7,"['automobile', 'cat', 'airplane', 'frog']",cat
40407,1,"['bird', 'dog', 'frog', 'cat', 'airplane']",airplane
40408,8,"['horse', 'airplane', 'cat', 'frog']",horse
40409,8,"['horse', 'airplane', 'cat', 'frog']",horse
40410,1,"['bird', 'dog', 'frog', 'cat', 'airplane']",airplane
40411,0,"['horse', 'deer', 'frog', 'cat']",horse
40412,9,"['dog', 'frog', 'cat', 'airplane']",dog
40413,9,"['dog', 'frog', 'cat', 'airplane']",airplane
40414,9,"['dog', 'frog', 'cat', 'airplane']",airplane
40415,8,"['horse', 'airplane', 'cat', 'frog']",horse
40416,7,"['automobile', 'cat', 'airplane', 'frog']",airplane
40417,5,"['frog', 'ship', 'airplane', 'automobile']",ship
40418,0,"['horse', 'deer', 'frog', 'cat']",horse
40419,5,"['frog', 'ship', 'airplane', 'automobile']",ship
40420,0,"['horse', 'deer', 'frog', 'cat']",horse
40421,5,"['frog', 'ship', 'airplane', 'automobile']",ship
40422,1,"['bird', 'dog', 'frog', 'cat', 'airplane']",airplane
40423,1,"['bird', 'dog', 'frog', 'cat', 'airplane']",airplane
40424,4,"['cat', 'automobile', 'frog', 'airplane']",automobile
40425,6,"['automobile', 'horse', 'ship', 'airplane']",airplane
40426,7,"['automobile', 'cat', 'airplane', 'frog']",cat
40427,1,"['bird', 'dog', 'frog', 'cat', 'airplane']",airplane
40428,2,"['ship', 'cat', 'automobile', 'airplane']",ship
40429,8,"['horse', 'airplane', 'cat', 'frog']",horse
40430,5,"['frog', 'ship', 'airplane', 'automobile']",ship
40431,1,"['bird', 'dog', 'frog', 'cat', 'airplane']",airplane
40432,0,"['horse', 'deer', 'frog', 'cat']",horse
40433,3,"['frog', 'ship', 'automobile', 'airplane']",ship
40434,5,"['frog', 'ship', 'airplane', 'automobile']",ship
40435,8,"['horse', 'airplane', 'cat', 'frog']",horse
40436,6,"['automobile', 'horse', 'ship', 'airplane']",airplane
40437,6,"['automobile', 'horse', 'ship', 'airplane']",ship
40438,6,"['automobile', 'horse', 'ship', 'airplane']",automobile
40439,7,"['automobile', 'cat', 'airplane', 'frog']",cat
40440,7,"['automobile', 'cat', 'airplane', 'frog']",cat
40441,4,"['cat', 'automobile', 'frog', 'airplane']",automobile
40442,0,"['horse', 'deer', 'frog', 'cat']",horse
40443,5,"['frog', 'ship', 'airplane', 'automobile']",ship
40444,2,"['ship', 'cat', 'automobile', 'airplane']",automobile
40445,8,"['horse', 'airplane', 'cat', 'frog']",horse
40446,3,"['frog', 'ship', 'automobile', 'airplane']",ship
40447,7,"['automobile', 'cat', 'airplane', 'frog']",cat
40448,0,"['horse', 'deer', 'frog', 'cat']",horse
40449,1,"['bird', 'dog', 'frog', 'cat', 'airplane']",airplane
40450,9,"['dog', 'frog', 'cat', 'airplane']",dog
40451,9,"['dog', 'frog', 'cat', 'airplane']",airplane
40452,2,"['ship', 'cat', 'automobile', 'airplane']",cat
40453,1,"['bird', 'dog', 'frog', 'cat', 'airplane']",airplane
40454,7,"['automobile', 'cat', 'airplane', 'frog']",cat
40455,6,"['automobile', 'horse', 'ship', 'airplane']",airplane
40456,5,"['frog', 'ship', 'airplane', 'automobile']",ship
40457,3,"['frog', 'ship', 'automobile', 'airplane']",ship
40458,8,"['horse', 'airplane', 'cat', 'frog']",horse
40459,3,"['frog', 'ship', 'automobile', 'airplane']",ship
40460,0,"['horse', 'deer', 'frog', 'cat']",horse
40461,7,"['automobile', 'cat', 'airplane', 'frog']",cat
40462,6,"['automobile', 'horse', 'ship', 'airplane']",horse
40463,2,"['ship', 'cat', 'automobile', 'airplane']",cat
40464,7,"['automobile', 'cat', 'airplane', 'frog']",cat
40465,7,"['automobile', 'cat', 'airplane', 'frog']",frog
40466,6,"['automobile', 'horse', 'ship', 'airplane']",airplane
40467,5,"['frog', 'ship', 'airplane', 'automobile']",ship
40468,6,"['automobile', 'horse', 'ship', 'airplane']",ship
40469,4,"['cat', 'automobile', 'frog', 'airplane']",automobile
40470,8,"['horse', 'airplane', 'cat', 'frog']",horse
40471,5,"['frog', 'ship', 'airplane', 'automobile']",ship
40472,1,"['bird', 'dog', 'frog', 'cat', 'airplane']",airplane
40473,4,"['cat', 'automobile', 'frog', 'airplane']",automobile
40474,9,"['dog', 'frog', 'cat', 'airplane']",dog
40475,1,"['bird', 'dog', 'frog', 'cat', 'airplane']",airplane
40476,0,"['horse', 'deer', 'frog', 'cat']",horse
40477,5,"['frog', 'ship', 'airplane', 'automobile']",ship
40478,7,"['automobile', 'cat', 'airplane', 'frog']",cat
40479,0,"['horse', 'deer', 'frog', 'cat']",frog
40480,2,"['ship', 'cat', 'automobile', 'airplane']",automobile
40481,5,"['frog', 'ship', 'airplane', 'automobile']",ship
40482,0,"['horse', 'deer', 'frog', 'cat']",horse
40483,8,"['horse', 'airplane', 'cat', 'frog']",horse
40484,1,"['bird', 'dog', 'frog', 'cat', 'airplane']",airplane
40485,0,"['horse', 'deer', 'frog', 'cat']",horse
40486,4,"['cat', 'automobile', 'frog', 'airplane']",automobile
40487,2,"['ship', 'cat', 'automobile', 'airplane']",cat
40488,2,"['ship', 'cat', 'automobile', 'airplane']",ship
40489,5,"['frog', 'ship', 'airplane', 'automobile']",ship
40490,5,"['frog', 'ship', 'airplane', 'automobile']",ship
40491,8,"['horse', 'airplane', 'cat', 'frog']",horse
40492,0,"['horse', 'deer', 'frog', 'cat']",horse
40493,8,"['horse', 'airplane', 'cat', 'frog']",horse
40494,9,"['dog', 'frog', 'cat', 'airplane']",dog
40495,8,"['horse', 'airplane', 'cat', 'frog']",horse
40496,4,"['cat', 'automobile', 'frog', 'airplane']",automobile
40497,7,"['automobile', 'cat', 'airplane', 'frog']",airplane
40498,6,"['automobile', 'horse', 'ship', 'airplane']",automobile
40499,4,"['cat', 'automobile', 'frog', 'airplane']",airplane
40500,8,"['horse', 'airplane', 'cat', 'frog']",horse
40501,6,"['automobile', 'horse', 'ship', 'airplane']",airplane
40502,7,"['automobile', 'cat', 'airplane', 'frog']",cat
40503,5,"['frog', 'ship', 'airplane', 'automobile']",ship
40504,0,"['horse', 'deer', 'frog', 'cat']",horse
40505,1,"['bird', 'dog', 'frog', 'cat', 'airplane']",airplane
40506,3,"['frog', 'ship', 'automobile', 'airplane']",ship
40507,9,"['dog', 'frog', 'cat', 'airplane']",dog
40508,9,"['dog', 'frog', 'cat', 'airplane']",dog
40509,1,"['bird', 'dog', 'frog', 'cat', 'airplane']",airplane
40510,4,"['cat', 'automobile', 'frog', 'airplane']",automobile
40511,3,"['frog', 'ship', 'automobile', 'airplane']",ship
40512,8,"['horse', 'airplane', 'cat', 'frog']",horse
40513,6,"['automobile', 'horse', 'ship', 'airplane']",airplane
40514,6,"['automobile', 'horse', 'ship', 'airplane']",airplane
40515,2,"['ship', 'cat', 'automobile', 'airplane']",cat
40516,0,"['horse', 'deer', 'frog', 'cat']",horse
40517,7,"['automobile', 'cat', 'airplane', 'frog']",cat
40518,1,"['bird', 'dog', 'frog', 'cat', 'airplane']",airplane
40519,6,"['automobile', 'horse', 'ship', 'airplane']",horse
40520,1,"['bird', 'dog', 'frog', 'cat', 'airplane']",airplane
40521,6,"['automobile', 'horse', 'ship', 'airplane']",airplane
40522,4,"['cat', 'automobile', 'frog', 'airplane']",automobile
40523,4,"['cat', 'automobile', 'frog', 'airplane']",automobile
40524,8,"['horse', 'airplane', 'cat', 'frog']",horse
40525,0,"['horse', 'deer', 'frog', 'cat']",horse
40526,0,"['horse', 'deer', 'frog', 'cat']",horse
40527,2,"['ship', 'cat', 'automobile', 'airplane']",cat
40528,5,"['frog', 'ship', 'airplane', 'automobile']",ship
40529,4,"['cat', 'automobile', 'frog', 'airplane']",automobile
40530,4,"['cat', 'automobile', 'frog', 'airplane']",automobile
40531,4,"['cat', 'automobile', 'frog', 'airplane']",automobile
40532,3,"['frog', 'ship', 'automobile', 'airplane']",ship
40533,7,"['automobile', 'cat', 'airplane', 'frog']",cat
40534,2,"['ship', 'cat', 'automobile', 'airplane']",cat
40535,0,"['horse', 'deer', 'frog', 'cat']",horse
40536,5,"['frog', 'ship', 'airplane', 'automobile']",ship
40537,1,"['bird', 'dog', 'frog', 'cat', 'airplane']",airplane
40538,5,"['frog', 'ship', 'airplane', 'automobile']",ship
40539,7,"['automobile', 'cat', 'airplane', 'frog']",cat
40540,9,"['dog', 'frog', 'cat', 'airplane']",dog
40541,7,"['automobile', 'cat', 'airplane', 'frog']",cat
40542,0,"['horse', 'deer', 'frog', 'cat']",horse
40543,5,"['frog', 'ship', 'airplane', 'automobile']",ship
40544,6,"['automobile', 'horse', 'ship', 'airplane']",airplane
40545,2,"['ship', 'cat', 'automobile', 'airplane']",cat
40546,3,"['frog', 'ship', 'automobile', 'airplane']",ship
40547,8,"['horse', 'airplane', 'cat', 'frog']",horse
40548,0,"['horse', 'deer', 'frog', 'cat']",horse
40549,6,"['automobile', 'horse', 'ship', 'airplane']",airplane
40550,4,"['cat', 'automobile', 'frog', 'airplane']",automobile
40551,6,"['automobile', 'horse', 'ship', 'airplane']",ship
40552,8,"['horse', 'airplane', 'cat', 'frog']",horse
40553,4,"['cat', 'automobile', 'frog', 'airplane']",automobile
40554,1,"['bird', 'dog', 'frog', 'cat', 'airplane']",airplane
40555,5,"['frog', 'ship', 'airplane', 'automobile']",ship
40556,0,"['horse', 'deer', 'frog', 'cat']",horse
40557,6,"['automobile', 'horse', 'ship', 'airplane']",horse
40558,3,"['frog', 'ship', 'automobile', 'airplane']",ship
40559,9,"['dog', 'frog', 'cat', 'airplane']",dog
40560,4,"['cat', 'automobile', 'frog', 'airplane']",automobile
40561,5,"['frog', 'ship', 'airplane', 'automobile']",ship
40562,4,"['cat', 'automobile', 'frog', 'airplane']",automobile
40563,7,"['automobile', 'cat', 'airplane', 'frog']",cat
40564,9,"['dog', 'frog', 'cat', 'airplane']",dog
40565,6,"['automobile', 'horse', 'ship', 'airplane']",airplane
40566,2,"['ship', 'cat', 'automobile', 'airplane']",cat
40567,7,"['automobile', 'cat', 'airplane', 'frog']",cat
40568,6,"['automobile', 'horse', 'ship', 'airplane']",airplane
40569,1,"['bird', 'dog', 'frog', 'cat', 'airplane']",airplane
40570,7,"['automobile', 'cat', 'airplane', 'frog']",airplane
40571,8,"['horse', 'airplane', 'cat', 'frog']",horse
40572,5,"['frog', 'ship', 'airplane', 'automobile']",ship
40573,1,"['bird', 'dog', 'frog', 'cat', 'airplane']",airplane
40574,9,"['dog', 'frog', 'cat', 'airplane']",airplane
40575,8,"['horse', 'airplane', 'cat', 'frog']",horse
40576,1,"['bird', 'dog', 'frog', 'cat', 'airplane']",airplane
40577,3,"['frog', 'ship', 'automobile', 'airplane']",ship
40578,8,"['horse', 'airplane', 'cat', 'frog']",horse
40579,7,"['automobile', 'cat', 'airplane', 'frog']",airplane
40580,4,"['cat', 'automobile', 'frog', 'airplane']",automobile
40581,8,"['horse', 'airplane', 'cat', 'frog']",horse
40582,1,"['bird', 'dog', 'frog', 'cat', 'airplane']",airplane
40583,2,"['ship', 'cat', 'automobile', 'airplane']",airplane
40584,3,"['frog', 'ship', 'automobile', 'airplane']",ship
40585,7,"['automobile', 'cat', 'airplane', 'frog']",cat
40586,0,"['horse', 'deer', 'frog', 'cat']",horse
40587,3,"['frog', 'ship', 'automobile', 'airplane']",ship
40588,4,"['cat', 'automobile', 'frog', 'airplane']",airplane
40589,0,"['horse', 'deer', 'frog', 'cat']",horse
40590,0,"['horse', 'deer', 'frog', 'cat']",horse
40591,4,"['cat', 'automobile', 'frog', 'airplane']",automobile
40592,8,"['horse', 'airplane', 'cat', 'frog']",horse
40593,4,"['cat', 'automobile', 'frog', 'airplane']",automobile
40594,1,"['bird', 'dog', 'frog', 'cat', 'airplane']",airplane
40595,1,"['bird', 'dog', 'frog', 'cat', 'airplane']",airplane
40596,9,"['dog', 'frog', 'cat', 'airplane']",dog
40597,4,"['cat', 'automobile', 'frog', 'airplane']",automobile
40598,8,"['horse', 'airplane', 'cat', 'frog']",horse
40599,9,"['dog', 'frog', 'cat', 'airplane']",airplane
40600,5,"['frog', 'ship', 'airplane', 'automobile']",ship
40601,8,"['horse', 'airplane', 'cat', 'frog']",horse
40602,1,"['bird', 'dog', 'frog', 'cat', 'airplane']",airplane
40603,3,"['frog', 'ship', 'automobile', 'airplane']",ship
40604,7,"['automobile', 'cat', 'airplane', 'frog']",cat
40605,9,"['dog', 'frog', 'cat', 'airplane']",dog
40606,8,"['horse', 'airplane', 'cat', 'frog']",horse
40607,0,"['horse', 'deer', 'frog', 'cat']",horse
40608,5,"['frog', 'ship', 'airplane', 'automobile']",ship
40609,8,"['horse', 'airplane', 'cat', 'frog']",horse
40610,4,"['cat', 'automobile', 'frog', 'airplane']",automobile
40611,3,"['frog', 'ship', 'automobile', 'airplane']",ship
40612,0,"['horse', 'deer', 'frog', 'cat']",horse
40613,6,"['automobile', 'horse', 'ship', 'airplane']",airplane
40614,8,"['horse', 'airplane', 'cat', 'frog']",horse
40615,1,"['bird', 'dog', 'frog', 'cat', 'airplane']",airplane
40616,5,"['frog', 'ship', 'airplane', 'automobile']",ship
40617,6,"['automobile', 'horse', 'ship', 'airplane']",ship
40618,0,"['horse', 'deer', 'frog', 'cat']",horse
40619,0,"['horse', 'deer', 'frog', 'cat']",horse
40620,5,"['frog', 'ship', 'airplane', 'automobile']",ship
40621,0,"['horse', 'deer', 'frog', 'cat']",horse
40622,9,"['dog', 'frog', 'cat', 'airplane']",dog
40623,2,"['ship', 'cat', 'automobile', 'airplane']",cat
40624,3,"['frog', 'ship', 'automobile', 'airplane']",ship
40625,2,"['ship', 'cat', 'automobile', 'airplane']",automobile
40626,7,"['automobile', 'cat', 'airplane', 'frog']",airplane
40627,6,"['automobile', 'horse', 'ship', 'airplane']",airplane
40628,6,"['automobile', 'horse', 'ship', 'airplane']",airplane
40629,4,"['cat', 'automobile', 'frog', 'airplane']",automobile
40630,7,"['automobile', 'cat', 'airplane', 'frog']",airplane
40631,4,"['cat', 'automobile', 'frog', 'airplane']",airplane
40632,5,"['frog', 'ship', 'airplane', 'automobile']",ship
40633,1,"['bird', 'dog', 'frog', 'cat', 'airplane']",airplane
40634,3,"['frog', 'ship', 'automobile', 'airplane']",ship
40635,0,"['horse', 'deer', 'frog', 'cat']",horse
40636,8,"['horse', 'airplane', 'cat', 'frog']",horse
40637,7,"['automobile', 'cat', 'airplane', 'frog']",airplane
40638,9,"['dog', 'frog', 'cat', 'airplane']",dog
40639,0,"['horse', 'deer', 'frog', 'cat']",horse
40640,6,"['automobile', 'horse', 'ship', 'airplane']",automobile
40641,8,"['horse', 'airplane', 'cat', 'frog']",horse
40642,4,"['cat', 'automobile', 'frog', 'airplane']",airplane
40643,3,"['frog', 'ship', 'automobile', 'airplane']",ship
40644,0,"['horse', 'deer', 'frog', 'cat']",horse
40645,8,"['horse', 'airplane', 'cat', 'frog']",horse
40646,7,"['automobile', 'cat', 'airplane', 'frog']",airplane
40647,4,"['cat', 'automobile', 'frog', 'airplane']",automobile
40648,0,"['horse', 'deer', 'frog', 'cat']",horse
40649,0,"['horse', 'deer', 'frog', 'cat']",horse
40650,4,"['cat', 'automobile', 'frog', 'airplane']",automobile
40651,3,"['frog', 'ship', 'automobile', 'airplane']",ship
40652,0,"['horse', 'deer', 'frog', 'cat']",horse
40653,6,"['automobile', 'horse', 'ship', 'airplane']",airplane
40654,0,"['horse', 'deer', 'frog', 'cat']",horse
40655,1,"['bird', 'dog', 'frog', 'cat', 'airplane']",airplane
40656,1,"['bird', 'dog', 'frog', 'cat', 'airplane']",airplane
40657,5,"['frog', 'ship', 'airplane', 'automobile']",ship
40658,4,"['cat', 'automobile', 'frog', 'airplane']",automobile
40659,7,"['automobile', 'cat', 'airplane', 'frog']",cat
40660,4,"['cat', 'automobile', 'frog', 'airplane']",automobile
40661,2,"['ship', 'cat', 'automobile', 'airplane']",cat
40662,5,"['frog', 'ship', 'airplane', 'automobile']",ship
40663,4,"['cat', 'automobile', 'frog', 'airplane']",automobile
40664,6,"['automobile', 'horse', 'ship', 'airplane']",ship
40665,4,"['cat', 'automobile', 'frog', 'airplane']",automobile
40666,6,"['automobile', 'horse', 'ship', 'airplane']",airplane
40667,8,"['horse', 'airplane', 'cat', 'frog']",horse
40668,3,"['frog', 'ship', 'automobile', 'airplane']",frog
40669,8,"['horse', 'airplane', 'cat', 'frog']",horse
40670,3,"['frog', 'ship', 'automobile', 'airplane']",ship
40671,8,"['horse', 'airplane', 'cat', 'frog']",horse
40672,7,"['automobile', 'cat', 'airplane', 'frog']",cat
40673,6,"['automobile', 'horse', 'ship', 'airplane']",automobile
40674,4,"['cat', 'automobile', 'frog', 'airplane']",automobile
40675,6,"['automobile', 'horse', 'ship', 'airplane']",airplane
40676,9,"['dog', 'frog', 'cat', 'airplane']",airplane
40677,6,"['automobile', 'horse', 'ship', 'airplane']",airplane
40678,1,"['bird', 'dog', 'frog', 'cat', 'airplane']",airplane
40679,0,"['horse', 'deer', 'frog', 'cat']",horse
40680,0,"['horse', 'deer', 'frog', 'cat']",horse
40681,5,"['frog', 'ship', 'airplane', 'automobile']",ship
40682,4,"['cat', 'automobile', 'frog', 'airplane']",automobile
40683,8,"['horse', 'airplane', 'cat', 'frog']",horse
40684,7,"['automobile', 'cat', 'airplane', 'frog']",cat
40685,6,"['automobile', 'horse', 'ship', 'airplane']",airplane
40686,5,"['frog', 'ship', 'airplane', 'automobile']",ship
40687,2,"['ship', 'cat', 'automobile', 'airplane']",cat
40688,5,"['frog', 'ship', 'airplane', 'automobile']",ship
40689,7,"['automobile', 'cat', 'airplane', 'frog']",cat
40690,3,"['frog', 'ship', 'automobile', 'airplane']",ship
40691,8,"['horse', 'airplane', 'cat', 'frog']",horse
40692,7,"['automobile', 'cat', 'airplane', 'frog']",cat
40693,9,"['dog', 'frog', 'cat', 'airplane']",airplane
40694,7,"['automobile', 'cat', 'airplane', 'frog']",cat
40695,8,"['horse', 'airplane', 'cat', 'frog']",horse
40696,6,"['automobile', 'horse', 'ship', 'airplane']",airplane
40697,5,"['frog', 'ship', 'airplane', 'automobile']",ship
40698,9,"['dog', 'frog', 'cat', 'airplane']",airplane
40699,9,"['dog', 'frog', 'cat', 'airplane']",airplane
40700,8,"['horse', 'airplane', 'cat', 'frog']",horse
40701,2,"['ship', 'cat', 'automobile', 'airplane']",cat
40702,8,"['horse', 'airplane', 'cat', 'frog']",horse
40703,0,"['horse', 'deer', 'frog', 'cat']",horse
40704,2,"['ship', 'cat', 'automobile', 'airplane']",cat
40705,4,"['cat', 'automobile', 'frog', 'airplane']",automobile
40706,2,"['ship', 'cat', 'automobile', 'airplane']",cat
40707,4,"['cat', 'automobile', 'frog', 'airplane']",airplane
40708,0,"['horse', 'deer', 'frog', 'cat']",horse
40709,7,"['automobile', 'cat', 'airplane', 'frog']",airplane
40710,6,"['automobile', 'horse', 'ship', 'airplane']",airplane
40711,9,"['dog', 'frog', 'cat', 'airplane']",airplane
40712,3,"['frog', 'ship', 'automobile', 'airplane']",ship
40713,1,"['bird', 'dog', 'frog', 'cat', 'airplane']",airplane
40714,2,"['ship', 'cat', 'automobile', 'airplane']",cat
40715,6,"['automobile', 'horse', 'ship', 'airplane']",ship
40716,2,"['ship', 'cat', 'automobile', 'airplane']",cat
40717,5,"['frog', 'ship', 'airplane', 'automobile']",ship
40718,4,"['cat', 'automobile', 'frog', 'airplane']",automobile
40719,9,"['dog', 'frog', 'cat', 'airplane']",airplane
40720,2,"['ship', 'cat', 'automobile', 'airplane']",cat
40721,5,"['frog', 'ship', 'airplane', 'automobile']",ship
40722,9,"['dog', 'frog', 'cat', 'airplane']",airplane
40723,7,"['automobile', 'cat', 'airplane', 'frog']",airplane
40724,9,"['dog', 'frog', 'cat', 'airplane']",airplane
40725,6,"['automobile', 'horse', 'ship', 'airplane']",horse
40726,3,"['frog', 'ship', 'automobile', 'airplane']",ship
40727,2,"['ship', 'cat', 'automobile', 'airplane']",cat
40728,8,"['horse', 'airplane', 'cat', 'frog']",horse
40729,9,"['dog', 'frog', 'cat', 'airplane']",dog
40730,7,"['automobile', 'cat', 'airplane', 'frog']",cat
40731,7,"['automobile', 'cat', 'airplane', 'frog']",airplane
40732,3,"['frog', 'ship', 'automobile', 'airplane']",ship
40733,0,"['horse', 'deer', 'frog', 'cat']",horse
40734,9,"['dog', 'frog', 'cat', 'airplane']",dog
40735,9,"['dog', 'frog', 'cat', 'airplane']",dog
40736,2,"['ship', 'cat', 'automobile', 'airplane']",cat
40737,3,"['frog', 'ship', 'automobile', 'airplane']",ship
40738,8,"['horse', 'airplane', 'cat', 'frog']",horse
40739,4,"['cat', 'automobile', 'frog', 'airplane']",automobile
40740,0,"['horse', 'deer', 'frog', 'cat']",horse
40741,0,"['horse', 'deer', 'frog', 'cat']",horse
40742,9,"['dog', 'frog', 'cat', 'airplane']",airplane
40743,7,"['automobile', 'cat', 'airplane', 'frog']",cat
40744,7,"['automobile', 'cat', 'airplane', 'frog']",cat
40745,4,"['cat', 'automobile', 'frog', 'airplane']",automobile
40746,0,"['horse', 'deer', 'frog', 'cat']",horse
40747,0,"['horse', 'deer', 'frog', 'cat']",horse
40748,6,"['automobile', 'horse', 'ship', 'airplane']",airplane
40749,1,"['bird', 'dog', 'frog', 'cat', 'airplane']",airplane
40750,9,"['dog', 'frog', 'cat', 'airplane']",airplane
40751,1,"['bird', 'dog', 'frog', 'cat', 'airplane']",airplane
40752,0,"['horse', 'deer', 'frog', 'cat']",horse
40753,9,"['dog', 'frog', 'cat', 'airplane']",dog
40754,5,"['frog', 'ship', 'airplane', 'automobile']",ship
40755,6,"['automobile', 'horse', 'ship', 'airplane']",airplane
40756,3,"['frog', 'ship', 'automobile', 'airplane']",ship
40757,4,"['cat', 'automobile', 'frog', 'airplane']",automobile
40758,1,"['bird', 'dog', 'frog', 'cat', 'airplane']",airplane
40759,1,"['bird', 'dog', 'frog', 'cat', 'airplane']",airplane
40760,6,"['automobile', 'horse', 'ship', 'airplane']",airplane
40761,0,"['horse', 'deer', 'frog', 'cat']",horse
40762,1,"['bird', 'dog', 'frog', 'cat', 'airplane']",airplane
40763,5,"['frog', 'ship', 'airplane', 'automobile']",ship
40764,3,"['frog', 'ship', 'automobile', 'airplane']",ship
40765,5,"['frog', 'ship', 'airplane', 'automobile']",ship
40766,9,"['dog', 'frog', 'cat', 'airplane']",airplane
40767,6,"['automobile', 'horse', 'ship', 'airplane']",ship
40768,0,"['horse', 'deer', 'frog', 'cat']",horse
40769,4,"['cat', 'automobile', 'frog', 'airplane']",automobile
40770,4,"['cat', 'automobile', 'frog', 'airplane']",automobile
40771,5,"['frog', 'ship', 'airplane', 'automobile']",ship
40772,5,"['frog', 'ship', 'airplane', 'automobile']",ship
40773,5,"['frog', 'ship', 'airplane', 'automobile']",ship
40774,9,"['dog', 'frog', 'cat', 'airplane']",dog
40775,3,"['frog', 'ship', 'automobile', 'airplane']",ship
40776,5,"['frog', 'ship', 'airplane', 'automobile']",ship
40777,9,"['dog', 'frog', 'cat', 'airplane']",airplane
40778,8,"['horse', 'airplane', 'cat', 'frog']",horse
40779,5,"['frog', 'ship', 'airplane', 'automobile']",ship
40780,8,"['horse', 'airplane', 'cat', 'frog']",horse
40781,9,"['dog', 'frog', 'cat', 'airplane']",airplane
40782,6,"['automobile', 'horse', 'ship', 'airplane']",airplane
40783,5,"['frog', 'ship', 'airplane', 'automobile']",ship
40784,8,"['horse', 'airplane', 'cat', 'frog']",horse
40785,8,"['horse', 'airplane', 'cat', 'frog']",horse
40786,2,"['ship', 'cat', 'automobile', 'airplane']",cat
40787,2,"['ship', 'cat', 'automobile', 'airplane']",cat
40788,3,"['frog', 'ship', 'automobile', 'airplane']",ship
40789,8,"['horse', 'airplane', 'cat', 'frog']",horse
40790,9,"['dog', 'frog', 'cat', 'airplane']",airplane
40791,2,"['ship', 'cat', 'automobile', 'airplane']",automobile
40792,3,"['frog', 'ship', 'automobile', 'airplane']",ship
40793,4,"['cat', 'automobile', 'frog', 'airplane']",automobile
40794,4,"['cat', 'automobile', 'frog', 'airplane']",automobile
40795,9,"['dog', 'frog', 'cat', 'airplane']",dog
40796,0,"['horse', 'deer', 'frog', 'cat']",horse
40797,6,"['automobile', 'horse', 'ship', 'airplane']",airplane
40798,4,"['cat', 'automobile', 'frog', 'airplane']",automobile
40799,5,"['frog', 'ship', 'airplane', 'automobile']",ship
40800,5,"['frog', 'ship', 'airplane', 'automobile']",ship
40801,9,"['dog', 'frog', 'cat', 'airplane']",airplane
40802,0,"['horse', 'deer', 'frog', 'cat']",horse
40803,4,"['cat', 'automobile', 'frog', 'airplane']",automobile
40804,6,"['automobile', 'horse', 'ship', 'airplane']",ship
40805,8,"['horse', 'airplane', 'cat', 'frog']",horse
40806,0,"['horse', 'deer', 'frog', 'cat']",frog
40807,0,"['horse', 'deer', 'frog', 'cat']",horse
40808,1,"['bird', 'dog', 'frog', 'cat', 'airplane']",airplane
40809,3,"['frog', 'ship', 'automobile', 'airplane']",frog
40810,9,"['dog', 'frog', 'cat', 'airplane']",airplane
40811,6,"['automobile', 'horse', 'ship', 'airplane']",airplane
40812,9,"['dog', 'frog', 'cat', 'airplane']",airplane
40813,5,"['frog', 'ship', 'airplane', 'automobile']",ship
40814,1,"['bird', 'dog', 'frog', 'cat', 'airplane']",airplane
40815,1,"['bird', 'dog', 'frog', 'cat', 'airplane']",airplane
40816,7,"['automobile', 'cat', 'airplane', 'frog']",airplane
40817,7,"['automobile', 'cat', 'airplane', 'frog']",cat
40818,0,"['horse', 'deer', 'frog', 'cat']",horse
40819,9,"['dog', 'frog', 'cat', 'airplane']",airplane
40820,7,"['automobile', 'cat', 'airplane', 'frog']",cat
40821,7,"['automobile', 'cat', 'airplane', 'frog']",cat
40822,1,"['bird', 'dog', 'frog', 'cat', 'airplane']",airplane
40823,6,"['automobile', 'horse', 'ship', 'airplane']",ship
40824,6,"['automobile', 'horse', 'ship', 'airplane']",airplane
40825,9,"['dog', 'frog', 'cat', 'airplane']",airplane
40826,3,"['frog', 'ship', 'automobile', 'airplane']",ship
40827,4,"['cat', 'automobile', 'frog', 'airplane']",automobile
40828,2,"['ship', 'cat', 'automobile', 'airplane']",cat
40829,7,"['automobile', 'cat', 'airplane', 'frog']",cat
40830,0,"['horse', 'deer', 'frog', 'cat']",horse
40831,5,"['frog', 'ship', 'airplane', 'automobile']",ship
40832,2,"['ship', 'cat', 'automobile', 'airplane']",cat
40833,9,"['dog', 'frog', 'cat', 'airplane']",dog
40834,7,"['automobile', 'cat', 'airplane', 'frog']",cat
40835,4,"['cat', 'automobile', 'frog', 'airplane']",automobile
40836,6,"['automobile', 'horse', 'ship', 'airplane']",airplane
40837,7,"['automobile', 'cat', 'airplane', 'frog']",airplane
40838,1,"['bird', 'dog', 'frog', 'cat', 'airplane']",airplane
40839,3,"['frog', 'ship', 'automobile', 'airplane']",ship
40840,4,"['cat', 'automobile', 'frog', 'airplane']",automobile
40841,2,"['ship', 'cat', 'automobile', 'airplane']",cat
40842,4,"['cat', 'automobile', 'frog', 'airplane']",airplane
40843,0,"['horse', 'deer', 'frog', 'cat']",horse
40844,4,"['cat', 'automobile', 'frog', 'airplane']",automobile
40845,9,"['dog', 'frog', 'cat', 'airplane']",airplane
40846,4,"['cat', 'automobile', 'frog', 'airplane']",airplane
40847,3,"['frog', 'ship', 'automobile', 'airplane']",ship
40848,4,"['cat', 'automobile', 'frog', 'airplane']",automobile
40849,2,"['ship', 'cat', 'automobile', 'airplane']",cat
40850,6,"['automobile', 'horse', 'ship', 'airplane']",airplane
40851,0,"['horse', 'deer', 'frog', 'cat']",horse
40852,3,"['frog', 'ship', 'automobile', 'airplane']",ship
40853,7,"['automobile', 'cat', 'airplane', 'frog']",cat
40854,4,"['cat', 'automobile', 'frog', 'airplane']",automobile
40855,9,"['dog', 'frog', 'cat', 'airplane']",airplane
40856,6,"['automobile', 'horse', 'ship', 'airplane']",airplane
40857,5,"['frog', 'ship', 'airplane', 'automobile']",ship
40858,9,"['dog', 'frog', 'cat', 'airplane']",dog
40859,7,"['automobile', 'cat', 'airplane', 'frog']",cat
40860,2,"['ship', 'cat', 'automobile', 'airplane']",cat
40861,0,"['horse', 'deer', 'frog', 'cat']",horse
40862,4,"['cat', 'automobile', 'frog', 'airplane']",automobile
40863,3,"['frog', 'ship', 'automobile', 'airplane']",ship
40864,8,"['horse', 'airplane', 'cat', 'frog']",horse
40865,2,"['ship', 'cat', 'automobile', 'airplane']",automobile
40866,7,"['automobile', 'cat', 'airplane', 'frog']",frog
40867,0,"['horse', 'deer', 'frog', 'cat']",horse
40868,5,"['frog', 'ship', 'airplane', 'automobile']",ship
40869,3,"['frog', 'ship', 'automobile', 'airplane']",frog
40870,3,"['frog', 'ship', 'automobile', 'airplane']",ship
40871,5,"['frog', 'ship', 'airplane', 'automobile']",ship
40872,0,"['horse', 'deer', 'frog', 'cat']",horse
40873,0,"['horse', 'deer', 'frog', 'cat']",horse
40874,6,"['automobile', 'horse', 'ship', 'airplane']",ship
40875,9,"['dog', 'frog', 'cat', 'airplane']",dog
40876,0,"['horse', 'deer', 'frog', 'cat']",horse
40877,3,"['frog', 'ship', 'automobile', 'airplane']",ship
40878,5,"['frog', 'ship', 'airplane', 'automobile']",ship
40879,6,"['automobile', 'horse', 'ship', 'airplane']",automobile
40880,1,"['bird', 'dog', 'frog', 'cat', 'airplane']",airplane
40881,8,"['horse', 'airplane', 'cat', 'frog']",frog
40882,6,"['automobile', 'horse', 'ship', 'airplane']",airplane
40883,8,"['horse', 'airplane', 'cat', 'frog']",horse
40884,6,"['automobile', 'horse', 'ship', 'airplane']",ship
40885,9,"['dog', 'frog', 'cat', 'airplane']",airplane
40886,8,"['horse', 'airplane', 'cat', 'frog']",frog
40887,5,"['frog', 'ship', 'airplane', 'automobile']",ship
40888,3,"['frog', 'ship', 'automobile', 'airplane']",ship
40889,5,"['frog', 'ship', 'airplane', 'automobile']",ship
40890,0,"['horse', 'deer', 'frog', 'cat']",horse
40891,3,"['frog', 'ship', 'automobile', 'airplane']",ship
40892,7,"['automobile', 'cat', 'airplane', 'frog']",airplane
40893,7,"['automobile', 'cat', 'airplane', 'frog']",airplane
40894,6,"['automobile', 'horse', 'ship', 'airplane']",airplane
40895,9,"['dog', 'frog', 'cat', 'airplane']",dog
40896,0,"['horse', 'deer', 'frog', 'cat']",horse
40897,7,"['automobile', 'cat', 'airplane', 'frog']",cat
40898,9,"['dog', 'frog', 'cat', 'airplane']",airplane
40899,8,"['horse', 'airplane', 'cat', 'frog']",horse
40900,2,"['ship', 'cat', 'automobile', 'airplane']",automobile
40901,7,"['automobile', 'cat', 'airplane', 'frog']",cat
40902,9,"['dog', 'frog', 'cat', 'airplane']",airplane
40903,9,"['dog', 'frog', 'cat', 'airplane']",airplane
40904,5,"['frog', 'ship', 'airplane', 'automobile']",ship
40905,5,"['frog', 'ship', 'airplane', 'automobile']",ship
40906,0,"['horse', 'deer', 'frog', 'cat']",horse
40907,3,"['frog', 'ship', 'automobile', 'airplane']",ship
40908,2,"['ship', 'cat', 'automobile', 'airplane']",automobile
40909,6,"['automobile', 'horse', 'ship', 'airplane']",airplane
40910,0,"['horse', 'deer', 'frog', 'cat']",horse
40911,2,"['ship', 'cat', 'automobile', 'airplane']",cat
40912,7,"['automobile', 'cat', 'airplane', 'frog']",airplane
40913,8,"['horse', 'airplane', 'cat', 'frog']",horse
40914,3,"['frog', 'ship', 'automobile', 'airplane']",ship
40915,9,"['dog', 'frog', 'cat', 'airplane']",dog
40916,7,"['automobile', 'cat', 'airplane', 'frog']",airplane
40917,2,"['ship', 'cat', 'automobile', 'airplane']",cat
40918,2,"['ship', 'cat', 'automobile', 'airplane']",cat
40919,8,"['horse', 'airplane', 'cat', 'frog']",horse
40920,6,"['automobile', 'horse', 'ship', 'airplane']",airplane
40921,6,"['automobile', 'horse', 'ship', 'airplane']",airplane
40922,3,"['frog', 'ship', 'automobile', 'airplane']",ship
40923,9,"['dog', 'frog', 'cat', 'airplane']",dog
40924,2,"['ship', 'cat', 'automobile', 'airplane']",cat
40925,8,"['horse', 'airplane', 'cat', 'frog']",horse
40926,8,"['horse', 'airplane', 'cat', 'frog']",horse
40927,6,"['automobile', 'horse', 'ship', 'airplane']",ship
40928,0,"['horse', 'deer', 'frog', 'cat']",horse
40929,6,"['automobile', 'horse', 'ship', 'airplane']",airplane
40930,7,"['automobile', 'cat', 'airplane', 'frog']",airplane
40931,9,"['dog', 'frog', 'cat', 'airplane']",dog
40932,5,"['frog', 'ship', 'airplane', 'automobile']",ship
40933,4,"['cat', 'automobile', 'frog', 'airplane']",automobile
40934,5,"['frog', 'ship', 'airplane', 'automobile']",ship
40935,1,"['bird', 'dog', 'frog', 'cat', 'airplane']",airplane
40936,1,"['bird', 'dog', 'frog', 'cat', 'airplane']",airplane
40937,4,"['cat', 'automobile', 'frog', 'airplane']",automobile
40938,5,"['frog', 'ship', 'airplane', 'automobile']",ship
40939,8,"['horse', 'airplane', 'cat', 'frog']",horse
40940,5,"['frog', 'ship', 'airplane', 'automobile']",ship
40941,2,"['ship', 'cat', 'automobile', 'airplane']",cat
40942,7,"['automobile', 'cat', 'airplane', 'frog']",cat
40943,4,"['cat', 'automobile', 'frog', 'airplane']",automobile
40944,5,"['frog', 'ship', 'airplane', 'automobile']",ship
40945,0,"['horse', 'deer', 'frog', 'cat']",horse
40946,6,"['automobile', 'horse', 'ship', 'airplane']",ship
40947,8,"['horse', 'airplane', 'cat', 'frog']",horse
40948,9,"['dog', 'frog', 'cat', 'airplane']",airplane
40949,4,"['cat', 'automobile', 'frog', 'airplane']",automobile
40950,3,"['frog', 'ship', 'automobile', 'airplane']",ship
40951,5,"['frog', 'ship', 'airplane', 'automobile']",ship
40952,6,"['automobile', 'horse', 'ship', 'airplane']",airplane
40953,1,"['bird', 'dog', 'frog', 'cat', 'airplane']",airplane
40954,3,"['frog', 'ship', 'automobile', 'airplane']",ship
40955,7,"['automobile', 'cat', 'airplane', 'frog']",airplane
40956,0,"['horse', 'deer', 'frog', 'cat']",horse
40957,5,"['frog', 'ship', 'airplane', 'automobile']",ship
40958,1,"['bird', 'dog', 'frog', 'cat', 'airplane']",airplane
40959,6,"['automobile', 'horse', 'ship', 'airplane']",automobile
40960,2,"['ship', 'cat', 'automobile', 'airplane']",cat
40961,2,"['ship', 'cat', 'automobile', 'airplane']",cat
40962,4,"['cat', 'automobile', 'frog', 'airplane']",automobile
40963,8,"['horse', 'airplane', 'cat', 'frog']",horse
40964,1,"['bird', 'dog', 'frog', 'cat', 'airplane']",airplane
40965,2,"['ship', 'cat', 'automobile', 'airplane']",cat
40966,2,"['ship', 'cat', 'automobile', 'airplane']",cat
40967,1,"['bird', 'dog', 'frog', 'cat', 'airplane']",airplane
40968,2,"['ship', 'cat', 'automobile', 'airplane']",cat
40969,5,"['frog', 'ship', 'airplane', 'automobile']",ship
40970,9,"['dog', 'frog', 'cat', 'airplane']",airplane
40971,1,"['bird', 'dog', 'frog', 'cat', 'airplane']",airplane
40972,1,"['bird', 'dog', 'frog', 'cat', 'airplane']",airplane
40973,3,"['frog', 'ship', 'automobile', 'airplane']",frog
40974,4,"['cat', 'automobile', 'frog', 'airplane']",automobile
40975,2,"['ship', 'cat', 'automobile', 'airplane']",automobile
40976,9,"['dog', 'frog', 'cat', 'airplane']",airplane
40977,7,"['automobile', 'cat', 'airplane', 'frog']",cat
40978,0,"['horse', 'deer', 'frog', 'cat']",horse
40979,8,"['horse', 'airplane', 'cat', 'frog']",horse
40980,2,"['ship', 'cat', 'automobile', 'airplane']",cat
40981,4,"['cat', 'automobile', 'frog', 'airplane']",airplane
40982,6,"['automobile', 'horse', 'ship', 'airplane']",automobile
40983,8,"['horse', 'airplane', 'cat', 'frog']",horse
40984,0,"['horse', 'deer', 'frog', 'cat']",horse
40985,3,"['frog', 'ship', 'automobile', 'airplane']",ship
40986,7,"['automobile', 'cat', 'airplane', 'frog']",cat
40987,1,"['bird', 'dog', 'frog', 'cat', 'airplane']",airplane
40988,8,"['horse', 'airplane', 'cat', 'frog']",horse
40989,5,"['frog', 'ship', 'airplane', 'automobile']",ship
40990,8,"['horse', 'airplane', 'cat', 'frog']",horse
40991,6,"['automobile', 'horse', 'ship', 'airplane']",airplane
40992,5,"['frog', 'ship', 'airplane', 'automobile']",ship
40993,6,"['automobile', 'horse', 'ship', 'airplane']",airplane
40994,2,"['ship', 'cat', 'automobile', 'airplane']",cat
40995,2,"['ship', 'cat', 'automobile', 'airplane']",automobile
40996,3,"['frog', 'ship', 'automobile', 'airplane']",ship
40997,5,"['frog', 'ship', 'airplane', 'automobile']",ship
40998,7,"['automobile', 'cat', 'airplane', 'frog']",cat
40999,7,"['automobile', 'cat', 'airplane', 'frog']",airplane
41000,7,"['automobile', 'cat', 'airplane', 'frog']",cat
41001,7,"['automobile', 'cat', 'airplane', 'frog']",cat
41002,8,"['horse', 'airplane', 'cat', 'frog']",horse
41003,4,"['cat', 'automobile', 'frog', 'airplane']",automobile
41004,6,"['automobile', 'horse', 'ship', 'airplane']",automobile
41005,4,"['cat', 'automobile', 'frog', 'airplane']",automobile
41006,1,"['bird', 'dog', 'frog', 'cat', 'airplane']",airplane
41007,2,"['ship', 'cat', 'automobile', 'airplane']",cat
41008,8,"['horse', 'airplane', 'cat', 'frog']",horse
41009,6,"['automobile', 'horse', 'ship', 'airplane']",airplane
41010,1,"['bird', 'dog', 'frog', 'cat', 'airplane']",airplane
41011,9,"['dog', 'frog', 'cat', 'airplane']",dog
41012,3,"['frog', 'ship', 'automobile', 'airplane']",frog
41013,3,"['frog', 'ship', 'automobile', 'airplane']",frog
41014,2,"['ship', 'cat', 'automobile', 'airplane']",cat
41015,1,"['bird', 'dog', 'frog', 'cat', 'airplane']",airplane
41016,3,"['frog', 'ship', 'automobile', 'airplane']",ship
41017,1,"['bird', 'dog', 'frog', 'cat', 'airplane']",airplane
41018,2,"['ship', 'cat', 'automobile', 'airplane']",cat
41019,0,"['horse', 'deer', 'frog', 'cat']",horse
41020,3,"['frog', 'ship', 'automobile', 'airplane']",ship
41021,3,"['frog', 'ship', 'automobile', 'airplane']",ship
41022,5,"['frog', 'ship', 'airplane', 'automobile']",ship
41023,4,"['cat', 'automobile', 'frog', 'airplane']",airplane
41024,2,"['ship', 'cat', 'automobile', 'airplane']",automobile
41025,5,"['frog', 'ship', 'airplane', 'automobile']",ship
41026,1,"['bird', 'dog', 'frog', 'cat', 'airplane']",airplane
41027,3,"['frog', 'ship', 'automobile', 'airplane']",ship
41028,8,"['horse', 'airplane', 'cat', 'frog']",horse
41029,6,"['automobile', 'horse', 'ship', 'airplane']",horse
41030,0,"['horse', 'deer', 'frog', 'cat']",horse
41031,4,"['cat', 'automobile', 'frog', 'airplane']",automobile
41032,1,"['bird', 'dog', 'frog', 'cat', 'airplane']",airplane
41033,4,"['cat', 'automobile', 'frog', 'airplane']",automobile
41034,5,"['frog', 'ship', 'airplane', 'automobile']",ship
41035,3,"['frog', 'ship', 'automobile', 'airplane']",ship
41036,0,"['horse', 'deer', 'frog', 'cat']",horse
41037,5,"['frog', 'ship', 'airplane', 'automobile']",ship
41038,0,"['horse', 'deer', 'frog', 'cat']",horse
41039,7,"['automobile', 'cat', 'airplane', 'frog']",cat
41040,0,"['horse', 'deer', 'frog', 'cat']",horse
41041,8,"['horse', 'airplane', 'cat', 'frog']",horse
41042,8,"['horse', 'airplane', 'cat', 'frog']",horse
41043,4,"['cat', 'automobile', 'frog', 'airplane']",automobile
41044,9,"['dog', 'frog', 'cat', 'airplane']",airplane
41045,6,"['automobile', 'horse', 'ship', 'airplane']",airplane
41046,5,"['frog', 'ship', 'airplane', 'automobile']",ship
41047,8,"['horse', 'airplane', 'cat', 'frog']",horse
41048,8,"['horse', 'airplane', 'cat', 'frog']",horse
41049,6,"['automobile', 'horse', 'ship', 'airplane']",automobile
41050,7,"['automobile', 'cat', 'airplane', 'frog']",frog
41051,1,"['bird', 'dog', 'frog', 'cat', 'airplane']",airplane
41052,7,"['automobile', 'cat', 'airplane', 'frog']",airplane
41053,3,"['frog', 'ship', 'automobile', 'airplane']",ship
41054,9,"['dog', 'frog', 'cat', 'airplane']",airplane
41055,0,"['horse', 'deer', 'frog', 'cat']",horse
41056,4,"['cat', 'automobile', 'frog', 'airplane']",automobile
41057,3,"['frog', 'ship', 'automobile', 'airplane']",ship
41058,4,"['cat', 'automobile', 'frog', 'airplane']",automobile
41059,8,"['horse', 'airplane', 'cat', 'frog']",horse
41060,3,"['frog', 'ship', 'automobile', 'airplane']",ship
41061,1,"['bird', 'dog', 'frog', 'cat', 'airplane']",airplane
41062,5,"['frog', 'ship', 'airplane', 'automobile']",ship
41063,1,"['bird', 'dog', 'frog', 'cat', 'airplane']",airplane
41064,6,"['automobile', 'horse', 'ship', 'airplane']",airplane
41065,7,"['automobile', 'cat', 'airplane', 'frog']",cat
41066,3,"['frog', 'ship', 'automobile', 'airplane']",ship
41067,1,"['bird', 'dog', 'frog', 'cat', 'airplane']",airplane
41068,0,"['horse', 'deer', 'frog', 'cat']",horse
41069,5,"['frog', 'ship', 'airplane', 'automobile']",ship
41070,8,"['horse', 'airplane', 'cat', 'frog']",horse
41071,2,"['ship', 'cat', 'automobile', 'airplane']",cat
41072,1,"['bird', 'dog', 'frog', 'cat', 'airplane']",airplane
41073,0,"['horse', 'deer', 'frog', 'cat']",horse
41074,6,"['automobile', 'horse', 'ship', 'airplane']",airplane
41075,1,"['bird', 'dog', 'frog', 'cat', 'airplane']",airplane
41076,7,"['automobile', 'cat', 'airplane', 'frog']",cat
41077,4,"['cat', 'automobile', 'frog', 'airplane']",automobile
41078,8,"['horse', 'airplane', 'cat', 'frog']",horse
41079,9,"['dog', 'frog', 'cat', 'airplane']",airplane
41080,2,"['ship', 'cat', 'automobile', 'airplane']",cat
41081,5,"['frog', 'ship', 'airplane', 'automobile']",ship
41082,5,"['frog', 'ship', 'airplane', 'automobile']",ship
41083,8,"['horse', 'airplane', 'cat', 'frog']",horse
41084,2,"['ship', 'cat', 'automobile', 'airplane']",automobile
41085,2,"['ship', 'cat', 'automobile', 'airplane']",automobile
41086,4,"['cat', 'automobile', 'frog', 'airplane']",automobile
41087,1,"['bird', 'dog', 'frog', 'cat', 'airplane']",airplane
41088,6,"['automobile', 'horse', 'ship', 'airplane']",automobile
41089,9,"['dog', 'frog', 'cat', 'airplane']",dog
41090,6,"['automobile', 'horse', 'ship', 'airplane']",horse
41091,1,"['bird', 'dog', 'frog', 'cat', 'airplane']",airplane
41092,1,"['bird', 'dog', 'frog', 'cat', 'airplane']",airplane
41093,4,"['cat', 'automobile', 'frog', 'airplane']",automobile
41094,5,"['frog', 'ship', 'airplane', 'automobile']",ship
41095,7,"['automobile', 'cat', 'airplane', 'frog']",airplane
41096,5,"['frog', 'ship', 'airplane', 'automobile']",ship
41097,4,"['cat', 'automobile', 'frog', 'airplane']",automobile
41098,5,"['frog', 'ship', 'airplane', 'automobile']",ship
41099,5,"['frog', 'ship', 'airplane', 'automobile']",ship
41100,4,"['cat', 'automobile', 'frog', 'airplane']",automobile
41101,4,"['cat', 'automobile', 'frog', 'airplane']",automobile
41102,3,"['frog', 'ship', 'automobile', 'airplane']",ship
41103,4,"['cat', 'automobile', 'frog', 'airplane']",automobile
41104,2,"['ship', 'cat', 'automobile', 'airplane']",automobile
41105,1,"['bird', 'dog', 'frog', 'cat', 'airplane']",airplane
41106,6,"['automobile', 'horse', 'ship', 'airplane']",airplane
41107,4,"['cat', 'automobile', 'frog', 'airplane']",automobile
41108,3,"['frog', 'ship', 'automobile', 'airplane']",ship
41109,8,"['horse', 'airplane', 'cat', 'frog']",horse
41110,1,"['bird', 'dog', 'frog', 'cat', 'airplane']",airplane
41111,7,"['automobile', 'cat', 'airplane', 'frog']",airplane
41112,8,"['horse', 'airplane', 'cat', 'frog']",horse
41113,5,"['frog', 'ship', 'airplane', 'automobile']",ship
41114,1,"['bird', 'dog', 'frog', 'cat', 'airplane']",airplane
41115,5,"['frog', 'ship', 'airplane', 'automobile']",ship
41116,3,"['frog', 'ship', 'automobile', 'airplane']",ship
41117,3,"['frog', 'ship', 'automobile', 'airplane']",frog
41118,0,"['horse', 'deer', 'frog', 'cat']",horse
41119,5,"['frog', 'ship', 'airplane', 'automobile']",ship
41120,4,"['cat', 'automobile', 'frog', 'airplane']",airplane
41121,0,"['horse', 'deer', 'frog', 'cat']",horse
41122,8,"['horse', 'airplane', 'cat', 'frog']",horse
41123,7,"['automobile', 'cat', 'airplane', 'frog']",cat
41124,0,"['horse', 'deer', 'frog', 'cat']",horse
41125,2,"['ship', 'cat', 'automobile', 'airplane']",cat
41126,9,"['dog', 'frog', 'cat', 'airplane']",dog
41127,4,"['cat', 'automobile', 'frog', 'airplane']",automobile
41128,9,"['dog', 'frog', 'cat', 'airplane']",dog
41129,7,"['automobile', 'cat', 'airplane', 'frog']",cat
41130,5,"['frog', 'ship', 'airplane', 'automobile']",ship
41131,0,"['horse', 'deer', 'frog', 'cat']",horse
41132,8,"['horse', 'airplane', 'cat', 'frog']",horse
41133,1,"['bird', 'dog', 'frog', 'cat', 'airplane']",airplane
41134,3,"['frog', 'ship', 'automobile', 'airplane']",ship
41135,9,"['dog', 'frog', 'cat', 'airplane']",airplane
41136,4,"['cat', 'automobile', 'frog', 'airplane']",automobile
41137,3,"['frog', 'ship', 'automobile', 'airplane']",ship
41138,1,"['bird', 'dog', 'frog', 'cat', 'airplane']",airplane
41139,5,"['frog', 'ship', 'airplane', 'automobile']",ship
41140,6,"['automobile', 'horse', 'ship', 'airplane']",ship
41141,5,"['frog', 'ship', 'airplane', 'automobile']",ship
41142,6,"['automobile', 'horse', 'ship', 'airplane']",airplane
41143,2,"['ship', 'cat', 'automobile', 'airplane']",cat
41144,3,"['frog', 'ship', 'automobile', 'airplane']",ship
41145,2,"['ship', 'cat', 'automobile', 'airplane']",cat
41146,0,"['horse', 'deer', 'frog', 'cat']",horse
41147,1,"['bird', 'dog', 'frog', 'cat', 'airplane']",airplane
41148,4,"['cat', 'automobile', 'frog', 'airplane']",automobile
41149,9,"['dog', 'frog', 'cat', 'airplane']",dog
41150,7,"['automobile', 'cat', 'airplane', 'frog']",cat
41151,0,"['horse', 'deer', 'frog', 'cat']",horse
41152,0,"['horse', 'deer', 'frog', 'cat']",horse
41153,1,"['bird', 'dog', 'frog', 'cat', 'airplane']",airplane
41154,3,"['frog', 'ship', 'automobile', 'airplane']",ship
41155,1,"['bird', 'dog', 'frog', 'cat', 'airplane']",airplane
41156,9,"['dog', 'frog', 'cat', 'airplane']",dog
41157,2,"['ship', 'cat', 'automobile', 'airplane']",ship
41158,3,"['frog', 'ship', 'automobile', 'airplane']",ship
41159,3,"['frog', 'ship', 'automobile', 'airplane']",ship
41160,6,"['automobile', 'horse', 'ship', 'airplane']",ship
41161,9,"['dog', 'frog', 'cat', 'airplane']",dog
41162,4,"['cat', 'automobile', 'frog', 'airplane']",automobile
41163,8,"['horse', 'airplane', 'cat', 'frog']",horse
41164,0,"['horse', 'deer', 'frog', 'cat']",horse
41165,8,"['horse', 'airplane', 'cat', 'frog']",horse
41166,9,"['dog', 'frog', 'cat', 'airplane']",dog
41167,0,"['horse', 'deer', 'frog', 'cat']",horse
41168,3,"['frog', 'ship', 'automobile', 'airplane']",ship
41169,9,"['dog', 'frog', 'cat', 'airplane']",airplane
41170,1,"['bird', 'dog', 'frog', 'cat', 'airplane']",airplane
41171,4,"['cat', 'automobile', 'frog', 'airplane']",automobile
41172,8,"['horse', 'airplane', 'cat', 'frog']",horse
41173,9,"['dog', 'frog', 'cat', 'airplane']",airplane
41174,2,"['ship', 'cat', 'automobile', 'airplane']",cat
41175,5,"['frog', 'ship', 'airplane', 'automobile']",ship
41176,5,"['frog', 'ship', 'airplane', 'automobile']",ship
41177,6,"['automobile', 'horse', 'ship', 'airplane']",airplane
41178,4,"['cat', 'automobile', 'frog', 'airplane']",automobile
41179,0,"['horse', 'deer', 'frog', 'cat']",horse
41180,7,"['automobile', 'cat', 'airplane', 'frog']",cat
41181,9,"['dog', 'frog', 'cat', 'airplane']",dog
41182,3,"['frog', 'ship', 'automobile', 'airplane']",ship
41183,9,"['dog', 'frog', 'cat', 'airplane']",airplane
41184,6,"['automobile', 'horse', 'ship', 'airplane']",airplane
41185,7,"['automobile', 'cat', 'airplane', 'frog']",cat
41186,4,"['cat', 'automobile', 'frog', 'airplane']",automobile
41187,8,"['horse', 'airplane', 'cat', 'frog']",horse
41188,6,"['automobile', 'horse', 'ship', 'airplane']",airplane
41189,1,"['bird', 'dog', 'frog', 'cat', 'airplane']",airplane
41190,5,"['frog', 'ship', 'airplane', 'automobile']",ship
41191,4,"['cat', 'automobile', 'frog', 'airplane']",automobile
41192,1,"['bird', 'dog', 'frog', 'cat', 'airplane']",airplane
41193,4,"['cat', 'automobile', 'frog', 'airplane']",airplane
41194,2,"['ship', 'cat', 'automobile', 'airplane']",automobile
41195,7,"['automobile', 'cat', 'airplane', 'frog']",cat
41196,6,"['automobile', 'horse', 'ship', 'airplane']",airplane
41197,7,"['automobile', 'cat', 'airplane', 'frog']",airplane
41198,2,"['ship', 'cat', 'automobile', 'airplane']",automobile
41199,2,"['ship', 'cat', 'automobile', 'airplane']",cat
41200,0,"['horse', 'deer', 'frog', 'cat']",horse
41201,8,"['horse', 'airplane', 'cat', 'frog']",horse
41202,4,"['cat', 'automobile', 'frog', 'airplane']",automobile
41203,6,"['automobile', 'horse', 'ship', 'airplane']",airplane
41204,9,"['dog', 'frog', 'cat', 'airplane']",dog
41205,7,"['automobile', 'cat', 'airplane', 'frog']",cat
41206,5,"['frog', 'ship', 'airplane', 'automobile']",ship
41207,8,"['horse', 'airplane', 'cat', 'frog']",horse
41208,2,"['ship', 'cat', 'automobile', 'airplane']",cat
41209,1,"['bird', 'dog', 'frog', 'cat', 'airplane']",airplane
41210,5,"['frog', 'ship', 'airplane', 'automobile']",ship
41211,2,"['ship', 'cat', 'automobile', 'airplane']",cat
41212,0,"['horse', 'deer', 'frog', 'cat']",horse
41213,3,"['frog', 'ship', 'automobile', 'airplane']",ship
41214,2,"['ship', 'cat', 'automobile', 'airplane']",automobile
41215,1,"['bird', 'dog', 'frog', 'cat', 'airplane']",airplane
41216,4,"['cat', 'automobile', 'frog', 'airplane']",automobile
41217,1,"['bird', 'dog', 'frog', 'cat', 'airplane']",airplane
41218,8,"['horse', 'airplane', 'cat', 'frog']",horse
41219,4,"['cat', 'automobile', 'frog', 'airplane']",automobile
41220,0,"['horse', 'deer', 'frog', 'cat']",horse
41221,5,"['frog', 'ship', 'airplane', 'automobile']",ship
41222,0,"['horse', 'deer', 'frog', 'cat']",horse
41223,2,"['ship', 'cat', 'automobile', 'airplane']",cat
41224,8,"['horse', 'airplane', 'cat', 'frog']",horse
41225,8,"['horse', 'airplane', 'cat', 'frog']",horse
41226,9,"['dog', 'frog', 'cat', 'airplane']",airplane
41227,7,"['automobile', 'cat', 'airplane', 'frog']",cat
41228,9,"['dog', 'frog', 'cat', 'airplane']",dog
41229,3,"['frog', 'ship', 'automobile', 'airplane']",frog
41230,1,"['bird', 'dog', 'frog', 'cat', 'airplane']",airplane
41231,2,"['ship', 'cat', 'automobile', 'airplane']",cat
41232,5,"['frog', 'ship', 'airplane', 'automobile']",ship
41233,0,"['horse', 'deer', 'frog', 'cat']",horse
41234,0,"['horse', 'deer', 'frog', 'cat']",horse
41235,0,"['horse', 'deer', 'frog', 'cat']",horse
41236,2,"['ship', 'cat', 'automobile', 'airplane']",cat
41237,4,"['cat', 'automobile', 'frog', 'airplane']",automobile
41238,0,"['horse', 'deer', 'frog', 'cat']",horse
41239,7,"['automobile', 'cat', 'airplane', 'frog']",cat
41240,8,"['horse', 'airplane', 'cat', 'frog']",horse
41241,1,"['bird', 'dog', 'frog', 'cat', 'airplane']",airplane
41242,0,"['horse', 'deer', 'frog', 'cat']",horse
41243,0,"['horse', 'deer', 'frog', 'cat']",horse
41244,9,"['dog', 'frog', 'cat', 'airplane']",dog
41245,9,"['dog', 'frog', 'cat', 'airplane']",airplane
41246,4,"['cat', 'automobile', 'frog', 'airplane']",automobile
41247,8,"['horse', 'airplane', 'cat', 'frog']",horse
41248,1,"['bird', 'dog', 'frog', 'cat', 'airplane']",airplane
41249,4,"['cat', 'automobile', 'frog', 'airplane']",automobile
41250,8,"['horse', 'airplane', 'cat', 'frog']",horse
41251,8,"['horse', 'airplane', 'cat', 'frog']",horse
41252,4,"['cat', 'automobile', 'frog', 'airplane']",automobile
41253,8,"['horse', 'airplane', 'cat', 'frog']",horse
41254,1,"['bird', 'dog', 'frog', 'cat', 'airplane']",airplane
41255,2,"['ship', 'cat', 'automobile', 'airplane']",cat
41256,8,"['horse', 'airplane', 'cat', 'frog']",horse
41257,1,"['bird', 'dog', 'frog', 'cat', 'airplane']",airplane
41258,0,"['horse', 'deer', 'frog', 'cat']",horse
41259,1,"['bird', 'dog', 'frog', 'cat', 'airplane']",airplane
41260,6,"['automobile', 'horse', 'ship', 'airplane']",airplane
41261,9,"['dog', 'frog', 'cat', 'airplane']",airplane
41262,1,"['bird', 'dog', 'frog', 'cat', 'airplane']",airplane
41263,4,"['cat', 'automobile', 'frog', 'airplane']",automobile
41264,8,"['horse', 'airplane', 'cat', 'frog']",horse
41265,4,"['cat', 'automobile', 'frog', 'airplane']",automobile
41266,0,"['horse', 'deer', 'frog', 'cat']",horse
41267,9,"['dog', 'frog', 'cat', 'airplane']",dog
41268,4,"['cat', 'automobile', 'frog', 'airplane']",automobile
41269,3,"['frog', 'ship', 'automobile', 'airplane']",ship
41270,4,"['cat', 'automobile', 'frog', 'airplane']",automobile
41271,3,"['frog', 'ship', 'automobile', 'airplane']",ship
41272,6,"['automobile', 'horse', 'ship', 'airplane']",ship
41273,2,"['ship', 'cat', 'automobile', 'airplane']",cat
41274,0,"['horse', 'deer', 'frog', 'cat']",frog
41275,6,"['automobile', 'horse', 'ship', 'airplane']",airplane
41276,9,"['dog', 'frog', 'cat', 'airplane']",airplane
41277,0,"['horse', 'deer', 'frog', 'cat']",horse
41278,9,"['dog', 'frog', 'cat', 'airplane']",dog
41279,1,"['bird', 'dog', 'frog', 'cat', 'airplane']",airplane
41280,9,"['dog', 'frog', 'cat', 'airplane']",dog
41281,8,"['horse', 'airplane', 'cat', 'frog']",horse
41282,9,"['dog', 'frog', 'cat', 'airplane']",airplane
41283,4,"['cat', 'automobile', 'frog', 'airplane']",automobile
41284,9,"['dog', 'frog', 'cat', 'airplane']",airplane
41285,3,"['frog', 'ship', 'automobile', 'airplane']",ship
41286,4,"['cat', 'automobile', 'frog', 'airplane']",automobile
41287,6,"['automobile', 'horse', 'ship', 'airplane']",ship
41288,8,"['horse', 'airplane', 'cat', 'frog']",horse
41289,1,"['bird', 'dog', 'frog', 'cat', 'airplane']",airplane
41290,6,"['automobile', 'horse', 'ship', 'airplane']",horse
41291,1,"['bird', 'dog', 'frog', 'cat', 'airplane']",airplane
41292,8,"['horse', 'airplane', 'cat', 'frog']",horse
41293,6,"['automobile', 'horse', 'ship', 'airplane']",ship
41294,4,"['cat', 'automobile', 'frog', 'airplane']",automobile
41295,2,"['ship', 'cat', 'automobile', 'airplane']",cat
41296,1,"['bird', 'dog', 'frog', 'cat', 'airplane']",airplane
41297,6,"['automobile', 'horse', 'ship', 'airplane']",airplane
41298,8,"['horse', 'airplane', 'cat', 'frog']",horse
41299,2,"['ship', 'cat', 'automobile', 'airplane']",cat
41300,0,"['horse', 'deer', 'frog', 'cat']",horse
41301,4,"['cat', 'automobile', 'frog', 'airplane']",automobile
41302,4,"['cat', 'automobile', 'frog', 'airplane']",automobile
41303,6,"['automobile', 'horse', 'ship', 'airplane']",ship
41304,7,"['automobile', 'cat', 'airplane', 'frog']",cat
41305,4,"['cat', 'automobile', 'frog', 'airplane']",automobile
41306,3,"['frog', 'ship', 'automobile', 'airplane']",ship
41307,1,"['bird', 'dog', 'frog', 'cat', 'airplane']",airplane
41308,2,"['ship', 'cat', 'automobile', 'airplane']",automobile
41309,6,"['automobile', 'horse', 'ship', 'airplane']",automobile
41310,9,"['dog', 'frog', 'cat', 'airplane']",airplane
41311,6,"['automobile', 'horse', 'ship', 'airplane']",airplane
41312,2,"['ship', 'cat', 'automobile', 'airplane']",cat
41313,9,"['dog', 'frog', 'cat', 'airplane']",dog
41314,8,"['horse', 'airplane', 'cat', 'frog']",horse
41315,8,"['horse', 'airplane', 'cat', 'frog']",horse
41316,9,"['dog', 'frog', 'cat', 'airplane']",airplane
41317,7,"['automobile', 'cat', 'airplane', 'frog']",cat
41318,5,"['frog', 'ship', 'airplane', 'automobile']",ship
41319,7,"['automobile', 'cat', 'airplane', 'frog']",cat
41320,6,"['automobile', 'horse', 'ship', 'airplane']",ship
41321,2,"['ship', 'cat', 'automobile', 'airplane']",cat
41322,1,"['bird', 'dog', 'frog', 'cat', 'airplane']",airplane
41323,3,"['frog', 'ship', 'automobile', 'airplane']",ship
41324,0,"['horse', 'deer', 'frog', 'cat']",horse
41325,2,"['ship', 'cat', 'automobile', 'airplane']",cat
41326,6,"['automobile', 'horse', 'ship', 'airplane']",airplane
41327,6,"['automobile', 'horse', 'ship', 'airplane']",airplane
41328,6,"['automobile', 'horse', 'ship', 'airplane']",automobile
41329,9,"['dog', 'frog', 'cat', 'airplane']",airplane
41330,3,"['frog', 'ship', 'automobile', 'airplane']",ship
41331,6,"['automobile', 'horse', 'ship', 'airplane']",airplane
41332,7,"['automobile', 'cat', 'airplane', 'frog']",cat
41333,2,"['ship', 'cat', 'automobile', 'airplane']",ship
41334,3,"['frog', 'ship', 'automobile', 'airplane']",ship
41335,8,"['horse', 'airplane', 'cat', 'frog']",horse
41336,1,"['bird', 'dog', 'frog', 'cat', 'airplane']",airplane
41337,4,"['cat', 'automobile', 'frog', 'airplane']",automobile
41338,1,"['bird', 'dog', 'frog', 'cat', 'airplane']",airplane
41339,5,"['frog', 'ship', 'airplane', 'automobile']",ship
41340,5,"['frog', 'ship', 'airplane', 'automobile']",ship
41341,6,"['automobile', 'horse', 'ship', 'airplane']",airplane
41342,2,"['ship', 'cat', 'automobile', 'airplane']",cat
41343,3,"['frog', 'ship', 'automobile', 'airplane']",ship
41344,7,"['automobile', 'cat', 'airplane', 'frog']",frog
41345,0,"['horse', 'deer', 'frog', 'cat']",horse
41346,2,"['ship', 'cat', 'automobile', 'airplane']",cat
41347,7,"['automobile', 'cat', 'airplane', 'frog']",cat
41348,9,"['dog', 'frog', 'cat', 'airplane']",dog
41349,3,"['frog', 'ship', 'automobile', 'airplane']",ship
41350,6,"['automobile', 'horse', 'ship', 'airplane']",ship
41351,3,"['frog', 'ship', 'automobile', 'airplane']",ship
41352,0,"['horse', 'deer', 'frog', 'cat']",horse
41353,3,"['frog', 'ship', 'automobile', 'airplane']",ship
41354,9,"['dog', 'frog', 'cat', 'airplane']",airplane
41355,0,"['horse', 'deer', 'frog', 'cat']",horse
41356,1,"['bird', 'dog', 'frog', 'cat', 'airplane']",airplane
41357,9,"['dog', 'frog', 'cat', 'airplane']",airplane
41358,5,"['frog', 'ship', 'airplane', 'automobile']",ship
41359,9,"['dog', 'frog', 'cat', 'airplane']",airplane
41360,5,"['frog', 'ship', 'airplane', 'automobile']",ship
41361,9,"['dog', 'frog', 'cat', 'airplane']",airplane
41362,2,"['ship', 'cat', 'automobile', 'airplane']",cat
41363,9,"['dog', 'frog', 'cat', 'airplane']",airplane
41364,3,"['frog', 'ship', 'automobile', 'airplane']",ship
41365,5,"['frog', 'ship', 'airplane', 'automobile']",ship
41366,8,"['horse', 'airplane', 'cat', 'frog']",horse
41367,5,"['frog', 'ship', 'airplane', 'automobile']",ship
41368,1,"['bird', 'dog', 'frog', 'cat', 'airplane']",airplane
41369,3,"['frog', 'ship', 'automobile', 'airplane']",ship
41370,7,"['automobile', 'cat', 'airplane', 'frog']",cat
41371,5,"['frog', 'ship', 'airplane', 'automobile']",ship
41372,3,"['frog', 'ship', 'automobile', 'airplane']",ship
41373,8,"['horse', 'airplane', 'cat', 'frog']",horse
41374,6,"['automobile', 'horse', 'ship', 'airplane']",airplane
41375,8,"['horse', 'airplane', 'cat', 'frog']",horse
41376,5,"['frog', 'ship', 'airplane', 'automobile']",ship
41377,4,"['cat', 'automobile', 'frog', 'airplane']",automobile
41378,1,"['bird', 'dog', 'frog', 'cat', 'airplane']",airplane
41379,6,"['automobile', 'horse', 'ship', 'airplane']",airplane
41380,4,"['cat', 'automobile', 'frog', 'airplane']",airplane
41381,7,"['automobile', 'cat', 'airplane', 'frog']",airplane
41382,4,"['cat', 'automobile', 'frog', 'airplane']",automobile
41383,9,"['dog', 'frog', 'cat', 'airplane']",dog
41384,3,"['frog', 'ship', 'automobile', 'airplane']",ship
41385,2,"['ship', 'cat', 'automobile', 'airplane']",cat
41386,9,"['dog', 'frog', 'cat', 'airplane']",dog
41387,6,"['automobile', 'horse', 'ship', 'airplane']",airplane
41388,4,"['cat', 'automobile', 'frog', 'airplane']",automobile
41389,3,"['frog', 'ship', 'automobile', 'airplane']",ship
41390,7,"['automobile', 'cat', 'airplane', 'frog']",cat
41391,9,"['dog', 'frog', 'cat', 'airplane']",airplane
41392,1,"['bird', 'dog', 'frog', 'cat', 'airplane']",airplane
41393,7,"['automobile', 'cat', 'airplane', 'frog']",cat
41394,3,"['frog', 'ship', 'automobile', 'airplane']",ship
41395,9,"['dog', 'frog', 'cat', 'airplane']",dog
41396,9,"['dog', 'frog', 'cat', 'airplane']",airplane
41397,7,"['automobile', 'cat', 'airplane', 'frog']",cat
41398,1,"['bird', 'dog', 'frog', 'cat', 'airplane']",airplane
41399,6,"['automobile', 'horse', 'ship', 'airplane']",airplane
41400,5,"['frog', 'ship', 'airplane', 'automobile']",ship
41401,2,"['ship', 'cat', 'automobile', 'airplane']",automobile
41402,4,"['cat', 'automobile', 'frog', 'airplane']",automobile
41403,8,"['horse', 'airplane', 'cat', 'frog']",horse
41404,1,"['bird', 'dog', 'frog', 'cat', 'airplane']",airplane
41405,2,"['ship', 'cat', 'automobile', 'airplane']",cat
41406,5,"['frog', 'ship', 'airplane', 'automobile']",ship
41407,2,"['ship', 'cat', 'automobile', 'airplane']",cat
41408,9,"['dog', 'frog', 'cat', 'airplane']",airplane
41409,9,"['dog', 'frog', 'cat', 'airplane']",dog
41410,0,"['horse', 'deer', 'frog', 'cat']",horse
41411,2,"['ship', 'cat', 'automobile', 'airplane']",cat
41412,3,"['frog', 'ship', 'automobile', 'airplane']",ship
41413,8,"['horse', 'airplane', 'cat', 'frog']",horse
41414,0,"['horse', 'deer', 'frog', 'cat']",horse
41415,9,"['dog', 'frog', 'cat', 'airplane']",airplane
41416,7,"['automobile', 'cat', 'airplane', 'frog']",cat
41417,4,"['cat', 'automobile', 'frog', 'airplane']",automobile
41418,7,"['automobile', 'cat', 'airplane', 'frog']",cat
41419,9,"['dog', 'frog', 'cat', 'airplane']",airplane
41420,5,"['frog', 'ship', 'airplane', 'automobile']",ship
41421,3,"['frog', 'ship', 'automobile', 'airplane']",ship
41422,2,"['ship', 'cat', 'automobile', 'airplane']",cat
41423,2,"['ship', 'cat', 'automobile', 'airplane']",automobile
41424,8,"['horse', 'airplane', 'cat', 'frog']",horse
41425,5,"['frog', 'ship', 'airplane', 'automobile']",ship
41426,7,"['automobile', 'cat', 'airplane', 'frog']",frog
41427,9,"['dog', 'frog', 'cat', 'airplane']",airplane
41428,3,"['frog', 'ship', 'automobile', 'airplane']",ship
41429,8,"['horse', 'airplane', 'cat', 'frog']",horse
41430,7,"['automobile', 'cat', 'airplane', 'frog']",cat
41431,6,"['automobile', 'horse', 'ship', 'airplane']",airplane
41432,0,"['horse', 'deer', 'frog', 'cat']",horse
41433,1,"['bird', 'dog', 'frog', 'cat', 'airplane']",airplane
41434,8,"['horse', 'airplane', 'cat', 'frog']",cat
41435,0,"['horse', 'deer', 'frog', 'cat']",horse
41436,9,"['dog', 'frog', 'cat', 'airplane']",airplane
41437,7,"['automobile', 'cat', 'airplane', 'frog']",cat
41438,7,"['automobile', 'cat', 'airplane', 'frog']",cat
41439,1,"['bird', 'dog', 'frog', 'cat', 'airplane']",airplane
41440,8,"['horse', 'airplane', 'cat', 'frog']",horse
41441,4,"['cat', 'automobile', 'frog', 'airplane']",automobile
41442,5,"['frog', 'ship', 'airplane', 'automobile']",ship
41443,6,"['automobile', 'horse', 'ship', 'airplane']",airplane
41444,6,"['automobile', 'horse', 'ship', 'airplane']",horse
41445,1,"['bird', 'dog', 'frog', 'cat', 'airplane']",airplane
41446,3,"['frog', 'ship', 'automobile', 'airplane']",ship
41447,8,"['horse', 'airplane', 'cat', 'frog']",horse
41448,6,"['automobile', 'horse', 'ship', 'airplane']",airplane
41449,7,"['automobile', 'cat', 'airplane', 'frog']",cat
41450,8,"['horse', 'airplane', 'cat', 'frog']",horse
41451,4,"['cat', 'automobile', 'frog', 'airplane']",automobile
41452,0,"['horse', 'deer', 'frog', 'cat']",horse
41453,4,"['cat', 'automobile', 'frog', 'airplane']",automobile
41454,2,"['ship', 'cat', 'automobile', 'airplane']",cat
41455,1,"['bird', 'dog', 'frog', 'cat', 'airplane']",airplane
41456,0,"['horse', 'deer', 'frog', 'cat']",horse
41457,0,"['horse', 'deer', 'frog', 'cat']",horse
41458,2,"['ship', 'cat', 'automobile', 'airplane']",ship
41459,2,"['ship', 'cat', 'automobile', 'airplane']",automobile
41460,0,"['horse', 'deer', 'frog', 'cat']",horse
41461,3,"['frog', 'ship', 'automobile', 'airplane']",ship
41462,7,"['automobile', 'cat', 'airplane', 'frog']",cat
41463,1,"['bird', 'dog', 'frog', 'cat', 'airplane']",airplane
41464,6,"['automobile', 'horse', 'ship', 'airplane']",airplane
41465,8,"['horse', 'airplane', 'cat', 'frog']",horse
41466,6,"['automobile', 'horse', 'ship', 'airplane']",airplane
41467,0,"['horse', 'deer', 'frog', 'cat']",horse
41468,9,"['dog', 'frog', 'cat', 'airplane']",dog
41469,2,"['ship', 'cat', 'automobile', 'airplane']",ship
41470,2,"['ship', 'cat', 'automobile', 'airplane']",cat
41471,1,"['bird', 'dog', 'frog', 'cat', 'airplane']",airplane
41472,1,"['bird', 'dog', 'frog', 'cat', 'airplane']",airplane
41473,7,"['automobile', 'cat', 'airplane', 'frog']",frog
41474,2,"['ship', 'cat', 'automobile', 'airplane']",cat
41475,5,"['frog', 'ship', 'airplane', 'automobile']",ship
41476,6,"['automobile', 'horse', 'ship', 'airplane']",airplane
41477,9,"['dog', 'frog', 'cat', 'airplane']",airplane
41478,3,"['frog', 'ship', 'automobile', 'airplane']",ship
41479,7,"['automobile', 'cat', 'airplane', 'frog']",cat
41480,5,"['frog', 'ship', 'airplane', 'automobile']",ship
41481,2,"['ship', 'cat', 'automobile', 'airplane']",cat
41482,4,"['cat', 'automobile', 'frog', 'airplane']",automobile
41483,4,"['cat', 'automobile', 'frog', 'airplane']",automobile
41484,0,"['horse', 'deer', 'frog', 'cat']",horse
41485,8,"['horse', 'airplane', 'cat', 'frog']",horse
41486,3,"['frog', 'ship', 'automobile', 'airplane']",ship
41487,6,"['automobile', 'horse', 'ship', 'airplane']",airplane
41488,2,"['ship', 'cat', 'automobile', 'airplane']",cat
41489,1,"['bird', 'dog', 'frog', 'cat', 'airplane']",airplane
41490,0,"['horse', 'deer', 'frog', 'cat']",horse
41491,6,"['automobile', 'horse', 'ship', 'airplane']",horse
41492,7,"['automobile', 'cat', 'airplane', 'frog']",cat
41493,3,"['frog', 'ship', 'automobile', 'airplane']",ship
41494,9,"['dog', 'frog', 'cat', 'airplane']",airplane
41495,9,"['dog', 'frog', 'cat', 'airplane']",airplane
41496,7,"['automobile', 'cat', 'airplane', 'frog']",cat
41497,3,"['frog', 'ship', 'automobile', 'airplane']",ship
41498,2,"['ship', 'cat', 'automobile', 'airplane']",cat
41499,5,"['frog', 'ship', 'airplane', 'automobile']",ship
41500,4,"['cat', 'automobile', 'frog', 'airplane']",automobile
41501,5,"['frog', 'ship', 'airplane', 'automobile']",ship
41502,1,"['bird', 'dog', 'frog', 'cat', 'airplane']",airplane
41503,9,"['dog', 'frog', 'cat', 'airplane']",airplane
41504,9,"['dog', 'frog', 'cat', 'airplane']",airplane
41505,9,"['dog', 'frog', 'cat', 'airplane']",airplane
41506,7,"['automobile', 'cat', 'airplane', 'frog']",cat
41507,8,"['horse', 'airplane', 'cat', 'frog']",horse
41508,9,"['dog', 'frog', 'cat', 'airplane']",dog
41509,8,"['horse', 'airplane', 'cat', 'frog']",horse
41510,0,"['horse', 'deer', 'frog', 'cat']",horse
41511,3,"['frog', 'ship', 'automobile', 'airplane']",ship
41512,2,"['ship', 'cat', 'automobile', 'airplane']",cat
41513,3,"['frog', 'ship', 'automobile', 'airplane']",ship
41514,3,"['frog', 'ship', 'automobile', 'airplane']",ship
41515,6,"['automobile', 'horse', 'ship', 'airplane']",airplane
41516,6,"['automobile', 'horse', 'ship', 'airplane']",airplane
41517,7,"['automobile', 'cat', 'airplane', 'frog']",cat
41518,4,"['cat', 'automobile', 'frog', 'airplane']",automobile
41519,1,"['bird', 'dog', 'frog', 'cat', 'airplane']",airplane
41520,1,"['bird', 'dog', 'frog', 'cat', 'airplane']",airplane
41521,3,"['frog', 'ship', 'automobile', 'airplane']",ship
41522,4,"['cat', 'automobile', 'frog', 'airplane']",automobile
41523,4,"['cat', 'automobile', 'frog', 'airplane']",automobile
41524,0,"['horse', 'deer', 'frog', 'cat']",horse
41525,1,"['bird', 'dog', 'frog', 'cat', 'airplane']",airplane
41526,7,"['automobile', 'cat', 'airplane', 'frog']",cat
41527,3,"['frog', 'ship', 'automobile', 'airplane']",ship
41528,6,"['automobile', 'horse', 'ship', 'airplane']",airplane
41529,1,"['bird', 'dog', 'frog', 'cat', 'airplane']",airplane
41530,4,"['cat', 'automobile', 'frog', 'airplane']",automobile
41531,5,"['frog', 'ship', 'airplane', 'automobile']",ship
41532,1,"['bird', 'dog', 'frog', 'cat', 'airplane']",airplane
41533,6,"['automobile', 'horse', 'ship', 'airplane']",automobile
41534,6,"['automobile', 'horse', 'ship', 'airplane']",airplane
41535,9,"['dog', 'frog', 'cat', 'airplane']",dog
41536,3,"['frog', 'ship', 'automobile', 'airplane']",ship
41537,6,"['automobile', 'horse', 'ship', 'airplane']",airplane
41538,2,"['ship', 'cat', 'automobile', 'airplane']",cat
41539,9,"['dog', 'frog', 'cat', 'airplane']",dog
41540,3,"['frog', 'ship', 'automobile', 'airplane']",ship
41541,9,"['dog', 'frog', 'cat', 'airplane']",airplane
41542,2,"['ship', 'cat', 'automobile', 'airplane']",cat
41543,8,"['horse', 'airplane', 'cat', 'frog']",horse
41544,9,"['dog', 'frog', 'cat', 'airplane']",airplane
41545,3,"['frog', 'ship', 'automobile', 'airplane']",ship
41546,0,"['horse', 'deer', 'frog', 'cat']",horse
41547,4,"['cat', 'automobile', 'frog', 'airplane']",automobile
41548,2,"['ship', 'cat', 'automobile', 'airplane']",cat
41549,6,"['automobile', 'horse', 'ship', 'airplane']",ship
41550,1,"['bird', 'dog', 'frog', 'cat', 'airplane']",airplane
41551,2,"['ship', 'cat', 'automobile', 'airplane']",cat
41552,6,"['automobile', 'horse', 'ship', 'airplane']",airplane
41553,6,"['automobile', 'horse', 'ship', 'airplane']",airplane
41554,4,"['cat', 'automobile', 'frog', 'airplane']",automobile
41555,8,"['horse', 'airplane', 'cat', 'frog']",horse
41556,2,"['ship', 'cat', 'automobile', 'airplane']",cat
41557,0,"['horse', 'deer', 'frog', 'cat']",horse
41558,6,"['automobile', 'horse', 'ship', 'airplane']",airplane
41559,5,"['frog', 'ship', 'airplane', 'automobile']",ship
41560,9,"['dog', 'frog', 'cat', 'airplane']",airplane
41561,6,"['automobile', 'horse', 'ship', 'airplane']",airplane
41562,2,"['ship', 'cat', 'automobile', 'airplane']",automobile
41563,1,"['bird', 'dog', 'frog', 'cat', 'airplane']",airplane
41564,5,"['frog', 'ship', 'airplane', 'automobile']",ship
41565,5,"['frog', 'ship', 'airplane', 'automobile']",ship
41566,5,"['frog', 'ship', 'airplane', 'automobile']",ship
41567,8,"['horse', 'airplane', 'cat', 'frog']",horse
41568,1,"['bird', 'dog', 'frog', 'cat', 'airplane']",airplane
41569,3,"['frog', 'ship', 'automobile', 'airplane']",ship
41570,8,"['horse', 'airplane', 'cat', 'frog']",frog
41571,9,"['dog', 'frog', 'cat', 'airplane']",dog
41572,8,"['horse', 'airplane', 'cat', 'frog']",horse
41573,4,"['cat', 'automobile', 'frog', 'airplane']",automobile
41574,0,"['horse', 'deer', 'frog', 'cat']",horse
41575,7,"['automobile', 'cat', 'airplane', 'frog']",cat
41576,1,"['bird', 'dog', 'frog', 'cat', 'airplane']",airplane
41577,2,"['ship', 'cat', 'automobile', 'airplane']",cat
41578,3,"['frog', 'ship', 'automobile', 'airplane']",ship
41579,1,"['bird', 'dog', 'frog', 'cat', 'airplane']",airplane
41580,9,"['dog', 'frog', 'cat', 'airplane']",airplane
41581,3,"['frog', 'ship', 'automobile', 'airplane']",ship
41582,4,"['cat', 'automobile', 'frog', 'airplane']",automobile
41583,5,"['frog', 'ship', 'airplane', 'automobile']",ship
41584,7,"['automobile', 'cat', 'airplane', 'frog']",airplane
41585,8,"['horse', 'airplane', 'cat', 'frog']",horse
41586,1,"['bird', 'dog', 'frog', 'cat', 'airplane']",airplane
41587,5,"['frog', 'ship', 'airplane', 'automobile']",ship
41588,0,"['horse', 'deer', 'frog', 'cat']",horse
41589,3,"['frog', 'ship', 'automobile', 'airplane']",ship
41590,4,"['cat', 'automobile', 'frog', 'airplane']",automobile
41591,2,"['ship', 'cat', 'automobile', 'airplane']",cat
41592,9,"['dog', 'frog', 'cat', 'airplane']",dog
41593,6,"['automobile', 'horse', 'ship', 'airplane']",airplane
41594,3,"['frog', 'ship', 'automobile', 'airplane']",ship
41595,4,"['cat', 'automobile', 'frog', 'airplane']",automobile
41596,7,"['automobile', 'cat', 'airplane', 'frog']",cat
41597,3,"['frog', 'ship', 'automobile', 'airplane']",ship
41598,8,"['horse', 'airplane', 'cat', 'frog']",horse
41599,2,"['ship', 'cat', 'automobile', 'airplane']",cat
41600,0,"['horse', 'deer', 'frog', 'cat']",horse
41601,3,"['frog', 'ship', 'automobile', 'airplane']",ship
41602,1,"['bird', 'dog', 'frog', 'cat', 'airplane']",airplane
41603,6,"['automobile', 'horse', 'ship', 'airplane']",airplane
41604,2,"['ship', 'cat', 'automobile', 'airplane']",cat
41605,9,"['dog', 'frog', 'cat', 'airplane']",dog
41606,0,"['horse', 'deer', 'frog', 'cat']",deer
41607,1,"['bird', 'dog', 'frog', 'cat', 'airplane']",airplane
41608,4,"['cat', 'automobile', 'frog', 'airplane']",automobile
41609,0,"['horse', 'deer', 'frog', 'cat']",horse
41610,4,"['cat', 'automobile', 'frog', 'airplane']",automobile
41611,9,"['dog', 'frog', 'cat', 'airplane']",airplane
41612,8,"['horse', 'airplane', 'cat', 'frog']",horse
41613,0,"['horse', 'deer', 'frog', 'cat']",horse
41614,9,"['dog', 'frog', 'cat', 'airplane']",dog
41615,8,"['horse', 'airplane', 'cat', 'frog']",horse
41616,8,"['horse', 'airplane', 'cat', 'frog']",horse
41617,1,"['bird', 'dog', 'frog', 'cat', 'airplane']",airplane
41618,4,"['cat', 'automobile', 'frog', 'airplane']",automobile
41619,2,"['ship', 'cat', 'automobile', 'airplane']",cat
41620,7,"['automobile', 'cat', 'airplane', 'frog']",cat
41621,6,"['automobile', 'horse', 'ship', 'airplane']",airplane
41622,6,"['automobile', 'horse', 'ship', 'airplane']",airplane
41623,4,"['cat', 'automobile', 'frog', 'airplane']",airplane
41624,7,"['automobile', 'cat', 'airplane', 'frog']",cat
41625,4,"['cat', 'automobile', 'frog', 'airplane']",automobile
41626,7,"['automobile', 'cat', 'airplane', 'frog']",cat
41627,1,"['bird', 'dog', 'frog', 'cat', 'airplane']",airplane
41628,0,"['horse', 'deer', 'frog', 'cat']",horse
41629,8,"['horse', 'airplane', 'cat', 'frog']",horse
41630,9,"['dog', 'frog', 'cat', 'airplane']",airplane
41631,9,"['dog', 'frog', 'cat', 'airplane']",airplane
41632,6,"['automobile', 'horse', 'ship', 'airplane']",airplane
41633,9,"['dog', 'frog', 'cat', 'airplane']",dog
41634,9,"['dog', 'frog', 'cat', 'airplane']",airplane
41635,4,"['cat', 'automobile', 'frog', 'airplane']",automobile
41636,0,"['horse', 'deer', 'frog', 'cat']",horse
41637,1,"['bird', 'dog', 'frog', 'cat', 'airplane']",airplane
41638,5,"['frog', 'ship', 'airplane', 'automobile']",ship
41639,3,"['frog', 'ship', 'automobile', 'airplane']",ship
41640,9,"['dog', 'frog', 'cat', 'airplane']",airplane
41641,6,"['automobile', 'horse', 'ship', 'airplane']",airplane
41642,4,"['cat', 'automobile', 'frog', 'airplane']",automobile
41643,1,"['bird', 'dog', 'frog', 'cat', 'airplane']",airplane
41644,2,"['ship', 'cat', 'automobile', 'airplane']",cat
41645,6,"['automobile', 'horse', 'ship', 'airplane']",automobile
41646,5,"['frog', 'ship', 'airplane', 'automobile']",ship
41647,8,"['horse', 'airplane', 'cat', 'frog']",horse
41648,4,"['cat', 'automobile', 'frog', 'airplane']",automobile
41649,4,"['cat', 'automobile', 'frog', 'airplane']",automobile
41650,6,"['automobile', 'horse', 'ship', 'airplane']",airplane
41651,0,"['horse', 'deer', 'frog', 'cat']",horse
41652,6,"['automobile', 'horse', 'ship', 'airplane']",airplane
41653,1,"['bird', 'dog', 'frog', 'cat', 'airplane']",airplane
41654,1,"['bird', 'dog', 'frog', 'cat', 'airplane']",airplane
41655,7,"['automobile', 'cat', 'airplane', 'frog']",cat
41656,6,"['automobile', 'horse', 'ship', 'airplane']",ship
41657,4,"['cat', 'automobile', 'frog', 'airplane']",automobile
41658,3,"['frog', 'ship', 'automobile', 'airplane']",ship
41659,4,"['cat', 'automobile', 'frog', 'airplane']",automobile
41660,7,"['automobile', 'cat', 'airplane', 'frog']",cat
41661,2,"['ship', 'cat', 'automobile', 'airplane']",automobile
41662,2,"['ship', 'cat', 'automobile', 'airplane']",automobile
41663,1,"['bird', 'dog', 'frog', 'cat', 'airplane']",airplane
41664,0,"['horse', 'deer', 'frog', 'cat']",horse
41665,4,"['cat', 'automobile', 'frog', 'airplane']",automobile
41666,1,"['bird', 'dog', 'frog', 'cat', 'airplane']",airplane
41667,2,"['ship', 'cat', 'automobile', 'airplane']",cat
41668,6,"['automobile', 'horse', 'ship', 'airplane']",airplane
41669,4,"['cat', 'automobile', 'frog', 'airplane']",automobile
41670,7,"['automobile', 'cat', 'airplane', 'frog']",airplane
41671,6,"['automobile', 'horse', 'ship', 'airplane']",automobile
41672,6,"['automobile', 'horse', 'ship', 'airplane']",airplane
41673,3,"['frog', 'ship', 'automobile', 'airplane']",ship
41674,8,"['horse', 'airplane', 'cat', 'frog']",horse
41675,4,"['cat', 'automobile', 'frog', 'airplane']",automobile
41676,8,"['horse', 'airplane', 'cat', 'frog']",horse
41677,0,"['horse', 'deer', 'frog', 'cat']",horse
41678,8,"['horse', 'airplane', 'cat', 'frog']",horse
41679,7,"['automobile', 'cat', 'airplane', 'frog']",cat
41680,5,"['frog', 'ship', 'airplane', 'automobile']",ship
41681,2,"['ship', 'cat', 'automobile', 'airplane']",automobile
41682,0,"['horse', 'deer', 'frog', 'cat']",horse
41683,9,"['dog', 'frog', 'cat', 'airplane']",airplane
41684,6,"['automobile', 'horse', 'ship', 'airplane']",airplane
41685,8,"['horse', 'airplane', 'cat', 'frog']",horse
41686,1,"['bird', 'dog', 'frog', 'cat', 'airplane']",airplane
41687,5,"['frog', 'ship', 'airplane', 'automobile']",ship
41688,4,"['cat', 'automobile', 'frog', 'airplane']",frog
41689,8,"['horse', 'airplane', 'cat', 'frog']",horse
41690,1,"['bird', 'dog', 'frog', 'cat', 'airplane']",airplane
41691,4,"['cat', 'automobile', 'frog', 'airplane']",automobile
41692,5,"['frog', 'ship', 'airplane', 'automobile']",ship
41693,7,"['automobile', 'cat', 'airplane', 'frog']",cat
41694,3,"['frog', 'ship', 'automobile', 'airplane']",ship
41695,1,"['bird', 'dog', 'frog', 'cat', 'airplane']",airplane
41696,0,"['horse', 'deer', 'frog', 'cat']",horse
41697,5,"['frog', 'ship', 'airplane', 'automobile']",ship
41698,9,"['dog', 'frog', 'cat', 'airplane']",airplane
41699,4,"['cat', 'automobile', 'frog', 'airplane']",automobile
41700,7,"['automobile', 'cat', 'airplane', 'frog']",cat
41701,1,"['bird', 'dog', 'frog', 'cat', 'airplane']",airplane
41702,0,"['horse', 'deer', 'frog', 'cat']",horse
41703,5,"['frog', 'ship', 'airplane', 'automobile']",ship
41704,7,"['automobile', 'cat', 'airplane', 'frog']",cat
41705,3,"['frog', 'ship', 'automobile', 'airplane']",ship
41706,1,"['bird', 'dog', 'frog', 'cat', 'airplane']",airplane
41707,6,"['automobile', 'horse', 'ship', 'airplane']",horse
41708,5,"['frog', 'ship', 'airplane', 'automobile']",ship
41709,6,"['automobile', 'horse', 'ship', 'airplane']",airplane
41710,1,"['bird', 'dog', 'frog', 'cat', 'airplane']",airplane
41711,4,"['cat', 'automobile', 'frog', 'airplane']",automobile
41712,8,"['horse', 'airplane', 'cat', 'frog']",horse
41713,3,"['frog', 'ship', 'automobile', 'airplane']",ship
41714,8,"['horse', 'airplane', 'cat', 'frog']",horse
41715,3,"['frog', 'ship', 'automobile', 'airplane']",ship
41716,2,"['ship', 'cat', 'automobile', 'airplane']",cat
41717,7,"['automobile', 'cat', 'airplane', 'frog']",airplane
41718,5,"['frog', 'ship', 'airplane', 'automobile']",ship
41719,3,"['frog', 'ship', 'automobile', 'airplane']",ship
41720,5,"['frog', 'ship', 'airplane', 'automobile']",ship
41721,2,"['ship', 'cat', 'automobile', 'airplane']",cat
41722,6,"['automobile', 'horse', 'ship', 'airplane']",airplane
41723,1,"['bird', 'dog', 'frog', 'cat', 'airplane']",airplane
41724,7,"['automobile', 'cat', 'airplane', 'frog']",cat
41725,3,"['frog', 'ship', 'automobile', 'airplane']",ship
41726,4,"['cat', 'automobile', 'frog', 'airplane']",automobile
41727,8,"['horse', 'airplane', 'cat', 'frog']",horse
41728,5,"['frog', 'ship', 'airplane', 'automobile']",ship
41729,7,"['automobile', 'cat', 'airplane', 'frog']",cat
41730,8,"['horse', 'airplane', 'cat', 'frog']",horse
41731,0,"['horse', 'deer', 'frog', 'cat']",horse
41732,8,"['horse', 'airplane', 'cat', 'frog']",horse
41733,1,"['bird', 'dog', 'frog', 'cat', 'airplane']",airplane
41734,3,"['frog', 'ship', 'automobile', 'airplane']",ship
41735,7,"['automobile', 'cat', 'airplane', 'frog']",airplane
41736,1,"['bird', 'dog', 'frog', 'cat', 'airplane']",airplane
41737,4,"['cat', 'automobile', 'frog', 'airplane']",automobile
41738,3,"['frog', 'ship', 'automobile', 'airplane']",ship
41739,1,"['bird', 'dog', 'frog', 'cat', 'airplane']",airplane
41740,0,"['horse', 'deer', 'frog', 'cat']",horse
41741,0,"['horse', 'deer', 'frog', 'cat']",horse
41742,1,"['bird', 'dog', 'frog', 'cat', 'airplane']",airplane
41743,5,"['frog', 'ship', 'airplane', 'automobile']",ship
41744,8,"['horse', 'airplane', 'cat', 'frog']",horse
41745,0,"['horse', 'deer', 'frog', 'cat']",horse
41746,9,"['dog', 'frog', 'cat', 'airplane']",dog
41747,3,"['frog', 'ship', 'automobile', 'airplane']",ship
41748,1,"['bird', 'dog', 'frog', 'cat', 'airplane']",airplane
41749,6,"['automobile', 'horse', 'ship', 'airplane']",ship
41750,4,"['cat', 'automobile', 'frog', 'airplane']",automobile
41751,0,"['horse', 'deer', 'frog', 'cat']",horse
41752,5,"['frog', 'ship', 'airplane', 'automobile']",ship
41753,8,"['horse', 'airplane', 'cat', 'frog']",horse
41754,7,"['automobile', 'cat', 'airplane', 'frog']",airplane
41755,7,"['automobile', 'cat', 'airplane', 'frog']",cat
41756,0,"['horse', 'deer', 'frog', 'cat']",horse
41757,8,"['horse', 'airplane', 'cat', 'frog']",horse
41758,7,"['automobile', 'cat', 'airplane', 'frog']",airplane
41759,5,"['frog', 'ship', 'airplane', 'automobile']",ship
41760,1,"['bird', 'dog', 'frog', 'cat', 'airplane']",airplane
41761,8,"['horse', 'airplane', 'cat', 'frog']",horse
41762,0,"['horse', 'deer', 'frog', 'cat']",horse
41763,2,"['ship', 'cat', 'automobile', 'airplane']",cat
41764,2,"['ship', 'cat', 'automobile', 'airplane']",cat
41765,9,"['dog', 'frog', 'cat', 'airplane']",airplane
41766,4,"['cat', 'automobile', 'frog', 'airplane']",automobile
41767,2,"['ship', 'cat', 'automobile', 'airplane']",cat
41768,1,"['bird', 'dog', 'frog', 'cat', 'airplane']",airplane
41769,8,"['horse', 'airplane', 'cat', 'frog']",horse
41770,4,"['cat', 'automobile', 'frog', 'airplane']",automobile
41771,9,"['dog', 'frog', 'cat', 'airplane']",dog
41772,0,"['horse', 'deer', 'frog', 'cat']",horse
41773,8,"['horse', 'airplane', 'cat', 'frog']",horse
41774,0,"['horse', 'deer', 'frog', 'cat']",frog
41775,2,"['ship', 'cat', 'automobile', 'airplane']",airplane
41776,9,"['dog', 'frog', 'cat', 'airplane']",airplane
41777,4,"['cat', 'automobile', 'frog', 'airplane']",automobile
41778,6,"['automobile', 'horse', 'ship', 'airplane']",airplane
41779,8,"['horse', 'airplane', 'cat', 'frog']",horse
41780,7,"['automobile', 'cat', 'airplane', 'frog']",airplane
41781,7,"['automobile', 'cat', 'airplane', 'frog']",cat
41782,3,"['frog', 'ship', 'automobile', 'airplane']",ship
41783,7,"['automobile', 'cat', 'airplane', 'frog']",airplane
41784,7,"['automobile', 'cat', 'airplane', 'frog']",cat
41785,6,"['automobile', 'horse', 'ship', 'airplane']",horse
41786,9,"['dog', 'frog', 'cat', 'airplane']",airplane
41787,9,"['dog', 'frog', 'cat', 'airplane']",airplane
41788,4,"['cat', 'automobile', 'frog', 'airplane']",automobile
41789,5,"['frog', 'ship', 'airplane', 'automobile']",ship
41790,2,"['ship', 'cat', 'automobile', 'airplane']",automobile
41791,7,"['automobile', 'cat', 'airplane', 'frog']",airplane
41792,0,"['horse', 'deer', 'frog', 'cat']",horse
41793,5,"['frog', 'ship', 'airplane', 'automobile']",ship
41794,1,"['bird', 'dog', 'frog', 'cat', 'airplane']",airplane
41795,7,"['automobile', 'cat', 'airplane', 'frog']",frog
41796,6,"['automobile', 'horse', 'ship', 'airplane']",ship
41797,0,"['horse', 'deer', 'frog', 'cat']",horse
41798,5,"['frog', 'ship', 'airplane', 'automobile']",ship
41799,6,"['automobile', 'horse', 'ship', 'airplane']",automobile
41800,0,"['horse', 'deer', 'frog', 'cat']",horse
41801,6,"['automobile', 'horse', 'ship', 'airplane']",airplane
41802,2,"['ship', 'cat', 'automobile', 'airplane']",cat
41803,7,"['automobile', 'cat', 'airplane', 'frog']",cat
41804,4,"['cat', 'automobile', 'frog', 'airplane']",automobile
41805,7,"['automobile', 'cat', 'airplane', 'frog']",airplane
41806,0,"['horse', 'deer', 'frog', 'cat']",horse
41807,1,"['bird', 'dog', 'frog', 'cat', 'airplane']",airplane
41808,8,"['horse', 'airplane', 'cat', 'frog']",horse
41809,6,"['automobile', 'horse', 'ship', 'airplane']",horse
41810,4,"['cat', 'automobile', 'frog', 'airplane']",automobile
41811,9,"['dog', 'frog', 'cat', 'airplane']",airplane
41812,5,"['frog', 'ship', 'airplane', 'automobile']",ship
41813,9,"['dog', 'frog', 'cat', 'airplane']",airplane
41814,4,"['cat', 'automobile', 'frog', 'airplane']",automobile
41815,3,"['frog', 'ship', 'automobile', 'airplane']",frog
41816,7,"['automobile', 'cat', 'airplane', 'frog']",cat
41817,5,"['frog', 'ship', 'airplane', 'automobile']",ship
41818,0,"['horse', 'deer', 'frog', 'cat']",horse
41819,4,"['cat', 'automobile', 'frog', 'airplane']",airplane
41820,4,"['cat', 'automobile', 'frog', 'airplane']",automobile
41821,0,"['horse', 'deer', 'frog', 'cat']",horse
41822,4,"['cat', 'automobile', 'frog', 'airplane']",automobile
41823,4,"['cat', 'automobile', 'frog', 'airplane']",airplane
41824,4,"['cat', 'automobile', 'frog', 'airplane']",automobile
41825,4,"['cat', 'automobile', 'frog', 'airplane']",automobile
41826,3,"['frog', 'ship', 'automobile', 'airplane']",ship
41827,3,"['frog', 'ship', 'automobile', 'airplane']",ship
41828,5,"['frog', 'ship', 'airplane', 'automobile']",ship
41829,8,"['horse', 'airplane', 'cat', 'frog']",horse
41830,6,"['automobile', 'horse', 'ship', 'airplane']",airplane
41831,3,"['frog', 'ship', 'automobile', 'airplane']",ship
41832,5,"['frog', 'ship', 'airplane', 'automobile']",ship
41833,8,"['horse', 'airplane', 'cat', 'frog']",horse
41834,2,"['ship', 'cat', 'automobile', 'airplane']",cat
41835,8,"['horse', 'airplane', 'cat', 'frog']",horse
41836,4,"['cat', 'automobile', 'frog', 'airplane']",automobile
41837,1,"['bird', 'dog', 'frog', 'cat', 'airplane']",airplane
41838,7,"['automobile', 'cat', 'airplane', 'frog']",cat
41839,4,"['cat', 'automobile', 'frog', 'airplane']",automobile
41840,9,"['dog', 'frog', 'cat', 'airplane']",dog
41841,7,"['automobile', 'cat', 'airplane', 'frog']",airplane
41842,0,"['horse', 'deer', 'frog', 'cat']",horse
41843,7,"['automobile', 'cat', 'airplane', 'frog']",cat
41844,1,"['bird', 'dog', 'frog', 'cat', 'airplane']",airplane
41845,3,"['frog', 'ship', 'automobile', 'airplane']",ship
41846,7,"['automobile', 'cat', 'airplane', 'frog']",cat
41847,1,"['bird', 'dog', 'frog', 'cat', 'airplane']",airplane
41848,0,"['horse', 'deer', 'frog', 'cat']",horse
41849,1,"['bird', 'dog', 'frog', 'cat', 'airplane']",airplane
41850,7,"['automobile', 'cat', 'airplane', 'frog']",cat
41851,0,"['horse', 'deer', 'frog', 'cat']",horse
41852,4,"['cat', 'automobile', 'frog', 'airplane']",automobile
41853,3,"['frog', 'ship', 'automobile', 'airplane']",ship
41854,7,"['automobile', 'cat', 'airplane', 'frog']",cat
41855,0,"['horse', 'deer', 'frog', 'cat']",horse
41856,2,"['ship', 'cat', 'automobile', 'airplane']",automobile
41857,1,"['bird', 'dog', 'frog', 'cat', 'airplane']",airplane
41858,0,"['horse', 'deer', 'frog', 'cat']",horse
41859,1,"['bird', 'dog', 'frog', 'cat', 'airplane']",airplane
41860,2,"['ship', 'cat', 'automobile', 'airplane']",cat
41861,1,"['bird', 'dog', 'frog', 'cat', 'airplane']",airplane
41862,1,"['bird', 'dog', 'frog', 'cat', 'airplane']",airplane
41863,0,"['horse', 'deer', 'frog', 'cat']",horse
41864,8,"['horse', 'airplane', 'cat', 'frog']",horse
41865,2,"['ship', 'cat', 'automobile', 'airplane']",ship
41866,3,"['frog', 'ship', 'automobile', 'airplane']",ship
41867,8,"['horse', 'airplane', 'cat', 'frog']",horse
41868,0,"['horse', 'deer', 'frog', 'cat']",horse
41869,1,"['bird', 'dog', 'frog', 'cat', 'airplane']",airplane
41870,6,"['automobile', 'horse', 'ship', 'airplane']",ship
41871,3,"['frog', 'ship', 'automobile', 'airplane']",ship
41872,3,"['frog', 'ship', 'automobile', 'airplane']",ship
41873,6,"['automobile', 'horse', 'ship', 'airplane']",airplane
41874,3,"['frog', 'ship', 'automobile', 'airplane']",frog
41875,5,"['frog', 'ship', 'airplane', 'automobile']",ship
41876,9,"['dog', 'frog', 'cat', 'airplane']",airplane
41877,7,"['automobile', 'cat', 'airplane', 'frog']",airplane
41878,4,"['cat', 'automobile', 'frog', 'airplane']",automobile
41879,0,"['horse', 'deer', 'frog', 'cat']",horse
41880,0,"['horse', 'deer', 'frog', 'cat']",horse
41881,7,"['automobile', 'cat', 'airplane', 'frog']",cat
41882,0,"['horse', 'deer', 'frog', 'cat']",horse
41883,7,"['automobile', 'cat', 'airplane', 'frog']",airplane
41884,2,"['ship', 'cat', 'automobile', 'airplane']",cat
41885,9,"['dog', 'frog', 'cat', 'airplane']",airplane
41886,5,"['frog', 'ship', 'airplane', 'automobile']",ship
41887,6,"['automobile', 'horse', 'ship', 'airplane']",airplane
41888,1,"['bird', 'dog', 'frog', 'cat', 'airplane']",airplane
41889,8,"['horse', 'airplane', 'cat', 'frog']",horse
41890,2,"['ship', 'cat', 'automobile', 'airplane']",automobile
41891,2,"['ship', 'cat', 'automobile', 'airplane']",automobile
41892,3,"['frog', 'ship', 'automobile', 'airplane']",ship
41893,8,"['horse', 'airplane', 'cat', 'frog']",horse
41894,2,"['ship', 'cat', 'automobile', 'airplane']",cat
41895,9,"['dog', 'frog', 'cat', 'airplane']",airplane
41896,1,"['bird', 'dog', 'frog', 'cat', 'airplane']",airplane
41897,4,"['cat', 'automobile', 'frog', 'airplane']",automobile
41898,7,"['automobile', 'cat', 'airplane', 'frog']",frog
41899,9,"['dog', 'frog', 'cat', 'airplane']",airplane
41900,0,"['horse', 'deer', 'frog', 'cat']",deer
41901,9,"['dog', 'frog', 'cat', 'airplane']",airplane
41902,8,"['horse', 'airplane', 'cat', 'frog']",horse
41903,3,"['frog', 'ship', 'automobile', 'airplane']",ship
41904,9,"['dog', 'frog', 'cat', 'airplane']",dog
41905,9,"['dog', 'frog', 'cat', 'airplane']",airplane
41906,9,"['dog', 'frog', 'cat', 'airplane']",dog
41907,0,"['horse', 'deer', 'frog', 'cat']",horse
41908,1,"['bird', 'dog', 'frog', 'cat', 'airplane']",airplane
41909,6,"['automobile', 'horse', 'ship', 'airplane']",horse
41910,3,"['frog', 'ship', 'automobile', 'airplane']",ship
41911,1,"['bird', 'dog', 'frog', 'cat', 'airplane']",airplane
41912,2,"['ship', 'cat', 'automobile', 'airplane']",cat
41913,8,"['horse', 'airplane', 'cat', 'frog']",horse
41914,3,"['frog', 'ship', 'automobile', 'airplane']",frog
41915,5,"['frog', 'ship', 'airplane', 'automobile']",ship
41916,6,"['automobile', 'horse', 'ship', 'airplane']",airplane
41917,3,"['frog', 'ship', 'automobile', 'airplane']",ship
41918,3,"['frog', 'ship', 'automobile', 'airplane']",ship
41919,4,"['cat', 'automobile', 'frog', 'airplane']",airplane
41920,9,"['dog', 'frog', 'cat', 'airplane']",dog
41921,6,"['automobile', 'horse', 'ship', 'airplane']",airplane
41922,1,"['bird', 'dog', 'frog', 'cat', 'airplane']",airplane
41923,6,"['automobile', 'horse', 'ship', 'airplane']",airplane
41924,6,"['automobile', 'horse', 'ship', 'airplane']",airplane
41925,2,"['ship', 'cat', 'automobile', 'airplane']",automobile
41926,9,"['dog', 'frog', 'cat', 'airplane']",airplane
41927,4,"['cat', 'automobile', 'frog', 'airplane']",automobile
41928,5,"['frog', 'ship', 'airplane', 'automobile']",ship
41929,0,"['horse', 'deer', 'frog', 'cat']",horse
41930,2,"['ship', 'cat', 'automobile', 'airplane']",cat
41931,4,"['cat', 'automobile', 'frog', 'airplane']",automobile
41932,0,"['horse', 'deer', 'frog', 'cat']",horse
41933,2,"['ship', 'cat', 'automobile', 'airplane']",cat
41934,4,"['cat', 'automobile', 'frog', 'airplane']",automobile
41935,8,"['horse', 'airplane', 'cat', 'frog']",horse
41936,6,"['automobile', 'horse', 'ship', 'airplane']",airplane
41937,3,"['frog', 'ship', 'automobile', 'airplane']",ship
41938,5,"['frog', 'ship', 'airplane', 'automobile']",ship
41939,2,"['ship', 'cat', 'automobile', 'airplane']",cat
41940,6,"['automobile', 'horse', 'ship', 'airplane']",airplane
41941,8,"['horse', 'airplane', 'cat', 'frog']",horse
41942,5,"['frog', 'ship', 'airplane', 'automobile']",ship
41943,8,"['horse', 'airplane', 'cat', 'frog']",horse
41944,3,"['frog', 'ship', 'automobile', 'airplane']",ship
41945,3,"['frog', 'ship', 'automobile', 'airplane']",frog
41946,1,"['bird', 'dog', 'frog', 'cat', 'airplane']",airplane
41947,2,"['ship', 'cat', 'automobile', 'airplane']",cat
41948,1,"['bird', 'dog', 'frog', 'cat', 'airplane']",airplane
41949,7,"['automobile', 'cat', 'airplane', 'frog']",cat
41950,8,"['horse', 'airplane', 'cat', 'frog']",horse
41951,3,"['frog', 'ship', 'automobile', 'airplane']",ship
41952,3,"['frog', 'ship', 'automobile', 'airplane']",ship
41953,4,"['cat', 'automobile', 'frog', 'airplane']",automobile
41954,8,"['horse', 'airplane', 'cat', 'frog']",horse
41955,4,"['cat', 'automobile', 'frog', 'airplane']",automobile
41956,7,"['automobile', 'cat', 'airplane', 'frog']",cat
41957,8,"['horse', 'airplane', 'cat', 'frog']",horse
41958,4,"['cat', 'automobile', 'frog', 'airplane']",automobile
41959,7,"['automobile', 'cat', 'airplane', 'frog']",cat
41960,0,"['horse', 'deer', 'frog', 'cat']",horse
41961,4,"['cat', 'automobile', 'frog', 'airplane']",automobile
41962,8,"['horse', 'airplane', 'cat', 'frog']",horse
41963,1,"['bird', 'dog', 'frog', 'cat', 'airplane']",airplane
41964,1,"['bird', 'dog', 'frog', 'cat', 'airplane']",airplane
41965,6,"['automobile', 'horse', 'ship', 'airplane']",airplane
41966,1,"['bird', 'dog', 'frog', 'cat', 'airplane']",airplane
41967,9,"['dog', 'frog', 'cat', 'airplane']",dog
41968,7,"['automobile', 'cat', 'airplane', 'frog']",cat
41969,6,"['automobile', 'horse', 'ship', 'airplane']",airplane
41970,2,"['ship', 'cat', 'automobile', 'airplane']",ship
41971,0,"['horse', 'deer', 'frog', 'cat']",horse
41972,2,"['ship', 'cat', 'automobile', 'airplane']",ship
41973,7,"['automobile', 'cat', 'airplane', 'frog']",cat
41974,7,"['automobile', 'cat', 'airplane', 'frog']",cat
41975,0,"['horse', 'deer', 'frog', 'cat']",horse
41976,9,"['dog', 'frog', 'cat', 'airplane']",airplane
41977,9,"['dog', 'frog', 'cat', 'airplane']",dog
41978,1,"['bird', 'dog', 'frog', 'cat', 'airplane']",airplane
41979,1,"['bird', 'dog', 'frog', 'cat', 'airplane']",airplane
41980,8,"['horse', 'airplane', 'cat', 'frog']",horse
41981,6,"['automobile', 'horse', 'ship', 'airplane']",airplane
41982,4,"['cat', 'automobile', 'frog', 'airplane']",airplane
41983,6,"['automobile', 'horse', 'ship', 'airplane']",airplane
41984,1,"['bird', 'dog', 'frog', 'cat', 'airplane']",airplane
41985,7,"['automobile', 'cat', 'airplane', 'frog']",cat
41986,1,"['bird', 'dog', 'frog', 'cat', 'airplane']",airplane
41987,4,"['cat', 'automobile', 'frog', 'airplane']",automobile
41988,8,"['horse', 'airplane', 'cat', 'frog']",horse
41989,3,"['frog', 'ship', 'automobile', 'airplane']",ship
41990,2,"['ship', 'cat', 'automobile', 'airplane']",automobile
41991,2,"['ship', 'cat', 'automobile', 'airplane']",cat
41992,3,"['frog', 'ship', 'automobile', 'airplane']",ship
41993,3,"['frog', 'ship', 'automobile', 'airplane']",ship
41994,9,"['dog', 'frog', 'cat', 'airplane']",airplane
41995,2,"['ship', 'cat', 'automobile', 'airplane']",automobile
41996,9,"['dog', 'frog', 'cat', 'airplane']",airplane
41997,5,"['frog', 'ship', 'airplane', 'automobile']",ship
41998,3,"['frog', 'ship', 'automobile', 'airplane']",ship
41999,2,"['ship', 'cat', 'automobile', 'airplane']",cat
42000,9,"['dog', 'frog', 'cat', 'airplane']",dog
42001,5,"['frog', 'ship', 'airplane', 'automobile']",ship
42002,8,"['horse', 'airplane', 'cat', 'frog']",horse
42003,7,"['automobile', 'cat', 'airplane', 'frog']",airplane
42004,8,"['horse', 'airplane', 'cat', 'frog']",horse
42005,5,"['frog', 'ship', 'airplane', 'automobile']",ship
42006,8,"['horse', 'airplane', 'cat', 'frog']",horse
42007,1,"['bird', 'dog', 'frog', 'cat', 'airplane']",airplane
42008,3,"['frog', 'ship', 'automobile', 'airplane']",frog
42009,6,"['automobile', 'horse', 'ship', 'airplane']",airplane
42010,0,"['horse', 'deer', 'frog', 'cat']",horse
42011,3,"['frog', 'ship', 'automobile', 'airplane']",ship
42012,3,"['frog', 'ship', 'automobile', 'airplane']",ship
42013,6,"['automobile', 'horse', 'ship', 'airplane']",ship
42014,2,"['ship', 'cat', 'automobile', 'airplane']",automobile
42015,6,"['automobile', 'horse', 'ship', 'airplane']",ship
42016,5,"['frog', 'ship', 'airplane', 'automobile']",ship
42017,8,"['horse', 'airplane', 'cat', 'frog']",horse
42018,7,"['automobile', 'cat', 'airplane', 'frog']",cat
42019,0,"['horse', 'deer', 'frog', 'cat']",horse
42020,2,"['ship', 'cat', 'automobile', 'airplane']",cat
42021,3,"['frog', 'ship', 'automobile', 'airplane']",ship
42022,4,"['cat', 'automobile', 'frog', 'airplane']",automobile
42023,3,"['frog', 'ship', 'automobile', 'airplane']",ship
42024,8,"['horse', 'airplane', 'cat', 'frog']",horse
42025,9,"['dog', 'frog', 'cat', 'airplane']",dog
42026,0,"['horse', 'deer', 'frog', 'cat']",horse
42027,6,"['automobile', 'horse', 'ship', 'airplane']",airplane
42028,3,"['frog', 'ship', 'automobile', 'airplane']",ship
42029,3,"['frog', 'ship', 'automobile', 'airplane']",ship
42030,4,"['cat', 'automobile', 'frog', 'airplane']",automobile
42031,1,"['bird', 'dog', 'frog', 'cat', 'airplane']",airplane
42032,8,"['horse', 'airplane', 'cat', 'frog']",horse
42033,5,"['frog', 'ship', 'airplane', 'automobile']",ship
42034,7,"['automobile', 'cat', 'airplane', 'frog']",airplane
42035,4,"['cat', 'automobile', 'frog', 'airplane']",airplane
42036,4,"['cat', 'automobile', 'frog', 'airplane']",automobile
42037,3,"['frog', 'ship', 'automobile', 'airplane']",ship
42038,5,"['frog', 'ship', 'airplane', 'automobile']",ship
42039,0,"['horse', 'deer', 'frog', 'cat']",horse
42040,4,"['cat', 'automobile', 'frog', 'airplane']",automobile
42041,5,"['frog', 'ship', 'airplane', 'automobile']",ship
42042,9,"['dog', 'frog', 'cat', 'airplane']",dog
42043,2,"['ship', 'cat', 'automobile', 'airplane']",cat
42044,0,"['horse', 'deer', 'frog', 'cat']",horse
42045,2,"['ship', 'cat', 'automobile', 'airplane']",cat
42046,6,"['automobile', 'horse', 'ship', 'airplane']",airplane
42047,9,"['dog', 'frog', 'cat', 'airplane']",airplane
42048,8,"['horse', 'airplane', 'cat', 'frog']",horse
42049,6,"['automobile', 'horse', 'ship', 'airplane']",airplane
42050,8,"['horse', 'airplane', 'cat', 'frog']",horse
42051,7,"['automobile', 'cat', 'airplane', 'frog']",cat
42052,7,"['automobile', 'cat', 'airplane', 'frog']",cat
42053,1,"['bird', 'dog', 'frog', 'cat', 'airplane']",airplane
42054,5,"['frog', 'ship', 'airplane', 'automobile']",ship
42055,9,"['dog', 'frog', 'cat', 'airplane']",dog
42056,3,"['frog', 'ship', 'automobile', 'airplane']",ship
42057,0,"['horse', 'deer', 'frog', 'cat']",horse
42058,9,"['dog', 'frog', 'cat', 'airplane']",airplane
42059,4,"['cat', 'automobile', 'frog', 'airplane']",automobile
42060,1,"['bird', 'dog', 'frog', 'cat', 'airplane']",airplane
42061,7,"['automobile', 'cat', 'airplane', 'frog']",cat
42062,2,"['ship', 'cat', 'automobile', 'airplane']",ship
42063,7,"['automobile', 'cat', 'airplane', 'frog']",cat
42064,5,"['frog', 'ship', 'airplane', 'automobile']",ship
42065,1,"['bird', 'dog', 'frog', 'cat', 'airplane']",airplane
42066,8,"['horse', 'airplane', 'cat', 'frog']",horse
42067,6,"['automobile', 'horse', 'ship', 'airplane']",airplane
42068,8,"['horse', 'airplane', 'cat', 'frog']",horse
42069,0,"['horse', 'deer', 'frog', 'cat']",horse
42070,4,"['cat', 'automobile', 'frog', 'airplane']",automobile
42071,3,"['frog', 'ship', 'automobile', 'airplane']",ship
42072,4,"['cat', 'automobile', 'frog', 'airplane']",airplane
42073,0,"['horse', 'deer', 'frog', 'cat']",horse
42074,3,"['frog', 'ship', 'automobile', 'airplane']",ship
42075,7,"['automobile', 'cat', 'airplane', 'frog']",frog
42076,5,"['frog', 'ship', 'airplane', 'automobile']",ship
42077,6,"['automobile', 'horse', 'ship', 'airplane']",airplane
42078,7,"['automobile', 'cat', 'airplane', 'frog']",cat
42079,6,"['automobile', 'horse', 'ship', 'airplane']",airplane
42080,4,"['cat', 'automobile', 'frog', 'airplane']",automobile
42081,1,"['bird', 'dog', 'frog', 'cat', 'airplane']",airplane
42082,7,"['automobile', 'cat', 'airplane', 'frog']",cat
42083,0,"['horse', 'deer', 'frog', 'cat']",horse
42084,3,"['frog', 'ship', 'automobile', 'airplane']",ship
42085,1,"['bird', 'dog', 'frog', 'cat', 'airplane']",airplane
42086,3,"['frog', 'ship', 'automobile', 'airplane']",ship
42087,4,"['cat', 'automobile', 'frog', 'airplane']",automobile
42088,5,"['frog', 'ship', 'airplane', 'automobile']",ship
42089,5,"['frog', 'ship', 'airplane', 'automobile']",ship
42090,2,"['ship', 'cat', 'automobile', 'airplane']",cat
42091,2,"['ship', 'cat', 'automobile', 'airplane']",cat
42092,5,"['frog', 'ship', 'airplane', 'automobile']",ship
42093,6,"['automobile', 'horse', 'ship', 'airplane']",airplane
42094,2,"['ship', 'cat', 'automobile', 'airplane']",automobile
42095,7,"['automobile', 'cat', 'airplane', 'frog']",cat
42096,4,"['cat', 'automobile', 'frog', 'airplane']",automobile
42097,7,"['automobile', 'cat', 'airplane', 'frog']",cat
42098,2,"['ship', 'cat', 'automobile', 'airplane']",cat
42099,6,"['automobile', 'horse', 'ship', 'airplane']",automobile
42100,5,"['frog', 'ship', 'airplane', 'automobile']",ship
42101,9,"['dog', 'frog', 'cat', 'airplane']",airplane
42102,9,"['dog', 'frog', 'cat', 'airplane']",airplane
42103,0,"['horse', 'deer', 'frog', 'cat']",horse
42104,4,"['cat', 'automobile', 'frog', 'airplane']",automobile
42105,0,"['horse', 'deer', 'frog', 'cat']",horse
42106,9,"['dog', 'frog', 'cat', 'airplane']",airplane
42107,2,"['ship', 'cat', 'automobile', 'airplane']",cat
42108,6,"['automobile', 'horse', 'ship', 'airplane']",airplane
42109,4,"['cat', 'automobile', 'frog', 'airplane']",automobile
42110,0,"['horse', 'deer', 'frog', 'cat']",horse
42111,5,"['frog', 'ship', 'airplane', 'automobile']",ship
42112,2,"['ship', 'cat', 'automobile', 'airplane']",cat
42113,1,"['bird', 'dog', 'frog', 'cat', 'airplane']",airplane
42114,7,"['automobile', 'cat', 'airplane', 'frog']",cat
42115,5,"['frog', 'ship', 'airplane', 'automobile']",ship
42116,1,"['bird', 'dog', 'frog', 'cat', 'airplane']",airplane
42117,7,"['automobile', 'cat', 'airplane', 'frog']",cat
42118,7,"['automobile', 'cat', 'airplane', 'frog']",airplane
42119,1,"['bird', 'dog', 'frog', 'cat', 'airplane']",airplane
42120,2,"['ship', 'cat', 'automobile', 'airplane']",cat
42121,1,"['bird', 'dog', 'frog', 'cat', 'airplane']",airplane
42122,3,"['frog', 'ship', 'automobile', 'airplane']",ship
42123,9,"['dog', 'frog', 'cat', 'airplane']",airplane
42124,1,"['bird', 'dog', 'frog', 'cat', 'airplane']",airplane
42125,7,"['automobile', 'cat', 'airplane', 'frog']",airplane
42126,7,"['automobile', 'cat', 'airplane', 'frog']",automobile
42127,9,"['dog', 'frog', 'cat', 'airplane']",airplane
42128,9,"['dog', 'frog', 'cat', 'airplane']",dog
42129,3,"['frog', 'ship', 'automobile', 'airplane']",ship
42130,1,"['bird', 'dog', 'frog', 'cat', 'airplane']",airplane
42131,3,"['frog', 'ship', 'automobile', 'airplane']",ship
42132,2,"['ship', 'cat', 'automobile', 'airplane']",automobile
42133,3,"['frog', 'ship', 'automobile', 'airplane']",ship
42134,3,"['frog', 'ship', 'automobile', 'airplane']",ship
42135,8,"['horse', 'airplane', 'cat', 'frog']",horse
42136,6,"['automobile', 'horse', 'ship', 'airplane']",ship
42137,7,"['automobile', 'cat', 'airplane', 'frog']",cat
42138,4,"['cat', 'automobile', 'frog', 'airplane']",automobile
42139,9,"['dog', 'frog', 'cat', 'airplane']",airplane
42140,9,"['dog', 'frog', 'cat', 'airplane']",airplane
42141,3,"['frog', 'ship', 'automobile', 'airplane']",ship
42142,4,"['cat', 'automobile', 'frog', 'airplane']",automobile
42143,1,"['bird', 'dog', 'frog', 'cat', 'airplane']",airplane
42144,2,"['ship', 'cat', 'automobile', 'airplane']",cat
42145,6,"['automobile', 'horse', 'ship', 'airplane']",ship
42146,4,"['cat', 'automobile', 'frog', 'airplane']",automobile
42147,2,"['ship', 'cat', 'automobile', 'airplane']",ship
42148,0,"['horse', 'deer', 'frog', 'cat']",horse
42149,9,"['dog', 'frog', 'cat', 'airplane']",airplane
42150,1,"['bird', 'dog', 'frog', 'cat', 'airplane']",airplane
42151,0,"['horse', 'deer', 'frog', 'cat']",horse
42152,5,"['frog', 'ship', 'airplane', 'automobile']",ship
42153,3,"['frog', 'ship', 'automobile', 'airplane']",ship
42154,9,"['dog', 'frog', 'cat', 'airplane']",dog
42155,2,"['ship', 'cat', 'automobile', 'airplane']",automobile
42156,6,"['automobile', 'horse', 'ship', 'airplane']",airplane
42157,9,"['dog', 'frog', 'cat', 'airplane']",airplane
42158,2,"['ship', 'cat', 'automobile', 'airplane']",automobile
42159,9,"['dog', 'frog', 'cat', 'airplane']",airplane
42160,4,"['cat', 'automobile', 'frog', 'airplane']",automobile
42161,8,"['horse', 'airplane', 'cat', 'frog']",horse
42162,8,"['horse', 'airplane', 'cat', 'frog']",horse
42163,1,"['bird', 'dog', 'frog', 'cat', 'airplane']",airplane
42164,4,"['cat', 'automobile', 'frog', 'airplane']",automobile
42165,0,"['horse', 'deer', 'frog', 'cat']",horse
42166,0,"['horse', 'deer', 'frog', 'cat']",horse
42167,6,"['automobile', 'horse', 'ship', 'airplane']",airplane
42168,2,"['ship', 'cat', 'automobile', 'airplane']",ship
42169,6,"['automobile', 'horse', 'ship', 'airplane']",airplane
42170,5,"['frog', 'ship', 'airplane', 'automobile']",ship
42171,1,"['bird', 'dog', 'frog', 'cat', 'airplane']",airplane
42172,2,"['ship', 'cat', 'automobile', 'airplane']",cat
42173,9,"['dog', 'frog', 'cat', 'airplane']",dog
42174,5,"['frog', 'ship', 'airplane', 'automobile']",ship
42175,0,"['horse', 'deer', 'frog', 'cat']",horse
42176,3,"['frog', 'ship', 'automobile', 'airplane']",ship
42177,5,"['frog', 'ship', 'airplane', 'automobile']",ship
42178,5,"['frog', 'ship', 'airplane', 'automobile']",ship
42179,0,"['horse', 'deer', 'frog', 'cat']",horse
42180,2,"['ship', 'cat', 'automobile', 'airplane']",cat
42181,2,"['ship', 'cat', 'automobile', 'airplane']",cat
42182,8,"['horse', 'airplane', 'cat', 'frog']",horse
42183,0,"['horse', 'deer', 'frog', 'cat']",horse
42184,7,"['automobile', 'cat', 'airplane', 'frog']",cat
42185,2,"['ship', 'cat', 'automobile', 'airplane']",cat
42186,6,"['automobile', 'horse', 'ship', 'airplane']",ship
42187,3,"['frog', 'ship', 'automobile', 'airplane']",ship
42188,1,"['bird', 'dog', 'frog', 'cat', 'airplane']",airplane
42189,3,"['frog', 'ship', 'automobile', 'airplane']",ship
42190,0,"['horse', 'deer', 'frog', 'cat']",horse
42191,9,"['dog', 'frog', 'cat', 'airplane']",dog
42192,3,"['frog', 'ship', 'automobile', 'airplane']",ship
42193,2,"['ship', 'cat', 'automobile', 'airplane']",cat
42194,5,"['frog', 'ship', 'airplane', 'automobile']",ship
42195,3,"['frog', 'ship', 'automobile', 'airplane']",ship
42196,6,"['automobile', 'horse', 'ship', 'airplane']",airplane
42197,2,"['ship', 'cat', 'automobile', 'airplane']",cat
42198,3,"['frog', 'ship', 'automobile', 'airplane']",ship
42199,0,"['horse', 'deer', 'frog', 'cat']",horse
42200,2,"['ship', 'cat', 'automobile', 'airplane']",cat
42201,0,"['horse', 'deer', 'frog', 'cat']",horse
42202,8,"['horse', 'airplane', 'cat', 'frog']",horse
42203,8,"['horse', 'airplane', 'cat', 'frog']",horse
42204,0,"['horse', 'deer', 'frog', 'cat']",horse
42205,0,"['horse', 'deer', 'frog', 'cat']",horse
42206,3,"['frog', 'ship', 'automobile', 'airplane']",ship
42207,8,"['horse', 'airplane', 'cat', 'frog']",horse
42208,9,"['dog', 'frog', 'cat', 'airplane']",airplane
42209,6,"['automobile', 'horse', 'ship', 'airplane']",horse
42210,1,"['bird', 'dog', 'frog', 'cat', 'airplane']",airplane
42211,1,"['bird', 'dog', 'frog', 'cat', 'airplane']",airplane
42212,5,"['frog', 'ship', 'airplane', 'automobile']",ship
42213,9,"['dog', 'frog', 'cat', 'airplane']",dog
42214,9,"['dog', 'frog', 'cat', 'airplane']",airplane
42215,8,"['horse', 'airplane', 'cat', 'frog']",horse
42216,4,"['cat', 'automobile', 'frog', 'airplane']",automobile
42217,2,"['ship', 'cat', 'automobile', 'airplane']",cat
42218,5,"['frog', 'ship', 'airplane', 'automobile']",ship
42219,4,"['cat', 'automobile', 'frog', 'airplane']",automobile
42220,8,"['horse', 'airplane', 'cat', 'frog']",horse
42221,1,"['bird', 'dog', 'frog', 'cat', 'airplane']",airplane
42222,5,"['frog', 'ship', 'airplane', 'automobile']",ship
42223,3,"['frog', 'ship', 'automobile', 'airplane']",ship
42224,9,"['dog', 'frog', 'cat', 'airplane']",airplane
42225,4,"['cat', 'automobile', 'frog', 'airplane']",automobile
42226,0,"['horse', 'deer', 'frog', 'cat']",horse
42227,2,"['ship', 'cat', 'automobile', 'airplane']",cat
42228,1,"['bird', 'dog', 'frog', 'cat', 'airplane']",airplane
42229,4,"['cat', 'automobile', 'frog', 'airplane']",automobile
42230,2,"['ship', 'cat', 'automobile', 'airplane']",cat
42231,0,"['horse', 'deer', 'frog', 'cat']",horse
42232,6,"['automobile', 'horse', 'ship', 'airplane']",airplane
42233,3,"['frog', 'ship', 'automobile', 'airplane']",ship
42234,2,"['ship', 'cat', 'automobile', 'airplane']",automobile
42235,0,"['horse', 'deer', 'frog', 'cat']",horse
42236,8,"['horse', 'airplane', 'cat', 'frog']",horse
42237,1,"['bird', 'dog', 'frog', 'cat', 'airplane']",airplane
42238,7,"['automobile', 'cat', 'airplane', 'frog']",airplane
42239,1,"['bird', 'dog', 'frog', 'cat', 'airplane']",airplane
42240,5,"['frog', 'ship', 'airplane', 'automobile']",ship
42241,0,"['horse', 'deer', 'frog', 'cat']",horse
42242,5,"['frog', 'ship', 'airplane', 'automobile']",ship
42243,5,"['frog', 'ship', 'airplane', 'automobile']",ship
42244,9,"['dog', 'frog', 'cat', 'airplane']",airplane
42245,8,"['horse', 'airplane', 'cat', 'frog']",horse
42246,9,"['dog', 'frog', 'cat', 'airplane']",dog
42247,8,"['horse', 'airplane', 'cat', 'frog']",horse
42248,0,"['horse', 'deer', 'frog', 'cat']",frog
42249,8,"['horse', 'airplane', 'cat', 'frog']",horse
42250,6,"['automobile', 'horse', 'ship', 'airplane']",ship
42251,7,"['automobile', 'cat', 'airplane', 'frog']",cat
42252,3,"['frog', 'ship', 'automobile', 'airplane']",ship
42253,9,"['dog', 'frog', 'cat', 'airplane']",airplane
42254,8,"['horse', 'airplane', 'cat', 'frog']",horse
42255,7,"['automobile', 'cat', 'airplane', 'frog']",cat
42256,5,"['frog', 'ship', 'airplane', 'automobile']",ship
42257,6,"['automobile', 'horse', 'ship', 'airplane']",horse
42258,3,"['frog', 'ship', 'automobile', 'airplane']",ship
42259,7,"['automobile', 'cat', 'airplane', 'frog']",cat
42260,1,"['bird', 'dog', 'frog', 'cat', 'airplane']",airplane
42261,6,"['automobile', 'horse', 'ship', 'airplane']",automobile
42262,9,"['dog', 'frog', 'cat', 'airplane']",airplane
42263,9,"['dog', 'frog', 'cat', 'airplane']",dog
42264,9,"['dog', 'frog', 'cat', 'airplane']",airplane
42265,8,"['horse', 'airplane', 'cat', 'frog']",horse
42266,8,"['horse', 'airplane', 'cat', 'frog']",horse
42267,2,"['ship', 'cat', 'automobile', 'airplane']",cat
42268,7,"['automobile', 'cat', 'airplane', 'frog']",frog
42269,2,"['ship', 'cat', 'automobile', 'airplane']",cat
42270,8,"['horse', 'airplane', 'cat', 'frog']",horse
42271,2,"['ship', 'cat', 'automobile', 'airplane']",automobile
42272,0,"['horse', 'deer', 'frog', 'cat']",horse
42273,5,"['frog', 'ship', 'airplane', 'automobile']",ship
42274,5,"['frog', 'ship', 'airplane', 'automobile']",ship
42275,8,"['horse', 'airplane', 'cat', 'frog']",horse
42276,1,"['bird', 'dog', 'frog', 'cat', 'airplane']",airplane
42277,4,"['cat', 'automobile', 'frog', 'airplane']",automobile
42278,9,"['dog', 'frog', 'cat', 'airplane']",airplane
42279,9,"['dog', 'frog', 'cat', 'airplane']",airplane
42280,8,"['horse', 'airplane', 'cat', 'frog']",horse
42281,1,"['bird', 'dog', 'frog', 'cat', 'airplane']",airplane
42282,1,"['bird', 'dog', 'frog', 'cat', 'airplane']",airplane
42283,0,"['horse', 'deer', 'frog', 'cat']",horse
42284,7,"['automobile', 'cat', 'airplane', 'frog']",cat
42285,4,"['cat', 'automobile', 'frog', 'airplane']",automobile
42286,5,"['frog', 'ship', 'airplane', 'automobile']",ship
42287,1,"['bird', 'dog', 'frog', 'cat', 'airplane']",airplane
42288,0,"['horse', 'deer', 'frog', 'cat']",horse
42289,9,"['dog', 'frog', 'cat', 'airplane']",airplane
42290,7,"['automobile', 'cat', 'airplane', 'frog']",cat
42291,6,"['automobile', 'horse', 'ship', 'airplane']",horse
42292,1,"['bird', 'dog', 'frog', 'cat', 'airplane']",airplane
42293,5,"['frog', 'ship', 'airplane', 'automobile']",ship
42294,1,"['bird', 'dog', 'frog', 'cat', 'airplane']",airplane
42295,9,"['dog', 'frog', 'cat', 'airplane']",dog
42296,4,"['cat', 'automobile', 'frog', 'airplane']",automobile
42297,6,"['automobile', 'horse', 'ship', 'airplane']",airplane
42298,0,"['horse', 'deer', 'frog', 'cat']",horse
42299,7,"['automobile', 'cat', 'airplane', 'frog']",cat
42300,8,"['horse', 'airplane', 'cat', 'frog']",horse
42301,0,"['horse', 'deer', 'frog', 'cat']",horse
42302,2,"['ship', 'cat', 'automobile', 'airplane']",cat
42303,4,"['cat', 'automobile', 'frog', 'airplane']",automobile
42304,7,"['automobile', 'cat', 'airplane', 'frog']",cat
42305,1,"['bird', 'dog', 'frog', 'cat', 'airplane']",airplane
42306,9,"['dog', 'frog', 'cat', 'airplane']",airplane
42307,1,"['bird', 'dog', 'frog', 'cat', 'airplane']",airplane
42308,6,"['automobile', 'horse', 'ship', 'airplane']",ship
42309,0,"['horse', 'deer', 'frog', 'cat']",horse
42310,4,"['cat', 'automobile', 'frog', 'airplane']",automobile
42311,6,"['automobile', 'horse', 'ship', 'airplane']",airplane
42312,4,"['cat', 'automobile', 'frog', 'airplane']",automobile
42313,4,"['cat', 'automobile', 'frog', 'airplane']",automobile
42314,4,"['cat', 'automobile', 'frog', 'airplane']",automobile
42315,4,"['cat', 'automobile', 'frog', 'airplane']",automobile
42316,8,"['horse', 'airplane', 'cat', 'frog']",horse
42317,5,"['frog', 'ship', 'airplane', 'automobile']",ship
42318,1,"['bird', 'dog', 'frog', 'cat', 'airplane']",airplane
42319,4,"['cat', 'automobile', 'frog', 'airplane']",automobile
42320,0,"['horse', 'deer', 'frog', 'cat']",horse
42321,3,"['frog', 'ship', 'automobile', 'airplane']",ship
42322,7,"['automobile', 'cat', 'airplane', 'frog']",cat
42323,5,"['frog', 'ship', 'airplane', 'automobile']",ship
42324,8,"['horse', 'airplane', 'cat', 'frog']",horse
42325,8,"['horse', 'airplane', 'cat', 'frog']",horse
42326,9,"['dog', 'frog', 'cat', 'airplane']",frog
42327,6,"['automobile', 'horse', 'ship', 'airplane']",horse
42328,2,"['ship', 'cat', 'automobile', 'airplane']",automobile
42329,2,"['ship', 'cat', 'automobile', 'airplane']",cat
42330,7,"['automobile', 'cat', 'airplane', 'frog']",cat
42331,8,"['horse', 'airplane', 'cat', 'frog']",horse
42332,0,"['horse', 'deer', 'frog', 'cat']",horse
42333,8,"['horse', 'airplane', 'cat', 'frog']",horse
42334,6,"['automobile', 'horse', 'ship', 'airplane']",airplane
42335,1,"['bird', 'dog', 'frog', 'cat', 'airplane']",airplane
42336,3,"['frog', 'ship', 'automobile', 'airplane']",ship
42337,5,"['frog', 'ship', 'airplane', 'automobile']",ship
42338,7,"['automobile', 'cat', 'airplane', 'frog']",cat
42339,7,"['automobile', 'cat', 'airplane', 'frog']",cat
42340,6,"['automobile', 'horse', 'ship', 'airplane']",airplane
42341,1,"['bird', 'dog', 'frog', 'cat', 'airplane']",airplane
42342,4,"['cat', 'automobile', 'frog', 'airplane']",automobile
42343,9,"['dog', 'frog', 'cat', 'airplane']",airplane
42344,5,"['frog', 'ship', 'airplane', 'automobile']",ship
42345,2,"['ship', 'cat', 'automobile', 'airplane']",cat
42346,9,"['dog', 'frog', 'cat', 'airplane']",dog
42347,1,"['bird', 'dog', 'frog', 'cat', 'airplane']",airplane
42348,5,"['frog', 'ship', 'airplane', 'automobile']",ship
42349,9,"['dog', 'frog', 'cat', 'airplane']",airplane
42350,4,"['cat', 'automobile', 'frog', 'airplane']",automobile
42351,3,"['frog', 'ship', 'automobile', 'airplane']",ship
42352,1,"['bird', 'dog', 'frog', 'cat', 'airplane']",airplane
42353,7,"['automobile', 'cat', 'airplane', 'frog']",cat
42354,3,"['frog', 'ship', 'automobile', 'airplane']",ship
42355,7,"['automobile', 'cat', 'airplane', 'frog']",airplane
42356,5,"['frog', 'ship', 'airplane', 'automobile']",ship
42357,3,"['frog', 'ship', 'automobile', 'airplane']",ship
42358,6,"['automobile', 'horse', 'ship', 'airplane']",automobile
42359,8,"['horse', 'airplane', 'cat', 'frog']",horse
42360,7,"['automobile', 'cat', 'airplane', 'frog']",airplane
42361,0,"['horse', 'deer', 'frog', 'cat']",horse
42362,9,"['dog', 'frog', 'cat', 'airplane']",airplane
42363,5,"['frog', 'ship', 'airplane', 'automobile']",ship
42364,0,"['horse', 'deer', 'frog', 'cat']",horse
42365,3,"['frog', 'ship', 'automobile', 'airplane']",ship
42366,7,"['automobile', 'cat', 'airplane', 'frog']",airplane
42367,8,"['horse', 'airplane', 'cat', 'frog']",horse
42368,7,"['automobile', 'cat', 'airplane', 'frog']",cat
42369,9,"['dog', 'frog', 'cat', 'airplane']",airplane
42370,3,"['frog', 'ship', 'automobile', 'airplane']",ship
42371,8,"['horse', 'airplane', 'cat', 'frog']",horse
42372,0,"['horse', 'deer', 'frog', 'cat']",horse
42373,3,"['frog', 'ship', 'automobile', 'airplane']",ship
42374,6,"['automobile', 'horse', 'ship', 'airplane']",airplane
42375,4,"['cat', 'automobile', 'frog', 'airplane']",automobile
42376,0,"['horse', 'deer', 'frog', 'cat']",horse
42377,5,"['frog', 'ship', 'airplane', 'automobile']",ship
42378,7,"['automobile', 'cat', 'airplane', 'frog']",cat
42379,0,"['horse', 'deer', 'frog', 'cat']",horse
42380,6,"['automobile', 'horse', 'ship', 'airplane']",airplane
42381,7,"['automobile', 'cat', 'airplane', 'frog']",cat
42382,3,"['frog', 'ship', 'automobile', 'airplane']",ship
42383,4,"['cat', 'automobile', 'frog', 'airplane']",automobile
42384,5,"['frog', 'ship', 'airplane', 'automobile']",ship
42385,9,"['dog', 'frog', 'cat', 'airplane']",airplane
42386,7,"['automobile', 'cat', 'airplane', 'frog']",airplane
42387,9,"['dog', 'frog', 'cat', 'airplane']",airplane
42388,8,"['horse', 'airplane', 'cat', 'frog']",horse
42389,8,"['horse', 'airplane', 'cat', 'frog']",horse
42390,7,"['automobile', 'cat', 'airplane', 'frog']",cat
42391,6,"['automobile', 'horse', 'ship', 'airplane']",airplane
42392,1,"['bird', 'dog', 'frog', 'cat', 'airplane']",airplane
42393,5,"['frog', 'ship', 'airplane', 'automobile']",ship
42394,2,"['ship', 'cat', 'automobile', 'airplane']",cat
42395,9,"['dog', 'frog', 'cat', 'airplane']",dog
42396,5,"['frog', 'ship', 'airplane', 'automobile']",ship
42397,5,"['frog', 'ship', 'airplane', 'automobile']",ship
42398,4,"['cat', 'automobile', 'frog', 'airplane']",automobile
42399,0,"['horse', 'deer', 'frog', 'cat']",horse
42400,0,"['horse', 'deer', 'frog', 'cat']",horse
42401,4,"['cat', 'automobile', 'frog', 'airplane']",automobile
42402,1,"['bird', 'dog', 'frog', 'cat', 'airplane']",airplane
42403,4,"['cat', 'automobile', 'frog', 'airplane']",automobile
42404,6,"['automobile', 'horse', 'ship', 'airplane']",airplane
42405,5,"['frog', 'ship', 'airplane', 'automobile']",ship
42406,9,"['dog', 'frog', 'cat', 'airplane']",airplane
42407,9,"['dog', 'frog', 'cat', 'airplane']",airplane
42408,3,"['frog', 'ship', 'automobile', 'airplane']",ship
42409,5,"['frog', 'ship', 'airplane', 'automobile']",ship
42410,1,"['bird', 'dog', 'frog', 'cat', 'airplane']",airplane
42411,3,"['frog', 'ship', 'automobile', 'airplane']",ship
42412,2,"['ship', 'cat', 'automobile', 'airplane']",cat
42413,1,"['bird', 'dog', 'frog', 'cat', 'airplane']",airplane
42414,9,"['dog', 'frog', 'cat', 'airplane']",airplane
42415,6,"['automobile', 'horse', 'ship', 'airplane']",airplane
42416,6,"['automobile', 'horse', 'ship', 'airplane']",airplane
42417,3,"['frog', 'ship', 'automobile', 'airplane']",ship
42418,4,"['cat', 'automobile', 'frog', 'airplane']",automobile
42419,4,"['cat', 'automobile', 'frog', 'airplane']",automobile
42420,9,"['dog', 'frog', 'cat', 'airplane']",dog
42421,7,"['automobile', 'cat', 'airplane', 'frog']",airplane
42422,9,"['dog', 'frog', 'cat', 'airplane']",airplane
42423,7,"['automobile', 'cat', 'airplane', 'frog']",cat
42424,1,"['bird', 'dog', 'frog', 'cat', 'airplane']",airplane
42425,1,"['bird', 'dog', 'frog', 'cat', 'airplane']",airplane
42426,7,"['automobile', 'cat', 'airplane', 'frog']",cat
42427,2,"['ship', 'cat', 'automobile', 'airplane']",cat
42428,2,"['ship', 'cat', 'automobile', 'airplane']",cat
42429,8,"['horse', 'airplane', 'cat', 'frog']",horse
42430,2,"['ship', 'cat', 'automobile', 'airplane']",cat
42431,4,"['cat', 'automobile', 'frog', 'airplane']",automobile
42432,5,"['frog', 'ship', 'airplane', 'automobile']",ship
42433,3,"['frog', 'ship', 'automobile', 'airplane']",ship
42434,4,"['cat', 'automobile', 'frog', 'airplane']",automobile
42435,0,"['horse', 'deer', 'frog', 'cat']",horse
42436,6,"['automobile', 'horse', 'ship', 'airplane']",airplane
42437,1,"['bird', 'dog', 'frog', 'cat', 'airplane']",airplane
42438,1,"['bird', 'dog', 'frog', 'cat', 'airplane']",airplane
42439,0,"['horse', 'deer', 'frog', 'cat']",horse
42440,7,"['automobile', 'cat', 'airplane', 'frog']",cat
42441,9,"['dog', 'frog', 'cat', 'airplane']",airplane
42442,4,"['cat', 'automobile', 'frog', 'airplane']",automobile
42443,1,"['bird', 'dog', 'frog', 'cat', 'airplane']",airplane
42444,6,"['automobile', 'horse', 'ship', 'airplane']",airplane
42445,3,"['frog', 'ship', 'automobile', 'airplane']",ship
42446,0,"['horse', 'deer', 'frog', 'cat']",horse
42447,6,"['automobile', 'horse', 'ship', 'airplane']",airplane
42448,1,"['bird', 'dog', 'frog', 'cat', 'airplane']",airplane
42449,8,"['horse', 'airplane', 'cat', 'frog']",horse
42450,2,"['ship', 'cat', 'automobile', 'airplane']",cat
42451,5,"['frog', 'ship', 'airplane', 'automobile']",ship
42452,9,"['dog', 'frog', 'cat', 'airplane']",airplane
42453,7,"['automobile', 'cat', 'airplane', 'frog']",airplane
42454,9,"['dog', 'frog', 'cat', 'airplane']",dog
42455,3,"['frog', 'ship', 'automobile', 'airplane']",ship
42456,0,"['horse', 'deer', 'frog', 'cat']",horse
42457,7,"['automobile', 'cat', 'airplane', 'frog']",cat
42458,9,"['dog', 'frog', 'cat', 'airplane']",dog
42459,6,"['automobile', 'horse', 'ship', 'airplane']",airplane
42460,6,"['automobile', 'horse', 'ship', 'airplane']",airplane
42461,5,"['frog', 'ship', 'airplane', 'automobile']",ship
42462,9,"['dog', 'frog', 'cat', 'airplane']",airplane
42463,7,"['automobile', 'cat', 'airplane', 'frog']",airplane
42464,1,"['bird', 'dog', 'frog', 'cat', 'airplane']",airplane
42465,0,"['horse', 'deer', 'frog', 'cat']",horse
42466,7,"['automobile', 'cat', 'airplane', 'frog']",airplane
42467,8,"['horse', 'airplane', 'cat', 'frog']",horse
42468,2,"['ship', 'cat', 'automobile', 'airplane']",ship
42469,8,"['horse', 'airplane', 'cat', 'frog']",horse
42470,7,"['automobile', 'cat', 'airplane', 'frog']",airplane
42471,9,"['dog', 'frog', 'cat', 'airplane']",dog
42472,2,"['ship', 'cat', 'automobile', 'airplane']",automobile
42473,9,"['dog', 'frog', 'cat', 'airplane']",airplane
42474,3,"['frog', 'ship', 'automobile', 'airplane']",ship
42475,1,"['bird', 'dog', 'frog', 'cat', 'airplane']",airplane
42476,0,"['horse', 'deer', 'frog', 'cat']",horse
42477,8,"['horse', 'airplane', 'cat', 'frog']",horse
42478,7,"['automobile', 'cat', 'airplane', 'frog']",cat
42479,3,"['frog', 'ship', 'automobile', 'airplane']",ship
42480,2,"['ship', 'cat', 'automobile', 'airplane']",cat
42481,3,"['frog', 'ship', 'automobile', 'airplane']",ship
42482,3,"['frog', 'ship', 'automobile', 'airplane']",ship
42483,2,"['ship', 'cat', 'automobile', 'airplane']",cat
42484,6,"['automobile', 'horse', 'ship', 'airplane']",airplane
42485,7,"['automobile', 'cat', 'airplane', 'frog']",cat
42486,4,"['cat', 'automobile', 'frog', 'airplane']",automobile
42487,4,"['cat', 'automobile', 'frog', 'airplane']",automobile
42488,8,"['horse', 'airplane', 'cat', 'frog']",horse
42489,2,"['ship', 'cat', 'automobile', 'airplane']",cat
42490,1,"['bird', 'dog', 'frog', 'cat', 'airplane']",airplane
42491,5,"['frog', 'ship', 'airplane', 'automobile']",ship
42492,3,"['frog', 'ship', 'automobile', 'airplane']",ship
42493,0,"['horse', 'deer', 'frog', 'cat']",horse
42494,5,"['frog', 'ship', 'airplane', 'automobile']",ship
42495,9,"['dog', 'frog', 'cat', 'airplane']",airplane
42496,3,"['frog', 'ship', 'automobile', 'airplane']",ship
42497,8,"['horse', 'airplane', 'cat', 'frog']",horse
42498,1,"['bird', 'dog', 'frog', 'cat', 'airplane']",airplane
42499,8,"['horse', 'airplane', 'cat', 'frog']",horse
42500,7,"['automobile', 'cat', 'airplane', 'frog']",cat
42501,3,"['frog', 'ship', 'automobile', 'airplane']",ship
42502,8,"['horse', 'airplane', 'cat', 'frog']",horse
42503,5,"['frog', 'ship', 'airplane', 'automobile']",ship
42504,3,"['frog', 'ship', 'automobile', 'airplane']",ship
42505,5,"['frog', 'ship', 'airplane', 'automobile']",ship
42506,8,"['horse', 'airplane', 'cat', 'frog']",horse
42507,1,"['bird', 'dog', 'frog', 'cat', 'airplane']",airplane
42508,3,"['frog', 'ship', 'automobile', 'airplane']",ship
42509,6,"['automobile', 'horse', 'ship', 'airplane']",airplane
42510,6,"['automobile', 'horse', 'ship', 'airplane']",airplane
42511,5,"['frog', 'ship', 'airplane', 'automobile']",ship
42512,4,"['cat', 'automobile', 'frog', 'airplane']",automobile
42513,5,"['frog', 'ship', 'airplane', 'automobile']",ship
42514,7,"['automobile', 'cat', 'airplane', 'frog']",cat
42515,8,"['horse', 'airplane', 'cat', 'frog']",horse
42516,4,"['cat', 'automobile', 'frog', 'airplane']",automobile
42517,0,"['horse', 'deer', 'frog', 'cat']",horse
42518,5,"['frog', 'ship', 'airplane', 'automobile']",ship
42519,0,"['horse', 'deer', 'frog', 'cat']",horse
42520,5,"['frog', 'ship', 'airplane', 'automobile']",ship
42521,8,"['horse', 'airplane', 'cat', 'frog']",horse
42522,3,"['frog', 'ship', 'automobile', 'airplane']",ship
42523,2,"['ship', 'cat', 'automobile', 'airplane']",cat
42524,5,"['frog', 'ship', 'airplane', 'automobile']",ship
42525,6,"['automobile', 'horse', 'ship', 'airplane']",airplane
42526,4,"['cat', 'automobile', 'frog', 'airplane']",automobile
42527,6,"['automobile', 'horse', 'ship', 'airplane']",airplane
42528,5,"['frog', 'ship', 'airplane', 'automobile']",ship
42529,6,"['automobile', 'horse', 'ship', 'airplane']",ship
42530,5,"['frog', 'ship', 'airplane', 'automobile']",ship
42531,1,"['bird', 'dog', 'frog', 'cat', 'airplane']",airplane
42532,2,"['ship', 'cat', 'automobile', 'airplane']",cat
42533,5,"['frog', 'ship', 'airplane', 'automobile']",ship
42534,8,"['horse', 'airplane', 'cat', 'frog']",horse
42535,4,"['cat', 'automobile', 'frog', 'airplane']",automobile
42536,2,"['ship', 'cat', 'automobile', 'airplane']",automobile
42537,5,"['frog', 'ship', 'airplane', 'automobile']",ship
42538,5,"['frog', 'ship', 'airplane', 'automobile']",ship
42539,1,"['bird', 'dog', 'frog', 'cat', 'airplane']",airplane
42540,6,"['automobile', 'horse', 'ship', 'airplane']",airplane
42541,3,"['frog', 'ship', 'automobile', 'airplane']",ship
42542,2,"['ship', 'cat', 'automobile', 'airplane']",cat
42543,0,"['horse', 'deer', 'frog', 'cat']",horse
42544,4,"['cat', 'automobile', 'frog', 'airplane']",automobile
42545,3,"['frog', 'ship', 'automobile', 'airplane']",ship
42546,7,"['automobile', 'cat', 'airplane', 'frog']",cat
42547,3,"['frog', 'ship', 'automobile', 'airplane']",ship
42548,3,"['frog', 'ship', 'automobile', 'airplane']",ship
42549,5,"['frog', 'ship', 'airplane', 'automobile']",ship
42550,7,"['automobile', 'cat', 'airplane', 'frog']",cat
42551,3,"['frog', 'ship', 'automobile', 'airplane']",ship
42552,6,"['automobile', 'horse', 'ship', 'airplane']",airplane
42553,4,"['cat', 'automobile', 'frog', 'airplane']",automobile
42554,9,"['dog', 'frog', 'cat', 'airplane']",dog
42555,7,"['automobile', 'cat', 'airplane', 'frog']",cat
42556,9,"['dog', 'frog', 'cat', 'airplane']",airplane
42557,8,"['horse', 'airplane', 'cat', 'frog']",horse
42558,3,"['frog', 'ship', 'automobile', 'airplane']",ship
42559,0,"['horse', 'deer', 'frog', 'cat']",horse
42560,9,"['dog', 'frog', 'cat', 'airplane']",dog
42561,9,"['dog', 'frog', 'cat', 'airplane']",airplane
42562,6,"['automobile', 'horse', 'ship', 'airplane']",airplane
42563,0,"['horse', 'deer', 'frog', 'cat']",horse
42564,2,"['ship', 'cat', 'automobile', 'airplane']",cat
42565,6,"['automobile', 'horse', 'ship', 'airplane']",airplane
42566,0,"['horse', 'deer', 'frog', 'cat']",horse
42567,6,"['automobile', 'horse', 'ship', 'airplane']",airplane
42568,2,"['ship', 'cat', 'automobile', 'airplane']",automobile
42569,0,"['horse', 'deer', 'frog', 'cat']",horse
42570,4,"['cat', 'automobile', 'frog', 'airplane']",automobile
42571,8,"['horse', 'airplane', 'cat', 'frog']",horse
42572,0,"['horse', 'deer', 'frog', 'cat']",horse
42573,0,"['horse', 'deer', 'frog', 'cat']",horse
42574,8,"['horse', 'airplane', 'cat', 'frog']",horse
42575,4,"['cat', 'automobile', 'frog', 'airplane']",automobile
42576,0,"['horse', 'deer', 'frog', 'cat']",horse
42577,6,"['automobile', 'horse', 'ship', 'airplane']",ship
42578,5,"['frog', 'ship', 'airplane', 'automobile']",ship
42579,8,"['horse', 'airplane', 'cat', 'frog']",horse
42580,5,"['frog', 'ship', 'airplane', 'automobile']",ship
42581,2,"['ship', 'cat', 'automobile', 'airplane']",cat
42582,5,"['frog', 'ship', 'airplane', 'automobile']",ship
42583,8,"['horse', 'airplane', 'cat', 'frog']",horse
42584,6,"['automobile', 'horse', 'ship', 'airplane']",airplane
42585,3,"['frog', 'ship', 'automobile', 'airplane']",ship
42586,9,"['dog', 'frog', 'cat', 'airplane']",dog
42587,0,"['horse', 'deer', 'frog', 'cat']",horse
42588,2,"['ship', 'cat', 'automobile', 'airplane']",ship
42589,0,"['horse', 'deer', 'frog', 'cat']",horse
42590,3,"['frog', 'ship', 'automobile', 'airplane']",ship
42591,9,"['dog', 'frog', 'cat', 'airplane']",dog
42592,6,"['automobile', 'horse', 'ship', 'airplane']",ship
42593,7,"['automobile', 'cat', 'airplane', 'frog']",airplane
42594,2,"['ship', 'cat', 'automobile', 'airplane']",cat
42595,7,"['automobile', 'cat', 'airplane', 'frog']",cat
42596,7,"['automobile', 'cat', 'airplane', 'frog']",cat
42597,0,"['horse', 'deer', 'frog', 'cat']",horse
42598,7,"['automobile', 'cat', 'airplane', 'frog']",cat
42599,9,"['dog', 'frog', 'cat', 'airplane']",dog
42600,2,"['ship', 'cat', 'automobile', 'airplane']",cat
42601,2,"['ship', 'cat', 'automobile', 'airplane']",automobile
42602,2,"['ship', 'cat', 'automobile', 'airplane']",cat
42603,4,"['cat', 'automobile', 'frog', 'airplane']",automobile
42604,3,"['frog', 'ship', 'automobile', 'airplane']",frog
42605,2,"['ship', 'cat', 'automobile', 'airplane']",cat
42606,1,"['bird', 'dog', 'frog', 'cat', 'airplane']",airplane
42607,8,"['horse', 'airplane', 'cat', 'frog']",horse
42608,7,"['automobile', 'cat', 'airplane', 'frog']",cat
42609,8,"['horse', 'airplane', 'cat', 'frog']",horse
42610,6,"['automobile', 'horse', 'ship', 'airplane']",ship
42611,8,"['horse', 'airplane', 'cat', 'frog']",horse
42612,7,"['automobile', 'cat', 'airplane', 'frog']",cat
42613,5,"['frog', 'ship', 'airplane', 'automobile']",ship
42614,6,"['automobile', 'horse', 'ship', 'airplane']",airplane
42615,2,"['ship', 'cat', 'automobile', 'airplane']",cat
42616,6,"['automobile', 'horse', 'ship', 'airplane']",ship
42617,8,"['horse', 'airplane', 'cat', 'frog']",horse
42618,0,"['horse', 'deer', 'frog', 'cat']",horse
42619,6,"['automobile', 'horse', 'ship', 'airplane']",airplane
42620,5,"['frog', 'ship', 'airplane', 'automobile']",ship
42621,0,"['horse', 'deer', 'frog', 'cat']",horse
42622,0,"['horse', 'deer', 'frog', 'cat']",horse
42623,5,"['frog', 'ship', 'airplane', 'automobile']",ship
42624,9,"['dog', 'frog', 'cat', 'airplane']",dog
42625,1,"['bird', 'dog', 'frog', 'cat', 'airplane']",airplane
42626,7,"['automobile', 'cat', 'airplane', 'frog']",cat
42627,9,"['dog', 'frog', 'cat', 'airplane']",dog
42628,0,"['horse', 'deer', 'frog', 'cat']",horse
42629,4,"['cat', 'automobile', 'frog', 'airplane']",automobile
42630,0,"['horse', 'deer', 'frog', 'cat']",horse
42631,4,"['cat', 'automobile', 'frog', 'airplane']",automobile
42632,9,"['dog', 'frog', 'cat', 'airplane']",airplane
42633,3,"['frog', 'ship', 'automobile', 'airplane']",ship
42634,7,"['automobile', 'cat', 'airplane', 'frog']",airplane
42635,5,"['frog', 'ship', 'airplane', 'automobile']",ship
42636,4,"['cat', 'automobile', 'frog', 'airplane']",automobile
42637,1,"['bird', 'dog', 'frog', 'cat', 'airplane']",airplane
42638,9,"['dog', 'frog', 'cat', 'airplane']",airplane
42639,2,"['ship', 'cat', 'automobile', 'airplane']",ship
42640,4,"['cat', 'automobile', 'frog', 'airplane']",automobile
42641,6,"['automobile', 'horse', 'ship', 'airplane']",airplane
42642,5,"['frog', 'ship', 'airplane', 'automobile']",ship
42643,4,"['cat', 'automobile', 'frog', 'airplane']",automobile
42644,0,"['horse', 'deer', 'frog', 'cat']",horse
42645,5,"['frog', 'ship', 'airplane', 'automobile']",ship
42646,3,"['frog', 'ship', 'automobile', 'airplane']",ship
42647,3,"['frog', 'ship', 'automobile', 'airplane']",ship
42648,2,"['ship', 'cat', 'automobile', 'airplane']",automobile
42649,0,"['horse', 'deer', 'frog', 'cat']",horse
42650,3,"['frog', 'ship', 'automobile', 'airplane']",ship
42651,7,"['automobile', 'cat', 'airplane', 'frog']",airplane
42652,1,"['bird', 'dog', 'frog', 'cat', 'airplane']",airplane
42653,4,"['cat', 'automobile', 'frog', 'airplane']",automobile
42654,3,"['frog', 'ship', 'automobile', 'airplane']",ship
42655,1,"['bird', 'dog', 'frog', 'cat', 'airplane']",airplane
42656,4,"['cat', 'automobile', 'frog', 'airplane']",automobile
42657,3,"['frog', 'ship', 'automobile', 'airplane']",ship
42658,1,"['bird', 'dog', 'frog', 'cat', 'airplane']",airplane
42659,7,"['automobile', 'cat', 'airplane', 'frog']",cat
42660,6,"['automobile', 'horse', 'ship', 'airplane']",horse
42661,2,"['ship', 'cat', 'automobile', 'airplane']",cat
42662,4,"['cat', 'automobile', 'frog', 'airplane']",automobile
42663,1,"['bird', 'dog', 'frog', 'cat', 'airplane']",airplane
42664,4,"['cat', 'automobile', 'frog', 'airplane']",frog
42665,4,"['cat', 'automobile', 'frog', 'airplane']",automobile
42666,1,"['bird', 'dog', 'frog', 'cat', 'airplane']",airplane
42667,9,"['dog', 'frog', 'cat', 'airplane']",airplane
42668,7,"['automobile', 'cat', 'airplane', 'frog']",cat
42669,1,"['bird', 'dog', 'frog', 'cat', 'airplane']",airplane
42670,3,"['frog', 'ship', 'automobile', 'airplane']",ship
42671,6,"['automobile', 'horse', 'ship', 'airplane']",ship
42672,9,"['dog', 'frog', 'cat', 'airplane']",airplane
42673,1,"['bird', 'dog', 'frog', 'cat', 'airplane']",airplane
42674,0,"['horse', 'deer', 'frog', 'cat']",horse
42675,4,"['cat', 'automobile', 'frog', 'airplane']",airplane
42676,8,"['horse', 'airplane', 'cat', 'frog']",horse
42677,8,"['horse', 'airplane', 'cat', 'frog']",horse
42678,0,"['horse', 'deer', 'frog', 'cat']",horse
42679,6,"['automobile', 'horse', 'ship', 'airplane']",airplane
42680,7,"['automobile', 'cat', 'airplane', 'frog']",cat
42681,9,"['dog', 'frog', 'cat', 'airplane']",airplane
42682,3,"['frog', 'ship', 'automobile', 'airplane']",ship
42683,8,"['horse', 'airplane', 'cat', 'frog']",horse
42684,1,"['bird', 'dog', 'frog', 'cat', 'airplane']",airplane
42685,7,"['automobile', 'cat', 'airplane', 'frog']",cat
42686,5,"['frog', 'ship', 'airplane', 'automobile']",ship
42687,2,"['ship', 'cat', 'automobile', 'airplane']",cat
42688,0,"['horse', 'deer', 'frog', 'cat']",horse
42689,9,"['dog', 'frog', 'cat', 'airplane']",dog
42690,6,"['automobile', 'horse', 'ship', 'airplane']",airplane
42691,5,"['frog', 'ship', 'airplane', 'automobile']",ship
42692,8,"['horse', 'airplane', 'cat', 'frog']",horse
42693,8,"['horse', 'airplane', 'cat', 'frog']",horse
42694,2,"['ship', 'cat', 'automobile', 'airplane']",automobile
42695,4,"['cat', 'automobile', 'frog', 'airplane']",automobile
42696,2,"['ship', 'cat', 'automobile', 'airplane']",cat
42697,1,"['bird', 'dog', 'frog', 'cat', 'airplane']",airplane
42698,5,"['frog', 'ship', 'airplane', 'automobile']",ship
42699,8,"['horse', 'airplane', 'cat', 'frog']",horse
42700,4,"['cat', 'automobile', 'frog', 'airplane']",automobile
42701,8,"['horse', 'airplane', 'cat', 'frog']",horse
42702,4,"['cat', 'automobile', 'frog', 'airplane']",automobile
42703,9,"['dog', 'frog', 'cat', 'airplane']",airplane
42704,9,"['dog', 'frog', 'cat', 'airplane']",airplane
42705,8,"['horse', 'airplane', 'cat', 'frog']",horse
42706,2,"['ship', 'cat', 'automobile', 'airplane']",cat
42707,1,"['bird', 'dog', 'frog', 'cat', 'airplane']",airplane
42708,3,"['frog', 'ship', 'automobile', 'airplane']",ship
42709,1,"['bird', 'dog', 'frog', 'cat', 'airplane']",airplane
42710,1,"['bird', 'dog', 'frog', 'cat', 'airplane']",airplane
42711,0,"['horse', 'deer', 'frog', 'cat']",horse
42712,6,"['automobile', 'horse', 'ship', 'airplane']",airplane
42713,8,"['horse', 'airplane', 'cat', 'frog']",horse
42714,9,"['dog', 'frog', 'cat', 'airplane']",dog
42715,1,"['bird', 'dog', 'frog', 'cat', 'airplane']",airplane
42716,4,"['cat', 'automobile', 'frog', 'airplane']",automobile
42717,2,"['ship', 'cat', 'automobile', 'airplane']",cat
42718,4,"['cat', 'automobile', 'frog', 'airplane']",automobile
42719,7,"['automobile', 'cat', 'airplane', 'frog']",airplane
42720,8,"['horse', 'airplane', 'cat', 'frog']",airplane
42721,5,"['frog', 'ship', 'airplane', 'automobile']",ship
42722,0,"['horse', 'deer', 'frog', 'cat']",horse
42723,6,"['automobile', 'horse', 'ship', 'airplane']",airplane
42724,6,"['automobile', 'horse', 'ship', 'airplane']",airplane
42725,4,"['cat', 'automobile', 'frog', 'airplane']",automobile
42726,1,"['bird', 'dog', 'frog', 'cat', 'airplane']",airplane
42727,9,"['dog', 'frog', 'cat', 'airplane']",dog
42728,5,"['frog', 'ship', 'airplane', 'automobile']",ship
42729,4,"['cat', 'automobile', 'frog', 'airplane']",automobile
42730,8,"['horse', 'airplane', 'cat', 'frog']",horse
42731,5,"['frog', 'ship', 'airplane', 'automobile']",ship
42732,6,"['automobile', 'horse', 'ship', 'airplane']",airplane
42733,9,"['dog', 'frog', 'cat', 'airplane']",airplane
42734,1,"['bird', 'dog', 'frog', 'cat', 'airplane']",airplane
42735,1,"['bird', 'dog', 'frog', 'cat', 'airplane']",airplane
42736,3,"['frog', 'ship', 'automobile', 'airplane']",ship
42737,3,"['frog', 'ship', 'automobile', 'airplane']",ship
42738,3,"['frog', 'ship', 'automobile', 'airplane']",ship
42739,9,"['dog', 'frog', 'cat', 'airplane']",airplane
42740,3,"['frog', 'ship', 'automobile', 'airplane']",ship
42741,9,"['dog', 'frog', 'cat', 'airplane']",airplane
42742,6,"['automobile', 'horse', 'ship', 'airplane']",airplane
42743,2,"['ship', 'cat', 'automobile', 'airplane']",automobile
42744,3,"['frog', 'ship', 'automobile', 'airplane']",ship
42745,5,"['frog', 'ship', 'airplane', 'automobile']",ship
42746,2,"['ship', 'cat', 'automobile', 'airplane']",cat
42747,7,"['automobile', 'cat', 'airplane', 'frog']",airplane
42748,6,"['automobile', 'horse', 'ship', 'airplane']",airplane
42749,8,"['horse', 'airplane', 'cat', 'frog']",horse
42750,4,"['cat', 'automobile', 'frog', 'airplane']",automobile
42751,7,"['automobile', 'cat', 'airplane', 'frog']",cat
42752,3,"['frog', 'ship', 'automobile', 'airplane']",ship
42753,1,"['bird', 'dog', 'frog', 'cat', 'airplane']",airplane
42754,0,"['horse', 'deer', 'frog', 'cat']",horse
42755,0,"['horse', 'deer', 'frog', 'cat']",horse
42756,6,"['automobile', 'horse', 'ship', 'airplane']",airplane
42757,3,"['frog', 'ship', 'automobile', 'airplane']",frog
42758,1,"['bird', 'dog', 'frog', 'cat', 'airplane']",airplane
42759,0,"['horse', 'deer', 'frog', 'cat']",horse
42760,4,"['cat', 'automobile', 'frog', 'airplane']",automobile
42761,1,"['bird', 'dog', 'frog', 'cat', 'airplane']",airplane
42762,6,"['automobile', 'horse', 'ship', 'airplane']",airplane
42763,8,"['horse', 'airplane', 'cat', 'frog']",horse
42764,9,"['dog', 'frog', 'cat', 'airplane']",dog
42765,2,"['ship', 'cat', 'automobile', 'airplane']",cat
42766,3,"['frog', 'ship', 'automobile', 'airplane']",ship
42767,9,"['dog', 'frog', 'cat', 'airplane']",dog
42768,8,"['horse', 'airplane', 'cat', 'frog']",horse
42769,4,"['cat', 'automobile', 'frog', 'airplane']",automobile
42770,8,"['horse', 'airplane', 'cat', 'frog']",horse
42771,7,"['automobile', 'cat', 'airplane', 'frog']",airplane
42772,5,"['frog', 'ship', 'airplane', 'automobile']",frog
42773,3,"['frog', 'ship', 'automobile', 'airplane']",ship
42774,2,"['ship', 'cat', 'automobile', 'airplane']",ship
42775,2,"['ship', 'cat', 'automobile', 'airplane']",cat
42776,5,"['frog', 'ship', 'airplane', 'automobile']",ship
42777,6,"['automobile', 'horse', 'ship', 'airplane']",horse
42778,6,"['automobile', 'horse', 'ship', 'airplane']",airplane
42779,3,"['frog', 'ship', 'automobile', 'airplane']",ship
42780,6,"['automobile', 'horse', 'ship', 'airplane']",airplane
42781,8,"['horse', 'airplane', 'cat', 'frog']",horse
42782,5,"['frog', 'ship', 'airplane', 'automobile']",ship
42783,3,"['frog', 'ship', 'automobile', 'airplane']",ship
42784,0,"['horse', 'deer', 'frog', 'cat']",horse
42785,1,"['bird', 'dog', 'frog', 'cat', 'airplane']",airplane
42786,0,"['horse', 'deer', 'frog', 'cat']",horse
42787,3,"['frog', 'ship', 'automobile', 'airplane']",ship
42788,7,"['automobile', 'cat', 'airplane', 'frog']",cat
42789,3,"['frog', 'ship', 'automobile', 'airplane']",frog
42790,6,"['automobile', 'horse', 'ship', 'airplane']",airplane
42791,6,"['automobile', 'horse', 'ship', 'airplane']",airplane
42792,2,"['ship', 'cat', 'automobile', 'airplane']",cat
42793,1,"['bird', 'dog', 'frog', 'cat', 'airplane']",airplane
42794,8,"['horse', 'airplane', 'cat', 'frog']",horse
42795,4,"['cat', 'automobile', 'frog', 'airplane']",automobile
42796,0,"['horse', 'deer', 'frog', 'cat']",horse
42797,0,"['horse', 'deer', 'frog', 'cat']",horse
42798,5,"['frog', 'ship', 'airplane', 'automobile']",ship
42799,8,"['horse', 'airplane', 'cat', 'frog']",horse
42800,3,"['frog', 'ship', 'automobile', 'airplane']",ship
42801,3,"['frog', 'ship', 'automobile', 'airplane']",ship
42802,1,"['bird', 'dog', 'frog', 'cat', 'airplane']",airplane
42803,2,"['ship', 'cat', 'automobile', 'airplane']",cat
42804,0,"['horse', 'deer', 'frog', 'cat']",horse
42805,1,"['bird', 'dog', 'frog', 'cat', 'airplane']",airplane
42806,3,"['frog', 'ship', 'automobile', 'airplane']",ship
42807,8,"['horse', 'airplane', 'cat', 'frog']",horse
42808,0,"['horse', 'deer', 'frog', 'cat']",horse
42809,4,"['cat', 'automobile', 'frog', 'airplane']",airplane
42810,8,"['horse', 'airplane', 'cat', 'frog']",horse
42811,4,"['cat', 'automobile', 'frog', 'airplane']",automobile
42812,7,"['automobile', 'cat', 'airplane', 'frog']",cat
42813,5,"['frog', 'ship', 'airplane', 'automobile']",ship
42814,7,"['automobile', 'cat', 'airplane', 'frog']",cat
42815,2,"['ship', 'cat', 'automobile', 'airplane']",cat
42816,7,"['automobile', 'cat', 'airplane', 'frog']",frog
42817,5,"['frog', 'ship', 'airplane', 'automobile']",ship
42818,5,"['frog', 'ship', 'airplane', 'automobile']",ship
42819,6,"['automobile', 'horse', 'ship', 'airplane']",airplane
42820,5,"['frog', 'ship', 'airplane', 'automobile']",ship
42821,2,"['ship', 'cat', 'automobile', 'airplane']",cat
42822,8,"['horse', 'airplane', 'cat', 'frog']",horse
42823,1,"['bird', 'dog', 'frog', 'cat', 'airplane']",airplane
42824,9,"['dog', 'frog', 'cat', 'airplane']",dog
42825,3,"['frog', 'ship', 'automobile', 'airplane']",ship
42826,8,"['horse', 'airplane', 'cat', 'frog']",horse
42827,3,"['frog', 'ship', 'automobile', 'airplane']",ship
42828,5,"['frog', 'ship', 'airplane', 'automobile']",ship
42829,0,"['horse', 'deer', 'frog', 'cat']",horse
42830,4,"['cat', 'automobile', 'frog', 'airplane']",automobile
42831,7,"['automobile', 'cat', 'airplane', 'frog']",cat
42832,2,"['ship', 'cat', 'automobile', 'airplane']",cat
42833,1,"['bird', 'dog', 'frog', 'cat', 'airplane']",airplane
42834,1,"['bird', 'dog', 'frog', 'cat', 'airplane']",airplane
42835,8,"['horse', 'airplane', 'cat', 'frog']",horse
42836,6,"['automobile', 'horse', 'ship', 'airplane']",ship
42837,3,"['frog', 'ship', 'automobile', 'airplane']",ship
42838,5,"['frog', 'ship', 'airplane', 'automobile']",ship
42839,2,"['ship', 'cat', 'automobile', 'airplane']",ship
42840,8,"['horse', 'airplane', 'cat', 'frog']",horse
42841,9,"['dog', 'frog', 'cat', 'airplane']",airplane
42842,8,"['horse', 'airplane', 'cat', 'frog']",horse
42843,9,"['dog', 'frog', 'cat', 'airplane']",airplane
42844,0,"['horse', 'deer', 'frog', 'cat']",horse
42845,3,"['frog', 'ship', 'automobile', 'airplane']",ship
42846,5,"['frog', 'ship', 'airplane', 'automobile']",ship
42847,8,"['horse', 'airplane', 'cat', 'frog']",horse
42848,2,"['ship', 'cat', 'automobile', 'airplane']",cat
42849,4,"['cat', 'automobile', 'frog', 'airplane']",automobile
42850,6,"['automobile', 'horse', 'ship', 'airplane']",airplane
42851,9,"['dog', 'frog', 'cat', 'airplane']",dog
42852,0,"['horse', 'deer', 'frog', 'cat']",horse
42853,3,"['frog', 'ship', 'automobile', 'airplane']",ship
42854,2,"['ship', 'cat', 'automobile', 'airplane']",ship
42855,9,"['dog', 'frog', 'cat', 'airplane']",airplane
42856,2,"['ship', 'cat', 'automobile', 'airplane']",cat
42857,9,"['dog', 'frog', 'cat', 'airplane']",dog
42858,6,"['automobile', 'horse', 'ship', 'airplane']",airplane
42859,6,"['automobile', 'horse', 'ship', 'airplane']",airplane
42860,1,"['bird', 'dog', 'frog', 'cat', 'airplane']",airplane
42861,2,"['ship', 'cat', 'automobile', 'airplane']",ship
42862,5,"['frog', 'ship', 'airplane', 'automobile']",ship
42863,4,"['cat', 'automobile', 'frog', 'airplane']",airplane
42864,8,"['horse', 'airplane', 'cat', 'frog']",horse
42865,3,"['frog', 'ship', 'automobile', 'airplane']",frog
42866,5,"['frog', 'ship', 'airplane', 'automobile']",ship
42867,0,"['horse', 'deer', 'frog', 'cat']",horse
42868,7,"['automobile', 'cat', 'airplane', 'frog']",cat
42869,0,"['horse', 'deer', 'frog', 'cat']",horse
42870,8,"['horse', 'airplane', 'cat', 'frog']",horse
42871,4,"['cat', 'automobile', 'frog', 'airplane']",automobile
42872,6,"['automobile', 'horse', 'ship', 'airplane']",airplane
42873,6,"['automobile', 'horse', 'ship', 'airplane']",airplane
42874,7,"['automobile', 'cat', 'airplane', 'frog']",cat
42875,9,"['dog', 'frog', 'cat', 'airplane']",dog
42876,6,"['automobile', 'horse', 'ship', 'airplane']",airplane
42877,1,"['bird', 'dog', 'frog', 'cat', 'airplane']",airplane
42878,0,"['horse', 'deer', 'frog', 'cat']",horse
42879,1,"['bird', 'dog', 'frog', 'cat', 'airplane']",airplane
42880,3,"['frog', 'ship', 'automobile', 'airplane']",ship
42881,6,"['automobile', 'horse', 'ship', 'airplane']",airplane
42882,3,"['frog', 'ship', 'automobile', 'airplane']",ship
42883,0,"['horse', 'deer', 'frog', 'cat']",horse
42884,8,"['horse', 'airplane', 'cat', 'frog']",horse
42885,9,"['dog', 'frog', 'cat', 'airplane']",dog
42886,7,"['automobile', 'cat', 'airplane', 'frog']",cat
42887,7,"['automobile', 'cat', 'airplane', 'frog']",cat
42888,6,"['automobile', 'horse', 'ship', 'airplane']",airplane
42889,2,"['ship', 'cat', 'automobile', 'airplane']",automobile
42890,9,"['dog', 'frog', 'cat', 'airplane']",airplane
42891,2,"['ship', 'cat', 'automobile', 'airplane']",automobile
42892,0,"['horse', 'deer', 'frog', 'cat']",horse
42893,6,"['automobile', 'horse', 'ship', 'airplane']",ship
42894,2,"['ship', 'cat', 'automobile', 'airplane']",cat
42895,7,"['automobile', 'cat', 'airplane', 'frog']",airplane
42896,6,"['automobile', 'horse', 'ship', 'airplane']",airplane
42897,8,"['horse', 'airplane', 'cat', 'frog']",horse
42898,8,"['horse', 'airplane', 'cat', 'frog']",horse
42899,1,"['bird', 'dog', 'frog', 'cat', 'airplane']",airplane
42900,9,"['dog', 'frog', 'cat', 'airplane']",dog
42901,6,"['automobile', 'horse', 'ship', 'airplane']",airplane
42902,5,"['frog', 'ship', 'airplane', 'automobile']",ship
42903,4,"['cat', 'automobile', 'frog', 'airplane']",airplane
42904,4,"['cat', 'automobile', 'frog', 'airplane']",automobile
42905,9,"['dog', 'frog', 'cat', 'airplane']",dog
42906,6,"['automobile', 'horse', 'ship', 'airplane']",airplane
42907,4,"['cat', 'automobile', 'frog', 'airplane']",automobile
42908,0,"['horse', 'deer', 'frog', 'cat']",horse
42909,7,"['automobile', 'cat', 'airplane', 'frog']",cat
42910,4,"['cat', 'automobile', 'frog', 'airplane']",automobile
42911,9,"['dog', 'frog', 'cat', 'airplane']",airplane
42912,1,"['bird', 'dog', 'frog', 'cat', 'airplane']",airplane
42913,1,"['bird', 'dog', 'frog', 'cat', 'airplane']",airplane
42914,3,"['frog', 'ship', 'automobile', 'airplane']",ship
42915,4,"['cat', 'automobile', 'frog', 'airplane']",automobile
42916,1,"['bird', 'dog', 'frog', 'cat', 'airplane']",airplane
42917,8,"['horse', 'airplane', 'cat', 'frog']",horse
42918,1,"['bird', 'dog', 'frog', 'cat', 'airplane']",airplane
42919,5,"['frog', 'ship', 'airplane', 'automobile']",ship
42920,3,"['frog', 'ship', 'automobile', 'airplane']",ship
42921,1,"['bird', 'dog', 'frog', 'cat', 'airplane']",airplane
42922,8,"['horse', 'airplane', 'cat', 'frog']",horse
42923,6,"['automobile', 'horse', 'ship', 'airplane']",airplane
42924,5,"['frog', 'ship', 'airplane', 'automobile']",ship
42925,1,"['bird', 'dog', 'frog', 'cat', 'airplane']",airplane
42926,8,"['horse', 'airplane', 'cat', 'frog']",horse
42927,1,"['bird', 'dog', 'frog', 'cat', 'airplane']",airplane
42928,2,"['ship', 'cat', 'automobile', 'airplane']",automobile
42929,0,"['horse', 'deer', 'frog', 'cat']",horse
42930,3,"['frog', 'ship', 'automobile', 'airplane']",ship
42931,0,"['horse', 'deer', 'frog', 'cat']",horse
42932,5,"['frog', 'ship', 'airplane', 'automobile']",ship
42933,8,"['horse', 'airplane', 'cat', 'frog']",horse
42934,0,"['horse', 'deer', 'frog', 'cat']",horse
42935,1,"['bird', 'dog', 'frog', 'cat', 'airplane']",airplane
42936,7,"['automobile', 'cat', 'airplane', 'frog']",cat
42937,5,"['frog', 'ship', 'airplane', 'automobile']",ship
42938,4,"['cat', 'automobile', 'frog', 'airplane']",automobile
42939,7,"['automobile', 'cat', 'airplane', 'frog']",cat
42940,5,"['frog', 'ship', 'airplane', 'automobile']",ship
42941,9,"['dog', 'frog', 'cat', 'airplane']",dog
42942,2,"['ship', 'cat', 'automobile', 'airplane']",cat
42943,5,"['frog', 'ship', 'airplane', 'automobile']",ship
42944,8,"['horse', 'airplane', 'cat', 'frog']",horse
42945,0,"['horse', 'deer', 'frog', 'cat']",horse
42946,5,"['frog', 'ship', 'airplane', 'automobile']",ship
42947,2,"['ship', 'cat', 'automobile', 'airplane']",cat
42948,6,"['automobile', 'horse', 'ship', 'airplane']",airplane
42949,3,"['frog', 'ship', 'automobile', 'airplane']",ship
42950,5,"['frog', 'ship', 'airplane', 'automobile']",ship
42951,7,"['automobile', 'cat', 'airplane', 'frog']",cat
42952,0,"['horse', 'deer', 'frog', 'cat']",horse
42953,3,"['frog', 'ship', 'automobile', 'airplane']",ship
42954,1,"['bird', 'dog', 'frog', 'cat', 'airplane']",airplane
42955,7,"['automobile', 'cat', 'airplane', 'frog']",cat
42956,6,"['automobile', 'horse', 'ship', 'airplane']",automobile
42957,8,"['horse', 'airplane', 'cat', 'frog']",horse
42958,1,"['bird', 'dog', 'frog', 'cat', 'airplane']",airplane
42959,7,"['automobile', 'cat', 'airplane', 'frog']",airplane
42960,6,"['automobile', 'horse', 'ship', 'airplane']",airplane
42961,5,"['frog', 'ship', 'airplane', 'automobile']",ship
42962,7,"['automobile', 'cat', 'airplane', 'frog']",frog
42963,8,"['horse', 'airplane', 'cat', 'frog']",horse
42964,7,"['automobile', 'cat', 'airplane', 'frog']",cat
42965,8,"['horse', 'airplane', 'cat', 'frog']",horse
42966,5,"['frog', 'ship', 'airplane', 'automobile']",ship
42967,4,"['cat', 'automobile', 'frog', 'airplane']",automobile
42968,6,"['automobile', 'horse', 'ship', 'airplane']",airplane
42969,4,"['cat', 'automobile', 'frog', 'airplane']",automobile
42970,3,"['frog', 'ship', 'automobile', 'airplane']",ship
42971,9,"['dog', 'frog', 'cat', 'airplane']",dog
42972,0,"['horse', 'deer', 'frog', 'cat']",horse
42973,9,"['dog', 'frog', 'cat', 'airplane']",dog
42974,4,"['cat', 'automobile', 'frog', 'airplane']",automobile
42975,6,"['automobile', 'horse', 'ship', 'airplane']",ship
42976,1,"['bird', 'dog', 'frog', 'cat', 'airplane']",airplane
42977,4,"['cat', 'automobile', 'frog', 'airplane']",automobile
42978,1,"['bird', 'dog', 'frog', 'cat', 'airplane']",airplane
42979,4,"['cat', 'automobile', 'frog', 'airplane']",automobile
42980,6,"['automobile', 'horse', 'ship', 'airplane']",ship
42981,9,"['dog', 'frog', 'cat', 'airplane']",airplane
42982,4,"['cat', 'automobile', 'frog', 'airplane']",automobile
42983,4,"['cat', 'automobile', 'frog', 'airplane']",automobile
42984,0,"['horse', 'deer', 'frog', 'cat']",horse
42985,4,"['cat', 'automobile', 'frog', 'airplane']",airplane
42986,2,"['ship', 'cat', 'automobile', 'airplane']",cat
42987,5,"['frog', 'ship', 'airplane', 'automobile']",ship
42988,2,"['ship', 'cat', 'automobile', 'airplane']",automobile
42989,5,"['frog', 'ship', 'airplane', 'automobile']",ship
42990,2,"['ship', 'cat', 'automobile', 'airplane']",cat
42991,1,"['bird', 'dog', 'frog', 'cat', 'airplane']",airplane
42992,0,"['horse', 'deer', 'frog', 'cat']",horse
42993,2,"['ship', 'cat', 'automobile', 'airplane']",cat
42994,9,"['dog', 'frog', 'cat', 'airplane']",airplane
42995,2,"['ship', 'cat', 'automobile', 'airplane']",cat
42996,7,"['automobile', 'cat', 'airplane', 'frog']",cat
42997,3,"['frog', 'ship', 'automobile', 'airplane']",ship
42998,0,"['horse', 'deer', 'frog', 'cat']",horse
42999,3,"['frog', 'ship', 'automobile', 'airplane']",ship
43000,5,"['frog', 'ship', 'airplane', 'automobile']",ship
43001,8,"['horse', 'airplane', 'cat', 'frog']",horse
43002,0,"['horse', 'deer', 'frog', 'cat']",horse
43003,8,"['horse', 'airplane', 'cat', 'frog']",horse
43004,6,"['automobile', 'horse', 'ship', 'airplane']",airplane
43005,5,"['frog', 'ship', 'airplane', 'automobile']",ship
43006,1,"['bird', 'dog', 'frog', 'cat', 'airplane']",dog
43007,8,"['horse', 'airplane', 'cat', 'frog']",horse
43008,9,"['dog', 'frog', 'cat', 'airplane']",airplane
43009,5,"['frog', 'ship', 'airplane', 'automobile']",ship
43010,2,"['ship', 'cat', 'automobile', 'airplane']",cat
43011,5,"['frog', 'ship', 'airplane', 'automobile']",ship
43012,0,"['horse', 'deer', 'frog', 'cat']",horse
43013,3,"['frog', 'ship', 'automobile', 'airplane']",ship
43014,8,"['horse', 'airplane', 'cat', 'frog']",horse
43015,1,"['bird', 'dog', 'frog', 'cat', 'airplane']",airplane
43016,9,"['dog', 'frog', 'cat', 'airplane']",airplane
43017,3,"['frog', 'ship', 'automobile', 'airplane']",ship
43018,3,"['frog', 'ship', 'automobile', 'airplane']",ship
43019,2,"['ship', 'cat', 'automobile', 'airplane']",cat
43020,1,"['bird', 'dog', 'frog', 'cat', 'airplane']",airplane
43021,6,"['automobile', 'horse', 'ship', 'airplane']",airplane
43022,6,"['automobile', 'horse', 'ship', 'airplane']",airplane
43023,6,"['automobile', 'horse', 'ship', 'airplane']",airplane
43024,4,"['cat', 'automobile', 'frog', 'airplane']",automobile
43025,5,"['frog', 'ship', 'airplane', 'automobile']",ship
43026,6,"['automobile', 'horse', 'ship', 'airplane']",airplane
43027,6,"['automobile', 'horse', 'ship', 'airplane']",airplane
43028,6,"['automobile', 'horse', 'ship', 'airplane']",airplane
43029,8,"['horse', 'airplane', 'cat', 'frog']",horse
43030,4,"['cat', 'automobile', 'frog', 'airplane']",automobile
43031,4,"['cat', 'automobile', 'frog', 'airplane']",automobile
43032,4,"['cat', 'automobile', 'frog', 'airplane']",automobile
43033,4,"['cat', 'automobile', 'frog', 'airplane']",automobile
43034,3,"['frog', 'ship', 'automobile', 'airplane']",ship
43035,8,"['horse', 'airplane', 'cat', 'frog']",horse
43036,7,"['automobile', 'cat', 'airplane', 'frog']",cat
43037,0,"['horse', 'deer', 'frog', 'cat']",horse
43038,5,"['frog', 'ship', 'airplane', 'automobile']",ship
43039,9,"['dog', 'frog', 'cat', 'airplane']",dog
43040,3,"['frog', 'ship', 'automobile', 'airplane']",ship
43041,2,"['ship', 'cat', 'automobile', 'airplane']",ship
43042,9,"['dog', 'frog', 'cat', 'airplane']",airplane
43043,3,"['frog', 'ship', 'automobile', 'airplane']",ship
43044,4,"['cat', 'automobile', 'frog', 'airplane']",automobile
43045,0,"['horse', 'deer', 'frog', 'cat']",horse
43046,8,"['horse', 'airplane', 'cat', 'frog']",horse
43047,8,"['horse', 'airplane', 'cat', 'frog']",horse
43048,8,"['horse', 'airplane', 'cat', 'frog']",horse
43049,4,"['cat', 'automobile', 'frog', 'airplane']",automobile
43050,1,"['bird', 'dog', 'frog', 'cat', 'airplane']",airplane
43051,7,"['automobile', 'cat', 'airplane', 'frog']",frog
43052,3,"['frog', 'ship', 'automobile', 'airplane']",ship
43053,5,"['frog', 'ship', 'airplane', 'automobile']",ship
43054,0,"['horse', 'deer', 'frog', 'cat']",horse
43055,4,"['cat', 'automobile', 'frog', 'airplane']",automobile
43056,5,"['frog', 'ship', 'airplane', 'automobile']",ship
43057,2,"['ship', 'cat', 'automobile', 'airplane']",cat
43058,5,"['frog', 'ship', 'airplane', 'automobile']",ship
43059,2,"['ship', 'cat', 'automobile', 'airplane']",cat
43060,7,"['automobile', 'cat', 'airplane', 'frog']",cat
43061,1,"['bird', 'dog', 'frog', 'cat', 'airplane']",airplane
43062,9,"['dog', 'frog', 'cat', 'airplane']",dog
43063,5,"['frog', 'ship', 'airplane', 'automobile']",ship
43064,1,"['bird', 'dog', 'frog', 'cat', 'airplane']",airplane
43065,3,"['frog', 'ship', 'automobile', 'airplane']",frog
43066,7,"['automobile', 'cat', 'airplane', 'frog']",cat
43067,9,"['dog', 'frog', 'cat', 'airplane']",dog
43068,1,"['bird', 'dog', 'frog', 'cat', 'airplane']",airplane
43069,6,"['automobile', 'horse', 'ship', 'airplane']",automobile
43070,6,"['automobile', 'horse', 'ship', 'airplane']",airplane
43071,5,"['frog', 'ship', 'airplane', 'automobile']",ship
43072,3,"['frog', 'ship', 'automobile', 'airplane']",ship
43073,0,"['horse', 'deer', 'frog', 'cat']",horse
43074,6,"['automobile', 'horse', 'ship', 'airplane']",horse
43075,5,"['frog', 'ship', 'airplane', 'automobile']",ship
43076,0,"['horse', 'deer', 'frog', 'cat']",horse
43077,0,"['horse', 'deer', 'frog', 'cat']",horse
43078,2,"['ship', 'cat', 'automobile', 'airplane']",cat
43079,7,"['automobile', 'cat', 'airplane', 'frog']",cat
43080,2,"['ship', 'cat', 'automobile', 'airplane']",cat
43081,9,"['dog', 'frog', 'cat', 'airplane']",airplane
43082,2,"['ship', 'cat', 'automobile', 'airplane']",cat
43083,7,"['automobile', 'cat', 'airplane', 'frog']",airplane
43084,3,"['frog', 'ship', 'automobile', 'airplane']",ship
43085,1,"['bird', 'dog', 'frog', 'cat', 'airplane']",airplane
43086,8,"['horse', 'airplane', 'cat', 'frog']",horse
43087,5,"['frog', 'ship', 'airplane', 'automobile']",ship
43088,5,"['frog', 'ship', 'airplane', 'automobile']",ship
43089,1,"['bird', 'dog', 'frog', 'cat', 'airplane']",airplane
43090,4,"['cat', 'automobile', 'frog', 'airplane']",automobile
43091,7,"['automobile', 'cat', 'airplane', 'frog']",airplane
43092,0,"['horse', 'deer', 'frog', 'cat']",horse
43093,5,"['frog', 'ship', 'airplane', 'automobile']",ship
43094,7,"['automobile', 'cat', 'airplane', 'frog']",airplane
43095,2,"['ship', 'cat', 'automobile', 'airplane']",ship
43096,8,"['horse', 'airplane', 'cat', 'frog']",horse
43097,4,"['cat', 'automobile', 'frog', 'airplane']",automobile
43098,1,"['bird', 'dog', 'frog', 'cat', 'airplane']",airplane
43099,2,"['ship', 'cat', 'automobile', 'airplane']",cat
43100,8,"['horse', 'airplane', 'cat', 'frog']",horse
43101,8,"['horse', 'airplane', 'cat', 'frog']",horse
43102,1,"['bird', 'dog', 'frog', 'cat', 'airplane']",airplane
43103,5,"['frog', 'ship', 'airplane', 'automobile']",ship
43104,9,"['dog', 'frog', 'cat', 'airplane']",airplane
43105,3,"['frog', 'ship', 'automobile', 'airplane']",ship
43106,2,"['ship', 'cat', 'automobile', 'airplane']",ship
43107,5,"['frog', 'ship', 'airplane', 'automobile']",ship
43108,9,"['dog', 'frog', 'cat', 'airplane']",airplane
43109,8,"['horse', 'airplane', 'cat', 'frog']",horse
43110,3,"['frog', 'ship', 'automobile', 'airplane']",ship
43111,6,"['automobile', 'horse', 'ship', 'airplane']",airplane
43112,9,"['dog', 'frog', 'cat', 'airplane']",airplane
43113,8,"['horse', 'airplane', 'cat', 'frog']",horse
43114,6,"['automobile', 'horse', 'ship', 'airplane']",ship
43115,5,"['frog', 'ship', 'airplane', 'automobile']",ship
43116,2,"['ship', 'cat', 'automobile', 'airplane']",cat
43117,6,"['automobile', 'horse', 'ship', 'airplane']",airplane
43118,2,"['ship', 'cat', 'automobile', 'airplane']",automobile
43119,8,"['horse', 'airplane', 'cat', 'frog']",horse
43120,5,"['frog', 'ship', 'airplane', 'automobile']",ship
43121,9,"['dog', 'frog', 'cat', 'airplane']",airplane
43122,2,"['ship', 'cat', 'automobile', 'airplane']",automobile
43123,3,"['frog', 'ship', 'automobile', 'airplane']",ship
43124,7,"['automobile', 'cat', 'airplane', 'frog']",cat
43125,0,"['horse', 'deer', 'frog', 'cat']",horse
43126,3,"['frog', 'ship', 'automobile', 'airplane']",ship
43127,2,"['ship', 'cat', 'automobile', 'airplane']",automobile
43128,7,"['automobile', 'cat', 'airplane', 'frog']",cat
43129,5,"['frog', 'ship', 'airplane', 'automobile']",ship
43130,7,"['automobile', 'cat', 'airplane', 'frog']",cat
43131,9,"['dog', 'frog', 'cat', 'airplane']",airplane
43132,1,"['bird', 'dog', 'frog', 'cat', 'airplane']",airplane
43133,5,"['frog', 'ship', 'airplane', 'automobile']",ship
43134,2,"['ship', 'cat', 'automobile', 'airplane']",cat
43135,2,"['ship', 'cat', 'automobile', 'airplane']",cat
43136,8,"['horse', 'airplane', 'cat', 'frog']",horse
43137,9,"['dog', 'frog', 'cat', 'airplane']",airplane
43138,0,"['horse', 'deer', 'frog', 'cat']",horse
43139,4,"['cat', 'automobile', 'frog', 'airplane']",airplane
43140,5,"['frog', 'ship', 'airplane', 'automobile']",ship
43141,9,"['dog', 'frog', 'cat', 'airplane']",dog
43142,5,"['frog', 'ship', 'airplane', 'automobile']",ship
43143,6,"['automobile', 'horse', 'ship', 'airplane']",airplane
43144,7,"['automobile', 'cat', 'airplane', 'frog']",airplane
43145,1,"['bird', 'dog', 'frog', 'cat', 'airplane']",airplane
43146,4,"['cat', 'automobile', 'frog', 'airplane']",automobile
43147,4,"['cat', 'automobile', 'frog', 'airplane']",automobile
43148,1,"['bird', 'dog', 'frog', 'cat', 'airplane']",airplane
43149,8,"['horse', 'airplane', 'cat', 'frog']",horse
43150,7,"['automobile', 'cat', 'airplane', 'frog']",cat
43151,4,"['cat', 'automobile', 'frog', 'airplane']",automobile
43152,7,"['automobile', 'cat', 'airplane', 'frog']",cat
43153,5,"['frog', 'ship', 'airplane', 'automobile']",ship
43154,2,"['ship', 'cat', 'automobile', 'airplane']",cat
43155,6,"['automobile', 'horse', 'ship', 'airplane']",airplane
43156,5,"['frog', 'ship', 'airplane', 'automobile']",ship
43157,6,"['automobile', 'horse', 'ship', 'airplane']",ship
43158,7,"['automobile', 'cat', 'airplane', 'frog']",cat
43159,8,"['horse', 'airplane', 'cat', 'frog']",airplane
43160,0,"['horse', 'deer', 'frog', 'cat']",horse
43161,8,"['horse', 'airplane', 'cat', 'frog']",horse
43162,2,"['ship', 'cat', 'automobile', 'airplane']",cat
43163,7,"['automobile', 'cat', 'airplane', 'frog']",cat
43164,1,"['bird', 'dog', 'frog', 'cat', 'airplane']",airplane
43165,9,"['dog', 'frog', 'cat', 'airplane']",airplane
43166,6,"['automobile', 'horse', 'ship', 'airplane']",airplane
43167,1,"['bird', 'dog', 'frog', 'cat', 'airplane']",airplane
43168,7,"['automobile', 'cat', 'airplane', 'frog']",cat
43169,9,"['dog', 'frog', 'cat', 'airplane']",airplane
43170,4,"['cat', 'automobile', 'frog', 'airplane']",automobile
43171,9,"['dog', 'frog', 'cat', 'airplane']",dog
43172,4,"['cat', 'automobile', 'frog', 'airplane']",automobile
43173,2,"['ship', 'cat', 'automobile', 'airplane']",cat
43174,6,"['automobile', 'horse', 'ship', 'airplane']",airplane
43175,8,"['horse', 'airplane', 'cat', 'frog']",horse
43176,9,"['dog', 'frog', 'cat', 'airplane']",airplane
43177,2,"['ship', 'cat', 'automobile', 'airplane']",automobile
43178,1,"['bird', 'dog', 'frog', 'cat', 'airplane']",airplane
43179,2,"['ship', 'cat', 'automobile', 'airplane']",cat
43180,4,"['cat', 'automobile', 'frog', 'airplane']",automobile
43181,5,"['frog', 'ship', 'airplane', 'automobile']",ship
43182,6,"['automobile', 'horse', 'ship', 'airplane']",airplane
43183,8,"['horse', 'airplane', 'cat', 'frog']",horse
43184,0,"['horse', 'deer', 'frog', 'cat']",horse
43185,7,"['automobile', 'cat', 'airplane', 'frog']",cat
43186,1,"['bird', 'dog', 'frog', 'cat', 'airplane']",airplane
43187,3,"['frog', 'ship', 'automobile', 'airplane']",ship
43188,4,"['cat', 'automobile', 'frog', 'airplane']",automobile
43189,5,"['frog', 'ship', 'airplane', 'automobile']",ship
43190,2,"['ship', 'cat', 'automobile', 'airplane']",cat
43191,8,"['horse', 'airplane', 'cat', 'frog']",horse
43192,2,"['ship', 'cat', 'automobile', 'airplane']",cat
43193,7,"['automobile', 'cat', 'airplane', 'frog']",airplane
43194,0,"['horse', 'deer', 'frog', 'cat']",horse
43195,1,"['bird', 'dog', 'frog', 'cat', 'airplane']",airplane
43196,4,"['cat', 'automobile', 'frog', 'airplane']",automobile
43197,9,"['dog', 'frog', 'cat', 'airplane']",dog
43198,8,"['horse', 'airplane', 'cat', 'frog']",horse
43199,9,"['dog', 'frog', 'cat', 'airplane']",airplane
43200,9,"['dog', 'frog', 'cat', 'airplane']",dog
43201,6,"['automobile', 'horse', 'ship', 'airplane']",ship
43202,4,"['cat', 'automobile', 'frog', 'airplane']",automobile
43203,4,"['cat', 'automobile', 'frog', 'airplane']",automobile
43204,3,"['frog', 'ship', 'automobile', 'airplane']",ship
43205,1,"['bird', 'dog', 'frog', 'cat', 'airplane']",airplane
43206,1,"['bird', 'dog', 'frog', 'cat', 'airplane']",airplane
43207,1,"['bird', 'dog', 'frog', 'cat', 'airplane']",airplane
43208,5,"['frog', 'ship', 'airplane', 'automobile']",ship
43209,5,"['frog', 'ship', 'airplane', 'automobile']",ship
43210,6,"['automobile', 'horse', 'ship', 'airplane']",automobile
43211,0,"['horse', 'deer', 'frog', 'cat']",horse
43212,8,"['horse', 'airplane', 'cat', 'frog']",horse
43213,5,"['frog', 'ship', 'airplane', 'automobile']",ship
43214,1,"['bird', 'dog', 'frog', 'cat', 'airplane']",airplane
43215,7,"['automobile', 'cat', 'airplane', 'frog']",cat
43216,2,"['ship', 'cat', 'automobile', 'airplane']",cat
43217,1,"['bird', 'dog', 'frog', 'cat', 'airplane']",airplane
43218,9,"['dog', 'frog', 'cat', 'airplane']",airplane
43219,0,"['horse', 'deer', 'frog', 'cat']",frog
43220,0,"['horse', 'deer', 'frog', 'cat']",horse
43221,5,"['frog', 'ship', 'airplane', 'automobile']",ship
43222,4,"['cat', 'automobile', 'frog', 'airplane']",airplane
43223,7,"['automobile', 'cat', 'airplane', 'frog']",frog
43224,4,"['cat', 'automobile', 'frog', 'airplane']",automobile
43225,5,"['frog', 'ship', 'airplane', 'automobile']",ship
43226,9,"['dog', 'frog', 'cat', 'airplane']",airplane
43227,7,"['automobile', 'cat', 'airplane', 'frog']",cat
43228,4,"['cat', 'automobile', 'frog', 'airplane']",automobile
43229,7,"['automobile', 'cat', 'airplane', 'frog']",airplane
43230,7,"['automobile', 'cat', 'airplane', 'frog']",cat
43231,4,"['cat', 'automobile', 'frog', 'airplane']",automobile
43232,1,"['bird', 'dog', 'frog', 'cat', 'airplane']",airplane
43233,3,"['frog', 'ship', 'automobile', 'airplane']",ship
43234,4,"['cat', 'automobile', 'frog', 'airplane']",automobile
43235,1,"['bird', 'dog', 'frog', 'cat', 'airplane']",airplane
43236,6,"['automobile', 'horse', 'ship', 'airplane']",ship
43237,3,"['frog', 'ship', 'automobile', 'airplane']",ship
43238,4,"['cat', 'automobile', 'frog', 'airplane']",automobile
43239,4,"['cat', 'automobile', 'frog', 'airplane']",automobile
43240,1,"['bird', 'dog', 'frog', 'cat', 'airplane']",airplane
43241,4,"['cat', 'automobile', 'frog', 'airplane']",automobile
43242,7,"['automobile', 'cat', 'airplane', 'frog']",frog
43243,3,"['frog', 'ship', 'automobile', 'airplane']",ship
43244,2,"['ship', 'cat', 'automobile', 'airplane']",cat
43245,0,"['horse', 'deer', 'frog', 'cat']",horse
43246,7,"['automobile', 'cat', 'airplane', 'frog']",airplane
43247,7,"['automobile', 'cat', 'airplane', 'frog']",cat
43248,5,"['frog', 'ship', 'airplane', 'automobile']",ship
43249,5,"['frog', 'ship', 'airplane', 'automobile']",ship
43250,6,"['automobile', 'horse', 'ship', 'airplane']",ship
43251,1,"['bird', 'dog', 'frog', 'cat', 'airplane']",airplane
43252,0,"['horse', 'deer', 'frog', 'cat']",horse
43253,0,"['horse', 'deer', 'frog', 'cat']",horse
43254,3,"['frog', 'ship', 'automobile', 'airplane']",ship
43255,7,"['automobile', 'cat', 'airplane', 'frog']",cat
43256,7,"['automobile', 'cat', 'airplane', 'frog']",airplane
43257,3,"['frog', 'ship', 'automobile', 'airplane']",ship
43258,6,"['automobile', 'horse', 'ship', 'airplane']",ship
43259,5,"['frog', 'ship', 'airplane', 'automobile']",ship
43260,7,"['automobile', 'cat', 'airplane', 'frog']",cat
43261,2,"['ship', 'cat', 'automobile', 'airplane']",automobile
43262,3,"['frog', 'ship', 'automobile', 'airplane']",ship
43263,2,"['ship', 'cat', 'automobile', 'airplane']",cat
43264,6,"['automobile', 'horse', 'ship', 'airplane']",horse
43265,9,"['dog', 'frog', 'cat', 'airplane']",dog
43266,0,"['horse', 'deer', 'frog', 'cat']",horse
43267,1,"['bird', 'dog', 'frog', 'cat', 'airplane']",airplane
43268,6,"['automobile', 'horse', 'ship', 'airplane']",ship
43269,6,"['automobile', 'horse', 'ship', 'airplane']",airplane
43270,7,"['automobile', 'cat', 'airplane', 'frog']",airplane
43271,9,"['dog', 'frog', 'cat', 'airplane']",dog
43272,7,"['automobile', 'cat', 'airplane', 'frog']",airplane
43273,5,"['frog', 'ship', 'airplane', 'automobile']",ship
43274,1,"['bird', 'dog', 'frog', 'cat', 'airplane']",airplane
43275,5,"['frog', 'ship', 'airplane', 'automobile']",ship
43276,4,"['cat', 'automobile', 'frog', 'airplane']",automobile
43277,0,"['horse', 'deer', 'frog', 'cat']",horse
43278,8,"['horse', 'airplane', 'cat', 'frog']",horse
43279,0,"['horse', 'deer', 'frog', 'cat']",horse
43280,1,"['bird', 'dog', 'frog', 'cat', 'airplane']",airplane
43281,9,"['dog', 'frog', 'cat', 'airplane']",airplane
43282,9,"['dog', 'frog', 'cat', 'airplane']",airplane
43283,3,"['frog', 'ship', 'automobile', 'airplane']",ship
43284,6,"['automobile', 'horse', 'ship', 'airplane']",airplane
43285,2,"['ship', 'cat', 'automobile', 'airplane']",cat
43286,2,"['ship', 'cat', 'automobile', 'airplane']",cat
43287,2,"['ship', 'cat', 'automobile', 'airplane']",cat
43288,0,"['horse', 'deer', 'frog', 'cat']",horse
43289,0,"['horse', 'deer', 'frog', 'cat']",horse
43290,1,"['bird', 'dog', 'frog', 'cat', 'airplane']",airplane
43291,8,"['horse', 'airplane', 'cat', 'frog']",horse
43292,0,"['horse', 'deer', 'frog', 'cat']",horse
43293,7,"['automobile', 'cat', 'airplane', 'frog']",cat
43294,4,"['cat', 'automobile', 'frog', 'airplane']",automobile
43295,3,"['frog', 'ship', 'automobile', 'airplane']",ship
43296,4,"['cat', 'automobile', 'frog', 'airplane']",automobile
43297,1,"['bird', 'dog', 'frog', 'cat', 'airplane']",airplane
43298,6,"['automobile', 'horse', 'ship', 'airplane']",ship
43299,4,"['cat', 'automobile', 'frog', 'airplane']",automobile
43300,2,"['ship', 'cat', 'automobile', 'airplane']",cat
43301,0,"['horse', 'deer', 'frog', 'cat']",horse
43302,6,"['automobile', 'horse', 'ship', 'airplane']",airplane
43303,0,"['horse', 'deer', 'frog', 'cat']",horse
43304,4,"['cat', 'automobile', 'frog', 'airplane']",automobile
43305,7,"['automobile', 'cat', 'airplane', 'frog']",cat
43306,4,"['cat', 'automobile', 'frog', 'airplane']",automobile
43307,5,"['frog', 'ship', 'airplane', 'automobile']",ship
43308,6,"['automobile', 'horse', 'ship', 'airplane']",airplane
43309,7,"['automobile', 'cat', 'airplane', 'frog']",airplane
43310,9,"['dog', 'frog', 'cat', 'airplane']",airplane
43311,9,"['dog', 'frog', 'cat', 'airplane']",airplane
43312,2,"['ship', 'cat', 'automobile', 'airplane']",cat
43313,3,"['frog', 'ship', 'automobile', 'airplane']",ship
43314,2,"['ship', 'cat', 'automobile', 'airplane']",automobile
43315,5,"['frog', 'ship', 'airplane', 'automobile']",ship
43316,7,"['automobile', 'cat', 'airplane', 'frog']",airplane
43317,1,"['bird', 'dog', 'frog', 'cat', 'airplane']",airplane
43318,3,"['frog', 'ship', 'automobile', 'airplane']",ship
43319,2,"['ship', 'cat', 'automobile', 'airplane']",cat
43320,7,"['automobile', 'cat', 'airplane', 'frog']",airplane
43321,5,"['frog', 'ship', 'airplane', 'automobile']",ship
43322,7,"['automobile', 'cat', 'airplane', 'frog']",cat
43323,5,"['frog', 'ship', 'airplane', 'automobile']",ship
43324,0,"['horse', 'deer', 'frog', 'cat']",horse
43325,9,"['dog', 'frog', 'cat', 'airplane']",airplane
43326,9,"['dog', 'frog', 'cat', 'airplane']",airplane
43327,4,"['cat', 'automobile', 'frog', 'airplane']",airplane
43328,3,"['frog', 'ship', 'automobile', 'airplane']",ship
43329,9,"['dog', 'frog', 'cat', 'airplane']",dog
43330,5,"['frog', 'ship', 'airplane', 'automobile']",ship
43331,2,"['ship', 'cat', 'automobile', 'airplane']",cat
43332,9,"['dog', 'frog', 'cat', 'airplane']",dog
43333,9,"['dog', 'frog', 'cat', 'airplane']",airplane
43334,8,"['horse', 'airplane', 'cat', 'frog']",horse
43335,4,"['cat', 'automobile', 'frog', 'airplane']",automobile
43336,3,"['frog', 'ship', 'automobile', 'airplane']",ship
43337,4,"['cat', 'automobile', 'frog', 'airplane']",automobile
43338,5,"['frog', 'ship', 'airplane', 'automobile']",ship
43339,3,"['frog', 'ship', 'automobile', 'airplane']",ship
43340,5,"['frog', 'ship', 'airplane', 'automobile']",ship
43341,9,"['dog', 'frog', 'cat', 'airplane']",airplane
43342,0,"['horse', 'deer', 'frog', 'cat']",horse
43343,7,"['automobile', 'cat', 'airplane', 'frog']",cat
43344,8,"['horse', 'airplane', 'cat', 'frog']",horse
43345,5,"['frog', 'ship', 'airplane', 'automobile']",ship
43346,9,"['dog', 'frog', 'cat', 'airplane']",dog
43347,5,"['frog', 'ship', 'airplane', 'automobile']",ship
43348,8,"['horse', 'airplane', 'cat', 'frog']",horse
43349,3,"['frog', 'ship', 'automobile', 'airplane']",ship
43350,8,"['horse', 'airplane', 'cat', 'frog']",horse
43351,4,"['cat', 'automobile', 'frog', 'airplane']",automobile
43352,3,"['frog', 'ship', 'automobile', 'airplane']",frog
43353,6,"['automobile', 'horse', 'ship', 'airplane']",airplane
43354,9,"['dog', 'frog', 'cat', 'airplane']",airplane
43355,7,"['automobile', 'cat', 'airplane', 'frog']",cat
43356,1,"['bird', 'dog', 'frog', 'cat', 'airplane']",airplane
43357,8,"['horse', 'airplane', 'cat', 'frog']",horse
43358,7,"['automobile', 'cat', 'airplane', 'frog']",cat
43359,1,"['bird', 'dog', 'frog', 'cat', 'airplane']",airplane
43360,7,"['automobile', 'cat', 'airplane', 'frog']",airplane
43361,2,"['ship', 'cat', 'automobile', 'airplane']",cat
43362,8,"['horse', 'airplane', 'cat', 'frog']",horse
43363,0,"['horse', 'deer', 'frog', 'cat']",horse
43364,4,"['cat', 'automobile', 'frog', 'airplane']",airplane
43365,2,"['ship', 'cat', 'automobile', 'airplane']",automobile
43366,5,"['frog', 'ship', 'airplane', 'automobile']",ship
43367,2,"['ship', 'cat', 'automobile', 'airplane']",cat
43368,0,"['horse', 'deer', 'frog', 'cat']",horse
43369,1,"['bird', 'dog', 'frog', 'cat', 'airplane']",airplane
43370,7,"['automobile', 'cat', 'airplane', 'frog']",cat
43371,1,"['bird', 'dog', 'frog', 'cat', 'airplane']",airplane
43372,1,"['bird', 'dog', 'frog', 'cat', 'airplane']",airplane
43373,6,"['automobile', 'horse', 'ship', 'airplane']",airplane
43374,4,"['cat', 'automobile', 'frog', 'airplane']",automobile
43375,0,"['horse', 'deer', 'frog', 'cat']",horse
43376,9,"['dog', 'frog', 'cat', 'airplane']",airplane
43377,9,"['dog', 'frog', 'cat', 'airplane']",dog
43378,0,"['horse', 'deer', 'frog', 'cat']",horse
43379,6,"['automobile', 'horse', 'ship', 'airplane']",airplane
43380,6,"['automobile', 'horse', 'ship', 'airplane']",airplane
43381,8,"['horse', 'airplane', 'cat', 'frog']",horse
43382,3,"['frog', 'ship', 'automobile', 'airplane']",ship
43383,8,"['horse', 'airplane', 'cat', 'frog']",horse
43384,9,"['dog', 'frog', 'cat', 'airplane']",airplane
43385,3,"['frog', 'ship', 'automobile', 'airplane']",ship
43386,4,"['cat', 'automobile', 'frog', 'airplane']",automobile
43387,5,"['frog', 'ship', 'airplane', 'automobile']",ship
43388,6,"['automobile', 'horse', 'ship', 'airplane']",automobile
43389,6,"['automobile', 'horse', 'ship', 'airplane']",automobile
43390,6,"['automobile', 'horse', 'ship', 'airplane']",ship
43391,4,"['cat', 'automobile', 'frog', 'airplane']",airplane
43392,6,"['automobile', 'horse', 'ship', 'airplane']",airplane
43393,7,"['automobile', 'cat', 'airplane', 'frog']",cat
43394,1,"['bird', 'dog', 'frog', 'cat', 'airplane']",airplane
43395,5,"['frog', 'ship', 'airplane', 'automobile']",ship
43396,7,"['automobile', 'cat', 'airplane', 'frog']",cat
43397,5,"['frog', 'ship', 'airplane', 'automobile']",ship
43398,1,"['bird', 'dog', 'frog', 'cat', 'airplane']",airplane
43399,5,"['frog', 'ship', 'airplane', 'automobile']",ship
43400,8,"['horse', 'airplane', 'cat', 'frog']",horse
43401,9,"['dog', 'frog', 'cat', 'airplane']",airplane
43402,3,"['frog', 'ship', 'automobile', 'airplane']",ship
43403,0,"['horse', 'deer', 'frog', 'cat']",horse
43404,5,"['frog', 'ship', 'airplane', 'automobile']",ship
43405,9,"['dog', 'frog', 'cat', 'airplane']",airplane
43406,9,"['dog', 'frog', 'cat', 'airplane']",airplane
43407,6,"['automobile', 'horse', 'ship', 'airplane']",airplane
43408,8,"['horse', 'airplane', 'cat', 'frog']",horse
43409,8,"['horse', 'airplane', 'cat', 'frog']",horse
43410,4,"['cat', 'automobile', 'frog', 'airplane']",automobile
43411,3,"['frog', 'ship', 'automobile', 'airplane']",ship
43412,5,"['frog', 'ship', 'airplane', 'automobile']",ship
43413,1,"['bird', 'dog', 'frog', 'cat', 'airplane']",airplane
43414,6,"['automobile', 'horse', 'ship', 'airplane']",airplane
43415,6,"['automobile', 'horse', 'ship', 'airplane']",airplane
43416,1,"['bird', 'dog', 'frog', 'cat', 'airplane']",airplane
43417,1,"['bird', 'dog', 'frog', 'cat', 'airplane']",airplane
43418,5,"['frog', 'ship', 'airplane', 'automobile']",ship
43419,9,"['dog', 'frog', 'cat', 'airplane']",airplane
43420,4,"['cat', 'automobile', 'frog', 'airplane']",automobile
43421,2,"['ship', 'cat', 'automobile', 'airplane']",cat
43422,2,"['ship', 'cat', 'automobile', 'airplane']",cat
43423,8,"['horse', 'airplane', 'cat', 'frog']",horse
43424,6,"['automobile', 'horse', 'ship', 'airplane']",airplane
43425,5,"['frog', 'ship', 'airplane', 'automobile']",ship
43426,6,"['automobile', 'horse', 'ship', 'airplane']",automobile
43427,0,"['horse', 'deer', 'frog', 'cat']",horse
43428,3,"['frog', 'ship', 'automobile', 'airplane']",ship
43429,8,"['horse', 'airplane', 'cat', 'frog']",horse
43430,3,"['frog', 'ship', 'automobile', 'airplane']",ship
43431,6,"['automobile', 'horse', 'ship', 'airplane']",airplane
43432,8,"['horse', 'airplane', 'cat', 'frog']",horse
43433,5,"['frog', 'ship', 'airplane', 'automobile']",ship
43434,6,"['automobile', 'horse', 'ship', 'airplane']",airplane
43435,7,"['automobile', 'cat', 'airplane', 'frog']",cat
43436,7,"['automobile', 'cat', 'airplane', 'frog']",airplane
43437,9,"['dog', 'frog', 'cat', 'airplane']",airplane
43438,3,"['frog', 'ship', 'automobile', 'airplane']",ship
43439,6,"['automobile', 'horse', 'ship', 'airplane']",horse
43440,3,"['frog', 'ship', 'automobile', 'airplane']",ship
43441,2,"['ship', 'cat', 'automobile', 'airplane']",cat
43442,0,"['horse', 'deer', 'frog', 'cat']",horse
43443,2,"['ship', 'cat', 'automobile', 'airplane']",cat
43444,8,"['horse', 'airplane', 'cat', 'frog']",horse
43445,7,"['automobile', 'cat', 'airplane', 'frog']",cat
43446,5,"['frog', 'ship', 'airplane', 'automobile']",ship
43447,1,"['bird', 'dog', 'frog', 'cat', 'airplane']",airplane
43448,4,"['cat', 'automobile', 'frog', 'airplane']",automobile
43449,7,"['automobile', 'cat', 'airplane', 'frog']",cat
43450,2,"['ship', 'cat', 'automobile', 'airplane']",automobile
43451,0,"['horse', 'deer', 'frog', 'cat']",horse
43452,6,"['automobile', 'horse', 'ship', 'airplane']",airplane
43453,1,"['bird', 'dog', 'frog', 'cat', 'airplane']",airplane
43454,0,"['horse', 'deer', 'frog', 'cat']",horse
43455,5,"['frog', 'ship', 'airplane', 'automobile']",ship
43456,3,"['frog', 'ship', 'automobile', 'airplane']",ship
43457,1,"['bird', 'dog', 'frog', 'cat', 'airplane']",airplane
43458,0,"['horse', 'deer', 'frog', 'cat']",horse
43459,6,"['automobile', 'horse', 'ship', 'airplane']",airplane
43460,4,"['cat', 'automobile', 'frog', 'airplane']",automobile
43461,6,"['automobile', 'horse', 'ship', 'airplane']",ship
43462,3,"['frog', 'ship', 'automobile', 'airplane']",ship
43463,7,"['automobile', 'cat', 'airplane', 'frog']",cat
43464,3,"['frog', 'ship', 'automobile', 'airplane']",ship
43465,2,"['ship', 'cat', 'automobile', 'airplane']",ship
43466,5,"['frog', 'ship', 'airplane', 'automobile']",ship
43467,5,"['frog', 'ship', 'airplane', 'automobile']",ship
43468,5,"['frog', 'ship', 'airplane', 'automobile']",ship
43469,2,"['ship', 'cat', 'automobile', 'airplane']",cat
43470,4,"['cat', 'automobile', 'frog', 'airplane']",automobile
43471,8,"['horse', 'airplane', 'cat', 'frog']",horse
43472,3,"['frog', 'ship', 'automobile', 'airplane']",ship
43473,4,"['cat', 'automobile', 'frog', 'airplane']",automobile
43474,9,"['dog', 'frog', 'cat', 'airplane']",airplane
43475,0,"['horse', 'deer', 'frog', 'cat']",horse
43476,2,"['ship', 'cat', 'automobile', 'airplane']",automobile
43477,6,"['automobile', 'horse', 'ship', 'airplane']",airplane
43478,2,"['ship', 'cat', 'automobile', 'airplane']",cat
43479,0,"['horse', 'deer', 'frog', 'cat']",horse
43480,1,"['bird', 'dog', 'frog', 'cat', 'airplane']",airplane
43481,6,"['automobile', 'horse', 'ship', 'airplane']",automobile
43482,6,"['automobile', 'horse', 'ship', 'airplane']",airplane
43483,0,"['horse', 'deer', 'frog', 'cat']",frog
43484,2,"['ship', 'cat', 'automobile', 'airplane']",ship
43485,8,"['horse', 'airplane', 'cat', 'frog']",horse
43486,4,"['cat', 'automobile', 'frog', 'airplane']",automobile
43487,3,"['frog', 'ship', 'automobile', 'airplane']",ship
43488,6,"['automobile', 'horse', 'ship', 'airplane']",airplane
43489,8,"['horse', 'airplane', 'cat', 'frog']",horse
43490,3,"['frog', 'ship', 'automobile', 'airplane']",ship
43491,7,"['automobile', 'cat', 'airplane', 'frog']",cat
43492,8,"['horse', 'airplane', 'cat', 'frog']",horse
43493,3,"['frog', 'ship', 'automobile', 'airplane']",ship
43494,4,"['cat', 'automobile', 'frog', 'airplane']",automobile
43495,5,"['frog', 'ship', 'airplane', 'automobile']",ship
43496,9,"['dog', 'frog', 'cat', 'airplane']",airplane
43497,3,"['frog', 'ship', 'automobile', 'airplane']",ship
43498,7,"['automobile', 'cat', 'airplane', 'frog']",airplane
43499,4,"['cat', 'automobile', 'frog', 'airplane']",automobile
43500,3,"['frog', 'ship', 'automobile', 'airplane']",ship
43501,6,"['automobile', 'horse', 'ship', 'airplane']",airplane
43502,4,"['cat', 'automobile', 'frog', 'airplane']",automobile
43503,2,"['ship', 'cat', 'automobile', 'airplane']",cat
43504,0,"['horse', 'deer', 'frog', 'cat']",horse
43505,8,"['horse', 'airplane', 'cat', 'frog']",horse
43506,4,"['cat', 'automobile', 'frog', 'airplane']",automobile
43507,2,"['ship', 'cat', 'automobile', 'airplane']",cat
43508,0,"['horse', 'deer', 'frog', 'cat']",horse
43509,4,"['cat', 'automobile', 'frog', 'airplane']",automobile
43510,7,"['automobile', 'cat', 'airplane', 'frog']",cat
43511,9,"['dog', 'frog', 'cat', 'airplane']",dog
43512,7,"['automobile', 'cat', 'airplane', 'frog']",cat
43513,2,"['ship', 'cat', 'automobile', 'airplane']",cat
43514,1,"['bird', 'dog', 'frog', 'cat', 'airplane']",airplane
43515,7,"['automobile', 'cat', 'airplane', 'frog']",airplane
43516,4,"['cat', 'automobile', 'frog', 'airplane']",automobile
43517,4,"['cat', 'automobile', 'frog', 'airplane']",automobile
43518,1,"['bird', 'dog', 'frog', 'cat', 'airplane']",airplane
43519,1,"['bird', 'dog', 'frog', 'cat', 'airplane']",airplane
43520,1,"['bird', 'dog', 'frog', 'cat', 'airplane']",airplane
43521,6,"['automobile', 'horse', 'ship', 'airplane']",airplane
43522,9,"['dog', 'frog', 'cat', 'airplane']",airplane
43523,2,"['ship', 'cat', 'automobile', 'airplane']",cat
43524,4,"['cat', 'automobile', 'frog', 'airplane']",automobile
43525,0,"['horse', 'deer', 'frog', 'cat']",horse
43526,5,"['frog', 'ship', 'airplane', 'automobile']",ship
43527,2,"['ship', 'cat', 'automobile', 'airplane']",cat
43528,7,"['automobile', 'cat', 'airplane', 'frog']",airplane
43529,4,"['cat', 'automobile', 'frog', 'airplane']",automobile
43530,7,"['automobile', 'cat', 'airplane', 'frog']",cat
43531,7,"['automobile', 'cat', 'airplane', 'frog']",frog
43532,7,"['automobile', 'cat', 'airplane', 'frog']",cat
43533,3,"['frog', 'ship', 'automobile', 'airplane']",ship
43534,8,"['horse', 'airplane', 'cat', 'frog']",horse
43535,5,"['frog', 'ship', 'airplane', 'automobile']",ship
43536,7,"['automobile', 'cat', 'airplane', 'frog']",cat
43537,7,"['automobile', 'cat', 'airplane', 'frog']",cat
43538,6,"['automobile', 'horse', 'ship', 'airplane']",airplane
43539,9,"['dog', 'frog', 'cat', 'airplane']",dog
43540,8,"['horse', 'airplane', 'cat', 'frog']",horse
43541,2,"['ship', 'cat', 'automobile', 'airplane']",automobile
43542,0,"['horse', 'deer', 'frog', 'cat']",horse
43543,5,"['frog', 'ship', 'airplane', 'automobile']",ship
43544,7,"['automobile', 'cat', 'airplane', 'frog']",cat
43545,2,"['ship', 'cat', 'automobile', 'airplane']",cat
43546,6,"['automobile', 'horse', 'ship', 'airplane']",airplane
43547,1,"['bird', 'dog', 'frog', 'cat', 'airplane']",airplane
43548,0,"['horse', 'deer', 'frog', 'cat']",horse
43549,4,"['cat', 'automobile', 'frog', 'airplane']",automobile
43550,4,"['cat', 'automobile', 'frog', 'airplane']",automobile
43551,3,"['frog', 'ship', 'automobile', 'airplane']",ship
43552,9,"['dog', 'frog', 'cat', 'airplane']",airplane
43553,4,"['cat', 'automobile', 'frog', 'airplane']",automobile
43554,3,"['frog', 'ship', 'automobile', 'airplane']",ship
43555,1,"['bird', 'dog', 'frog', 'cat', 'airplane']",airplane
43556,7,"['automobile', 'cat', 'airplane', 'frog']",cat
43557,4,"['cat', 'automobile', 'frog', 'airplane']",airplane
43558,9,"['dog', 'frog', 'cat', 'airplane']",airplane
43559,9,"['dog', 'frog', 'cat', 'airplane']",airplane
43560,9,"['dog', 'frog', 'cat', 'airplane']",airplane
43561,6,"['automobile', 'horse', 'ship', 'airplane']",airplane
43562,3,"['frog', 'ship', 'automobile', 'airplane']",ship
43563,4,"['cat', 'automobile', 'frog', 'airplane']",automobile
43564,0,"['horse', 'deer', 'frog', 'cat']",horse
43565,3,"['frog', 'ship', 'automobile', 'airplane']",ship
43566,9,"['dog', 'frog', 'cat', 'airplane']",airplane
43567,4,"['cat', 'automobile', 'frog', 'airplane']",automobile
43568,7,"['automobile', 'cat', 'airplane', 'frog']",cat
43569,2,"['ship', 'cat', 'automobile', 'airplane']",cat
43570,2,"['ship', 'cat', 'automobile', 'airplane']",automobile
43571,2,"['ship', 'cat', 'automobile', 'airplane']",cat
43572,2,"['ship', 'cat', 'automobile', 'airplane']",cat
43573,3,"['frog', 'ship', 'automobile', 'airplane']",ship
43574,2,"['ship', 'cat', 'automobile', 'airplane']",cat
43575,4,"['cat', 'automobile', 'frog', 'airplane']",automobile
43576,3,"['frog', 'ship', 'automobile', 'airplane']",ship
43577,6,"['automobile', 'horse', 'ship', 'airplane']",airplane
43578,9,"['dog', 'frog', 'cat', 'airplane']",dog
43579,7,"['automobile', 'cat', 'airplane', 'frog']",cat
43580,7,"['automobile', 'cat', 'airplane', 'frog']",airplane
43581,6,"['automobile', 'horse', 'ship', 'airplane']",airplane
43582,4,"['cat', 'automobile', 'frog', 'airplane']",automobile
43583,1,"['bird', 'dog', 'frog', 'cat', 'airplane']",airplane
43584,4,"['cat', 'automobile', 'frog', 'airplane']",automobile
43585,1,"['bird', 'dog', 'frog', 'cat', 'airplane']",airplane
43586,4,"['cat', 'automobile', 'frog', 'airplane']",automobile
43587,7,"['automobile', 'cat', 'airplane', 'frog']",airplane
43588,6,"['automobile', 'horse', 'ship', 'airplane']",airplane
43589,2,"['ship', 'cat', 'automobile', 'airplane']",cat
43590,5,"['frog', 'ship', 'airplane', 'automobile']",ship
43591,9,"['dog', 'frog', 'cat', 'airplane']",airplane
43592,0,"['horse', 'deer', 'frog', 'cat']",horse
43593,2,"['ship', 'cat', 'automobile', 'airplane']",cat
43594,6,"['automobile', 'horse', 'ship', 'airplane']",airplane
43595,4,"['cat', 'automobile', 'frog', 'airplane']",automobile
43596,9,"['dog', 'frog', 'cat', 'airplane']",airplane
43597,6,"['automobile', 'horse', 'ship', 'airplane']",airplane
43598,3,"['frog', 'ship', 'automobile', 'airplane']",ship
43599,5,"['frog', 'ship', 'airplane', 'automobile']",ship
43600,1,"['bird', 'dog', 'frog', 'cat', 'airplane']",airplane
43601,6,"['automobile', 'horse', 'ship', 'airplane']",airplane
43602,1,"['bird', 'dog', 'frog', 'cat', 'airplane']",airplane
43603,6,"['automobile', 'horse', 'ship', 'airplane']",ship
43604,9,"['dog', 'frog', 'cat', 'airplane']",airplane
43605,1,"['bird', 'dog', 'frog', 'cat', 'airplane']",airplane
43606,3,"['frog', 'ship', 'automobile', 'airplane']",ship
43607,2,"['ship', 'cat', 'automobile', 'airplane']",automobile
43608,1,"['bird', 'dog', 'frog', 'cat', 'airplane']",airplane
43609,1,"['bird', 'dog', 'frog', 'cat', 'airplane']",airplane
43610,0,"['horse', 'deer', 'frog', 'cat']",horse
43611,6,"['automobile', 'horse', 'ship', 'airplane']",airplane
43612,8,"['horse', 'airplane', 'cat', 'frog']",horse
43613,5,"['frog', 'ship', 'airplane', 'automobile']",ship
43614,9,"['dog', 'frog', 'cat', 'airplane']",airplane
43615,5,"['frog', 'ship', 'airplane', 'automobile']",ship
43616,9,"['dog', 'frog', 'cat', 'airplane']",airplane
43617,7,"['automobile', 'cat', 'airplane', 'frog']",airplane
43618,1,"['bird', 'dog', 'frog', 'cat', 'airplane']",airplane
43619,9,"['dog', 'frog', 'cat', 'airplane']",dog
43620,4,"['cat', 'automobile', 'frog', 'airplane']",automobile
43621,4,"['cat', 'automobile', 'frog', 'airplane']",automobile
43622,8,"['horse', 'airplane', 'cat', 'frog']",horse
43623,8,"['horse', 'airplane', 'cat', 'frog']",horse
43624,6,"['automobile', 'horse', 'ship', 'airplane']",airplane
43625,7,"['automobile', 'cat', 'airplane', 'frog']",cat
43626,3,"['frog', 'ship', 'automobile', 'airplane']",ship
43627,4,"['cat', 'automobile', 'frog', 'airplane']",automobile
43628,0,"['horse', 'deer', 'frog', 'cat']",horse
43629,7,"['automobile', 'cat', 'airplane', 'frog']",airplane
43630,3,"['frog', 'ship', 'automobile', 'airplane']",ship
43631,2,"['ship', 'cat', 'automobile', 'airplane']",cat
43632,4,"['cat', 'automobile', 'frog', 'airplane']",automobile
43633,3,"['frog', 'ship', 'automobile', 'airplane']",ship
43634,9,"['dog', 'frog', 'cat', 'airplane']",dog
43635,9,"['dog', 'frog', 'cat', 'airplane']",airplane
43636,1,"['bird', 'dog', 'frog', 'cat', 'airplane']",airplane
43637,4,"['cat', 'automobile', 'frog', 'airplane']",automobile
43638,1,"['bird', 'dog', 'frog', 'cat', 'airplane']",airplane
43639,0,"['horse', 'deer', 'frog', 'cat']",horse
43640,4,"['cat', 'automobile', 'frog', 'airplane']",automobile
43641,1,"['bird', 'dog', 'frog', 'cat', 'airplane']",airplane
43642,9,"['dog', 'frog', 'cat', 'airplane']",airplane
43643,7,"['automobile', 'cat', 'airplane', 'frog']",cat
43644,8,"['horse', 'airplane', 'cat', 'frog']",horse
43645,6,"['automobile', 'horse', 'ship', 'airplane']",airplane
43646,1,"['bird', 'dog', 'frog', 'cat', 'airplane']",airplane
43647,7,"['automobile', 'cat', 'airplane', 'frog']",cat
43648,9,"['dog', 'frog', 'cat', 'airplane']",airplane
43649,0,"['horse', 'deer', 'frog', 'cat']",horse
43650,4,"['cat', 'automobile', 'frog', 'airplane']",automobile
43651,5,"['frog', 'ship', 'airplane', 'automobile']",ship
43652,9,"['dog', 'frog', 'cat', 'airplane']",dog
43653,5,"['frog', 'ship', 'airplane', 'automobile']",ship
43654,5,"['frog', 'ship', 'airplane', 'automobile']",ship
43655,1,"['bird', 'dog', 'frog', 'cat', 'airplane']",airplane
43656,7,"['automobile', 'cat', 'airplane', 'frog']",cat
43657,0,"['horse', 'deer', 'frog', 'cat']",horse
43658,2,"['ship', 'cat', 'automobile', 'airplane']",cat
43659,0,"['horse', 'deer', 'frog', 'cat']",horse
43660,0,"['horse', 'deer', 'frog', 'cat']",horse
43661,6,"['automobile', 'horse', 'ship', 'airplane']",airplane
43662,8,"['horse', 'airplane', 'cat', 'frog']",horse
43663,6,"['automobile', 'horse', 'ship', 'airplane']",ship
43664,0,"['horse', 'deer', 'frog', 'cat']",horse
43665,2,"['ship', 'cat', 'automobile', 'airplane']",ship
43666,6,"['automobile', 'horse', 'ship', 'airplane']",airplane
43667,0,"['horse', 'deer', 'frog', 'cat']",horse
43668,1,"['bird', 'dog', 'frog', 'cat', 'airplane']",airplane
43669,1,"['bird', 'dog', 'frog', 'cat', 'airplane']",airplane
43670,0,"['horse', 'deer', 'frog', 'cat']",horse
43671,7,"['automobile', 'cat', 'airplane', 'frog']",airplane
43672,2,"['ship', 'cat', 'automobile', 'airplane']",ship
43673,9,"['dog', 'frog', 'cat', 'airplane']",dog
43674,8,"['horse', 'airplane', 'cat', 'frog']",horse
43675,8,"['horse', 'airplane', 'cat', 'frog']",horse
43676,6,"['automobile', 'horse', 'ship', 'airplane']",airplane
43677,7,"['automobile', 'cat', 'airplane', 'frog']",cat
43678,8,"['horse', 'airplane', 'cat', 'frog']",horse
43679,9,"['dog', 'frog', 'cat', 'airplane']",dog
43680,2,"['ship', 'cat', 'automobile', 'airplane']",automobile
43681,4,"['cat', 'automobile', 'frog', 'airplane']",automobile
43682,4,"['cat', 'automobile', 'frog', 'airplane']",automobile
43683,4,"['cat', 'automobile', 'frog', 'airplane']",automobile
43684,1,"['bird', 'dog', 'frog', 'cat', 'airplane']",airplane
43685,3,"['frog', 'ship', 'automobile', 'airplane']",ship
43686,5,"['frog', 'ship', 'airplane', 'automobile']",ship
43687,1,"['bird', 'dog', 'frog', 'cat', 'airplane']",airplane
43688,6,"['automobile', 'horse', 'ship', 'airplane']",ship
43689,9,"['dog', 'frog', 'cat', 'airplane']",airplane
43690,3,"['frog', 'ship', 'automobile', 'airplane']",ship
43691,6,"['automobile', 'horse', 'ship', 'airplane']",ship
43692,2,"['ship', 'cat', 'automobile', 'airplane']",cat
43693,5,"['frog', 'ship', 'airplane', 'automobile']",ship
43694,4,"['cat', 'automobile', 'frog', 'airplane']",automobile
43695,9,"['dog', 'frog', 'cat', 'airplane']",dog
43696,9,"['dog', 'frog', 'cat', 'airplane']",airplane
43697,6,"['automobile', 'horse', 'ship', 'airplane']",automobile
43698,0,"['horse', 'deer', 'frog', 'cat']",horse
43699,8,"['horse', 'airplane', 'cat', 'frog']",horse
43700,0,"['horse', 'deer', 'frog', 'cat']",horse
43701,3,"['frog', 'ship', 'automobile', 'airplane']",ship
43702,2,"['ship', 'cat', 'automobile', 'airplane']",cat
43703,5,"['frog', 'ship', 'airplane', 'automobile']",ship
43704,3,"['frog', 'ship', 'automobile', 'airplane']",ship
43705,8,"['horse', 'airplane', 'cat', 'frog']",horse
43706,7,"['automobile', 'cat', 'airplane', 'frog']",airplane
43707,3,"['frog', 'ship', 'automobile', 'airplane']",ship
43708,0,"['horse', 'deer', 'frog', 'cat']",horse
43709,0,"['horse', 'deer', 'frog', 'cat']",horse
43710,1,"['bird', 'dog', 'frog', 'cat', 'airplane']",airplane
43711,1,"['bird', 'dog', 'frog', 'cat', 'airplane']",airplane
43712,6,"['automobile', 'horse', 'ship', 'airplane']",airplane
43713,8,"['horse', 'airplane', 'cat', 'frog']",horse
43714,4,"['cat', 'automobile', 'frog', 'airplane']",automobile
43715,2,"['ship', 'cat', 'automobile', 'airplane']",automobile
43716,3,"['frog', 'ship', 'automobile', 'airplane']",ship
43717,7,"['automobile', 'cat', 'airplane', 'frog']",cat
43718,4,"['cat', 'automobile', 'frog', 'airplane']",automobile
43719,9,"['dog', 'frog', 'cat', 'airplane']",airplane
43720,3,"['frog', 'ship', 'automobile', 'airplane']",ship
43721,9,"['dog', 'frog', 'cat', 'airplane']",airplane
43722,3,"['frog', 'ship', 'automobile', 'airplane']",ship
43723,7,"['automobile', 'cat', 'airplane', 'frog']",cat
43724,7,"['automobile', 'cat', 'airplane', 'frog']",cat
43725,8,"['horse', 'airplane', 'cat', 'frog']",horse
43726,3,"['frog', 'ship', 'automobile', 'airplane']",ship
43727,0,"['horse', 'deer', 'frog', 'cat']",horse
43728,1,"['bird', 'dog', 'frog', 'cat', 'airplane']",airplane
43729,9,"['dog', 'frog', 'cat', 'airplane']",dog
43730,3,"['frog', 'ship', 'automobile', 'airplane']",ship
43731,0,"['horse', 'deer', 'frog', 'cat']",horse
43732,4,"['cat', 'automobile', 'frog', 'airplane']",automobile
43733,3,"['frog', 'ship', 'automobile', 'airplane']",ship
43734,6,"['automobile', 'horse', 'ship', 'airplane']",airplane
43735,3,"['frog', 'ship', 'automobile', 'airplane']",ship
43736,6,"['automobile', 'horse', 'ship', 'airplane']",airplane
43737,3,"['frog', 'ship', 'automobile', 'airplane']",ship
43738,2,"['ship', 'cat', 'automobile', 'airplane']",automobile
43739,9,"['dog', 'frog', 'cat', 'airplane']",airplane
43740,0,"['horse', 'deer', 'frog', 'cat']",horse
43741,4,"['cat', 'automobile', 'frog', 'airplane']",automobile
43742,3,"['frog', 'ship', 'automobile', 'airplane']",ship
43743,4,"['cat', 'automobile', 'frog', 'airplane']",automobile
43744,3,"['frog', 'ship', 'automobile', 'airplane']",ship
43745,2,"['ship', 'cat', 'automobile', 'airplane']",cat
43746,4,"['cat', 'automobile', 'frog', 'airplane']",automobile
43747,2,"['ship', 'cat', 'automobile', 'airplane']",cat
43748,7,"['automobile', 'cat', 'airplane', 'frog']",cat
43749,3,"['frog', 'ship', 'automobile', 'airplane']",ship
43750,0,"['horse', 'deer', 'frog', 'cat']",horse
43751,3,"['frog', 'ship', 'automobile', 'airplane']",ship
43752,3,"['frog', 'ship', 'automobile', 'airplane']",ship
43753,5,"['frog', 'ship', 'airplane', 'automobile']",ship
43754,0,"['horse', 'deer', 'frog', 'cat']",horse
43755,8,"['horse', 'airplane', 'cat', 'frog']",horse
43756,4,"['cat', 'automobile', 'frog', 'airplane']",automobile
43757,0,"['horse', 'deer', 'frog', 'cat']",horse
43758,4,"['cat', 'automobile', 'frog', 'airplane']",automobile
43759,5,"['frog', 'ship', 'airplane', 'automobile']",ship
43760,9,"['dog', 'frog', 'cat', 'airplane']",dog
43761,6,"['automobile', 'horse', 'ship', 'airplane']",airplane
43762,3,"['frog', 'ship', 'automobile', 'airplane']",frog
43763,2,"['ship', 'cat', 'automobile', 'airplane']",cat
43764,6,"['automobile', 'horse', 'ship', 'airplane']",airplane
43765,4,"['cat', 'automobile', 'frog', 'airplane']",automobile
43766,2,"['ship', 'cat', 'automobile', 'airplane']",automobile
43767,3,"['frog', 'ship', 'automobile', 'airplane']",ship
43768,7,"['automobile', 'cat', 'airplane', 'frog']",cat
43769,6,"['automobile', 'horse', 'ship', 'airplane']",airplane
43770,5,"['frog', 'ship', 'airplane', 'automobile']",ship
43771,0,"['horse', 'deer', 'frog', 'cat']",horse
43772,8,"['horse', 'airplane', 'cat', 'frog']",horse
43773,3,"['frog', 'ship', 'automobile', 'airplane']",ship
43774,7,"['automobile', 'cat', 'airplane', 'frog']",cat
43775,0,"['horse', 'deer', 'frog', 'cat']",horse
43776,3,"['frog', 'ship', 'automobile', 'airplane']",ship
43777,0,"['horse', 'deer', 'frog', 'cat']",horse
43778,4,"['cat', 'automobile', 'frog', 'airplane']",automobile
43779,3,"['frog', 'ship', 'automobile', 'airplane']",ship
43780,9,"['dog', 'frog', 'cat', 'airplane']",airplane
43781,2,"['ship', 'cat', 'automobile', 'airplane']",automobile
43782,7,"['automobile', 'cat', 'airplane', 'frog']",cat
43783,0,"['horse', 'deer', 'frog', 'cat']",horse
43784,3,"['frog', 'ship', 'automobile', 'airplane']",ship
43785,9,"['dog', 'frog', 'cat', 'airplane']",airplane
43786,1,"['bird', 'dog', 'frog', 'cat', 'airplane']",airplane
43787,9,"['dog', 'frog', 'cat', 'airplane']",airplane
43788,9,"['dog', 'frog', 'cat', 'airplane']",airplane
43789,1,"['bird', 'dog', 'frog', 'cat', 'airplane']",airplane
43790,5,"['frog', 'ship', 'airplane', 'automobile']",ship
43791,7,"['automobile', 'cat', 'airplane', 'frog']",cat
43792,7,"['automobile', 'cat', 'airplane', 'frog']",frog
43793,4,"['cat', 'automobile', 'frog', 'airplane']",automobile
43794,8,"['horse', 'airplane', 'cat', 'frog']",horse
43795,2,"['ship', 'cat', 'automobile', 'airplane']",automobile
43796,5,"['frog', 'ship', 'airplane', 'automobile']",ship
43797,1,"['bird', 'dog', 'frog', 'cat', 'airplane']",airplane
43798,5,"['frog', 'ship', 'airplane', 'automobile']",ship
43799,3,"['frog', 'ship', 'automobile', 'airplane']",ship
43800,3,"['frog', 'ship', 'automobile', 'airplane']",ship
43801,5,"['frog', 'ship', 'airplane', 'automobile']",ship
43802,9,"['dog', 'frog', 'cat', 'airplane']",airplane
43803,9,"['dog', 'frog', 'cat', 'airplane']",airplane
43804,1,"['bird', 'dog', 'frog', 'cat', 'airplane']",airplane
43805,8,"['horse', 'airplane', 'cat', 'frog']",horse
43806,1,"['bird', 'dog', 'frog', 'cat', 'airplane']",airplane
43807,8,"['horse', 'airplane', 'cat', 'frog']",horse
43808,4,"['cat', 'automobile', 'frog', 'airplane']",automobile
43809,5,"['frog', 'ship', 'airplane', 'automobile']",ship
43810,4,"['cat', 'automobile', 'frog', 'airplane']",automobile
43811,0,"['horse', 'deer', 'frog', 'cat']",horse
43812,3,"['frog', 'ship', 'automobile', 'airplane']",ship
43813,3,"['frog', 'ship', 'automobile', 'airplane']",ship
43814,0,"['horse', 'deer', 'frog', 'cat']",horse
43815,9,"['dog', 'frog', 'cat', 'airplane']",dog
43816,5,"['frog', 'ship', 'airplane', 'automobile']",ship
43817,8,"['horse', 'airplane', 'cat', 'frog']",horse
43818,1,"['bird', 'dog', 'frog', 'cat', 'airplane']",airplane
43819,5,"['frog', 'ship', 'airplane', 'automobile']",ship
43820,6,"['automobile', 'horse', 'ship', 'airplane']",airplane
43821,9,"['dog', 'frog', 'cat', 'airplane']",dog
43822,2,"['ship', 'cat', 'automobile', 'airplane']",cat
43823,2,"['ship', 'cat', 'automobile', 'airplane']",cat
43824,9,"['dog', 'frog', 'cat', 'airplane']",airplane
43825,1,"['bird', 'dog', 'frog', 'cat', 'airplane']",airplane
43826,2,"['ship', 'cat', 'automobile', 'airplane']",cat
43827,3,"['frog', 'ship', 'automobile', 'airplane']",ship
43828,0,"['horse', 'deer', 'frog', 'cat']",horse
43829,0,"['horse', 'deer', 'frog', 'cat']",horse
43830,7,"['automobile', 'cat', 'airplane', 'frog']",cat
43831,0,"['horse', 'deer', 'frog', 'cat']",horse
43832,3,"['frog', 'ship', 'automobile', 'airplane']",ship
43833,7,"['automobile', 'cat', 'airplane', 'frog']",cat
43834,4,"['cat', 'automobile', 'frog', 'airplane']",automobile
43835,4,"['cat', 'automobile', 'frog', 'airplane']",automobile
43836,3,"['frog', 'ship', 'automobile', 'airplane']",ship
43837,6,"['automobile', 'horse', 'ship', 'airplane']",airplane
43838,0,"['horse', 'deer', 'frog', 'cat']",horse
43839,9,"['dog', 'frog', 'cat', 'airplane']",dog
43840,5,"['frog', 'ship', 'airplane', 'automobile']",ship
43841,3,"['frog', 'ship', 'automobile', 'airplane']",ship
43842,5,"['frog', 'ship', 'airplane', 'automobile']",ship
43843,3,"['frog', 'ship', 'automobile', 'airplane']",ship
43844,7,"['automobile', 'cat', 'airplane', 'frog']",cat
43845,3,"['frog', 'ship', 'automobile', 'airplane']",ship
43846,8,"['horse', 'airplane', 'cat', 'frog']",horse
43847,1,"['bird', 'dog', 'frog', 'cat', 'airplane']",airplane
43848,7,"['automobile', 'cat', 'airplane', 'frog']",airplane
43849,0,"['horse', 'deer', 'frog', 'cat']",horse
43850,3,"['frog', 'ship', 'automobile', 'airplane']",ship
43851,5,"['frog', 'ship', 'airplane', 'automobile']",ship
43852,5,"['frog', 'ship', 'airplane', 'automobile']",ship
43853,1,"['bird', 'dog', 'frog', 'cat', 'airplane']",airplane
43854,1,"['bird', 'dog', 'frog', 'cat', 'airplane']",airplane
43855,8,"['horse', 'airplane', 'cat', 'frog']",horse
43856,2,"['ship', 'cat', 'automobile', 'airplane']",cat
43857,4,"['cat', 'automobile', 'frog', 'airplane']",automobile
43858,8,"['horse', 'airplane', 'cat', 'frog']",horse
43859,1,"['bird', 'dog', 'frog', 'cat', 'airplane']",airplane
43860,4,"['cat', 'automobile', 'frog', 'airplane']",automobile
43861,1,"['bird', 'dog', 'frog', 'cat', 'airplane']",airplane
43862,6,"['automobile', 'horse', 'ship', 'airplane']",airplane
43863,9,"['dog', 'frog', 'cat', 'airplane']",airplane
43864,6,"['automobile', 'horse', 'ship', 'airplane']",ship
43865,1,"['bird', 'dog', 'frog', 'cat', 'airplane']",airplane
43866,5,"['frog', 'ship', 'airplane', 'automobile']",ship
43867,0,"['horse', 'deer', 'frog', 'cat']",horse
43868,5,"['frog', 'ship', 'airplane', 'automobile']",ship
43869,6,"['automobile', 'horse', 'ship', 'airplane']",airplane
43870,4,"['cat', 'automobile', 'frog', 'airplane']",automobile
43871,6,"['automobile', 'horse', 'ship', 'airplane']",airplane
43872,8,"['horse', 'airplane', 'cat', 'frog']",horse
43873,2,"['ship', 'cat', 'automobile', 'airplane']",cat
43874,4,"['cat', 'automobile', 'frog', 'airplane']",automobile
43875,0,"['horse', 'deer', 'frog', 'cat']",horse
43876,7,"['automobile', 'cat', 'airplane', 'frog']",airplane
43877,3,"['frog', 'ship', 'automobile', 'airplane']",ship
43878,5,"['frog', 'ship', 'airplane', 'automobile']",ship
43879,5,"['frog', 'ship', 'airplane', 'automobile']",ship
43880,6,"['automobile', 'horse', 'ship', 'airplane']",airplane
43881,5,"['frog', 'ship', 'airplane', 'automobile']",ship
43882,9,"['dog', 'frog', 'cat', 'airplane']",airplane
43883,8,"['horse', 'airplane', 'cat', 'frog']",horse
43884,7,"['automobile', 'cat', 'airplane', 'frog']",cat
43885,4,"['cat', 'automobile', 'frog', 'airplane']",automobile
43886,5,"['frog', 'ship', 'airplane', 'automobile']",ship
43887,6,"['automobile', 'horse', 'ship', 'airplane']",airplane
43888,6,"['automobile', 'horse', 'ship', 'airplane']",automobile
43889,8,"['horse', 'airplane', 'cat', 'frog']",frog
43890,5,"['frog', 'ship', 'airplane', 'automobile']",ship
43891,1,"['bird', 'dog', 'frog', 'cat', 'airplane']",airplane
43892,7,"['automobile', 'cat', 'airplane', 'frog']",cat
43893,1,"['bird', 'dog', 'frog', 'cat', 'airplane']",airplane
43894,7,"['automobile', 'cat', 'airplane', 'frog']",airplane
43895,8,"['horse', 'airplane', 'cat', 'frog']",horse
43896,7,"['automobile', 'cat', 'airplane', 'frog']",cat
43897,4,"['cat', 'automobile', 'frog', 'airplane']",automobile
43898,2,"['ship', 'cat', 'automobile', 'airplane']",automobile
43899,8,"['horse', 'airplane', 'cat', 'frog']",horse
43900,9,"['dog', 'frog', 'cat', 'airplane']",dog
43901,9,"['dog', 'frog', 'cat', 'airplane']",dog
43902,7,"['automobile', 'cat', 'airplane', 'frog']",cat
43903,9,"['dog', 'frog', 'cat', 'airplane']",dog
43904,2,"['ship', 'cat', 'automobile', 'airplane']",cat
43905,6,"['automobile', 'horse', 'ship', 'airplane']",airplane
43906,7,"['automobile', 'cat', 'airplane', 'frog']",cat
43907,0,"['horse', 'deer', 'frog', 'cat']",horse
43908,1,"['bird', 'dog', 'frog', 'cat', 'airplane']",airplane
43909,0,"['horse', 'deer', 'frog', 'cat']",horse
43910,9,"['dog', 'frog', 'cat', 'airplane']",airplane
43911,1,"['bird', 'dog', 'frog', 'cat', 'airplane']",airplane
43912,6,"['automobile', 'horse', 'ship', 'airplane']",airplane
43913,8,"['horse', 'airplane', 'cat', 'frog']",horse
43914,4,"['cat', 'automobile', 'frog', 'airplane']",automobile
43915,7,"['automobile', 'cat', 'airplane', 'frog']",airplane
43916,8,"['horse', 'airplane', 'cat', 'frog']",horse
43917,6,"['automobile', 'horse', 'ship', 'airplane']",airplane
43918,1,"['bird', 'dog', 'frog', 'cat', 'airplane']",airplane
43919,7,"['automobile', 'cat', 'airplane', 'frog']",cat
43920,5,"['frog', 'ship', 'airplane', 'automobile']",ship
43921,9,"['dog', 'frog', 'cat', 'airplane']",airplane
43922,3,"['frog', 'ship', 'automobile', 'airplane']",ship
43923,4,"['cat', 'automobile', 'frog', 'airplane']",automobile
43924,0,"['horse', 'deer', 'frog', 'cat']",horse
43925,4,"['cat', 'automobile', 'frog', 'airplane']",automobile
43926,4,"['cat', 'automobile', 'frog', 'airplane']",automobile
43927,4,"['cat', 'automobile', 'frog', 'airplane']",automobile
43928,4,"['cat', 'automobile', 'frog', 'airplane']",automobile
43929,7,"['automobile', 'cat', 'airplane', 'frog']",cat
43930,2,"['ship', 'cat', 'automobile', 'airplane']",cat
43931,7,"['automobile', 'cat', 'airplane', 'frog']",frog
43932,1,"['bird', 'dog', 'frog', 'cat', 'airplane']",airplane
43933,6,"['automobile', 'horse', 'ship', 'airplane']",airplane
43934,4,"['cat', 'automobile', 'frog', 'airplane']",automobile
43935,1,"['bird', 'dog', 'frog', 'cat', 'airplane']",airplane
43936,7,"['automobile', 'cat', 'airplane', 'frog']",cat
43937,6,"['automobile', 'horse', 'ship', 'airplane']",airplane
43938,9,"['dog', 'frog', 'cat', 'airplane']",airplane
43939,8,"['horse', 'airplane', 'cat', 'frog']",horse
43940,7,"['automobile', 'cat', 'airplane', 'frog']",frog
43941,7,"['automobile', 'cat', 'airplane', 'frog']",frog
43942,9,"['dog', 'frog', 'cat', 'airplane']",airplane
43943,9,"['dog', 'frog', 'cat', 'airplane']",airplane
43944,0,"['horse', 'deer', 'frog', 'cat']",horse
43945,0,"['horse', 'deer', 'frog', 'cat']",horse
43946,9,"['dog', 'frog', 'cat', 'airplane']",airplane
43947,0,"['horse', 'deer', 'frog', 'cat']",horse
43948,1,"['bird', 'dog', 'frog', 'cat', 'airplane']",airplane
43949,0,"['horse', 'deer', 'frog', 'cat']",horse
43950,4,"['cat', 'automobile', 'frog', 'airplane']",automobile
43951,0,"['horse', 'deer', 'frog', 'cat']",horse
43952,7,"['automobile', 'cat', 'airplane', 'frog']",cat
43953,3,"['frog', 'ship', 'automobile', 'airplane']",ship
43954,1,"['bird', 'dog', 'frog', 'cat', 'airplane']",airplane
43955,3,"['frog', 'ship', 'automobile', 'airplane']",ship
43956,5,"['frog', 'ship', 'airplane', 'automobile']",ship
43957,4,"['cat', 'automobile', 'frog', 'airplane']",airplane
43958,6,"['automobile', 'horse', 'ship', 'airplane']",ship
43959,2,"['ship', 'cat', 'automobile', 'airplane']",cat
43960,9,"['dog', 'frog', 'cat', 'airplane']",airplane
43961,2,"['ship', 'cat', 'automobile', 'airplane']",automobile
43962,5,"['frog', 'ship', 'airplane', 'automobile']",ship
43963,0,"['horse', 'deer', 'frog', 'cat']",horse
43964,7,"['automobile', 'cat', 'airplane', 'frog']",cat
43965,0,"['horse', 'deer', 'frog', 'cat']",horse
43966,2,"['ship', 'cat', 'automobile', 'airplane']",cat
43967,0,"['horse', 'deer', 'frog', 'cat']",horse
43968,3,"['frog', 'ship', 'automobile', 'airplane']",frog
43969,1,"['bird', 'dog', 'frog', 'cat', 'airplane']",airplane
43970,2,"['ship', 'cat', 'automobile', 'airplane']",cat
43971,3,"['frog', 'ship', 'automobile', 'airplane']",frog
43972,1,"['bird', 'dog', 'frog', 'cat', 'airplane']",airplane
43973,6,"['automobile', 'horse', 'ship', 'airplane']",ship
43974,4,"['cat', 'automobile', 'frog', 'airplane']",automobile
43975,4,"['cat', 'automobile', 'frog', 'airplane']",automobile
43976,1,"['bird', 'dog', 'frog', 'cat', 'airplane']",airplane
43977,6,"['automobile', 'horse', 'ship', 'airplane']",horse
43978,3,"['frog', 'ship', 'automobile', 'airplane']",ship
43979,5,"['frog', 'ship', 'airplane', 'automobile']",ship
43980,0,"['horse', 'deer', 'frog', 'cat']",horse
43981,3,"['frog', 'ship', 'automobile', 'airplane']",ship
43982,8,"['horse', 'airplane', 'cat', 'frog']",horse
43983,4,"['cat', 'automobile', 'frog', 'airplane']",automobile
43984,1,"['bird', 'dog', 'frog', 'cat', 'airplane']",airplane
43985,8,"['horse', 'airplane', 'cat', 'frog']",horse
43986,6,"['automobile', 'horse', 'ship', 'airplane']",airplane
43987,2,"['ship', 'cat', 'automobile', 'airplane']",cat
43988,1,"['bird', 'dog', 'frog', 'cat', 'airplane']",airplane
43989,0,"['horse', 'deer', 'frog', 'cat']",horse
43990,2,"['ship', 'cat', 'automobile', 'airplane']",cat
43991,5,"['frog', 'ship', 'airplane', 'automobile']",ship
43992,0,"['horse', 'deer', 'frog', 'cat']",horse
43993,0,"['horse', 'deer', 'frog', 'cat']",horse
43994,5,"['frog', 'ship', 'airplane', 'automobile']",ship
43995,6,"['automobile', 'horse', 'ship', 'airplane']",airplane
43996,0,"['horse', 'deer', 'frog', 'cat']",horse
43997,9,"['dog', 'frog', 'cat', 'airplane']",dog
43998,0,"['horse', 'deer', 'frog', 'cat']",horse
43999,5,"['frog', 'ship', 'airplane', 'automobile']",ship
44000,7,"['automobile', 'cat', 'airplane', 'frog']",airplane
44001,0,"['horse', 'deer', 'frog', 'cat']",horse
44002,4,"['cat', 'automobile', 'frog', 'airplane']",automobile
44003,4,"['cat', 'automobile', 'frog', 'airplane']",automobile
44004,1,"['bird', 'dog', 'frog', 'cat', 'airplane']",airplane
44005,2,"['ship', 'cat', 'automobile', 'airplane']",automobile
44006,7,"['automobile', 'cat', 'airplane', 'frog']",airplane
44007,4,"['cat', 'automobile', 'frog', 'airplane']",automobile
44008,2,"['ship', 'cat', 'automobile', 'airplane']",cat
44009,9,"['dog', 'frog', 'cat', 'airplane']",airplane
44010,9,"['dog', 'frog', 'cat', 'airplane']",airplane
44011,6,"['automobile', 'horse', 'ship', 'airplane']",airplane
44012,6,"['automobile', 'horse', 'ship', 'airplane']",horse
44013,9,"['dog', 'frog', 'cat', 'airplane']",airplane
44014,6,"['automobile', 'horse', 'ship', 'airplane']",airplane
44015,6,"['automobile', 'horse', 'ship', 'airplane']",airplane
44016,7,"['automobile', 'cat', 'airplane', 'frog']",cat
44017,0,"['horse', 'deer', 'frog', 'cat']",horse
44018,6,"['automobile', 'horse', 'ship', 'airplane']",airplane
44019,1,"['bird', 'dog', 'frog', 'cat', 'airplane']",airplane
44020,3,"['frog', 'ship', 'automobile', 'airplane']",ship
44021,5,"['frog', 'ship', 'airplane', 'automobile']",ship
44022,8,"['horse', 'airplane', 'cat', 'frog']",horse
44023,6,"['automobile', 'horse', 'ship', 'airplane']",airplane
44024,5,"['frog', 'ship', 'airplane', 'automobile']",ship
44025,7,"['automobile', 'cat', 'airplane', 'frog']",airplane
44026,1,"['bird', 'dog', 'frog', 'cat', 'airplane']",airplane
44027,0,"['horse', 'deer', 'frog', 'cat']",horse
44028,6,"['automobile', 'horse', 'ship', 'airplane']",automobile
44029,3,"['frog', 'ship', 'automobile', 'airplane']",ship
44030,1,"['bird', 'dog', 'frog', 'cat', 'airplane']",airplane
44031,0,"['horse', 'deer', 'frog', 'cat']",horse
44032,4,"['cat', 'automobile', 'frog', 'airplane']",automobile
44033,5,"['frog', 'ship', 'airplane', 'automobile']",ship
44034,1,"['bird', 'dog', 'frog', 'cat', 'airplane']",airplane
44035,0,"['horse', 'deer', 'frog', 'cat']",horse
44036,9,"['dog', 'frog', 'cat', 'airplane']",airplane
44037,0,"['horse', 'deer', 'frog', 'cat']",horse
44038,2,"['ship', 'cat', 'automobile', 'airplane']",automobile
44039,3,"['frog', 'ship', 'automobile', 'airplane']",ship
44040,4,"['cat', 'automobile', 'frog', 'airplane']",automobile
44041,6,"['automobile', 'horse', 'ship', 'airplane']",airplane
44042,7,"['automobile', 'cat', 'airplane', 'frog']",cat
44043,8,"['horse', 'airplane', 'cat', 'frog']",horse
44044,4,"['cat', 'automobile', 'frog', 'airplane']",automobile
44045,0,"['horse', 'deer', 'frog', 'cat']",horse
44046,5,"['frog', 'ship', 'airplane', 'automobile']",ship
44047,3,"['frog', 'ship', 'automobile', 'airplane']",ship
44048,2,"['ship', 'cat', 'automobile', 'airplane']",cat
44049,7,"['automobile', 'cat', 'airplane', 'frog']",frog
44050,9,"['dog', 'frog', 'cat', 'airplane']",airplane
44051,1,"['bird', 'dog', 'frog', 'cat', 'airplane']",airplane
44052,9,"['dog', 'frog', 'cat', 'airplane']",dog
44053,2,"['ship', 'cat', 'automobile', 'airplane']",cat
44054,8,"['horse', 'airplane', 'cat', 'frog']",horse
44055,6,"['automobile', 'horse', 'ship', 'airplane']",horse
44056,9,"['dog', 'frog', 'cat', 'airplane']",airplane
44057,8,"['horse', 'airplane', 'cat', 'frog']",horse
44058,9,"['dog', 'frog', 'cat', 'airplane']",airplane
44059,8,"['horse', 'airplane', 'cat', 'frog']",horse
44060,8,"['horse', 'airplane', 'cat', 'frog']",horse
44061,4,"['cat', 'automobile', 'frog', 'airplane']",automobile
44062,6,"['automobile', 'horse', 'ship', 'airplane']",automobile
44063,7,"['automobile', 'cat', 'airplane', 'frog']",cat
44064,7,"['automobile', 'cat', 'airplane', 'frog']",cat
44065,9,"['dog', 'frog', 'cat', 'airplane']",airplane
44066,9,"['dog', 'frog', 'cat', 'airplane']",dog
44067,0,"['horse', 'deer', 'frog', 'cat']",horse
44068,6,"['automobile', 'horse', 'ship', 'airplane']",airplane
44069,6,"['automobile', 'horse', 'ship', 'airplane']",airplane
44070,2,"['ship', 'cat', 'automobile', 'airplane']",cat
44071,4,"['cat', 'automobile', 'frog', 'airplane']",airplane
44072,9,"['dog', 'frog', 'cat', 'airplane']",airplane
44073,6,"['automobile', 'horse', 'ship', 'airplane']",airplane
44074,0,"['horse', 'deer', 'frog', 'cat']",horse
44075,2,"['ship', 'cat', 'automobile', 'airplane']",cat
44076,7,"['automobile', 'cat', 'airplane', 'frog']",cat
44077,6,"['automobile', 'horse', 'ship', 'airplane']",airplane
44078,6,"['automobile', 'horse', 'ship', 'airplane']",horse
44079,4,"['cat', 'automobile', 'frog', 'airplane']",automobile
44080,1,"['bird', 'dog', 'frog', 'cat', 'airplane']",airplane
44081,7,"['automobile', 'cat', 'airplane', 'frog']",cat
44082,0,"['horse', 'deer', 'frog', 'cat']",horse
44083,8,"['horse', 'airplane', 'cat', 'frog']",horse
44084,3,"['frog', 'ship', 'automobile', 'airplane']",ship
44085,5,"['frog', 'ship', 'airplane', 'automobile']",ship
44086,7,"['automobile', 'cat', 'airplane', 'frog']",cat
44087,5,"['frog', 'ship', 'airplane', 'automobile']",ship
44088,9,"['dog', 'frog', 'cat', 'airplane']",dog
44089,5,"['frog', 'ship', 'airplane', 'automobile']",ship
44090,2,"['ship', 'cat', 'automobile', 'airplane']",cat
44091,7,"['automobile', 'cat', 'airplane', 'frog']",cat
44092,8,"['horse', 'airplane', 'cat', 'frog']",horse
44093,3,"['frog', 'ship', 'automobile', 'airplane']",ship
44094,5,"['frog', 'ship', 'airplane', 'automobile']",ship
44095,4,"['cat', 'automobile', 'frog', 'airplane']",automobile
44096,6,"['automobile', 'horse', 'ship', 'airplane']",automobile
44097,1,"['bird', 'dog', 'frog', 'cat', 'airplane']",airplane
44098,7,"['automobile', 'cat', 'airplane', 'frog']",cat
44099,6,"['automobile', 'horse', 'ship', 'airplane']",airplane
44100,8,"['horse', 'airplane', 'cat', 'frog']",horse
44101,7,"['automobile', 'cat', 'airplane', 'frog']",cat
44102,1,"['bird', 'dog', 'frog', 'cat', 'airplane']",airplane
44103,3,"['frog', 'ship', 'automobile', 'airplane']",ship
44104,5,"['frog', 'ship', 'airplane', 'automobile']",ship
44105,7,"['automobile', 'cat', 'airplane', 'frog']",cat
44106,5,"['frog', 'ship', 'airplane', 'automobile']",ship
44107,1,"['bird', 'dog', 'frog', 'cat', 'airplane']",airplane
44108,3,"['frog', 'ship', 'automobile', 'airplane']",ship
44109,1,"['bird', 'dog', 'frog', 'cat', 'airplane']",airplane
44110,3,"['frog', 'ship', 'automobile', 'airplane']",ship
44111,7,"['automobile', 'cat', 'airplane', 'frog']",cat
44112,5,"['frog', 'ship', 'airplane', 'automobile']",ship
44113,2,"['ship', 'cat', 'automobile', 'airplane']",cat
44114,8,"['horse', 'airplane', 'cat', 'frog']",cat
44115,7,"['automobile', 'cat', 'airplane', 'frog']",cat
44116,0,"['horse', 'deer', 'frog', 'cat']",horse
44117,1,"['bird', 'dog', 'frog', 'cat', 'airplane']",airplane
44118,5,"['frog', 'ship', 'airplane', 'automobile']",ship
44119,5,"['frog', 'ship', 'airplane', 'automobile']",ship
44120,3,"['frog', 'ship', 'automobile', 'airplane']",ship
44121,2,"['ship', 'cat', 'automobile', 'airplane']",automobile
44122,0,"['horse', 'deer', 'frog', 'cat']",horse
44123,7,"['automobile', 'cat', 'airplane', 'frog']",cat
44124,3,"['frog', 'ship', 'automobile', 'airplane']",ship
44125,4,"['cat', 'automobile', 'frog', 'airplane']",automobile
44126,0,"['horse', 'deer', 'frog', 'cat']",horse
44127,3,"['frog', 'ship', 'automobile', 'airplane']",frog
44128,6,"['automobile', 'horse', 'ship', 'airplane']",horse
44129,8,"['horse', 'airplane', 'cat', 'frog']",horse
44130,7,"['automobile', 'cat', 'airplane', 'frog']",cat
44131,6,"['automobile', 'horse', 'ship', 'airplane']",airplane
44132,9,"['dog', 'frog', 'cat', 'airplane']",airplane
44133,7,"['automobile', 'cat', 'airplane', 'frog']",cat
44134,1,"['bird', 'dog', 'frog', 'cat', 'airplane']",airplane
44135,7,"['automobile', 'cat', 'airplane', 'frog']",cat
44136,0,"['horse', 'deer', 'frog', 'cat']",horse
44137,8,"['horse', 'airplane', 'cat', 'frog']",horse
44138,1,"['bird', 'dog', 'frog', 'cat', 'airplane']",airplane
44139,3,"['frog', 'ship', 'automobile', 'airplane']",ship
44140,2,"['ship', 'cat', 'automobile', 'airplane']",cat
44141,0,"['horse', 'deer', 'frog', 'cat']",horse
44142,3,"['frog', 'ship', 'automobile', 'airplane']",ship
44143,0,"['horse', 'deer', 'frog', 'cat']",horse
44144,3,"['frog', 'ship', 'automobile', 'airplane']",ship
44145,0,"['horse', 'deer', 'frog', 'cat']",horse
44146,1,"['bird', 'dog', 'frog', 'cat', 'airplane']",airplane
44147,4,"['cat', 'automobile', 'frog', 'airplane']",automobile
44148,0,"['horse', 'deer', 'frog', 'cat']",horse
44149,0,"['horse', 'deer', 'frog', 'cat']",horse
44150,5,"['frog', 'ship', 'airplane', 'automobile']",ship
44151,7,"['automobile', 'cat', 'airplane', 'frog']",cat
44152,3,"['frog', 'ship', 'automobile', 'airplane']",ship
44153,3,"['frog', 'ship', 'automobile', 'airplane']",ship
44154,5,"['frog', 'ship', 'airplane', 'automobile']",ship
44155,9,"['dog', 'frog', 'cat', 'airplane']",airplane
44156,8,"['horse', 'airplane', 'cat', 'frog']",horse
44157,9,"['dog', 'frog', 'cat', 'airplane']",dog
44158,1,"['bird', 'dog', 'frog', 'cat', 'airplane']",airplane
44159,2,"['ship', 'cat', 'automobile', 'airplane']",cat
44160,5,"['frog', 'ship', 'airplane', 'automobile']",ship
44161,2,"['ship', 'cat', 'automobile', 'airplane']",cat
44162,4,"['cat', 'automobile', 'frog', 'airplane']",automobile
44163,6,"['automobile', 'horse', 'ship', 'airplane']",airplane
44164,5,"['frog', 'ship', 'airplane', 'automobile']",ship
44165,0,"['horse', 'deer', 'frog', 'cat']",horse
44166,7,"['automobile', 'cat', 'airplane', 'frog']",cat
44167,0,"['horse', 'deer', 'frog', 'cat']",horse
44168,1,"['bird', 'dog', 'frog', 'cat', 'airplane']",airplane
44169,7,"['automobile', 'cat', 'airplane', 'frog']",cat
44170,0,"['horse', 'deer', 'frog', 'cat']",horse
44171,4,"['cat', 'automobile', 'frog', 'airplane']",automobile
44172,4,"['cat', 'automobile', 'frog', 'airplane']",automobile
44173,3,"['frog', 'ship', 'automobile', 'airplane']",ship
44174,2,"['ship', 'cat', 'automobile', 'airplane']",cat
44175,0,"['horse', 'deer', 'frog', 'cat']",horse
44176,0,"['horse', 'deer', 'frog', 'cat']",horse
44177,2,"['ship', 'cat', 'automobile', 'airplane']",cat
44178,0,"['horse', 'deer', 'frog', 'cat']",horse
44179,5,"['frog', 'ship', 'airplane', 'automobile']",ship
44180,8,"['horse', 'airplane', 'cat', 'frog']",horse
44181,2,"['ship', 'cat', 'automobile', 'airplane']",cat
44182,9,"['dog', 'frog', 'cat', 'airplane']",airplane
44183,1,"['bird', 'dog', 'frog', 'cat', 'airplane']",airplane
44184,6,"['automobile', 'horse', 'ship', 'airplane']",automobile
44185,1,"['bird', 'dog', 'frog', 'cat', 'airplane']",airplane
44186,2,"['ship', 'cat', 'automobile', 'airplane']",cat
44187,6,"['automobile', 'horse', 'ship', 'airplane']",airplane
44188,9,"['dog', 'frog', 'cat', 'airplane']",airplane
44189,5,"['frog', 'ship', 'airplane', 'automobile']",ship
44190,9,"['dog', 'frog', 'cat', 'airplane']",dog
44191,3,"['frog', 'ship', 'automobile', 'airplane']",ship
44192,3,"['frog', 'ship', 'automobile', 'airplane']",ship
44193,2,"['ship', 'cat', 'automobile', 'airplane']",cat
44194,6,"['automobile', 'horse', 'ship', 'airplane']",horse
44195,2,"['ship', 'cat', 'automobile', 'airplane']",automobile
44196,5,"['frog', 'ship', 'airplane', 'automobile']",ship
44197,3,"['frog', 'ship', 'automobile', 'airplane']",ship
44198,1,"['bird', 'dog', 'frog', 'cat', 'airplane']",airplane
44199,8,"['horse', 'airplane', 'cat', 'frog']",horse
44200,4,"['cat', 'automobile', 'frog', 'airplane']",automobile
44201,9,"['dog', 'frog', 'cat', 'airplane']",dog
44202,4,"['cat', 'automobile', 'frog', 'airplane']",automobile
44203,2,"['ship', 'cat', 'automobile', 'airplane']",cat
44204,1,"['bird', 'dog', 'frog', 'cat', 'airplane']",airplane
44205,8,"['horse', 'airplane', 'cat', 'frog']",horse
44206,9,"['dog', 'frog', 'cat', 'airplane']",dog
44207,2,"['ship', 'cat', 'automobile', 'airplane']",cat
44208,2,"['ship', 'cat', 'automobile', 'airplane']",automobile
44209,6,"['automobile', 'horse', 'ship', 'airplane']",airplane
44210,1,"['bird', 'dog', 'frog', 'cat', 'airplane']",airplane
44211,5,"['frog', 'ship', 'airplane', 'automobile']",ship
44212,9,"['dog', 'frog', 'cat', 'airplane']",airplane
44213,8,"['horse', 'airplane', 'cat', 'frog']",horse
44214,5,"['frog', 'ship', 'airplane', 'automobile']",ship
44215,4,"['cat', 'automobile', 'frog', 'airplane']",automobile
44216,2,"['ship', 'cat', 'automobile', 'airplane']",cat
44217,1,"['bird', 'dog', 'frog', 'cat', 'airplane']",airplane
44218,2,"['ship', 'cat', 'automobile', 'airplane']",ship
44219,3,"['frog', 'ship', 'automobile', 'airplane']",ship
44220,1,"['bird', 'dog', 'frog', 'cat', 'airplane']",airplane
44221,7,"['automobile', 'cat', 'airplane', 'frog']",cat
44222,7,"['automobile', 'cat', 'airplane', 'frog']",cat
44223,5,"['frog', 'ship', 'airplane', 'automobile']",ship
44224,6,"['automobile', 'horse', 'ship', 'airplane']",airplane
44225,1,"['bird', 'dog', 'frog', 'cat', 'airplane']",airplane
44226,3,"['frog', 'ship', 'automobile', 'airplane']",ship
44227,5,"['frog', 'ship', 'airplane', 'automobile']",ship
44228,7,"['automobile', 'cat', 'airplane', 'frog']",cat
44229,5,"['frog', 'ship', 'airplane', 'automobile']",ship
44230,2,"['ship', 'cat', 'automobile', 'airplane']",cat
44231,1,"['bird', 'dog', 'frog', 'cat', 'airplane']",airplane
44232,3,"['frog', 'ship', 'automobile', 'airplane']",ship
44233,3,"['frog', 'ship', 'automobile', 'airplane']",ship
44234,3,"['frog', 'ship', 'automobile', 'airplane']",ship
44235,1,"['bird', 'dog', 'frog', 'cat', 'airplane']",airplane
44236,8,"['horse', 'airplane', 'cat', 'frog']",horse
44237,5,"['frog', 'ship', 'airplane', 'automobile']",ship
44238,2,"['ship', 'cat', 'automobile', 'airplane']",automobile
44239,6,"['automobile', 'horse', 'ship', 'airplane']",airplane
44240,9,"['dog', 'frog', 'cat', 'airplane']",airplane
44241,2,"['ship', 'cat', 'automobile', 'airplane']",automobile
44242,9,"['dog', 'frog', 'cat', 'airplane']",dog
44243,0,"['horse', 'deer', 'frog', 'cat']",horse
44244,6,"['automobile', 'horse', 'ship', 'airplane']",airplane
44245,0,"['horse', 'deer', 'frog', 'cat']",horse
44246,1,"['bird', 'dog', 'frog', 'cat', 'airplane']",airplane
44247,9,"['dog', 'frog', 'cat', 'airplane']",dog
44248,6,"['automobile', 'horse', 'ship', 'airplane']",airplane
44249,7,"['automobile', 'cat', 'airplane', 'frog']",cat
44250,6,"['automobile', 'horse', 'ship', 'airplane']",ship
44251,6,"['automobile', 'horse', 'ship', 'airplane']",airplane
44252,3,"['frog', 'ship', 'automobile', 'airplane']",ship
44253,2,"['ship', 'cat', 'automobile', 'airplane']",cat
44254,4,"['cat', 'automobile', 'frog', 'airplane']",automobile
44255,6,"['automobile', 'horse', 'ship', 'airplane']",airplane
44256,2,"['ship', 'cat', 'automobile', 'airplane']",ship
44257,0,"['horse', 'deer', 'frog', 'cat']",horse
44258,6,"['automobile', 'horse', 'ship', 'airplane']",airplane
44259,6,"['automobile', 'horse', 'ship', 'airplane']",airplane
44260,5,"['frog', 'ship', 'airplane', 'automobile']",ship
44261,7,"['automobile', 'cat', 'airplane', 'frog']",cat
44262,7,"['automobile', 'cat', 'airplane', 'frog']",cat
44263,3,"['frog', 'ship', 'automobile', 'airplane']",ship
44264,9,"['dog', 'frog', 'cat', 'airplane']",airplane
44265,5,"['frog', 'ship', 'airplane', 'automobile']",ship
44266,1,"['bird', 'dog', 'frog', 'cat', 'airplane']",airplane
44267,3,"['frog', 'ship', 'automobile', 'airplane']",ship
44268,5,"['frog', 'ship', 'airplane', 'automobile']",ship
44269,1,"['bird', 'dog', 'frog', 'cat', 'airplane']",airplane
44270,4,"['cat', 'automobile', 'frog', 'airplane']",automobile
44271,8,"['horse', 'airplane', 'cat', 'frog']",horse
44272,1,"['bird', 'dog', 'frog', 'cat', 'airplane']",airplane
44273,1,"['bird', 'dog', 'frog', 'cat', 'airplane']",airplane
44274,6,"['automobile', 'horse', 'ship', 'airplane']",airplane
44275,0,"['horse', 'deer', 'frog', 'cat']",horse
44276,3,"['frog', 'ship', 'automobile', 'airplane']",ship
44277,2,"['ship', 'cat', 'automobile', 'airplane']",cat
44278,7,"['automobile', 'cat', 'airplane', 'frog']",airplane
44279,2,"['ship', 'cat', 'automobile', 'airplane']",cat
44280,9,"['dog', 'frog', 'cat', 'airplane']",airplane
44281,1,"['bird', 'dog', 'frog', 'cat', 'airplane']",airplane
44282,1,"['bird', 'dog', 'frog', 'cat', 'airplane']",airplane
44283,4,"['cat', 'automobile', 'frog', 'airplane']",automobile
44284,5,"['frog', 'ship', 'airplane', 'automobile']",ship
44285,8,"['horse', 'airplane', 'cat', 'frog']",horse
44286,7,"['automobile', 'cat', 'airplane', 'frog']",airplane
44287,9,"['dog', 'frog', 'cat', 'airplane']",dog
44288,2,"['ship', 'cat', 'automobile', 'airplane']",cat
44289,9,"['dog', 'frog', 'cat', 'airplane']",airplane
44290,5,"['frog', 'ship', 'airplane', 'automobile']",ship
44291,4,"['cat', 'automobile', 'frog', 'airplane']",automobile
44292,7,"['automobile', 'cat', 'airplane', 'frog']",cat
44293,5,"['frog', 'ship', 'airplane', 'automobile']",ship
44294,0,"['horse', 'deer', 'frog', 'cat']",horse
44295,7,"['automobile', 'cat', 'airplane', 'frog']",automobile
44296,0,"['horse', 'deer', 'frog', 'cat']",frog
44297,7,"['automobile', 'cat', 'airplane', 'frog']",airplane
44298,0,"['horse', 'deer', 'frog', 'cat']",horse
44299,0,"['horse', 'deer', 'frog', 'cat']",horse
44300,5,"['frog', 'ship', 'airplane', 'automobile']",ship
44301,5,"['frog', 'ship', 'airplane', 'automobile']",ship
44302,2,"['ship', 'cat', 'automobile', 'airplane']",automobile
44303,0,"['horse', 'deer', 'frog', 'cat']",horse
44304,8,"['horse', 'airplane', 'cat', 'frog']",horse
44305,2,"['ship', 'cat', 'automobile', 'airplane']",cat
44306,5,"['frog', 'ship', 'airplane', 'automobile']",ship
44307,0,"['horse', 'deer', 'frog', 'cat']",horse
44308,1,"['bird', 'dog', 'frog', 'cat', 'airplane']",airplane
44309,1,"['bird', 'dog', 'frog', 'cat', 'airplane']",airplane
44310,8,"['horse', 'airplane', 'cat', 'frog']",horse
44311,1,"['bird', 'dog', 'frog', 'cat', 'airplane']",airplane
44312,5,"['frog', 'ship', 'airplane', 'automobile']",ship
44313,3,"['frog', 'ship', 'automobile', 'airplane']",frog
44314,6,"['automobile', 'horse', 'ship', 'airplane']",ship
44315,9,"['dog', 'frog', 'cat', 'airplane']",dog
44316,4,"['cat', 'automobile', 'frog', 'airplane']",automobile
44317,8,"['horse', 'airplane', 'cat', 'frog']",horse
44318,3,"['frog', 'ship', 'automobile', 'airplane']",ship
44319,0,"['horse', 'deer', 'frog', 'cat']",horse
44320,0,"['horse', 'deer', 'frog', 'cat']",horse
44321,9,"['dog', 'frog', 'cat', 'airplane']",airplane
44322,3,"['frog', 'ship', 'automobile', 'airplane']",ship
44323,3,"['frog', 'ship', 'automobile', 'airplane']",ship
44324,4,"['cat', 'automobile', 'frog', 'airplane']",automobile
44325,5,"['frog', 'ship', 'airplane', 'automobile']",ship
44326,7,"['automobile', 'cat', 'airplane', 'frog']",airplane
44327,2,"['ship', 'cat', 'automobile', 'airplane']",automobile
44328,2,"['ship', 'cat', 'automobile', 'airplane']",automobile
44329,6,"['automobile', 'horse', 'ship', 'airplane']",airplane
44330,5,"['frog', 'ship', 'airplane', 'automobile']",ship
44331,8,"['horse', 'airplane', 'cat', 'frog']",horse
44332,9,"['dog', 'frog', 'cat', 'airplane']",airplane
44333,8,"['horse', 'airplane', 'cat', 'frog']",horse
44334,2,"['ship', 'cat', 'automobile', 'airplane']",cat
44335,2,"['ship', 'cat', 'automobile', 'airplane']",cat
44336,4,"['cat', 'automobile', 'frog', 'airplane']",automobile
44337,5,"['frog', 'ship', 'airplane', 'automobile']",ship
44338,7,"['automobile', 'cat', 'airplane', 'frog']",frog
44339,9,"['dog', 'frog', 'cat', 'airplane']",airplane
44340,2,"['ship', 'cat', 'automobile', 'airplane']",automobile
44341,1,"['bird', 'dog', 'frog', 'cat', 'airplane']",airplane
44342,6,"['automobile', 'horse', 'ship', 'airplane']",airplane
44343,5,"['frog', 'ship', 'airplane', 'automobile']",ship
44344,2,"['ship', 'cat', 'automobile', 'airplane']",automobile
44345,5,"['frog', 'ship', 'airplane', 'automobile']",ship
44346,6,"['automobile', 'horse', 'ship', 'airplane']",horse
44347,7,"['automobile', 'cat', 'airplane', 'frog']",airplane
44348,7,"['automobile', 'cat', 'airplane', 'frog']",airplane
44349,5,"['frog', 'ship', 'airplane', 'automobile']",ship
44350,0,"['horse', 'deer', 'frog', 'cat']",horse
44351,2,"['ship', 'cat', 'automobile', 'airplane']",cat
44352,9,"['dog', 'frog', 'cat', 'airplane']",dog
44353,7,"['automobile', 'cat', 'airplane', 'frog']",airplane
44354,3,"['frog', 'ship', 'automobile', 'airplane']",ship
44355,3,"['frog', 'ship', 'automobile', 'airplane']",ship
44356,7,"['automobile', 'cat', 'airplane', 'frog']",cat
44357,8,"['horse', 'airplane', 'cat', 'frog']",horse
44358,5,"['frog', 'ship', 'airplane', 'automobile']",ship
44359,1,"['bird', 'dog', 'frog', 'cat', 'airplane']",airplane
44360,4,"['cat', 'automobile', 'frog', 'airplane']",automobile
44361,5,"['frog', 'ship', 'airplane', 'automobile']",ship
44362,8,"['horse', 'airplane', 'cat', 'frog']",horse
44363,7,"['automobile', 'cat', 'airplane', 'frog']",cat
44364,8,"['horse', 'airplane', 'cat', 'frog']",horse
44365,6,"['automobile', 'horse', 'ship', 'airplane']",airplane
44366,7,"['automobile', 'cat', 'airplane', 'frog']",airplane
44367,1,"['bird', 'dog', 'frog', 'cat', 'airplane']",airplane
44368,4,"['cat', 'automobile', 'frog', 'airplane']",automobile
44369,0,"['horse', 'deer', 'frog', 'cat']",horse
44370,4,"['cat', 'automobile', 'frog', 'airplane']",automobile
44371,5,"['frog', 'ship', 'airplane', 'automobile']",ship
44372,9,"['dog', 'frog', 'cat', 'airplane']",airplane
44373,8,"['horse', 'airplane', 'cat', 'frog']",horse
44374,7,"['automobile', 'cat', 'airplane', 'frog']",cat
44375,8,"['horse', 'airplane', 'cat', 'frog']",horse
44376,3,"['frog', 'ship', 'automobile', 'airplane']",ship
44377,5,"['frog', 'ship', 'airplane', 'automobile']",ship
44378,7,"['automobile', 'cat', 'airplane', 'frog']",airplane
44379,6,"['automobile', 'horse', 'ship', 'airplane']",ship
44380,9,"['dog', 'frog', 'cat', 'airplane']",airplane
44381,3,"['frog', 'ship', 'automobile', 'airplane']",ship
44382,8,"['horse', 'airplane', 'cat', 'frog']",horse
44383,3,"['frog', 'ship', 'automobile', 'airplane']",ship
44384,8,"['horse', 'airplane', 'cat', 'frog']",horse
44385,1,"['bird', 'dog', 'frog', 'cat', 'airplane']",airplane
44386,7,"['automobile', 'cat', 'airplane', 'frog']",cat
44387,6,"['automobile', 'horse', 'ship', 'airplane']",airplane
44388,5,"['frog', 'ship', 'airplane', 'automobile']",ship
44389,4,"['cat', 'automobile', 'frog', 'airplane']",automobile
44390,3,"['frog', 'ship', 'automobile', 'airplane']",ship
44391,9,"['dog', 'frog', 'cat', 'airplane']",dog
44392,2,"['ship', 'cat', 'automobile', 'airplane']",cat
44393,6,"['automobile', 'horse', 'ship', 'airplane']",ship
44394,9,"['dog', 'frog', 'cat', 'airplane']",airplane
44395,1,"['bird', 'dog', 'frog', 'cat', 'airplane']",airplane
44396,5,"['frog', 'ship', 'airplane', 'automobile']",ship
44397,4,"['cat', 'automobile', 'frog', 'airplane']",automobile
44398,7,"['automobile', 'cat', 'airplane', 'frog']",airplane
44399,3,"['frog', 'ship', 'automobile', 'airplane']",ship
44400,4,"['cat', 'automobile', 'frog', 'airplane']",automobile
44401,9,"['dog', 'frog', 'cat', 'airplane']",airplane
44402,6,"['automobile', 'horse', 'ship', 'airplane']",horse
44403,5,"['frog', 'ship', 'airplane', 'automobile']",ship
44404,9,"['dog', 'frog', 'cat', 'airplane']",airplane
44405,6,"['automobile', 'horse', 'ship', 'airplane']",airplane
44406,7,"['automobile', 'cat', 'airplane', 'frog']",cat
44407,5,"['frog', 'ship', 'airplane', 'automobile']",ship
44408,3,"['frog', 'ship', 'automobile', 'airplane']",ship
44409,3,"['frog', 'ship', 'automobile', 'airplane']",ship
44410,9,"['dog', 'frog', 'cat', 'airplane']",airplane
44411,1,"['bird', 'dog', 'frog', 'cat', 'airplane']",airplane
44412,1,"['bird', 'dog', 'frog', 'cat', 'airplane']",airplane
44413,7,"['automobile', 'cat', 'airplane', 'frog']",cat
44414,8,"['horse', 'airplane', 'cat', 'frog']",horse
44415,1,"['bird', 'dog', 'frog', 'cat', 'airplane']",airplane
44416,8,"['horse', 'airplane', 'cat', 'frog']",horse
44417,6,"['automobile', 'horse', 'ship', 'airplane']",airplane
44418,1,"['bird', 'dog', 'frog', 'cat', 'airplane']",airplane
44419,3,"['frog', 'ship', 'automobile', 'airplane']",ship
44420,8,"['horse', 'airplane', 'cat', 'frog']",horse
44421,5,"['frog', 'ship', 'airplane', 'automobile']",ship
44422,6,"['automobile', 'horse', 'ship', 'airplane']",ship
44423,1,"['bird', 'dog', 'frog', 'cat', 'airplane']",airplane
44424,7,"['automobile', 'cat', 'airplane', 'frog']",airplane
44425,1,"['bird', 'dog', 'frog', 'cat', 'airplane']",airplane
44426,0,"['horse', 'deer', 'frog', 'cat']",horse
44427,2,"['ship', 'cat', 'automobile', 'airplane']",cat
44428,6,"['automobile', 'horse', 'ship', 'airplane']",airplane
44429,3,"['frog', 'ship', 'automobile', 'airplane']",ship
44430,0,"['horse', 'deer', 'frog', 'cat']",horse
44431,6,"['automobile', 'horse', 'ship', 'airplane']",airplane
44432,5,"['frog', 'ship', 'airplane', 'automobile']",frog
44433,1,"['bird', 'dog', 'frog', 'cat', 'airplane']",airplane
44434,5,"['frog', 'ship', 'airplane', 'automobile']",ship
44435,5,"['frog', 'ship', 'airplane', 'automobile']",ship
44436,1,"['bird', 'dog', 'frog', 'cat', 'airplane']",airplane
44437,5,"['frog', 'ship', 'airplane', 'automobile']",ship
44438,8,"['horse', 'airplane', 'cat', 'frog']",horse
44439,5,"['frog', 'ship', 'airplane', 'automobile']",ship
44440,7,"['automobile', 'cat', 'airplane', 'frog']",cat
44441,5,"['frog', 'ship', 'airplane', 'automobile']",ship
44442,8,"['horse', 'airplane', 'cat', 'frog']",horse
44443,0,"['horse', 'deer', 'frog', 'cat']",horse
44444,8,"['horse', 'airplane', 'cat', 'frog']",horse
44445,5,"['frog', 'ship', 'airplane', 'automobile']",ship
44446,4,"['cat', 'automobile', 'frog', 'airplane']",airplane
44447,7,"['automobile', 'cat', 'airplane', 'frog']",cat
44448,1,"['bird', 'dog', 'frog', 'cat', 'airplane']",airplane
44449,9,"['dog', 'frog', 'cat', 'airplane']",airplane
44450,4,"['cat', 'automobile', 'frog', 'airplane']",automobile
44451,3,"['frog', 'ship', 'automobile', 'airplane']",ship
44452,5,"['frog', 'ship', 'airplane', 'automobile']",ship
44453,7,"['automobile', 'cat', 'airplane', 'frog']",airplane
44454,0,"['horse', 'deer', 'frog', 'cat']",horse
44455,3,"['frog', 'ship', 'automobile', 'airplane']",ship
44456,3,"['frog', 'ship', 'automobile', 'airplane']",ship
44457,7,"['automobile', 'cat', 'airplane', 'frog']",cat
44458,8,"['horse', 'airplane', 'cat', 'frog']",horse
44459,5,"['frog', 'ship', 'airplane', 'automobile']",ship
44460,9,"['dog', 'frog', 'cat', 'airplane']",airplane
44461,0,"['horse', 'deer', 'frog', 'cat']",horse
44462,9,"['dog', 'frog', 'cat', 'airplane']",airplane
44463,0,"['horse', 'deer', 'frog', 'cat']",horse
44464,0,"['horse', 'deer', 'frog', 'cat']",horse
44465,4,"['cat', 'automobile', 'frog', 'airplane']",automobile
44466,1,"['bird', 'dog', 'frog', 'cat', 'airplane']",airplane
44467,2,"['ship', 'cat', 'automobile', 'airplane']",cat
44468,0,"['horse', 'deer', 'frog', 'cat']",horse
44469,9,"['dog', 'frog', 'cat', 'airplane']",airplane
44470,0,"['horse', 'deer', 'frog', 'cat']",horse
44471,7,"['automobile', 'cat', 'airplane', 'frog']",airplane
44472,1,"['bird', 'dog', 'frog', 'cat', 'airplane']",airplane
44473,4,"['cat', 'automobile', 'frog', 'airplane']",automobile
44474,1,"['bird', 'dog', 'frog', 'cat', 'airplane']",airplane
44475,1,"['bird', 'dog', 'frog', 'cat', 'airplane']",airplane
44476,0,"['horse', 'deer', 'frog', 'cat']",horse
44477,8,"['horse', 'airplane', 'cat', 'frog']",horse
44478,6,"['automobile', 'horse', 'ship', 'airplane']",airplane
44479,9,"['dog', 'frog', 'cat', 'airplane']",airplane
44480,2,"['ship', 'cat', 'automobile', 'airplane']",automobile
44481,3,"['frog', 'ship', 'automobile', 'airplane']",ship
44482,2,"['ship', 'cat', 'automobile', 'airplane']",automobile
44483,1,"['bird', 'dog', 'frog', 'cat', 'airplane']",airplane
44484,0,"['horse', 'deer', 'frog', 'cat']",horse
44485,5,"['frog', 'ship', 'airplane', 'automobile']",ship
44486,6,"['automobile', 'horse', 'ship', 'airplane']",airplane
44487,1,"['bird', 'dog', 'frog', 'cat', 'airplane']",airplane
44488,1,"['bird', 'dog', 'frog', 'cat', 'airplane']",airplane
44489,6,"['automobile', 'horse', 'ship', 'airplane']",airplane
44490,8,"['horse', 'airplane', 'cat', 'frog']",horse
44491,2,"['ship', 'cat', 'automobile', 'airplane']",cat
44492,6,"['automobile', 'horse', 'ship', 'airplane']",airplane
44493,7,"['automobile', 'cat', 'airplane', 'frog']",airplane
44494,0,"['horse', 'deer', 'frog', 'cat']",horse
44495,2,"['ship', 'cat', 'automobile', 'airplane']",automobile
44496,5,"['frog', 'ship', 'airplane', 'automobile']",ship
44497,5,"['frog', 'ship', 'airplane', 'automobile']",ship
44498,0,"['horse', 'deer', 'frog', 'cat']",horse
44499,1,"['bird', 'dog', 'frog', 'cat', 'airplane']",airplane
44500,0,"['horse', 'deer', 'frog', 'cat']",horse
44501,8,"['horse', 'airplane', 'cat', 'frog']",horse
44502,9,"['dog', 'frog', 'cat', 'airplane']",dog
44503,4,"['cat', 'automobile', 'frog', 'airplane']",automobile
44504,8,"['horse', 'airplane', 'cat', 'frog']",horse
44505,7,"['automobile', 'cat', 'airplane', 'frog']",cat
44506,5,"['frog', 'ship', 'airplane', 'automobile']",ship
44507,3,"['frog', 'ship', 'automobile', 'airplane']",ship
44508,0,"['horse', 'deer', 'frog', 'cat']",horse
44509,7,"['automobile', 'cat', 'airplane', 'frog']",cat
44510,2,"['ship', 'cat', 'automobile', 'airplane']",cat
44511,9,"['dog', 'frog', 'cat', 'airplane']",airplane
44512,2,"['ship', 'cat', 'automobile', 'airplane']",automobile
44513,3,"['frog', 'ship', 'automobile', 'airplane']",ship
44514,7,"['automobile', 'cat', 'airplane', 'frog']",cat
44515,9,"['dog', 'frog', 'cat', 'airplane']",airplane
44516,4,"['cat', 'automobile', 'frog', 'airplane']",airplane
44517,4,"['cat', 'automobile', 'frog', 'airplane']",automobile
44518,6,"['automobile', 'horse', 'ship', 'airplane']",airplane
44519,4,"['cat', 'automobile', 'frog', 'airplane']",automobile
44520,1,"['bird', 'dog', 'frog', 'cat', 'airplane']",airplane
44521,9,"['dog', 'frog', 'cat', 'airplane']",airplane
44522,6,"['automobile', 'horse', 'ship', 'airplane']",airplane
44523,2,"['ship', 'cat', 'automobile', 'airplane']",cat
44524,1,"['bird', 'dog', 'frog', 'cat', 'airplane']",airplane
44525,4,"['cat', 'automobile', 'frog', 'airplane']",automobile
44526,1,"['bird', 'dog', 'frog', 'cat', 'airplane']",airplane
44527,8,"['horse', 'airplane', 'cat', 'frog']",horse
44528,8,"['horse', 'airplane', 'cat', 'frog']",horse
44529,1,"['bird', 'dog', 'frog', 'cat', 'airplane']",airplane
44530,3,"['frog', 'ship', 'automobile', 'airplane']",ship
44531,7,"['automobile', 'cat', 'airplane', 'frog']",cat
44532,5,"['frog', 'ship', 'airplane', 'automobile']",ship
44533,6,"['automobile', 'horse', 'ship', 'airplane']",airplane
44534,8,"['horse', 'airplane', 'cat', 'frog']",horse
44535,2,"['ship', 'cat', 'automobile', 'airplane']",cat
44536,6,"['automobile', 'horse', 'ship', 'airplane']",airplane
44537,1,"['bird', 'dog', 'frog', 'cat', 'airplane']",airplane
44538,5,"['frog', 'ship', 'airplane', 'automobile']",ship
44539,2,"['ship', 'cat', 'automobile', 'airplane']",cat
44540,2,"['ship', 'cat', 'automobile', 'airplane']",cat
44541,1,"['bird', 'dog', 'frog', 'cat', 'airplane']",airplane
44542,2,"['ship', 'cat', 'automobile', 'airplane']",cat
44543,3,"['frog', 'ship', 'automobile', 'airplane']",ship
44544,2,"['ship', 'cat', 'automobile', 'airplane']",cat
44545,0,"['horse', 'deer', 'frog', 'cat']",horse
44546,0,"['horse', 'deer', 'frog', 'cat']",horse
44547,9,"['dog', 'frog', 'cat', 'airplane']",airplane
44548,9,"['dog', 'frog', 'cat', 'airplane']",dog
44549,1,"['bird', 'dog', 'frog', 'cat', 'airplane']",airplane
44550,3,"['frog', 'ship', 'automobile', 'airplane']",ship
44551,5,"['frog', 'ship', 'airplane', 'automobile']",ship
44552,0,"['horse', 'deer', 'frog', 'cat']",horse
44553,4,"['cat', 'automobile', 'frog', 'airplane']",automobile
44554,9,"['dog', 'frog', 'cat', 'airplane']",airplane
44555,5,"['frog', 'ship', 'airplane', 'automobile']",ship
44556,8,"['horse', 'airplane', 'cat', 'frog']",horse
44557,1,"['bird', 'dog', 'frog', 'cat', 'airplane']",airplane
44558,4,"['cat', 'automobile', 'frog', 'airplane']",automobile
44559,7,"['automobile', 'cat', 'airplane', 'frog']",cat
44560,7,"['automobile', 'cat', 'airplane', 'frog']",airplane
44561,5,"['frog', 'ship', 'airplane', 'automobile']",ship
44562,3,"['frog', 'ship', 'automobile', 'airplane']",ship
44563,4,"['cat', 'automobile', 'frog', 'airplane']",automobile
44564,9,"['dog', 'frog', 'cat', 'airplane']",airplane
44565,4,"['cat', 'automobile', 'frog', 'airplane']",automobile
44566,6,"['automobile', 'horse', 'ship', 'airplane']",airplane
44567,7,"['automobile', 'cat', 'airplane', 'frog']",cat
44568,0,"['horse', 'deer', 'frog', 'cat']",horse
44569,8,"['horse', 'airplane', 'cat', 'frog']",horse
44570,8,"['horse', 'airplane', 'cat', 'frog']",horse
44571,1,"['bird', 'dog', 'frog', 'cat', 'airplane']",airplane
44572,4,"['cat', 'automobile', 'frog', 'airplane']",automobile
44573,6,"['automobile', 'horse', 'ship', 'airplane']",airplane
44574,2,"['ship', 'cat', 'automobile', 'airplane']",automobile
44575,1,"['bird', 'dog', 'frog', 'cat', 'airplane']",airplane
44576,3,"['frog', 'ship', 'automobile', 'airplane']",ship
44577,8,"['horse', 'airplane', 'cat', 'frog']",horse
44578,7,"['automobile', 'cat', 'airplane', 'frog']",airplane
44579,6,"['automobile', 'horse', 'ship', 'airplane']",airplane
44580,0,"['horse', 'deer', 'frog', 'cat']",horse
44581,5,"['frog', 'ship', 'airplane', 'automobile']",ship
44582,0,"['horse', 'deer', 'frog', 'cat']",horse
44583,5,"['frog', 'ship', 'airplane', 'automobile']",ship
44584,2,"['ship', 'cat', 'automobile', 'airplane']",cat
44585,3,"['frog', 'ship', 'automobile', 'airplane']",ship
44586,4,"['cat', 'automobile', 'frog', 'airplane']",automobile
44587,4,"['cat', 'automobile', 'frog', 'airplane']",automobile
44588,9,"['dog', 'frog', 'cat', 'airplane']",dog
44589,1,"['bird', 'dog', 'frog', 'cat', 'airplane']",airplane
44590,6,"['automobile', 'horse', 'ship', 'airplane']",automobile
44591,1,"['bird', 'dog', 'frog', 'cat', 'airplane']",airplane
44592,0,"['horse', 'deer', 'frog', 'cat']",horse
44593,5,"['frog', 'ship', 'airplane', 'automobile']",ship
44594,8,"['horse', 'airplane', 'cat', 'frog']",horse
44595,2,"['ship', 'cat', 'automobile', 'airplane']",cat
44596,5,"['frog', 'ship', 'airplane', 'automobile']",ship
44597,6,"['automobile', 'horse', 'ship', 'airplane']",horse
44598,1,"['bird', 'dog', 'frog', 'cat', 'airplane']",airplane
44599,0,"['horse', 'deer', 'frog', 'cat']",horse
44600,6,"['automobile', 'horse', 'ship', 'airplane']",ship
44601,1,"['bird', 'dog', 'frog', 'cat', 'airplane']",airplane
44602,6,"['automobile', 'horse', 'ship', 'airplane']",automobile
44603,5,"['frog', 'ship', 'airplane', 'automobile']",ship
44604,7,"['automobile', 'cat', 'airplane', 'frog']",cat
44605,9,"['dog', 'frog', 'cat', 'airplane']",airplane
44606,9,"['dog', 'frog', 'cat', 'airplane']",airplane
44607,7,"['automobile', 'cat', 'airplane', 'frog']",cat
44608,2,"['ship', 'cat', 'automobile', 'airplane']",automobile
44609,0,"['horse', 'deer', 'frog', 'cat']",horse
44610,7,"['automobile', 'cat', 'airplane', 'frog']",cat
44611,6,"['automobile', 'horse', 'ship', 'airplane']",automobile
44612,6,"['automobile', 'horse', 'ship', 'airplane']",airplane
44613,1,"['bird', 'dog', 'frog', 'cat', 'airplane']",airplane
44614,4,"['cat', 'automobile', 'frog', 'airplane']",automobile
44615,8,"['horse', 'airplane', 'cat', 'frog']",horse
44616,0,"['horse', 'deer', 'frog', 'cat']",horse
44617,7,"['automobile', 'cat', 'airplane', 'frog']",airplane
44618,0,"['horse', 'deer', 'frog', 'cat']",horse
44619,0,"['horse', 'deer', 'frog', 'cat']",horse
44620,1,"['bird', 'dog', 'frog', 'cat', 'airplane']",airplane
44621,3,"['frog', 'ship', 'automobile', 'airplane']",ship
44622,2,"['ship', 'cat', 'automobile', 'airplane']",cat
44623,5,"['frog', 'ship', 'airplane', 'automobile']",ship
44624,0,"['horse', 'deer', 'frog', 'cat']",horse
44625,1,"['bird', 'dog', 'frog', 'cat', 'airplane']",airplane
44626,6,"['automobile', 'horse', 'ship', 'airplane']",airplane
44627,2,"['ship', 'cat', 'automobile', 'airplane']",cat
44628,3,"['frog', 'ship', 'automobile', 'airplane']",ship
44629,4,"['cat', 'automobile', 'frog', 'airplane']",automobile
44630,0,"['horse', 'deer', 'frog', 'cat']",horse
44631,3,"['frog', 'ship', 'automobile', 'airplane']",ship
44632,5,"['frog', 'ship', 'airplane', 'automobile']",ship
44633,8,"['horse', 'airplane', 'cat', 'frog']",horse
44634,2,"['ship', 'cat', 'automobile', 'airplane']",cat
44635,3,"['frog', 'ship', 'automobile', 'airplane']",ship
44636,3,"['frog', 'ship', 'automobile', 'airplane']",ship
44637,0,"['horse', 'deer', 'frog', 'cat']",horse
44638,9,"['dog', 'frog', 'cat', 'airplane']",dog
44639,6,"['automobile', 'horse', 'ship', 'airplane']",ship
44640,9,"['dog', 'frog', 'cat', 'airplane']",airplane
44641,4,"['cat', 'automobile', 'frog', 'airplane']",automobile
44642,7,"['automobile', 'cat', 'airplane', 'frog']",frog
44643,1,"['bird', 'dog', 'frog', 'cat', 'airplane']",airplane
44644,2,"['ship', 'cat', 'automobile', 'airplane']",cat
44645,0,"['horse', 'deer', 'frog', 'cat']",horse
44646,9,"['dog', 'frog', 'cat', 'airplane']",dog
44647,1,"['bird', 'dog', 'frog', 'cat', 'airplane']",airplane
44648,2,"['ship', 'cat', 'automobile', 'airplane']",cat
44649,8,"['horse', 'airplane', 'cat', 'frog']",horse
44650,6,"['automobile', 'horse', 'ship', 'airplane']",airplane
44651,9,"['dog', 'frog', 'cat', 'airplane']",dog
44652,2,"['ship', 'cat', 'automobile', 'airplane']",cat
44653,0,"['horse', 'deer', 'frog', 'cat']",horse
44654,6,"['automobile', 'horse', 'ship', 'airplane']",airplane
44655,7,"['automobile', 'cat', 'airplane', 'frog']",cat
44656,4,"['cat', 'automobile', 'frog', 'airplane']",airplane
44657,3,"['frog', 'ship', 'automobile', 'airplane']",ship
44658,2,"['ship', 'cat', 'automobile', 'airplane']",automobile
44659,8,"['horse', 'airplane', 'cat', 'frog']",horse
44660,2,"['ship', 'cat', 'automobile', 'airplane']",cat
44661,7,"['automobile', 'cat', 'airplane', 'frog']",cat
44662,0,"['horse', 'deer', 'frog', 'cat']",horse
44663,3,"['frog', 'ship', 'automobile', 'airplane']",ship
44664,7,"['automobile', 'cat', 'airplane', 'frog']",cat
44665,5,"['frog', 'ship', 'airplane', 'automobile']",ship
44666,0,"['horse', 'deer', 'frog', 'cat']",horse
44667,5,"['frog', 'ship', 'airplane', 'automobile']",ship
44668,0,"['horse', 'deer', 'frog', 'cat']",frog
44669,9,"['dog', 'frog', 'cat', 'airplane']",dog
44670,2,"['ship', 'cat', 'automobile', 'airplane']",cat
44671,1,"['bird', 'dog', 'frog', 'cat', 'airplane']",airplane
44672,8,"['horse', 'airplane', 'cat', 'frog']",horse
44673,3,"['frog', 'ship', 'automobile', 'airplane']",ship
44674,1,"['bird', 'dog', 'frog', 'cat', 'airplane']",airplane
44675,6,"['automobile', 'horse', 'ship', 'airplane']",airplane
44676,5,"['frog', 'ship', 'airplane', 'automobile']",ship
44677,3,"['frog', 'ship', 'automobile', 'airplane']",ship
44678,9,"['dog', 'frog', 'cat', 'airplane']",dog
44679,1,"['bird', 'dog', 'frog', 'cat', 'airplane']",airplane
44680,0,"['horse', 'deer', 'frog', 'cat']",horse
44681,8,"['horse', 'airplane', 'cat', 'frog']",horse
44682,9,"['dog', 'frog', 'cat', 'airplane']",dog
44683,9,"['dog', 'frog', 'cat', 'airplane']",airplane
44684,6,"['automobile', 'horse', 'ship', 'airplane']",ship
44685,8,"['horse', 'airplane', 'cat', 'frog']",horse
44686,1,"['bird', 'dog', 'frog', 'cat', 'airplane']",airplane
44687,5,"['frog', 'ship', 'airplane', 'automobile']",ship
44688,2,"['ship', 'cat', 'automobile', 'airplane']",cat
44689,4,"['cat', 'automobile', 'frog', 'airplane']",automobile
44690,8,"['horse', 'airplane', 'cat', 'frog']",horse
44691,8,"['horse', 'airplane', 'cat', 'frog']",horse
44692,9,"['dog', 'frog', 'cat', 'airplane']",airplane
44693,3,"['frog', 'ship', 'automobile', 'airplane']",ship
44694,7,"['automobile', 'cat', 'airplane', 'frog']",cat
44695,6,"['automobile', 'horse', 'ship', 'airplane']",horse
44696,6,"['automobile', 'horse', 'ship', 'airplane']",automobile
44697,4,"['cat', 'automobile', 'frog', 'airplane']",airplane
44698,9,"['dog', 'frog', 'cat', 'airplane']",dog
44699,9,"['dog', 'frog', 'cat', 'airplane']",dog
44700,5,"['frog', 'ship', 'airplane', 'automobile']",ship
44701,8,"['horse', 'airplane', 'cat', 'frog']",horse
44702,7,"['automobile', 'cat', 'airplane', 'frog']",cat
44703,4,"['cat', 'automobile', 'frog', 'airplane']",automobile
44704,3,"['frog', 'ship', 'automobile', 'airplane']",ship
44705,4,"['cat', 'automobile', 'frog', 'airplane']",automobile
44706,5,"['frog', 'ship', 'airplane', 'automobile']",ship
44707,3,"['frog', 'ship', 'automobile', 'airplane']",ship
44708,6,"['automobile', 'horse', 'ship', 'airplane']",airplane
44709,0,"['horse', 'deer', 'frog', 'cat']",horse
44710,9,"['dog', 'frog', 'cat', 'airplane']",airplane
44711,8,"['horse', 'airplane', 'cat', 'frog']",horse
44712,6,"['automobile', 'horse', 'ship', 'airplane']",airplane
44713,9,"['dog', 'frog', 'cat', 'airplane']",airplane
44714,9,"['dog', 'frog', 'cat', 'airplane']",airplane
44715,0,"['horse', 'deer', 'frog', 'cat']",horse
44716,9,"['dog', 'frog', 'cat', 'airplane']",airplane
44717,4,"['cat', 'automobile', 'frog', 'airplane']",automobile
44718,7,"['automobile', 'cat', 'airplane', 'frog']",cat
44719,0,"['horse', 'deer', 'frog', 'cat']",horse
44720,8,"['horse', 'airplane', 'cat', 'frog']",horse
44721,0,"['horse', 'deer', 'frog', 'cat']",horse
44722,9,"['dog', 'frog', 'cat', 'airplane']",airplane
44723,9,"['dog', 'frog', 'cat', 'airplane']",airplane
44724,8,"['horse', 'airplane', 'cat', 'frog']",horse
44725,1,"['bird', 'dog', 'frog', 'cat', 'airplane']",airplane
44726,1,"['bird', 'dog', 'frog', 'cat', 'airplane']",airplane
44727,8,"['horse', 'airplane', 'cat', 'frog']",horse
44728,8,"['horse', 'airplane', 'cat', 'frog']",horse
44729,4,"['cat', 'automobile', 'frog', 'airplane']",automobile
44730,2,"['ship', 'cat', 'automobile', 'airplane']",cat
44731,0,"['horse', 'deer', 'frog', 'cat']",horse
44732,2,"['ship', 'cat', 'automobile', 'airplane']",cat
44733,6,"['automobile', 'horse', 'ship', 'airplane']",ship
44734,5,"['frog', 'ship', 'airplane', 'automobile']",ship
44735,6,"['automobile', 'horse', 'ship', 'airplane']",airplane
44736,2,"['ship', 'cat', 'automobile', 'airplane']",cat
44737,4,"['cat', 'automobile', 'frog', 'airplane']",automobile
44738,5,"['frog', 'ship', 'airplane', 'automobile']",ship
44739,2,"['ship', 'cat', 'automobile', 'airplane']",cat
44740,5,"['frog', 'ship', 'airplane', 'automobile']",ship
44741,0,"['horse', 'deer', 'frog', 'cat']",horse
44742,0,"['horse', 'deer', 'frog', 'cat']",horse
44743,0,"['horse', 'deer', 'frog', 'cat']",horse
44744,9,"['dog', 'frog', 'cat', 'airplane']",airplane
44745,3,"['frog', 'ship', 'automobile', 'airplane']",ship
44746,0,"['horse', 'deer', 'frog', 'cat']",horse
44747,4,"['cat', 'automobile', 'frog', 'airplane']",automobile
44748,5,"['frog', 'ship', 'airplane', 'automobile']",ship
44749,0,"['horse', 'deer', 'frog', 'cat']",horse
44750,4,"['cat', 'automobile', 'frog', 'airplane']",airplane
44751,1,"['bird', 'dog', 'frog', 'cat', 'airplane']",airplane
44752,4,"['cat', 'automobile', 'frog', 'airplane']",automobile
44753,7,"['automobile', 'cat', 'airplane', 'frog']",frog
44754,1,"['bird', 'dog', 'frog', 'cat', 'airplane']",airplane
44755,9,"['dog', 'frog', 'cat', 'airplane']",airplane
44756,5,"['frog', 'ship', 'airplane', 'automobile']",frog
44757,1,"['bird', 'dog', 'frog', 'cat', 'airplane']",airplane
44758,2,"['ship', 'cat', 'automobile', 'airplane']",ship
44759,8,"['horse', 'airplane', 'cat', 'frog']",horse
44760,4,"['cat', 'automobile', 'frog', 'airplane']",automobile
44761,4,"['cat', 'automobile', 'frog', 'airplane']",automobile
44762,7,"['automobile', 'cat', 'airplane', 'frog']",airplane
44763,8,"['horse', 'airplane', 'cat', 'frog']",horse
44764,0,"['horse', 'deer', 'frog', 'cat']",horse
44765,2,"['ship', 'cat', 'automobile', 'airplane']",cat
44766,2,"['ship', 'cat', 'automobile', 'airplane']",cat
44767,1,"['bird', 'dog', 'frog', 'cat', 'airplane']",airplane
44768,3,"['frog', 'ship', 'automobile', 'airplane']",ship
44769,7,"['automobile', 'cat', 'airplane', 'frog']",airplane
44770,0,"['horse', 'deer', 'frog', 'cat']",horse
44771,0,"['horse', 'deer', 'frog', 'cat']",horse
44772,6,"['automobile', 'horse', 'ship', 'airplane']",airplane
44773,0,"['horse', 'deer', 'frog', 'cat']",horse
44774,2,"['ship', 'cat', 'automobile', 'airplane']",automobile
44775,9,"['dog', 'frog', 'cat', 'airplane']",airplane
44776,2,"['ship', 'cat', 'automobile', 'airplane']",cat
44777,1,"['bird', 'dog', 'frog', 'cat', 'airplane']",airplane
44778,0,"['horse', 'deer', 'frog', 'cat']",horse
44779,6,"['automobile', 'horse', 'ship', 'airplane']",ship
44780,4,"['cat', 'automobile', 'frog', 'airplane']",automobile
44781,5,"['frog', 'ship', 'airplane', 'automobile']",ship
44782,8,"['horse', 'airplane', 'cat', 'frog']",horse
44783,2,"['ship', 'cat', 'automobile', 'airplane']",automobile
44784,7,"['automobile', 'cat', 'airplane', 'frog']",cat
44785,0,"['horse', 'deer', 'frog', 'cat']",horse
44786,9,"['dog', 'frog', 'cat', 'airplane']",airplane
44787,8,"['horse', 'airplane', 'cat', 'frog']",horse
44788,5,"['frog', 'ship', 'airplane', 'automobile']",ship
44789,7,"['automobile', 'cat', 'airplane', 'frog']",airplane
44790,4,"['cat', 'automobile', 'frog', 'airplane']",automobile
44791,5,"['frog', 'ship', 'airplane', 'automobile']",ship
44792,5,"['frog', 'ship', 'airplane', 'automobile']",ship
44793,9,"['dog', 'frog', 'cat', 'airplane']",airplane
44794,0,"['horse', 'deer', 'frog', 'cat']",horse
44795,6,"['automobile', 'horse', 'ship', 'airplane']",airplane
44796,7,"['automobile', 'cat', 'airplane', 'frog']",airplane
44797,2,"['ship', 'cat', 'automobile', 'airplane']",cat
44798,7,"['automobile', 'cat', 'airplane', 'frog']",cat
44799,0,"['horse', 'deer', 'frog', 'cat']",horse
44800,3,"['frog', 'ship', 'automobile', 'airplane']",ship
44801,7,"['automobile', 'cat', 'airplane', 'frog']",cat
44802,3,"['frog', 'ship', 'automobile', 'airplane']",ship
44803,4,"['cat', 'automobile', 'frog', 'airplane']",automobile
44804,4,"['cat', 'automobile', 'frog', 'airplane']",automobile
44805,0,"['horse', 'deer', 'frog', 'cat']",horse
44806,0,"['horse', 'deer', 'frog', 'cat']",horse
44807,8,"['horse', 'airplane', 'cat', 'frog']",horse
44808,3,"['frog', 'ship', 'automobile', 'airplane']",ship
44809,9,"['dog', 'frog', 'cat', 'airplane']",airplane
44810,9,"['dog', 'frog', 'cat', 'airplane']",dog
44811,8,"['horse', 'airplane', 'cat', 'frog']",horse
44812,9,"['dog', 'frog', 'cat', 'airplane']",dog
44813,5,"['frog', 'ship', 'airplane', 'automobile']",ship
44814,6,"['automobile', 'horse', 'ship', 'airplane']",airplane
44815,7,"['automobile', 'cat', 'airplane', 'frog']",cat
44816,4,"['cat', 'automobile', 'frog', 'airplane']",automobile
44817,6,"['automobile', 'horse', 'ship', 'airplane']",horse
44818,1,"['bird', 'dog', 'frog', 'cat', 'airplane']",airplane
44819,3,"['frog', 'ship', 'automobile', 'airplane']",frog
44820,0,"['horse', 'deer', 'frog', 'cat']",horse
44821,5,"['frog', 'ship', 'airplane', 'automobile']",ship
44822,8,"['horse', 'airplane', 'cat', 'frog']",horse
44823,5,"['frog', 'ship', 'airplane', 'automobile']",ship
44824,1,"['bird', 'dog', 'frog', 'cat', 'airplane']",airplane
44825,6,"['automobile', 'horse', 'ship', 'airplane']",ship
44826,7,"['automobile', 'cat', 'airplane', 'frog']",frog
44827,1,"['bird', 'dog', 'frog', 'cat', 'airplane']",airplane
44828,1,"['bird', 'dog', 'frog', 'cat', 'airplane']",airplane
44829,9,"['dog', 'frog', 'cat', 'airplane']",airplane
44830,0,"['horse', 'deer', 'frog', 'cat']",horse
44831,2,"['ship', 'cat', 'automobile', 'airplane']",cat
44832,5,"['frog', 'ship', 'airplane', 'automobile']",ship
44833,8,"['horse', 'airplane', 'cat', 'frog']",horse
44834,4,"['cat', 'automobile', 'frog', 'airplane']",automobile
44835,1,"['bird', 'dog', 'frog', 'cat', 'airplane']",airplane
44836,9,"['dog', 'frog', 'cat', 'airplane']",dog
44837,2,"['ship', 'cat', 'automobile', 'airplane']",ship
44838,5,"['frog', 'ship', 'airplane', 'automobile']",ship
44839,7,"['automobile', 'cat', 'airplane', 'frog']",airplane
44840,4,"['cat', 'automobile', 'frog', 'airplane']",automobile
44841,1,"['bird', 'dog', 'frog', 'cat', 'airplane']",airplane
44842,2,"['ship', 'cat', 'automobile', 'airplane']",cat
44843,7,"['automobile', 'cat', 'airplane', 'frog']",cat
44844,4,"['cat', 'automobile', 'frog', 'airplane']",automobile
44845,7,"['automobile', 'cat', 'airplane', 'frog']",cat
44846,4,"['cat', 'automobile', 'frog', 'airplane']",automobile
44847,5,"['frog', 'ship', 'airplane', 'automobile']",ship
44848,5,"['frog', 'ship', 'airplane', 'automobile']",ship
44849,0,"['horse', 'deer', 'frog', 'cat']",horse
44850,4,"['cat', 'automobile', 'frog', 'airplane']",automobile
44851,4,"['cat', 'automobile', 'frog', 'airplane']",automobile
44852,3,"['frog', 'ship', 'automobile', 'airplane']",ship
44853,5,"['frog', 'ship', 'airplane', 'automobile']",ship
44854,1,"['bird', 'dog', 'frog', 'cat', 'airplane']",airplane
44855,3,"['frog', 'ship', 'automobile', 'airplane']",ship
44856,3,"['frog', 'ship', 'automobile', 'airplane']",ship
44857,4,"['cat', 'automobile', 'frog', 'airplane']",automobile
44858,7,"['automobile', 'cat', 'airplane', 'frog']",cat
44859,3,"['frog', 'ship', 'automobile', 'airplane']",ship
44860,9,"['dog', 'frog', 'cat', 'airplane']",airplane
44861,2,"['ship', 'cat', 'automobile', 'airplane']",cat
44862,6,"['automobile', 'horse', 'ship', 'airplane']",airplane
44863,4,"['cat', 'automobile', 'frog', 'airplane']",automobile
44864,0,"['horse', 'deer', 'frog', 'cat']",horse
44865,3,"['frog', 'ship', 'automobile', 'airplane']",ship
44866,0,"['horse', 'deer', 'frog', 'cat']",horse
44867,2,"['ship', 'cat', 'automobile', 'airplane']",cat
44868,3,"['frog', 'ship', 'automobile', 'airplane']",ship
44869,1,"['bird', 'dog', 'frog', 'cat', 'airplane']",airplane
44870,1,"['bird', 'dog', 'frog', 'cat', 'airplane']",airplane
44871,9,"['dog', 'frog', 'cat', 'airplane']",dog
44872,6,"['automobile', 'horse', 'ship', 'airplane']",airplane
44873,9,"['dog', 'frog', 'cat', 'airplane']",airplane
44874,7,"['automobile', 'cat', 'airplane', 'frog']",airplane
44875,0,"['horse', 'deer', 'frog', 'cat']",horse
44876,1,"['bird', 'dog', 'frog', 'cat', 'airplane']",airplane
44877,8,"['horse', 'airplane', 'cat', 'frog']",horse
44878,7,"['automobile', 'cat', 'airplane', 'frog']",cat
44879,2,"['ship', 'cat', 'automobile', 'airplane']",cat
44880,8,"['horse', 'airplane', 'cat', 'frog']",horse
44881,9,"['dog', 'frog', 'cat', 'airplane']",airplane
44882,8,"['horse', 'airplane', 'cat', 'frog']",horse
44883,6,"['automobile', 'horse', 'ship', 'airplane']",ship
44884,0,"['horse', 'deer', 'frog', 'cat']",horse
44885,2,"['ship', 'cat', 'automobile', 'airplane']",cat
44886,1,"['bird', 'dog', 'frog', 'cat', 'airplane']",airplane
44887,0,"['horse', 'deer', 'frog', 'cat']",horse
44888,8,"['horse', 'airplane', 'cat', 'frog']",horse
44889,1,"['bird', 'dog', 'frog', 'cat', 'airplane']",airplane
44890,8,"['horse', 'airplane', 'cat', 'frog']",horse
44891,4,"['cat', 'automobile', 'frog', 'airplane']",automobile
44892,7,"['automobile', 'cat', 'airplane', 'frog']",cat
44893,3,"['frog', 'ship', 'automobile', 'airplane']",ship
44894,4,"['cat', 'automobile', 'frog', 'airplane']",automobile
44895,9,"['dog', 'frog', 'cat', 'airplane']",airplane
44896,3,"['frog', 'ship', 'automobile', 'airplane']",ship
44897,3,"['frog', 'ship', 'automobile', 'airplane']",ship
44898,3,"['frog', 'ship', 'automobile', 'airplane']",ship
44899,5,"['frog', 'ship', 'airplane', 'automobile']",ship
44900,4,"['cat', 'automobile', 'frog', 'airplane']",automobile
44901,9,"['dog', 'frog', 'cat', 'airplane']",airplane
44902,9,"['dog', 'frog', 'cat', 'airplane']",airplane
44903,5,"['frog', 'ship', 'airplane', 'automobile']",ship
44904,5,"['frog', 'ship', 'airplane', 'automobile']",ship
44905,2,"['ship', 'cat', 'automobile', 'airplane']",automobile
44906,0,"['horse', 'deer', 'frog', 'cat']",horse
44907,8,"['horse', 'airplane', 'cat', 'frog']",horse
44908,9,"['dog', 'frog', 'cat', 'airplane']",airplane
44909,2,"['ship', 'cat', 'automobile', 'airplane']",cat
44910,2,"['ship', 'cat', 'automobile', 'airplane']",ship
44911,7,"['automobile', 'cat', 'airplane', 'frog']",frog
44912,9,"['dog', 'frog', 'cat', 'airplane']",airplane
44913,3,"['frog', 'ship', 'automobile', 'airplane']",ship
44914,5,"['frog', 'ship', 'airplane', 'automobile']",ship
44915,6,"['automobile', 'horse', 'ship', 'airplane']",airplane
44916,4,"['cat', 'automobile', 'frog', 'airplane']",automobile
44917,6,"['automobile', 'horse', 'ship', 'airplane']",airplane
44918,2,"['ship', 'cat', 'automobile', 'airplane']",automobile
44919,9,"['dog', 'frog', 'cat', 'airplane']",dog
44920,9,"['dog', 'frog', 'cat', 'airplane']",airplane
44921,7,"['automobile', 'cat', 'airplane', 'frog']",airplane
44922,7,"['automobile', 'cat', 'airplane', 'frog']",cat
44923,7,"['automobile', 'cat', 'airplane', 'frog']",cat
44924,0,"['horse', 'deer', 'frog', 'cat']",horse
44925,0,"['horse', 'deer', 'frog', 'cat']",horse
44926,3,"['frog', 'ship', 'automobile', 'airplane']",ship
44927,8,"['horse', 'airplane', 'cat', 'frog']",horse
44928,9,"['dog', 'frog', 'cat', 'airplane']",dog
44929,5,"['frog', 'ship', 'airplane', 'automobile']",ship
44930,0,"['horse', 'deer', 'frog', 'cat']",horse
44931,5,"['frog', 'ship', 'airplane', 'automobile']",ship
44932,0,"['horse', 'deer', 'frog', 'cat']",horse
44933,5,"['frog', 'ship', 'airplane', 'automobile']",ship
44934,5,"['frog', 'ship', 'airplane', 'automobile']",ship
44935,7,"['automobile', 'cat', 'airplane', 'frog']",airplane
44936,1,"['bird', 'dog', 'frog', 'cat', 'airplane']",airplane
44937,8,"['horse', 'airplane', 'cat', 'frog']",horse
44938,2,"['ship', 'cat', 'automobile', 'airplane']",automobile
44939,4,"['cat', 'automobile', 'frog', 'airplane']",automobile
44940,0,"['horse', 'deer', 'frog', 'cat']",horse
44941,4,"['cat', 'automobile', 'frog', 'airplane']",automobile
44942,4,"['cat', 'automobile', 'frog', 'airplane']",automobile
44943,3,"['frog', 'ship', 'automobile', 'airplane']",ship
44944,3,"['frog', 'ship', 'automobile', 'airplane']",ship
44945,9,"['dog', 'frog', 'cat', 'airplane']",airplane
44946,0,"['horse', 'deer', 'frog', 'cat']",horse
44947,9,"['dog', 'frog', 'cat', 'airplane']",airplane
44948,2,"['ship', 'cat', 'automobile', 'airplane']",automobile
44949,9,"['dog', 'frog', 'cat', 'airplane']",dog
44950,3,"['frog', 'ship', 'automobile', 'airplane']",ship
44951,8,"['horse', 'airplane', 'cat', 'frog']",horse
44952,9,"['dog', 'frog', 'cat', 'airplane']",dog
44953,3,"['frog', 'ship', 'automobile', 'airplane']",ship
44954,1,"['bird', 'dog', 'frog', 'cat', 'airplane']",airplane
44955,5,"['frog', 'ship', 'airplane', 'automobile']",ship
44956,0,"['horse', 'deer', 'frog', 'cat']",horse
44957,3,"['frog', 'ship', 'automobile', 'airplane']",ship
44958,7,"['automobile', 'cat', 'airplane', 'frog']",airplane
44959,6,"['automobile', 'horse', 'ship', 'airplane']",airplane
44960,1,"['bird', 'dog', 'frog', 'cat', 'airplane']",airplane
44961,0,"['horse', 'deer', 'frog', 'cat']",horse
44962,4,"['cat', 'automobile', 'frog', 'airplane']",automobile
44963,4,"['cat', 'automobile', 'frog', 'airplane']",automobile
44964,9,"['dog', 'frog', 'cat', 'airplane']",airplane
44965,1,"['bird', 'dog', 'frog', 'cat', 'airplane']",airplane
44966,1,"['bird', 'dog', 'frog', 'cat', 'airplane']",airplane
44967,0,"['horse', 'deer', 'frog', 'cat']",horse
44968,0,"['horse', 'deer', 'frog', 'cat']",horse
44969,9,"['dog', 'frog', 'cat', 'airplane']",airplane
44970,0,"['horse', 'deer', 'frog', 'cat']",horse
44971,1,"['bird', 'dog', 'frog', 'cat', 'airplane']",airplane
44972,6,"['automobile', 'horse', 'ship', 'airplane']",airplane
44973,3,"['frog', 'ship', 'automobile', 'airplane']",ship
44974,4,"['cat', 'automobile', 'frog', 'airplane']",automobile
44975,0,"['horse', 'deer', 'frog', 'cat']",horse
44976,3,"['frog', 'ship', 'automobile', 'airplane']",ship
44977,4,"['cat', 'automobile', 'frog', 'airplane']",airplane
44978,4,"['cat', 'automobile', 'frog', 'airplane']",automobile
44979,5,"['frog', 'ship', 'airplane', 'automobile']",ship
44980,3,"['frog', 'ship', 'automobile', 'airplane']",ship
44981,8,"['horse', 'airplane', 'cat', 'frog']",horse
44982,7,"['automobile', 'cat', 'airplane', 'frog']",cat
44983,9,"['dog', 'frog', 'cat', 'airplane']",airplane
44984,8,"['horse', 'airplane', 'cat', 'frog']",horse
44985,6,"['automobile', 'horse', 'ship', 'airplane']",airplane
44986,7,"['automobile', 'cat', 'airplane', 'frog']",frog
44987,3,"['frog', 'ship', 'automobile', 'airplane']",ship
44988,5,"['frog', 'ship', 'airplane', 'automobile']",ship
44989,6,"['automobile', 'horse', 'ship', 'airplane']",airplane
44990,5,"['frog', 'ship', 'airplane', 'automobile']",ship
44991,1,"['bird', 'dog', 'frog', 'cat', 'airplane']",airplane
44992,1,"['bird', 'dog', 'frog', 'cat', 'airplane']",airplane
44993,1,"['bird', 'dog', 'frog', 'cat', 'airplane']",airplane
44994,4,"['cat', 'automobile', 'frog', 'airplane']",automobile
44995,2,"['ship', 'cat', 'automobile', 'airplane']",cat
44996,9,"['dog', 'frog', 'cat', 'airplane']",airplane
44997,1,"['bird', 'dog', 'frog', 'cat', 'airplane']",airplane
44998,5,"['frog', 'ship', 'airplane', 'automobile']",ship
44999,6,"['automobile', 'horse', 'ship', 'airplane']",automobile
45000,7,"['automobile', 'cat', 'airplane', 'frog']",cat
45001,1,"['bird', 'dog', 'frog', 'cat', 'airplane']",airplane
45002,4,"['cat', 'automobile', 'frog', 'airplane']",automobile
45003,1,"['bird', 'dog', 'frog', 'cat', 'airplane']",airplane
45004,0,"['horse', 'deer', 'frog', 'cat']",horse
45005,2,"['ship', 'cat', 'automobile', 'airplane']",automobile
45006,2,"['ship', 'cat', 'automobile', 'airplane']",cat
45007,5,"['frog', 'ship', 'airplane', 'automobile']",ship
45008,9,"['dog', 'frog', 'cat', 'airplane']",airplane
45009,6,"['automobile', 'horse', 'ship', 'airplane']",airplane
45010,0,"['horse', 'deer', 'frog', 'cat']",horse
45011,1,"['bird', 'dog', 'frog', 'cat', 'airplane']",airplane
45012,3,"['frog', 'ship', 'automobile', 'airplane']",ship
45013,1,"['bird', 'dog', 'frog', 'cat', 'airplane']",airplane
45014,1,"['bird', 'dog', 'frog', 'cat', 'airplane']",airplane
45015,2,"['ship', 'cat', 'automobile', 'airplane']",cat
45016,1,"['bird', 'dog', 'frog', 'cat', 'airplane']",airplane
45017,8,"['horse', 'airplane', 'cat', 'frog']",horse
45018,5,"['frog', 'ship', 'airplane', 'automobile']",ship
45019,6,"['automobile', 'horse', 'ship', 'airplane']",airplane
45020,9,"['dog', 'frog', 'cat', 'airplane']",dog
45021,2,"['ship', 'cat', 'automobile', 'airplane']",cat
45022,4,"['cat', 'automobile', 'frog', 'airplane']",automobile
45023,2,"['ship', 'cat', 'automobile', 'airplane']",automobile
45024,8,"['horse', 'airplane', 'cat', 'frog']",horse
45025,8,"['horse', 'airplane', 'cat', 'frog']",horse
45026,3,"['frog', 'ship', 'automobile', 'airplane']",ship
45027,7,"['automobile', 'cat', 'airplane', 'frog']",airplane
45028,1,"['bird', 'dog', 'frog', 'cat', 'airplane']",airplane
45029,7,"['automobile', 'cat', 'airplane', 'frog']",cat
45030,1,"['bird', 'dog', 'frog', 'cat', 'airplane']",airplane
45031,7,"['automobile', 'cat', 'airplane', 'frog']",cat
45032,5,"['frog', 'ship', 'airplane', 'automobile']",ship
45033,9,"['dog', 'frog', 'cat', 'airplane']",airplane
45034,7,"['automobile', 'cat', 'airplane', 'frog']",cat
45035,0,"['horse', 'deer', 'frog', 'cat']",horse
45036,7,"['automobile', 'cat', 'airplane', 'frog']",airplane
45037,8,"['horse', 'airplane', 'cat', 'frog']",horse
45038,3,"['frog', 'ship', 'automobile', 'airplane']",ship
45039,6,"['automobile', 'horse', 'ship', 'airplane']",ship
45040,1,"['bird', 'dog', 'frog', 'cat', 'airplane']",airplane
45041,2,"['ship', 'cat', 'automobile', 'airplane']",cat
45042,2,"['ship', 'cat', 'automobile', 'airplane']",ship
45043,5,"['frog', 'ship', 'airplane', 'automobile']",ship
45044,9,"['dog', 'frog', 'cat', 'airplane']",airplane
45045,8,"['horse', 'airplane', 'cat', 'frog']",horse
45046,4,"['cat', 'automobile', 'frog', 'airplane']",automobile
45047,8,"['horse', 'airplane', 'cat', 'frog']",horse
45048,9,"['dog', 'frog', 'cat', 'airplane']",airplane
45049,4,"['cat', 'automobile', 'frog', 'airplane']",automobile
45050,2,"['ship', 'cat', 'automobile', 'airplane']",automobile
45051,5,"['frog', 'ship', 'airplane', 'automobile']",ship
45052,9,"['dog', 'frog', 'cat', 'airplane']",airplane
45053,3,"['frog', 'ship', 'automobile', 'airplane']",ship
45054,7,"['automobile', 'cat', 'airplane', 'frog']",cat
45055,9,"['dog', 'frog', 'cat', 'airplane']",dog
45056,9,"['dog', 'frog', 'cat', 'airplane']",airplane
45057,3,"['frog', 'ship', 'automobile', 'airplane']",ship
45058,7,"['automobile', 'cat', 'airplane', 'frog']",airplane
45059,9,"['dog', 'frog', 'cat', 'airplane']",airplane
45060,2,"['ship', 'cat', 'automobile', 'airplane']",ship
45061,7,"['automobile', 'cat', 'airplane', 'frog']",airplane
45062,8,"['horse', 'airplane', 'cat', 'frog']",horse
45063,9,"['dog', 'frog', 'cat', 'airplane']",dog
45064,0,"['horse', 'deer', 'frog', 'cat']",horse
45065,7,"['automobile', 'cat', 'airplane', 'frog']",cat
45066,3,"['frog', 'ship', 'automobile', 'airplane']",ship
45067,0,"['horse', 'deer', 'frog', 'cat']",frog
45068,1,"['bird', 'dog', 'frog', 'cat', 'airplane']",airplane
45069,7,"['automobile', 'cat', 'airplane', 'frog']",cat
45070,1,"['bird', 'dog', 'frog', 'cat', 'airplane']",airplane
45071,4,"['cat', 'automobile', 'frog', 'airplane']",automobile
45072,6,"['automobile', 'horse', 'ship', 'airplane']",airplane
45073,8,"['horse', 'airplane', 'cat', 'frog']",horse
45074,2,"['ship', 'cat', 'automobile', 'airplane']",cat
45075,3,"['frog', 'ship', 'automobile', 'airplane']",ship
45076,4,"['cat', 'automobile', 'frog', 'airplane']",automobile
45077,1,"['bird', 'dog', 'frog', 'cat', 'airplane']",airplane
45078,6,"['automobile', 'horse', 'ship', 'airplane']",airplane
45079,2,"['ship', 'cat', 'automobile', 'airplane']",cat
45080,6,"['automobile', 'horse', 'ship', 'airplane']",airplane
45081,0,"['horse', 'deer', 'frog', 'cat']",horse
45082,3,"['frog', 'ship', 'automobile', 'airplane']",ship
45083,5,"['frog', 'ship', 'airplane', 'automobile']",ship
45084,1,"['bird', 'dog', 'frog', 'cat', 'airplane']",airplane
45085,0,"['horse', 'deer', 'frog', 'cat']",horse
45086,9,"['dog', 'frog', 'cat', 'airplane']",airplane
45087,7,"['automobile', 'cat', 'airplane', 'frog']",frog
45088,0,"['horse', 'deer', 'frog', 'cat']",horse
45089,0,"['horse', 'deer', 'frog', 'cat']",horse
45090,9,"['dog', 'frog', 'cat', 'airplane']",airplane
45091,3,"['frog', 'ship', 'automobile', 'airplane']",ship
45092,4,"['cat', 'automobile', 'frog', 'airplane']",airplane
45093,9,"['dog', 'frog', 'cat', 'airplane']",airplane
45094,8,"['horse', 'airplane', 'cat', 'frog']",horse
45095,8,"['horse', 'airplane', 'cat', 'frog']",horse
45096,0,"['horse', 'deer', 'frog', 'cat']",horse
45097,1,"['bird', 'dog', 'frog', 'cat', 'airplane']",airplane
45098,6,"['automobile', 'horse', 'ship', 'airplane']",ship
45099,1,"['bird', 'dog', 'frog', 'cat', 'airplane']",airplane
45100,4,"['cat', 'automobile', 'frog', 'airplane']",automobile
45101,9,"['dog', 'frog', 'cat', 'airplane']",airplane
45102,0,"['horse', 'deer', 'frog', 'cat']",horse
45103,7,"['automobile', 'cat', 'airplane', 'frog']",cat
45104,8,"['horse', 'airplane', 'cat', 'frog']",horse
45105,1,"['bird', 'dog', 'frog', 'cat', 'airplane']",airplane
45106,0,"['horse', 'deer', 'frog', 'cat']",horse
45107,9,"['dog', 'frog', 'cat', 'airplane']",airplane
45108,5,"['frog', 'ship', 'airplane', 'automobile']",ship
45109,2,"['ship', 'cat', 'automobile', 'airplane']",cat
45110,4,"['cat', 'automobile', 'frog', 'airplane']",automobile
45111,4,"['cat', 'automobile', 'frog', 'airplane']",automobile
45112,7,"['automobile', 'cat', 'airplane', 'frog']",airplane
45113,0,"['horse', 'deer', 'frog', 'cat']",horse
45114,4,"['cat', 'automobile', 'frog', 'airplane']",automobile
45115,8,"['horse', 'airplane', 'cat', 'frog']",horse
45116,9,"['dog', 'frog', 'cat', 'airplane']",dog
45117,3,"['frog', 'ship', 'automobile', 'airplane']",ship
45118,1,"['bird', 'dog', 'frog', 'cat', 'airplane']",airplane
45119,2,"['ship', 'cat', 'automobile', 'airplane']",cat
45120,2,"['ship', 'cat', 'automobile', 'airplane']",cat
45121,4,"['cat', 'automobile', 'frog', 'airplane']",automobile
45122,4,"['cat', 'automobile', 'frog', 'airplane']",automobile
45123,0,"['horse', 'deer', 'frog', 'cat']",horse
45124,4,"['cat', 'automobile', 'frog', 'airplane']",automobile
45125,5,"['frog', 'ship', 'airplane', 'automobile']",ship
45126,1,"['bird', 'dog', 'frog', 'cat', 'airplane']",airplane
45127,7,"['automobile', 'cat', 'airplane', 'frog']",airplane
45128,3,"['frog', 'ship', 'automobile', 'airplane']",ship
45129,5,"['frog', 'ship', 'airplane', 'automobile']",ship
45130,7,"['automobile', 'cat', 'airplane', 'frog']",cat
45131,2,"['ship', 'cat', 'automobile', 'airplane']",cat
45132,4,"['cat', 'automobile', 'frog', 'airplane']",automobile
45133,4,"['cat', 'automobile', 'frog', 'airplane']",automobile
45134,5,"['frog', 'ship', 'airplane', 'automobile']",ship
45135,6,"['automobile', 'horse', 'ship', 'airplane']",airplane
45136,4,"['cat', 'automobile', 'frog', 'airplane']",automobile
45137,3,"['frog', 'ship', 'automobile', 'airplane']",ship
45138,8,"['horse', 'airplane', 'cat', 'frog']",horse
45139,4,"['cat', 'automobile', 'frog', 'airplane']",automobile
45140,6,"['automobile', 'horse', 'ship', 'airplane']",ship
45141,6,"['automobile', 'horse', 'ship', 'airplane']",airplane
45142,5,"['frog', 'ship', 'airplane', 'automobile']",ship
45143,0,"['horse', 'deer', 'frog', 'cat']",horse
45144,4,"['cat', 'automobile', 'frog', 'airplane']",automobile
45145,9,"['dog', 'frog', 'cat', 'airplane']",dog
45146,9,"['dog', 'frog', 'cat', 'airplane']",airplane
45147,7,"['automobile', 'cat', 'airplane', 'frog']",airplane
45148,8,"['horse', 'airplane', 'cat', 'frog']",horse
45149,6,"['automobile', 'horse', 'ship', 'airplane']",airplane
45150,7,"['automobile', 'cat', 'airplane', 'frog']",frog
45151,3,"['frog', 'ship', 'automobile', 'airplane']",frog
45152,3,"['frog', 'ship', 'automobile', 'airplane']",ship
45153,5,"['frog', 'ship', 'airplane', 'automobile']",ship
45154,9,"['dog', 'frog', 'cat', 'airplane']",airplane
45155,6,"['automobile', 'horse', 'ship', 'airplane']",ship
45156,0,"['horse', 'deer', 'frog', 'cat']",horse
45157,1,"['bird', 'dog', 'frog', 'cat', 'airplane']",airplane
45158,3,"['frog', 'ship', 'automobile', 'airplane']",frog
45159,8,"['horse', 'airplane', 'cat', 'frog']",horse
45160,9,"['dog', 'frog', 'cat', 'airplane']",airplane
45161,8,"['horse', 'airplane', 'cat', 'frog']",horse
45162,8,"['horse', 'airplane', 'cat', 'frog']",horse
45163,0,"['horse', 'deer', 'frog', 'cat']",horse
45164,6,"['automobile', 'horse', 'ship', 'airplane']",airplane
45165,6,"['automobile', 'horse', 'ship', 'airplane']",ship
45166,0,"['horse', 'deer', 'frog', 'cat']",horse
45167,9,"['dog', 'frog', 'cat', 'airplane']",dog
45168,8,"['horse', 'airplane', 'cat', 'frog']",horse
45169,6,"['automobile', 'horse', 'ship', 'airplane']",automobile
45170,4,"['cat', 'automobile', 'frog', 'airplane']",automobile
45171,7,"['automobile', 'cat', 'airplane', 'frog']",airplane
45172,7,"['automobile', 'cat', 'airplane', 'frog']",cat
45173,9,"['dog', 'frog', 'cat', 'airplane']",airplane
45174,9,"['dog', 'frog', 'cat', 'airplane']",airplane
45175,3,"['frog', 'ship', 'automobile', 'airplane']",ship
45176,0,"['horse', 'deer', 'frog', 'cat']",horse
45177,9,"['dog', 'frog', 'cat', 'airplane']",airplane
45178,5,"['frog', 'ship', 'airplane', 'automobile']",ship
45179,5,"['frog', 'ship', 'airplane', 'automobile']",ship
45180,6,"['automobile', 'horse', 'ship', 'airplane']",airplane
45181,5,"['frog', 'ship', 'airplane', 'automobile']",ship
45182,0,"['horse', 'deer', 'frog', 'cat']",horse
45183,9,"['dog', 'frog', 'cat', 'airplane']",dog
45184,5,"['frog', 'ship', 'airplane', 'automobile']",ship
45185,8,"['horse', 'airplane', 'cat', 'frog']",horse
45186,0,"['horse', 'deer', 'frog', 'cat']",horse
45187,1,"['bird', 'dog', 'frog', 'cat', 'airplane']",airplane
45188,0,"['horse', 'deer', 'frog', 'cat']",horse
45189,4,"['cat', 'automobile', 'frog', 'airplane']",automobile
45190,0,"['horse', 'deer', 'frog', 'cat']",horse
45191,3,"['frog', 'ship', 'automobile', 'airplane']",ship
45192,3,"['frog', 'ship', 'automobile', 'airplane']",ship
45193,2,"['ship', 'cat', 'automobile', 'airplane']",cat
45194,1,"['bird', 'dog', 'frog', 'cat', 'airplane']",airplane
45195,1,"['bird', 'dog', 'frog', 'cat', 'airplane']",airplane
45196,4,"['cat', 'automobile', 'frog', 'airplane']",automobile
45197,9,"['dog', 'frog', 'cat', 'airplane']",dog
45198,9,"['dog', 'frog', 'cat', 'airplane']",dog
45199,4,"['cat', 'automobile', 'frog', 'airplane']",automobile
45200,2,"['ship', 'cat', 'automobile', 'airplane']",cat
45201,1,"['bird', 'dog', 'frog', 'cat', 'airplane']",airplane
45202,1,"['bird', 'dog', 'frog', 'cat', 'airplane']",airplane
45203,2,"['ship', 'cat', 'automobile', 'airplane']",automobile
45204,7,"['automobile', 'cat', 'airplane', 'frog']",airplane
45205,4,"['cat', 'automobile', 'frog', 'airplane']",automobile
45206,5,"['frog', 'ship', 'airplane', 'automobile']",ship
45207,5,"['frog', 'ship', 'airplane', 'automobile']",ship
45208,6,"['automobile', 'horse', 'ship', 'airplane']",airplane
45209,3,"['frog', 'ship', 'automobile', 'airplane']",frog
45210,1,"['bird', 'dog', 'frog', 'cat', 'airplane']",airplane
45211,3,"['frog', 'ship', 'automobile', 'airplane']",ship
45212,1,"['bird', 'dog', 'frog', 'cat', 'airplane']",airplane
45213,2,"['ship', 'cat', 'automobile', 'airplane']",cat
45214,1,"['bird', 'dog', 'frog', 'cat', 'airplane']",airplane
45215,5,"['frog', 'ship', 'airplane', 'automobile']",ship
45216,3,"['frog', 'ship', 'automobile', 'airplane']",ship
45217,3,"['frog', 'ship', 'automobile', 'airplane']",ship
45218,2,"['ship', 'cat', 'automobile', 'airplane']",cat
45219,5,"['frog', 'ship', 'airplane', 'automobile']",ship
45220,6,"['automobile', 'horse', 'ship', 'airplane']",automobile
45221,4,"['cat', 'automobile', 'frog', 'airplane']",automobile
45222,5,"['frog', 'ship', 'airplane', 'automobile']",ship
45223,2,"['ship', 'cat', 'automobile', 'airplane']",automobile
45224,7,"['automobile', 'cat', 'airplane', 'frog']",cat
45225,6,"['automobile', 'horse', 'ship', 'airplane']",ship
45226,4,"['cat', 'automobile', 'frog', 'airplane']",automobile
45227,6,"['automobile', 'horse', 'ship', 'airplane']",airplane
45228,1,"['bird', 'dog', 'frog', 'cat', 'airplane']",airplane
45229,2,"['ship', 'cat', 'automobile', 'airplane']",automobile
45230,7,"['automobile', 'cat', 'airplane', 'frog']",cat
45231,9,"['dog', 'frog', 'cat', 'airplane']",airplane
45232,0,"['horse', 'deer', 'frog', 'cat']",horse
45233,0,"['horse', 'deer', 'frog', 'cat']",horse
45234,4,"['cat', 'automobile', 'frog', 'airplane']",airplane
45235,9,"['dog', 'frog', 'cat', 'airplane']",airplane
45236,3,"['frog', 'ship', 'automobile', 'airplane']",ship
45237,5,"['frog', 'ship', 'airplane', 'automobile']",ship
45238,2,"['ship', 'cat', 'automobile', 'airplane']",automobile
45239,4,"['cat', 'automobile', 'frog', 'airplane']",automobile
45240,8,"['horse', 'airplane', 'cat', 'frog']",horse
45241,9,"['dog', 'frog', 'cat', 'airplane']",dog
45242,0,"['horse', 'deer', 'frog', 'cat']",horse
45243,8,"['horse', 'airplane', 'cat', 'frog']",horse
45244,2,"['ship', 'cat', 'automobile', 'airplane']",automobile
45245,5,"['frog', 'ship', 'airplane', 'automobile']",ship
45246,1,"['bird', 'dog', 'frog', 'cat', 'airplane']",airplane
45247,6,"['automobile', 'horse', 'ship', 'airplane']",airplane
45248,6,"['automobile', 'horse', 'ship', 'airplane']",airplane
45249,3,"['frog', 'ship', 'automobile', 'airplane']",ship
45250,3,"['frog', 'ship', 'automobile', 'airplane']",ship
45251,3,"['frog', 'ship', 'automobile', 'airplane']",ship
45252,2,"['ship', 'cat', 'automobile', 'airplane']",cat
45253,6,"['automobile', 'horse', 'ship', 'airplane']",airplane
45254,6,"['automobile', 'horse', 'ship', 'airplane']",horse
45255,4,"['cat', 'automobile', 'frog', 'airplane']",automobile
45256,7,"['automobile', 'cat', 'airplane', 'frog']",cat
45257,5,"['frog', 'ship', 'airplane', 'automobile']",ship
45258,1,"['bird', 'dog', 'frog', 'cat', 'airplane']",airplane
45259,0,"['horse', 'deer', 'frog', 'cat']",horse
45260,5,"['frog', 'ship', 'airplane', 'automobile']",ship
45261,9,"['dog', 'frog', 'cat', 'airplane']",airplane
45262,0,"['horse', 'deer', 'frog', 'cat']",horse
45263,4,"['cat', 'automobile', 'frog', 'airplane']",automobile
45264,0,"['horse', 'deer', 'frog', 'cat']",horse
45265,0,"['horse', 'deer', 'frog', 'cat']",horse
45266,6,"['automobile', 'horse', 'ship', 'airplane']",automobile
45267,6,"['automobile', 'horse', 'ship', 'airplane']",airplane
45268,1,"['bird', 'dog', 'frog', 'cat', 'airplane']",airplane
45269,5,"['frog', 'ship', 'airplane', 'automobile']",ship
45270,0,"['horse', 'deer', 'frog', 'cat']",horse
45271,5,"['frog', 'ship', 'airplane', 'automobile']",ship
45272,2,"['ship', 'cat', 'automobile', 'airplane']",cat
45273,5,"['frog', 'ship', 'airplane', 'automobile']",ship
45274,4,"['cat', 'automobile', 'frog', 'airplane']",automobile
45275,3,"['frog', 'ship', 'automobile', 'airplane']",ship
45276,7,"['automobile', 'cat', 'airplane', 'frog']",airplane
45277,2,"['ship', 'cat', 'automobile', 'airplane']",automobile
45278,5,"['frog', 'ship', 'airplane', 'automobile']",ship
45279,4,"['cat', 'automobile', 'frog', 'airplane']",automobile
45280,6,"['automobile', 'horse', 'ship', 'airplane']",ship
45281,7,"['automobile', 'cat', 'airplane', 'frog']",cat
45282,3,"['frog', 'ship', 'automobile', 'airplane']",ship
45283,1,"['bird', 'dog', 'frog', 'cat', 'airplane']",airplane
45284,9,"['dog', 'frog', 'cat', 'airplane']",airplane
45285,7,"['automobile', 'cat', 'airplane', 'frog']",cat
45286,4,"['cat', 'automobile', 'frog', 'airplane']",automobile
45287,9,"['dog', 'frog', 'cat', 'airplane']",dog
45288,0,"['horse', 'deer', 'frog', 'cat']",horse
45289,1,"['bird', 'dog', 'frog', 'cat', 'airplane']",airplane
45290,5,"['frog', 'ship', 'airplane', 'automobile']",ship
45291,1,"['bird', 'dog', 'frog', 'cat', 'airplane']",airplane
45292,7,"['automobile', 'cat', 'airplane', 'frog']",cat
45293,4,"['cat', 'automobile', 'frog', 'airplane']",automobile
45294,7,"['automobile', 'cat', 'airplane', 'frog']",cat
45295,6,"['automobile', 'horse', 'ship', 'airplane']",airplane
45296,1,"['bird', 'dog', 'frog', 'cat', 'airplane']",airplane
45297,0,"['horse', 'deer', 'frog', 'cat']",horse
45298,6,"['automobile', 'horse', 'ship', 'airplane']",airplane
45299,4,"['cat', 'automobile', 'frog', 'airplane']",automobile
45300,6,"['automobile', 'horse', 'ship', 'airplane']",airplane
45301,0,"['horse', 'deer', 'frog', 'cat']",horse
45302,9,"['dog', 'frog', 'cat', 'airplane']",airplane
45303,2,"['ship', 'cat', 'automobile', 'airplane']",automobile
45304,0,"['horse', 'deer', 'frog', 'cat']",horse
45305,6,"['automobile', 'horse', 'ship', 'airplane']",automobile
45306,2,"['ship', 'cat', 'automobile', 'airplane']",cat
45307,9,"['dog', 'frog', 'cat', 'airplane']",airplane
45308,1,"['bird', 'dog', 'frog', 'cat', 'airplane']",airplane
45309,8,"['horse', 'airplane', 'cat', 'frog']",horse
45310,3,"['frog', 'ship', 'automobile', 'airplane']",ship
45311,4,"['cat', 'automobile', 'frog', 'airplane']",automobile
45312,5,"['frog', 'ship', 'airplane', 'automobile']",ship
45313,0,"['horse', 'deer', 'frog', 'cat']",horse
45314,0,"['horse', 'deer', 'frog', 'cat']",horse
45315,4,"['cat', 'automobile', 'frog', 'airplane']",automobile
45316,1,"['bird', 'dog', 'frog', 'cat', 'airplane']",airplane
45317,1,"['bird', 'dog', 'frog', 'cat', 'airplane']",airplane
45318,8,"['horse', 'airplane', 'cat', 'frog']",horse
45319,3,"['frog', 'ship', 'automobile', 'airplane']",ship
45320,2,"['ship', 'cat', 'automobile', 'airplane']",cat
45321,5,"['frog', 'ship', 'airplane', 'automobile']",ship
45322,1,"['bird', 'dog', 'frog', 'cat', 'airplane']",airplane
45323,4,"['cat', 'automobile', 'frog', 'airplane']",automobile
45324,1,"['bird', 'dog', 'frog', 'cat', 'airplane']",airplane
45325,8,"['horse', 'airplane', 'cat', 'frog']",horse
45326,5,"['frog', 'ship', 'airplane', 'automobile']",ship
45327,8,"['horse', 'airplane', 'cat', 'frog']",horse
45328,2,"['ship', 'cat', 'automobile', 'airplane']",automobile
45329,1,"['bird', 'dog', 'frog', 'cat', 'airplane']",airplane
45330,3,"['frog', 'ship', 'automobile', 'airplane']",ship
45331,5,"['frog', 'ship', 'airplane', 'automobile']",ship
45332,1,"['bird', 'dog', 'frog', 'cat', 'airplane']",airplane
45333,4,"['cat', 'automobile', 'frog', 'airplane']",automobile
45334,2,"['ship', 'cat', 'automobile', 'airplane']",automobile
45335,2,"['ship', 'cat', 'automobile', 'airplane']",cat
45336,7,"['automobile', 'cat', 'airplane', 'frog']",cat
45337,7,"['automobile', 'cat', 'airplane', 'frog']",cat
45338,8,"['horse', 'airplane', 'cat', 'frog']",horse
45339,0,"['horse', 'deer', 'frog', 'cat']",horse
45340,4,"['cat', 'automobile', 'frog', 'airplane']",automobile
45341,2,"['ship', 'cat', 'automobile', 'airplane']",cat
45342,2,"['ship', 'cat', 'automobile', 'airplane']",automobile
45343,7,"['automobile', 'cat', 'airplane', 'frog']",cat
45344,0,"['horse', 'deer', 'frog', 'cat']",horse
45345,5,"['frog', 'ship', 'airplane', 'automobile']",ship
45346,2,"['ship', 'cat', 'automobile', 'airplane']",cat
45347,0,"['horse', 'deer', 'frog', 'cat']",horse
45348,0,"['horse', 'deer', 'frog', 'cat']",frog
45349,0,"['horse', 'deer', 'frog', 'cat']",horse
45350,6,"['automobile', 'horse', 'ship', 'airplane']",airplane
45351,3,"['frog', 'ship', 'automobile', 'airplane']",ship
45352,7,"['automobile', 'cat', 'airplane', 'frog']",cat
45353,7,"['automobile', 'cat', 'airplane', 'frog']",cat
45354,8,"['horse', 'airplane', 'cat', 'frog']",horse
45355,6,"['automobile', 'horse', 'ship', 'airplane']",ship
45356,9,"['dog', 'frog', 'cat', 'airplane']",dog
45357,0,"['horse', 'deer', 'frog', 'cat']",horse
45358,0,"['horse', 'deer', 'frog', 'cat']",horse
45359,2,"['ship', 'cat', 'automobile', 'airplane']",cat
45360,2,"['ship', 'cat', 'automobile', 'airplane']",cat
45361,6,"['automobile', 'horse', 'ship', 'airplane']",automobile
45362,3,"['frog', 'ship', 'automobile', 'airplane']",ship
45363,4,"['cat', 'automobile', 'frog', 'airplane']",automobile
45364,0,"['horse', 'deer', 'frog', 'cat']",horse
45365,7,"['automobile', 'cat', 'airplane', 'frog']",cat
45366,6,"['automobile', 'horse', 'ship', 'airplane']",airplane
45367,2,"['ship', 'cat', 'automobile', 'airplane']",cat
45368,5,"['frog', 'ship', 'airplane', 'automobile']",ship
45369,6,"['automobile', 'horse', 'ship', 'airplane']",airplane
45370,1,"['bird', 'dog', 'frog', 'cat', 'airplane']",airplane
45371,8,"['horse', 'airplane', 'cat', 'frog']",horse
45372,8,"['horse', 'airplane', 'cat', 'frog']",horse
45373,0,"['horse', 'deer', 'frog', 'cat']",horse
45374,5,"['frog', 'ship', 'airplane', 'automobile']",ship
45375,8,"['horse', 'airplane', 'cat', 'frog']",horse
45376,7,"['automobile', 'cat', 'airplane', 'frog']",cat
45377,1,"['bird', 'dog', 'frog', 'cat', 'airplane']",airplane
45378,9,"['dog', 'frog', 'cat', 'airplane']",airplane
45379,3,"['frog', 'ship', 'automobile', 'airplane']",ship
45380,3,"['frog', 'ship', 'automobile', 'airplane']",ship
45381,4,"['cat', 'automobile', 'frog', 'airplane']",automobile
45382,3,"['frog', 'ship', 'automobile', 'airplane']",ship
45383,6,"['automobile', 'horse', 'ship', 'airplane']",ship
45384,0,"['horse', 'deer', 'frog', 'cat']",horse
45385,6,"['automobile', 'horse', 'ship', 'airplane']",airplane
45386,8,"['horse', 'airplane', 'cat', 'frog']",horse
45387,0,"['horse', 'deer', 'frog', 'cat']",frog
45388,9,"['dog', 'frog', 'cat', 'airplane']",dog
45389,3,"['frog', 'ship', 'automobile', 'airplane']",ship
45390,0,"['horse', 'deer', 'frog', 'cat']",horse
45391,0,"['horse', 'deer', 'frog', 'cat']",horse
45392,6,"['automobile', 'horse', 'ship', 'airplane']",airplane
45393,0,"['horse', 'deer', 'frog', 'cat']",horse
45394,7,"['automobile', 'cat', 'airplane', 'frog']",airplane
45395,3,"['frog', 'ship', 'automobile', 'airplane']",ship
45396,4,"['cat', 'automobile', 'frog', 'airplane']",automobile
45397,4,"['cat', 'automobile', 'frog', 'airplane']",automobile
45398,8,"['horse', 'airplane', 'cat', 'frog']",horse
45399,1,"['bird', 'dog', 'frog', 'cat', 'airplane']",airplane
45400,4,"['cat', 'automobile', 'frog', 'airplane']",automobile
45401,9,"['dog', 'frog', 'cat', 'airplane']",dog
45402,3,"['frog', 'ship', 'automobile', 'airplane']",ship
45403,1,"['bird', 'dog', 'frog', 'cat', 'airplane']",airplane
45404,2,"['ship', 'cat', 'automobile', 'airplane']",automobile
45405,9,"['dog', 'frog', 'cat', 'airplane']",airplane
45406,1,"['bird', 'dog', 'frog', 'cat', 'airplane']",airplane
45407,7,"['automobile', 'cat', 'airplane', 'frog']",frog
45408,4,"['cat', 'automobile', 'frog', 'airplane']",automobile
45409,7,"['automobile', 'cat', 'airplane', 'frog']",cat
45410,4,"['cat', 'automobile', 'frog', 'airplane']",automobile
45411,2,"['ship', 'cat', 'automobile', 'airplane']",cat
45412,0,"['horse', 'deer', 'frog', 'cat']",horse
45413,0,"['horse', 'deer', 'frog', 'cat']",horse
45414,2,"['ship', 'cat', 'automobile', 'airplane']",cat
45415,3,"['frog', 'ship', 'automobile', 'airplane']",ship
45416,7,"['automobile', 'cat', 'airplane', 'frog']",cat
45417,5,"['frog', 'ship', 'airplane', 'automobile']",ship
45418,9,"['dog', 'frog', 'cat', 'airplane']",airplane
45419,0,"['horse', 'deer', 'frog', 'cat']",horse
45420,6,"['automobile', 'horse', 'ship', 'airplane']",horse
45421,5,"['frog', 'ship', 'airplane', 'automobile']",ship
45422,5,"['frog', 'ship', 'airplane', 'automobile']",ship
45423,0,"['horse', 'deer', 'frog', 'cat']",horse
45424,2,"['ship', 'cat', 'automobile', 'airplane']",cat
45425,1,"['bird', 'dog', 'frog', 'cat', 'airplane']",airplane
45426,9,"['dog', 'frog', 'cat', 'airplane']",airplane
45427,1,"['bird', 'dog', 'frog', 'cat', 'airplane']",airplane
45428,2,"['ship', 'cat', 'automobile', 'airplane']",cat
45429,6,"['automobile', 'horse', 'ship', 'airplane']",airplane
45430,6,"['automobile', 'horse', 'ship', 'airplane']",airplane
45431,9,"['dog', 'frog', 'cat', 'airplane']",airplane
45432,7,"['automobile', 'cat', 'airplane', 'frog']",cat
45433,3,"['frog', 'ship', 'automobile', 'airplane']",ship
45434,1,"['bird', 'dog', 'frog', 'cat', 'airplane']",airplane
45435,9,"['dog', 'frog', 'cat', 'airplane']",airplane
45436,5,"['frog', 'ship', 'airplane', 'automobile']",ship
45437,2,"['ship', 'cat', 'automobile', 'airplane']",cat
45438,0,"['horse', 'deer', 'frog', 'cat']",horse
45439,3,"['frog', 'ship', 'automobile', 'airplane']",ship
45440,5,"['frog', 'ship', 'airplane', 'automobile']",ship
45441,4,"['cat', 'automobile', 'frog', 'airplane']",automobile
45442,8,"['horse', 'airplane', 'cat', 'frog']",horse
45443,6,"['automobile', 'horse', 'ship', 'airplane']",airplane
45444,1,"['bird', 'dog', 'frog', 'cat', 'airplane']",airplane
45445,0,"['horse', 'deer', 'frog', 'cat']",horse
45446,8,"['horse', 'airplane', 'cat', 'frog']",airplane
45447,8,"['horse', 'airplane', 'cat', 'frog']",horse
45448,5,"['frog', 'ship', 'airplane', 'automobile']",ship
45449,7,"['automobile', 'cat', 'airplane', 'frog']",airplane
45450,5,"['frog', 'ship', 'airplane', 'automobile']",ship
45451,2,"['ship', 'cat', 'automobile', 'airplane']",cat
45452,6,"['automobile', 'horse', 'ship', 'airplane']",airplane
45453,6,"['automobile', 'horse', 'ship', 'airplane']",airplane
45454,3,"['frog', 'ship', 'automobile', 'airplane']",ship
45455,1,"['bird', 'dog', 'frog', 'cat', 'airplane']",airplane
45456,3,"['frog', 'ship', 'automobile', 'airplane']",ship
45457,0,"['horse', 'deer', 'frog', 'cat']",horse
45458,3,"['frog', 'ship', 'automobile', 'airplane']",ship
45459,7,"['automobile', 'cat', 'airplane', 'frog']",cat
45460,2,"['ship', 'cat', 'automobile', 'airplane']",cat
45461,8,"['horse', 'airplane', 'cat', 'frog']",horse
45462,8,"['horse', 'airplane', 'cat', 'frog']",horse
45463,9,"['dog', 'frog', 'cat', 'airplane']",dog
45464,9,"['dog', 'frog', 'cat', 'airplane']",airplane
45465,9,"['dog', 'frog', 'cat', 'airplane']",airplane
45466,1,"['bird', 'dog', 'frog', 'cat', 'airplane']",airplane
45467,3,"['frog', 'ship', 'automobile', 'airplane']",ship
45468,7,"['automobile', 'cat', 'airplane', 'frog']",airplane
45469,5,"['frog', 'ship', 'airplane', 'automobile']",ship
45470,1,"['bird', 'dog', 'frog', 'cat', 'airplane']",airplane
45471,3,"['frog', 'ship', 'automobile', 'airplane']",ship
45472,9,"['dog', 'frog', 'cat', 'airplane']",dog
45473,5,"['frog', 'ship', 'airplane', 'automobile']",ship
45474,6,"['automobile', 'horse', 'ship', 'airplane']",airplane
45475,1,"['bird', 'dog', 'frog', 'cat', 'airplane']",airplane
45476,7,"['automobile', 'cat', 'airplane', 'frog']",airplane
45477,5,"['frog', 'ship', 'airplane', 'automobile']",ship
45478,8,"['horse', 'airplane', 'cat', 'frog']",horse
45479,3,"['frog', 'ship', 'automobile', 'airplane']",ship
45480,7,"['automobile', 'cat', 'airplane', 'frog']",cat
45481,5,"['frog', 'ship', 'airplane', 'automobile']",ship
45482,5,"['frog', 'ship', 'airplane', 'automobile']",ship
45483,1,"['bird', 'dog', 'frog', 'cat', 'airplane']",airplane
45484,0,"['horse', 'deer', 'frog', 'cat']",horse
45485,1,"['bird', 'dog', 'frog', 'cat', 'airplane']",airplane
45486,8,"['horse', 'airplane', 'cat', 'frog']",horse
45487,1,"['bird', 'dog', 'frog', 'cat', 'airplane']",airplane
45488,1,"['bird', 'dog', 'frog', 'cat', 'airplane']",airplane
45489,2,"['ship', 'cat', 'automobile', 'airplane']",cat
45490,7,"['automobile', 'cat', 'airplane', 'frog']",cat
45491,4,"['cat', 'automobile', 'frog', 'airplane']",automobile
45492,5,"['frog', 'ship', 'airplane', 'automobile']",ship
45493,7,"['automobile', 'cat', 'airplane', 'frog']",airplane
45494,2,"['ship', 'cat', 'automobile', 'airplane']",cat
45495,9,"['dog', 'frog', 'cat', 'airplane']",airplane
45496,4,"['cat', 'automobile', 'frog', 'airplane']",automobile
45497,9,"['dog', 'frog', 'cat', 'airplane']",airplane
45498,9,"['dog', 'frog', 'cat', 'airplane']",dog
45499,5,"['frog', 'ship', 'airplane', 'automobile']",ship
45500,1,"['bird', 'dog', 'frog', 'cat', 'airplane']",airplane
45501,5,"['frog', 'ship', 'airplane', 'automobile']",ship
45502,3,"['frog', 'ship', 'automobile', 'airplane']",ship
45503,5,"['frog', 'ship', 'airplane', 'automobile']",ship
45504,5,"['frog', 'ship', 'airplane', 'automobile']",ship
45505,7,"['automobile', 'cat', 'airplane', 'frog']",airplane
45506,7,"['automobile', 'cat', 'airplane', 'frog']",airplane
45507,0,"['horse', 'deer', 'frog', 'cat']",horse
45508,3,"['frog', 'ship', 'automobile', 'airplane']",ship
45509,0,"['horse', 'deer', 'frog', 'cat']",horse
45510,4,"['cat', 'automobile', 'frog', 'airplane']",automobile
45511,5,"['frog', 'ship', 'airplane', 'automobile']",ship
45512,4,"['cat', 'automobile', 'frog', 'airplane']",automobile
45513,0,"['horse', 'deer', 'frog', 'cat']",horse
45514,3,"['frog', 'ship', 'automobile', 'airplane']",ship
45515,4,"['cat', 'automobile', 'frog', 'airplane']",automobile
45516,0,"['horse', 'deer', 'frog', 'cat']",horse
45517,4,"['cat', 'automobile', 'frog', 'airplane']",automobile
45518,6,"['automobile', 'horse', 'ship', 'airplane']",airplane
45519,5,"['frog', 'ship', 'airplane', 'automobile']",ship
45520,9,"['dog', 'frog', 'cat', 'airplane']",airplane
45521,2,"['ship', 'cat', 'automobile', 'airplane']",cat
45522,2,"['ship', 'cat', 'automobile', 'airplane']",cat
45523,7,"['automobile', 'cat', 'airplane', 'frog']",cat
45524,6,"['automobile', 'horse', 'ship', 'airplane']",airplane
45525,0,"['horse', 'deer', 'frog', 'cat']",horse
45526,6,"['automobile', 'horse', 'ship', 'airplane']",airplane
45527,7,"['automobile', 'cat', 'airplane', 'frog']",frog
45528,9,"['dog', 'frog', 'cat', 'airplane']",airplane
45529,2,"['ship', 'cat', 'automobile', 'airplane']",cat
45530,7,"['automobile', 'cat', 'airplane', 'frog']",cat
45531,5,"['frog', 'ship', 'airplane', 'automobile']",ship
45532,2,"['ship', 'cat', 'automobile', 'airplane']",automobile
45533,2,"['ship', 'cat', 'automobile', 'airplane']",ship
45534,6,"['automobile', 'horse', 'ship', 'airplane']",airplane
45535,1,"['bird', 'dog', 'frog', 'cat', 'airplane']",airplane
45536,8,"['horse', 'airplane', 'cat', 'frog']",horse
45537,8,"['horse', 'airplane', 'cat', 'frog']",horse
45538,9,"['dog', 'frog', 'cat', 'airplane']",dog
45539,9,"['dog', 'frog', 'cat', 'airplane']",dog
45540,7,"['automobile', 'cat', 'airplane', 'frog']",cat
45541,4,"['cat', 'automobile', 'frog', 'airplane']",automobile
45542,3,"['frog', 'ship', 'automobile', 'airplane']",ship
45543,6,"['automobile', 'horse', 'ship', 'airplane']",airplane
45544,5,"['frog', 'ship', 'airplane', 'automobile']",ship
45545,5,"['frog', 'ship', 'airplane', 'automobile']",ship
45546,0,"['horse', 'deer', 'frog', 'cat']",frog
45547,9,"['dog', 'frog', 'cat', 'airplane']",dog
45548,1,"['bird', 'dog', 'frog', 'cat', 'airplane']",airplane
45549,7,"['automobile', 'cat', 'airplane', 'frog']",airplane
45550,2,"['ship', 'cat', 'automobile', 'airplane']",cat
45551,8,"['horse', 'airplane', 'cat', 'frog']",horse
45552,3,"['frog', 'ship', 'automobile', 'airplane']",ship
45553,5,"['frog', 'ship', 'airplane', 'automobile']",ship
45554,5,"['frog', 'ship', 'airplane', 'automobile']",ship
45555,4,"['cat', 'automobile', 'frog', 'airplane']",automobile
45556,0,"['horse', 'deer', 'frog', 'cat']",horse
45557,5,"['frog', 'ship', 'airplane', 'automobile']",ship
45558,2,"['ship', 'cat', 'automobile', 'airplane']",cat
45559,0,"['horse', 'deer', 'frog', 'cat']",horse
45560,9,"['dog', 'frog', 'cat', 'airplane']",dog
45561,7,"['automobile', 'cat', 'airplane', 'frog']",cat
45562,9,"['dog', 'frog', 'cat', 'airplane']",airplane
45563,7,"['automobile', 'cat', 'airplane', 'frog']",cat
45564,0,"['horse', 'deer', 'frog', 'cat']",horse
45565,1,"['bird', 'dog', 'frog', 'cat', 'airplane']",airplane
45566,4,"['cat', 'automobile', 'frog', 'airplane']",frog
45567,1,"['bird', 'dog', 'frog', 'cat', 'airplane']",airplane
45568,3,"['frog', 'ship', 'automobile', 'airplane']",ship
45569,1,"['bird', 'dog', 'frog', 'cat', 'airplane']",airplane
45570,2,"['ship', 'cat', 'automobile', 'airplane']",automobile
45571,4,"['cat', 'automobile', 'frog', 'airplane']",automobile
45572,7,"['automobile', 'cat', 'airplane', 'frog']",cat
45573,9,"['dog', 'frog', 'cat', 'airplane']",dog
45574,1,"['bird', 'dog', 'frog', 'cat', 'airplane']",airplane
45575,6,"['automobile', 'horse', 'ship', 'airplane']",airplane
45576,7,"['automobile', 'cat', 'airplane', 'frog']",cat
45577,9,"['dog', 'frog', 'cat', 'airplane']",airplane
45578,8,"['horse', 'airplane', 'cat', 'frog']",horse
45579,5,"['frog', 'ship', 'airplane', 'automobile']",ship
45580,1,"['bird', 'dog', 'frog', 'cat', 'airplane']",airplane
45581,5,"['frog', 'ship', 'airplane', 'automobile']",ship
45582,6,"['automobile', 'horse', 'ship', 'airplane']",airplane
45583,5,"['frog', 'ship', 'airplane', 'automobile']",ship
45584,1,"['bird', 'dog', 'frog', 'cat', 'airplane']",airplane
45585,6,"['automobile', 'horse', 'ship', 'airplane']",horse
45586,4,"['cat', 'automobile', 'frog', 'airplane']",automobile
45587,5,"['frog', 'ship', 'airplane', 'automobile']",ship
45588,2,"['ship', 'cat', 'automobile', 'airplane']",ship
45589,7,"['automobile', 'cat', 'airplane', 'frog']",cat
45590,3,"['frog', 'ship', 'automobile', 'airplane']",ship
45591,4,"['cat', 'automobile', 'frog', 'airplane']",automobile
45592,6,"['automobile', 'horse', 'ship', 'airplane']",airplane
45593,9,"['dog', 'frog', 'cat', 'airplane']",airplane
45594,0,"['horse', 'deer', 'frog', 'cat']",horse
45595,4,"['cat', 'automobile', 'frog', 'airplane']",automobile
45596,7,"['automobile', 'cat', 'airplane', 'frog']",frog
45597,6,"['automobile', 'horse', 'ship', 'airplane']",horse
45598,4,"['cat', 'automobile', 'frog', 'airplane']",automobile
45599,1,"['bird', 'dog', 'frog', 'cat', 'airplane']",airplane
45600,1,"['bird', 'dog', 'frog', 'cat', 'airplane']",airplane
45601,0,"['horse', 'deer', 'frog', 'cat']",horse
45602,1,"['bird', 'dog', 'frog', 'cat', 'airplane']",airplane
45603,4,"['cat', 'automobile', 'frog', 'airplane']",automobile
45604,0,"['horse', 'deer', 'frog', 'cat']",horse
45605,4,"['cat', 'automobile', 'frog', 'airplane']",automobile
45606,2,"['ship', 'cat', 'automobile', 'airplane']",cat
45607,6,"['automobile', 'horse', 'ship', 'airplane']",horse
45608,8,"['horse', 'airplane', 'cat', 'frog']",horse
45609,4,"['cat', 'automobile', 'frog', 'airplane']",airplane
45610,7,"['automobile', 'cat', 'airplane', 'frog']",cat
45611,4,"['cat', 'automobile', 'frog', 'airplane']",automobile
45612,9,"['dog', 'frog', 'cat', 'airplane']",airplane
45613,1,"['bird', 'dog', 'frog', 'cat', 'airplane']",airplane
45614,9,"['dog', 'frog', 'cat', 'airplane']",airplane
45615,0,"['horse', 'deer', 'frog', 'cat']",horse
45616,4,"['cat', 'automobile', 'frog', 'airplane']",automobile
45617,8,"['horse', 'airplane', 'cat', 'frog']",horse
45618,4,"['cat', 'automobile', 'frog', 'airplane']",automobile
45619,8,"['horse', 'airplane', 'cat', 'frog']",horse
45620,8,"['horse', 'airplane', 'cat', 'frog']",horse
45621,0,"['horse', 'deer', 'frog', 'cat']",horse
45622,6,"['automobile', 'horse', 'ship', 'airplane']",airplane
45623,4,"['cat', 'automobile', 'frog', 'airplane']",automobile
45624,4,"['cat', 'automobile', 'frog', 'airplane']",automobile
45625,3,"['frog', 'ship', 'automobile', 'airplane']",ship
45626,8,"['horse', 'airplane', 'cat', 'frog']",horse
45627,5,"['frog', 'ship', 'airplane', 'automobile']",ship
45628,1,"['bird', 'dog', 'frog', 'cat', 'airplane']",airplane
45629,5,"['frog', 'ship', 'airplane', 'automobile']",ship
45630,7,"['automobile', 'cat', 'airplane', 'frog']",cat
45631,3,"['frog', 'ship', 'automobile', 'airplane']",ship
45632,3,"['frog', 'ship', 'automobile', 'airplane']",ship
45633,5,"['frog', 'ship', 'airplane', 'automobile']",ship
45634,3,"['frog', 'ship', 'automobile', 'airplane']",ship
45635,8,"['horse', 'airplane', 'cat', 'frog']",horse
45636,5,"['frog', 'ship', 'airplane', 'automobile']",ship
45637,6,"['automobile', 'horse', 'ship', 'airplane']",airplane
45638,6,"['automobile', 'horse', 'ship', 'airplane']",airplane
45639,2,"['ship', 'cat', 'automobile', 'airplane']",automobile
45640,9,"['dog', 'frog', 'cat', 'airplane']",dog
45641,3,"['frog', 'ship', 'automobile', 'airplane']",ship
45642,1,"['bird', 'dog', 'frog', 'cat', 'airplane']",airplane
45643,7,"['automobile', 'cat', 'airplane', 'frog']",cat
45644,4,"['cat', 'automobile', 'frog', 'airplane']",airplane
45645,4,"['cat', 'automobile', 'frog', 'airplane']",automobile
45646,3,"['frog', 'ship', 'automobile', 'airplane']",ship
45647,2,"['ship', 'cat', 'automobile', 'airplane']",cat
45648,8,"['horse', 'airplane', 'cat', 'frog']",horse
45649,8,"['horse', 'airplane', 'cat', 'frog']",horse
45650,8,"['horse', 'airplane', 'cat', 'frog']",horse
45651,8,"['horse', 'airplane', 'cat', 'frog']",horse
45652,0,"['horse', 'deer', 'frog', 'cat']",horse
45653,5,"['frog', 'ship', 'airplane', 'automobile']",ship
45654,2,"['ship', 'cat', 'automobile', 'airplane']",automobile
45655,1,"['bird', 'dog', 'frog', 'cat', 'airplane']",airplane
45656,0,"['horse', 'deer', 'frog', 'cat']",deer
45657,7,"['automobile', 'cat', 'airplane', 'frog']",cat
45658,9,"['dog', 'frog', 'cat', 'airplane']",airplane
45659,8,"['horse', 'airplane', 'cat', 'frog']",horse
45660,2,"['ship', 'cat', 'automobile', 'airplane']",cat
45661,3,"['frog', 'ship', 'automobile', 'airplane']",ship
45662,2,"['ship', 'cat', 'automobile', 'airplane']",automobile
45663,6,"['automobile', 'horse', 'ship', 'airplane']",airplane
45664,5,"['frog', 'ship', 'airplane', 'automobile']",ship
45665,4,"['cat', 'automobile', 'frog', 'airplane']",automobile
45666,0,"['horse', 'deer', 'frog', 'cat']",horse
45667,3,"['frog', 'ship', 'automobile', 'airplane']",ship
45668,4,"['cat', 'automobile', 'frog', 'airplane']",automobile
45669,7,"['automobile', 'cat', 'airplane', 'frog']",cat
45670,3,"['frog', 'ship', 'automobile', 'airplane']",ship
45671,9,"['dog', 'frog', 'cat', 'airplane']",dog
45672,1,"['bird', 'dog', 'frog', 'cat', 'airplane']",airplane
45673,9,"['dog', 'frog', 'cat', 'airplane']",airplane
45674,5,"['frog', 'ship', 'airplane', 'automobile']",ship
45675,1,"['bird', 'dog', 'frog', 'cat', 'airplane']",airplane
45676,6,"['automobile', 'horse', 'ship', 'airplane']",airplane
45677,1,"['bird', 'dog', 'frog', 'cat', 'airplane']",airplane
45678,5,"['frog', 'ship', 'airplane', 'automobile']",ship
45679,0,"['horse', 'deer', 'frog', 'cat']",horse
45680,8,"['horse', 'airplane', 'cat', 'frog']",horse
45681,2,"['ship', 'cat', 'automobile', 'airplane']",cat
45682,7,"['automobile', 'cat', 'airplane', 'frog']",cat
45683,4,"['cat', 'automobile', 'frog', 'airplane']",automobile
45684,9,"['dog', 'frog', 'cat', 'airplane']",airplane
45685,1,"['bird', 'dog', 'frog', 'cat', 'airplane']",airplane
45686,6,"['automobile', 'horse', 'ship', 'airplane']",horse
45687,1,"['bird', 'dog', 'frog', 'cat', 'airplane']",airplane
45688,4,"['cat', 'automobile', 'frog', 'airplane']",automobile
45689,4,"['cat', 'automobile', 'frog', 'airplane']",automobile
45690,4,"['cat', 'automobile', 'frog', 'airplane']",automobile
45691,3,"['frog', 'ship', 'automobile', 'airplane']",ship
45692,2,"['ship', 'cat', 'automobile', 'airplane']",cat
45693,6,"['automobile', 'horse', 'ship', 'airplane']",airplane
45694,4,"['cat', 'automobile', 'frog', 'airplane']",automobile
45695,8,"['horse', 'airplane', 'cat', 'frog']",horse
45696,9,"['dog', 'frog', 'cat', 'airplane']",airplane
45697,8,"['horse', 'airplane', 'cat', 'frog']",horse
45698,5,"['frog', 'ship', 'airplane', 'automobile']",ship
45699,7,"['automobile', 'cat', 'airplane', 'frog']",cat
45700,3,"['frog', 'ship', 'automobile', 'airplane']",ship
45701,4,"['cat', 'automobile', 'frog', 'airplane']",automobile
45702,4,"['cat', 'automobile', 'frog', 'airplane']",automobile
45703,2,"['ship', 'cat', 'automobile', 'airplane']",cat
45704,1,"['bird', 'dog', 'frog', 'cat', 'airplane']",airplane
45705,5,"['frog', 'ship', 'airplane', 'automobile']",ship
45706,8,"['horse', 'airplane', 'cat', 'frog']",horse
45707,9,"['dog', 'frog', 'cat', 'airplane']",airplane
45708,7,"['automobile', 'cat', 'airplane', 'frog']",cat
45709,2,"['ship', 'cat', 'automobile', 'airplane']",cat
45710,2,"['ship', 'cat', 'automobile', 'airplane']",cat
45711,3,"['frog', 'ship', 'automobile', 'airplane']",ship
45712,4,"['cat', 'automobile', 'frog', 'airplane']",automobile
45713,2,"['ship', 'cat', 'automobile', 'airplane']",cat
45714,1,"['bird', 'dog', 'frog', 'cat', 'airplane']",airplane
45715,1,"['bird', 'dog', 'frog', 'cat', 'airplane']",airplane
45716,0,"['horse', 'deer', 'frog', 'cat']",horse
45717,8,"['horse', 'airplane', 'cat', 'frog']",horse
45718,8,"['horse', 'airplane', 'cat', 'frog']",horse
45719,6,"['automobile', 'horse', 'ship', 'airplane']",horse
45720,6,"['automobile', 'horse', 'ship', 'airplane']",airplane
45721,4,"['cat', 'automobile', 'frog', 'airplane']",automobile
45722,7,"['automobile', 'cat', 'airplane', 'frog']",cat
45723,4,"['cat', 'automobile', 'frog', 'airplane']",automobile
45724,7,"['automobile', 'cat', 'airplane', 'frog']",airplane
45725,7,"['automobile', 'cat', 'airplane', 'frog']",cat
45726,8,"['horse', 'airplane', 'cat', 'frog']",horse
45727,8,"['horse', 'airplane', 'cat', 'frog']",horse
45728,5,"['frog', 'ship', 'airplane', 'automobile']",ship
45729,4,"['cat', 'automobile', 'frog', 'airplane']",automobile
45730,6,"['automobile', 'horse', 'ship', 'airplane']",airplane
45731,5,"['frog', 'ship', 'airplane', 'automobile']",ship
45732,3,"['frog', 'ship', 'automobile', 'airplane']",frog
45733,8,"['horse', 'airplane', 'cat', 'frog']",horse
45734,9,"['dog', 'frog', 'cat', 'airplane']",dog
45735,9,"['dog', 'frog', 'cat', 'airplane']",airplane
45736,1,"['bird', 'dog', 'frog', 'cat', 'airplane']",airplane
45737,0,"['horse', 'deer', 'frog', 'cat']",horse
45738,2,"['ship', 'cat', 'automobile', 'airplane']",cat
45739,6,"['automobile', 'horse', 'ship', 'airplane']",airplane
45740,9,"['dog', 'frog', 'cat', 'airplane']",dog
45741,6,"['automobile', 'horse', 'ship', 'airplane']",airplane
45742,5,"['frog', 'ship', 'airplane', 'automobile']",ship
45743,8,"['horse', 'airplane', 'cat', 'frog']",horse
45744,2,"['ship', 'cat', 'automobile', 'airplane']",cat
45745,7,"['automobile', 'cat', 'airplane', 'frog']",cat
45746,5,"['frog', 'ship', 'airplane', 'automobile']",ship
45747,7,"['automobile', 'cat', 'airplane', 'frog']",cat
45748,2,"['ship', 'cat', 'automobile', 'airplane']",cat
45749,4,"['cat', 'automobile', 'frog', 'airplane']",automobile
45750,6,"['automobile', 'horse', 'ship', 'airplane']",ship
45751,6,"['automobile', 'horse', 'ship', 'airplane']",airplane
45752,3,"['frog', 'ship', 'automobile', 'airplane']",ship
45753,6,"['automobile', 'horse', 'ship', 'airplane']",airplane
45754,3,"['frog', 'ship', 'automobile', 'airplane']",ship
45755,9,"['dog', 'frog', 'cat', 'airplane']",dog
45756,4,"['cat', 'automobile', 'frog', 'airplane']",automobile
45757,3,"['frog', 'ship', 'automobile', 'airplane']",ship
45758,7,"['automobile', 'cat', 'airplane', 'frog']",cat
45759,6,"['automobile', 'horse', 'ship', 'airplane']",airplane
45760,8,"['horse', 'airplane', 'cat', 'frog']",horse
45761,2,"['ship', 'cat', 'automobile', 'airplane']",cat
45762,5,"['frog', 'ship', 'airplane', 'automobile']",ship
45763,0,"['horse', 'deer', 'frog', 'cat']",horse
45764,4,"['cat', 'automobile', 'frog', 'airplane']",automobile
45765,6,"['automobile', 'horse', 'ship', 'airplane']",airplane
45766,9,"['dog', 'frog', 'cat', 'airplane']",airplane
45767,4,"['cat', 'automobile', 'frog', 'airplane']",automobile
45768,1,"['bird', 'dog', 'frog', 'cat', 'airplane']",airplane
45769,1,"['bird', 'dog', 'frog', 'cat', 'airplane']",airplane
45770,6,"['automobile', 'horse', 'ship', 'airplane']",airplane
45771,8,"['horse', 'airplane', 'cat', 'frog']",horse
45772,5,"['frog', 'ship', 'airplane', 'automobile']",ship
45773,4,"['cat', 'automobile', 'frog', 'airplane']",automobile
45774,6,"['automobile', 'horse', 'ship', 'airplane']",ship
45775,4,"['cat', 'automobile', 'frog', 'airplane']",automobile
45776,8,"['horse', 'airplane', 'cat', 'frog']",horse
45777,8,"['horse', 'airplane', 'cat', 'frog']",horse
45778,3,"['frog', 'ship', 'automobile', 'airplane']",ship
45779,8,"['horse', 'airplane', 'cat', 'frog']",horse
45780,1,"['bird', 'dog', 'frog', 'cat', 'airplane']",airplane
45781,9,"['dog', 'frog', 'cat', 'airplane']",airplane
45782,4,"['cat', 'automobile', 'frog', 'airplane']",automobile
45783,3,"['frog', 'ship', 'automobile', 'airplane']",ship
45784,8,"['horse', 'airplane', 'cat', 'frog']",horse
45785,2,"['ship', 'cat', 'automobile', 'airplane']",cat
45786,4,"['cat', 'automobile', 'frog', 'airplane']",automobile
45787,1,"['bird', 'dog', 'frog', 'cat', 'airplane']",airplane
45788,8,"['horse', 'airplane', 'cat', 'frog']",horse
45789,3,"['frog', 'ship', 'automobile', 'airplane']",ship
45790,7,"['automobile', 'cat', 'airplane', 'frog']",cat
45791,9,"['dog', 'frog', 'cat', 'airplane']",airplane
45792,9,"['dog', 'frog', 'cat', 'airplane']",dog
45793,6,"['automobile', 'horse', 'ship', 'airplane']",airplane
45794,6,"['automobile', 'horse', 'ship', 'airplane']",ship
45795,2,"['ship', 'cat', 'automobile', 'airplane']",cat
45796,6,"['automobile', 'horse', 'ship', 'airplane']",airplane
45797,9,"['dog', 'frog', 'cat', 'airplane']",dog
45798,9,"['dog', 'frog', 'cat', 'airplane']",airplane
45799,6,"['automobile', 'horse', 'ship', 'airplane']",airplane
45800,0,"['horse', 'deer', 'frog', 'cat']",horse
45801,4,"['cat', 'automobile', 'frog', 'airplane']",automobile
45802,9,"['dog', 'frog', 'cat', 'airplane']",airplane
45803,2,"['ship', 'cat', 'automobile', 'airplane']",cat
45804,4,"['cat', 'automobile', 'frog', 'airplane']",automobile
45805,2,"['ship', 'cat', 'automobile', 'airplane']",automobile
45806,6,"['automobile', 'horse', 'ship', 'airplane']",airplane
45807,8,"['horse', 'airplane', 'cat', 'frog']",horse
45808,7,"['automobile', 'cat', 'airplane', 'frog']",cat
45809,8,"['horse', 'airplane', 'cat', 'frog']",airplane
45810,1,"['bird', 'dog', 'frog', 'cat', 'airplane']",airplane
45811,4,"['cat', 'automobile', 'frog', 'airplane']",automobile
45812,4,"['cat', 'automobile', 'frog', 'airplane']",automobile
45813,9,"['dog', 'frog', 'cat', 'airplane']",airplane
45814,5,"['frog', 'ship', 'airplane', 'automobile']",ship
45815,8,"['horse', 'airplane', 'cat', 'frog']",horse
45816,3,"['frog', 'ship', 'automobile', 'airplane']",ship
45817,7,"['automobile', 'cat', 'airplane', 'frog']",airplane
45818,2,"['ship', 'cat', 'automobile', 'airplane']",cat
45819,5,"['frog', 'ship', 'airplane', 'automobile']",ship
45820,4,"['cat', 'automobile', 'frog', 'airplane']",automobile
45821,1,"['bird', 'dog', 'frog', 'cat', 'airplane']",airplane
45822,2,"['ship', 'cat', 'automobile', 'airplane']",automobile
45823,6,"['automobile', 'horse', 'ship', 'airplane']",airplane
45824,7,"['automobile', 'cat', 'airplane', 'frog']",cat
45825,9,"['dog', 'frog', 'cat', 'airplane']",airplane
45826,6,"['automobile', 'horse', 'ship', 'airplane']",ship
45827,0,"['horse', 'deer', 'frog', 'cat']",horse
45828,5,"['frog', 'ship', 'airplane', 'automobile']",ship
45829,9,"['dog', 'frog', 'cat', 'airplane']",dog
45830,8,"['horse', 'airplane', 'cat', 'frog']",horse
45831,5,"['frog', 'ship', 'airplane', 'automobile']",ship
45832,9,"['dog', 'frog', 'cat', 'airplane']",airplane
45833,7,"['automobile', 'cat', 'airplane', 'frog']",airplane
45834,1,"['bird', 'dog', 'frog', 'cat', 'airplane']",airplane
45835,6,"['automobile', 'horse', 'ship', 'airplane']",airplane
45836,6,"['automobile', 'horse', 'ship', 'airplane']",airplane
45837,2,"['ship', 'cat', 'automobile', 'airplane']",cat
45838,2,"['ship', 'cat', 'automobile', 'airplane']",cat
45839,8,"['horse', 'airplane', 'cat', 'frog']",horse
45840,9,"['dog', 'frog', 'cat', 'airplane']",airplane
45841,9,"['dog', 'frog', 'cat', 'airplane']",airplane
45842,9,"['dog', 'frog', 'cat', 'airplane']",dog
45843,7,"['automobile', 'cat', 'airplane', 'frog']",cat
45844,9,"['dog', 'frog', 'cat', 'airplane']",airplane
45845,0,"['horse', 'deer', 'frog', 'cat']",horse
45846,7,"['automobile', 'cat', 'airplane', 'frog']",airplane
45847,2,"['ship', 'cat', 'automobile', 'airplane']",cat
45848,9,"['dog', 'frog', 'cat', 'airplane']",airplane
45849,2,"['ship', 'cat', 'automobile', 'airplane']",automobile
45850,3,"['frog', 'ship', 'automobile', 'airplane']",ship
45851,7,"['automobile', 'cat', 'airplane', 'frog']",airplane
45852,2,"['ship', 'cat', 'automobile', 'airplane']",cat
45853,8,"['horse', 'airplane', 'cat', 'frog']",horse
45854,3,"['frog', 'ship', 'automobile', 'airplane']",ship
45855,2,"['ship', 'cat', 'automobile', 'airplane']",cat
45856,1,"['bird', 'dog', 'frog', 'cat', 'airplane']",airplane
45857,3,"['frog', 'ship', 'automobile', 'airplane']",ship
45858,7,"['automobile', 'cat', 'airplane', 'frog']",airplane
45859,1,"['bird', 'dog', 'frog', 'cat', 'airplane']",airplane
45860,9,"['dog', 'frog', 'cat', 'airplane']",airplane
45861,7,"['automobile', 'cat', 'airplane', 'frog']",cat
45862,6,"['automobile', 'horse', 'ship', 'airplane']",airplane
45863,6,"['automobile', 'horse', 'ship', 'airplane']",airplane
45864,2,"['ship', 'cat', 'automobile', 'airplane']",ship
45865,9,"['dog', 'frog', 'cat', 'airplane']",airplane
45866,1,"['bird', 'dog', 'frog', 'cat', 'airplane']",airplane
45867,4,"['cat', 'automobile', 'frog', 'airplane']",automobile
45868,8,"['horse', 'airplane', 'cat', 'frog']",horse
45869,4,"['cat', 'automobile', 'frog', 'airplane']",automobile
45870,5,"['frog', 'ship', 'airplane', 'automobile']",ship
45871,9,"['dog', 'frog', 'cat', 'airplane']",dog
45872,8,"['horse', 'airplane', 'cat', 'frog']",horse
45873,4,"['cat', 'automobile', 'frog', 'airplane']",automobile
45874,7,"['automobile', 'cat', 'airplane', 'frog']",cat
45875,2,"['ship', 'cat', 'automobile', 'airplane']",cat
45876,9,"['dog', 'frog', 'cat', 'airplane']",dog
45877,1,"['bird', 'dog', 'frog', 'cat', 'airplane']",airplane
45878,6,"['automobile', 'horse', 'ship', 'airplane']",airplane
45879,8,"['horse', 'airplane', 'cat', 'frog']",horse
45880,9,"['dog', 'frog', 'cat', 'airplane']",airplane
45881,4,"['cat', 'automobile', 'frog', 'airplane']",automobile
45882,5,"['frog', 'ship', 'airplane', 'automobile']",ship
45883,7,"['automobile', 'cat', 'airplane', 'frog']",cat
45884,5,"['frog', 'ship', 'airplane', 'automobile']",ship
45885,3,"['frog', 'ship', 'automobile', 'airplane']",ship
45886,0,"['horse', 'deer', 'frog', 'cat']",horse
45887,5,"['frog', 'ship', 'airplane', 'automobile']",ship
45888,7,"['automobile', 'cat', 'airplane', 'frog']",cat
45889,6,"['automobile', 'horse', 'ship', 'airplane']",airplane
45890,8,"['horse', 'airplane', 'cat', 'frog']",horse
45891,5,"['frog', 'ship', 'airplane', 'automobile']",ship
45892,8,"['horse', 'airplane', 'cat', 'frog']",horse
45893,2,"['ship', 'cat', 'automobile', 'airplane']",automobile
45894,4,"['cat', 'automobile', 'frog', 'airplane']",automobile
45895,6,"['automobile', 'horse', 'ship', 'airplane']",airplane
45896,3,"['frog', 'ship', 'automobile', 'airplane']",ship
45897,3,"['frog', 'ship', 'automobile', 'airplane']",ship
45898,8,"['horse', 'airplane', 'cat', 'frog']",horse
45899,1,"['bird', 'dog', 'frog', 'cat', 'airplane']",airplane
45900,6,"['automobile', 'horse', 'ship', 'airplane']",airplane
45901,3,"['frog', 'ship', 'automobile', 'airplane']",ship
45902,4,"['cat', 'automobile', 'frog', 'airplane']",automobile
45903,5,"['frog', 'ship', 'airplane', 'automobile']",ship
45904,0,"['horse', 'deer', 'frog', 'cat']",horse
45905,9,"['dog', 'frog', 'cat', 'airplane']",dog
45906,9,"['dog', 'frog', 'cat', 'airplane']",airplane
45907,8,"['horse', 'airplane', 'cat', 'frog']",horse
45908,3,"['frog', 'ship', 'automobile', 'airplane']",ship
45909,3,"['frog', 'ship', 'automobile', 'airplane']",ship
45910,1,"['bird', 'dog', 'frog', 'cat', 'airplane']",airplane
45911,4,"['cat', 'automobile', 'frog', 'airplane']",airplane
45912,8,"['horse', 'airplane', 'cat', 'frog']",horse
45913,4,"['cat', 'automobile', 'frog', 'airplane']",automobile
45914,3,"['frog', 'ship', 'automobile', 'airplane']",ship
45915,5,"['frog', 'ship', 'airplane', 'automobile']",ship
45916,7,"['automobile', 'cat', 'airplane', 'frog']",cat
45917,8,"['horse', 'airplane', 'cat', 'frog']",horse
45918,6,"['automobile', 'horse', 'ship', 'airplane']",automobile
45919,0,"['horse', 'deer', 'frog', 'cat']",horse
45920,9,"['dog', 'frog', 'cat', 'airplane']",airplane
45921,3,"['frog', 'ship', 'automobile', 'airplane']",ship
45922,9,"['dog', 'frog', 'cat', 'airplane']",dog
45923,1,"['bird', 'dog', 'frog', 'cat', 'airplane']",airplane
45924,8,"['horse', 'airplane', 'cat', 'frog']",horse
45925,6,"['automobile', 'horse', 'ship', 'airplane']",horse
45926,2,"['ship', 'cat', 'automobile', 'airplane']",cat
45927,0,"['horse', 'deer', 'frog', 'cat']",horse
45928,3,"['frog', 'ship', 'automobile', 'airplane']",ship
45929,7,"['automobile', 'cat', 'airplane', 'frog']",cat
45930,4,"['cat', 'automobile', 'frog', 'airplane']",automobile
45931,3,"['frog', 'ship', 'automobile', 'airplane']",ship
45932,7,"['automobile', 'cat', 'airplane', 'frog']",airplane
45933,3,"['frog', 'ship', 'automobile', 'airplane']",ship
45934,7,"['automobile', 'cat', 'airplane', 'frog']",cat
45935,4,"['cat', 'automobile', 'frog', 'airplane']",airplane
45936,0,"['horse', 'deer', 'frog', 'cat']",horse
45937,8,"['horse', 'airplane', 'cat', 'frog']",horse
45938,4,"['cat', 'automobile', 'frog', 'airplane']",automobile
45939,7,"['automobile', 'cat', 'airplane', 'frog']",airplane
45940,2,"['ship', 'cat', 'automobile', 'airplane']",automobile
45941,5,"['frog', 'ship', 'airplane', 'automobile']",ship
45942,5,"['frog', 'ship', 'airplane', 'automobile']",ship
45943,9,"['dog', 'frog', 'cat', 'airplane']",airplane
45944,6,"['automobile', 'horse', 'ship', 'airplane']",ship
45945,7,"['automobile', 'cat', 'airplane', 'frog']",airplane
45946,1,"['bird', 'dog', 'frog', 'cat', 'airplane']",airplane
45947,3,"['frog', 'ship', 'automobile', 'airplane']",ship
45948,3,"['frog', 'ship', 'automobile', 'airplane']",ship
45949,3,"['frog', 'ship', 'automobile', 'airplane']",ship
45950,7,"['automobile', 'cat', 'airplane', 'frog']",cat
45951,2,"['ship', 'cat', 'automobile', 'airplane']",ship
45952,5,"['frog', 'ship', 'airplane', 'automobile']",ship
45953,2,"['ship', 'cat', 'automobile', 'airplane']",cat
45954,8,"['horse', 'airplane', 'cat', 'frog']",horse
45955,7,"['automobile', 'cat', 'airplane', 'frog']",cat
45956,0,"['horse', 'deer', 'frog', 'cat']",horse
45957,4,"['cat', 'automobile', 'frog', 'airplane']",automobile
45958,6,"['automobile', 'horse', 'ship', 'airplane']",ship
45959,9,"['dog', 'frog', 'cat', 'airplane']",airplane
45960,5,"['frog', 'ship', 'airplane', 'automobile']",ship
45961,9,"['dog', 'frog', 'cat', 'airplane']",airplane
45962,4,"['cat', 'automobile', 'frog', 'airplane']",automobile
45963,5,"['frog', 'ship', 'airplane', 'automobile']",ship
45964,6,"['automobile', 'horse', 'ship', 'airplane']",airplane
45965,4,"['cat', 'automobile', 'frog', 'airplane']",automobile
45966,8,"['horse', 'airplane', 'cat', 'frog']",horse
45967,2,"['ship', 'cat', 'automobile', 'airplane']",cat
45968,1,"['bird', 'dog', 'frog', 'cat', 'airplane']",airplane
45969,2,"['ship', 'cat', 'automobile', 'airplane']",cat
45970,6,"['automobile', 'horse', 'ship', 'airplane']",airplane
45971,6,"['automobile', 'horse', 'ship', 'airplane']",airplane
45972,1,"['bird', 'dog', 'frog', 'cat', 'airplane']",airplane
45973,5,"['frog', 'ship', 'airplane', 'automobile']",ship
45974,8,"['horse', 'airplane', 'cat', 'frog']",horse
45975,9,"['dog', 'frog', 'cat', 'airplane']",airplane
45976,6,"['automobile', 'horse', 'ship', 'airplane']",airplane
45977,1,"['bird', 'dog', 'frog', 'cat', 'airplane']",airplane
45978,6,"['automobile', 'horse', 'ship', 'airplane']",airplane
45979,1,"['bird', 'dog', 'frog', 'cat', 'airplane']",airplane
45980,2,"['ship', 'cat', 'automobile', 'airplane']",cat
45981,4,"['cat', 'automobile', 'frog', 'airplane']",automobile
45982,0,"['horse', 'deer', 'frog', 'cat']",horse
45983,5,"['frog', 'ship', 'airplane', 'automobile']",ship
45984,9,"['dog', 'frog', 'cat', 'airplane']",airplane
45985,8,"['horse', 'airplane', 'cat', 'frog']",horse
45986,5,"['frog', 'ship', 'airplane', 'automobile']",ship
45987,4,"['cat', 'automobile', 'frog', 'airplane']",automobile
45988,1,"['bird', 'dog', 'frog', 'cat', 'airplane']",airplane
45989,5,"['frog', 'ship', 'airplane', 'automobile']",ship
45990,2,"['ship', 'cat', 'automobile', 'airplane']",cat
45991,5,"['frog', 'ship', 'airplane', 'automobile']",ship
45992,5,"['frog', 'ship', 'airplane', 'automobile']",ship
45993,9,"['dog', 'frog', 'cat', 'airplane']",airplane
45994,8,"['horse', 'airplane', 'cat', 'frog']",horse
45995,7,"['automobile', 'cat', 'airplane', 'frog']",cat
45996,9,"['dog', 'frog', 'cat', 'airplane']",dog
45997,2,"['ship', 'cat', 'automobile', 'airplane']",cat
45998,2,"['ship', 'cat', 'automobile', 'airplane']",cat
45999,7,"['automobile', 'cat', 'airplane', 'frog']",cat
46000,2,"['ship', 'cat', 'automobile', 'airplane']",cat
46001,8,"['horse', 'airplane', 'cat', 'frog']",horse
46002,3,"['frog', 'ship', 'automobile', 'airplane']",ship
46003,1,"['bird', 'dog', 'frog', 'cat', 'airplane']",airplane
46004,9,"['dog', 'frog', 'cat', 'airplane']",airplane
46005,2,"['ship', 'cat', 'automobile', 'airplane']",cat
46006,5,"['frog', 'ship', 'airplane', 'automobile']",ship
46007,6,"['automobile', 'horse', 'ship', 'airplane']",airplane
46008,8,"['horse', 'airplane', 'cat', 'frog']",horse
46009,6,"['automobile', 'horse', 'ship', 'airplane']",airplane
46010,5,"['frog', 'ship', 'airplane', 'automobile']",ship
46011,4,"['cat', 'automobile', 'frog', 'airplane']",automobile
46012,8,"['horse', 'airplane', 'cat', 'frog']",horse
46013,3,"['frog', 'ship', 'automobile', 'airplane']",ship
46014,2,"['ship', 'cat', 'automobile', 'airplane']",cat
46015,8,"['horse', 'airplane', 'cat', 'frog']",cat
46016,2,"['ship', 'cat', 'automobile', 'airplane']",cat
46017,5,"['frog', 'ship', 'airplane', 'automobile']",ship
46018,7,"['automobile', 'cat', 'airplane', 'frog']",cat
46019,0,"['horse', 'deer', 'frog', 'cat']",horse
46020,8,"['horse', 'airplane', 'cat', 'frog']",horse
46021,4,"['cat', 'automobile', 'frog', 'airplane']",automobile
46022,5,"['frog', 'ship', 'airplane', 'automobile']",ship
46023,3,"['frog', 'ship', 'automobile', 'airplane']",ship
46024,9,"['dog', 'frog', 'cat', 'airplane']",airplane
46025,7,"['automobile', 'cat', 'airplane', 'frog']",cat
46026,1,"['bird', 'dog', 'frog', 'cat', 'airplane']",airplane
46027,7,"['automobile', 'cat', 'airplane', 'frog']",airplane
46028,8,"['horse', 'airplane', 'cat', 'frog']",horse
46029,8,"['horse', 'airplane', 'cat', 'frog']",horse
46030,5,"['frog', 'ship', 'airplane', 'automobile']",ship
46031,8,"['horse', 'airplane', 'cat', 'frog']",horse
46032,7,"['automobile', 'cat', 'airplane', 'frog']",cat
46033,8,"['horse', 'airplane', 'cat', 'frog']",horse
46034,7,"['automobile', 'cat', 'airplane', 'frog']",cat
46035,5,"['frog', 'ship', 'airplane', 'automobile']",ship
46036,4,"['cat', 'automobile', 'frog', 'airplane']",automobile
46037,3,"['frog', 'ship', 'automobile', 'airplane']",ship
46038,8,"['horse', 'airplane', 'cat', 'frog']",horse
46039,9,"['dog', 'frog', 'cat', 'airplane']",airplane
46040,7,"['automobile', 'cat', 'airplane', 'frog']",airplane
46041,0,"['horse', 'deer', 'frog', 'cat']",horse
46042,6,"['automobile', 'horse', 'ship', 'airplane']",airplane
46043,6,"['automobile', 'horse', 'ship', 'airplane']",airplane
46044,8,"['horse', 'airplane', 'cat', 'frog']",horse
46045,7,"['automobile', 'cat', 'airplane', 'frog']",airplane
46046,0,"['horse', 'deer', 'frog', 'cat']",horse
46047,4,"['cat', 'automobile', 'frog', 'airplane']",airplane
46048,8,"['horse', 'airplane', 'cat', 'frog']",horse
46049,4,"['cat', 'automobile', 'frog', 'airplane']",airplane
46050,6,"['automobile', 'horse', 'ship', 'airplane']",airplane
46051,1,"['bird', 'dog', 'frog', 'cat', 'airplane']",airplane
46052,6,"['automobile', 'horse', 'ship', 'airplane']",airplane
46053,2,"['ship', 'cat', 'automobile', 'airplane']",automobile
46054,0,"['horse', 'deer', 'frog', 'cat']",horse
46055,7,"['automobile', 'cat', 'airplane', 'frog']",cat
46056,3,"['frog', 'ship', 'automobile', 'airplane']",ship
46057,5,"['frog', 'ship', 'airplane', 'automobile']",ship
46058,3,"['frog', 'ship', 'automobile', 'airplane']",ship
46059,9,"['dog', 'frog', 'cat', 'airplane']",airplane
46060,1,"['bird', 'dog', 'frog', 'cat', 'airplane']",airplane
46061,4,"['cat', 'automobile', 'frog', 'airplane']",automobile
46062,3,"['frog', 'ship', 'automobile', 'airplane']",ship
46063,5,"['frog', 'ship', 'airplane', 'automobile']",ship
46064,7,"['automobile', 'cat', 'airplane', 'frog']",cat
46065,5,"['frog', 'ship', 'airplane', 'automobile']",ship
46066,6,"['automobile', 'horse', 'ship', 'airplane']",airplane
46067,7,"['automobile', 'cat', 'airplane', 'frog']",cat
46068,8,"['horse', 'airplane', 'cat', 'frog']",horse
46069,5,"['frog', 'ship', 'airplane', 'automobile']",ship
46070,3,"['frog', 'ship', 'automobile', 'airplane']",ship
46071,5,"['frog', 'ship', 'airplane', 'automobile']",ship
46072,9,"['dog', 'frog', 'cat', 'airplane']",dog
46073,6,"['automobile', 'horse', 'ship', 'airplane']",airplane
46074,5,"['frog', 'ship', 'airplane', 'automobile']",ship
46075,6,"['automobile', 'horse', 'ship', 'airplane']",airplane
46076,4,"['cat', 'automobile', 'frog', 'airplane']",automobile
46077,4,"['cat', 'automobile', 'frog', 'airplane']",automobile
46078,1,"['bird', 'dog', 'frog', 'cat', 'airplane']",airplane
46079,9,"['dog', 'frog', 'cat', 'airplane']",dog
46080,3,"['frog', 'ship', 'automobile', 'airplane']",ship
46081,3,"['frog', 'ship', 'automobile', 'airplane']",frog
46082,2,"['ship', 'cat', 'automobile', 'airplane']",cat
46083,5,"['frog', 'ship', 'airplane', 'automobile']",ship
46084,5,"['frog', 'ship', 'airplane', 'automobile']",ship
46085,3,"['frog', 'ship', 'automobile', 'airplane']",ship
46086,0,"['horse', 'deer', 'frog', 'cat']",horse
46087,5,"['frog', 'ship', 'airplane', 'automobile']",ship
46088,2,"['ship', 'cat', 'automobile', 'airplane']",cat
46089,2,"['ship', 'cat', 'automobile', 'airplane']",automobile
46090,9,"['dog', 'frog', 'cat', 'airplane']",airplane
46091,8,"['horse', 'airplane', 'cat', 'frog']",horse
46092,6,"['automobile', 'horse', 'ship', 'airplane']",automobile
46093,4,"['cat', 'automobile', 'frog', 'airplane']",automobile
46094,3,"['frog', 'ship', 'automobile', 'airplane']",ship
46095,5,"['frog', 'ship', 'airplane', 'automobile']",ship
46096,5,"['frog', 'ship', 'airplane', 'automobile']",ship
46097,7,"['automobile', 'cat', 'airplane', 'frog']",cat
46098,7,"['automobile', 'cat', 'airplane', 'frog']",airplane
46099,1,"['bird', 'dog', 'frog', 'cat', 'airplane']",airplane
46100,8,"['horse', 'airplane', 'cat', 'frog']",horse
46101,8,"['horse', 'airplane', 'cat', 'frog']",horse
46102,8,"['horse', 'airplane', 'cat', 'frog']",horse
46103,7,"['automobile', 'cat', 'airplane', 'frog']",cat
46104,9,"['dog', 'frog', 'cat', 'airplane']",airplane
46105,6,"['automobile', 'horse', 'ship', 'airplane']",automobile
46106,2,"['ship', 'cat', 'automobile', 'airplane']",cat
46107,1,"['bird', 'dog', 'frog', 'cat', 'airplane']",airplane
46108,0,"['horse', 'deer', 'frog', 'cat']",horse
46109,3,"['frog', 'ship', 'automobile', 'airplane']",ship
46110,3,"['frog', 'ship', 'automobile', 'airplane']",ship
46111,8,"['horse', 'airplane', 'cat', 'frog']",horse
46112,5,"['frog', 'ship', 'airplane', 'automobile']",ship
46113,0,"['horse', 'deer', 'frog', 'cat']",horse
46114,2,"['ship', 'cat', 'automobile', 'airplane']",cat
46115,2,"['ship', 'cat', 'automobile', 'airplane']",automobile
46116,0,"['horse', 'deer', 'frog', 'cat']",horse
46117,7,"['automobile', 'cat', 'airplane', 'frog']",cat
46118,2,"['ship', 'cat', 'automobile', 'airplane']",automobile
46119,4,"['cat', 'automobile', 'frog', 'airplane']",automobile
46120,8,"['horse', 'airplane', 'cat', 'frog']",horse
46121,3,"['frog', 'ship', 'automobile', 'airplane']",ship
46122,6,"['automobile', 'horse', 'ship', 'airplane']",airplane
46123,6,"['automobile', 'horse', 'ship', 'airplane']",automobile
46124,6,"['automobile', 'horse', 'ship', 'airplane']",airplane
46125,2,"['ship', 'cat', 'automobile', 'airplane']",cat
46126,6,"['automobile', 'horse', 'ship', 'airplane']",airplane
46127,1,"['bird', 'dog', 'frog', 'cat', 'airplane']",airplane
46128,8,"['horse', 'airplane', 'cat', 'frog']",horse
46129,7,"['automobile', 'cat', 'airplane', 'frog']",cat
46130,5,"['frog', 'ship', 'airplane', 'automobile']",ship
46131,9,"['dog', 'frog', 'cat', 'airplane']",dog
46132,4,"['cat', 'automobile', 'frog', 'airplane']",automobile
46133,4,"['cat', 'automobile', 'frog', 'airplane']",automobile
46134,6,"['automobile', 'horse', 'ship', 'airplane']",horse
46135,1,"['bird', 'dog', 'frog', 'cat', 'airplane']",airplane
46136,3,"['frog', 'ship', 'automobile', 'airplane']",ship
46137,0,"['horse', 'deer', 'frog', 'cat']",horse
46138,8,"['horse', 'airplane', 'cat', 'frog']",horse
46139,8,"['horse', 'airplane', 'cat', 'frog']",horse
46140,1,"['bird', 'dog', 'frog', 'cat', 'airplane']",airplane
46141,3,"['frog', 'ship', 'automobile', 'airplane']",frog
46142,8,"['horse', 'airplane', 'cat', 'frog']",horse
46143,5,"['frog', 'ship', 'airplane', 'automobile']",ship
46144,6,"['automobile', 'horse', 'ship', 'airplane']",airplane
46145,4,"['cat', 'automobile', 'frog', 'airplane']",automobile
46146,5,"['frog', 'ship', 'airplane', 'automobile']",ship
46147,1,"['bird', 'dog', 'frog', 'cat', 'airplane']",airplane
46148,0,"['horse', 'deer', 'frog', 'cat']",horse
46149,3,"['frog', 'ship', 'automobile', 'airplane']",ship
46150,4,"['cat', 'automobile', 'frog', 'airplane']",automobile
46151,8,"['horse', 'airplane', 'cat', 'frog']",horse
46152,8,"['horse', 'airplane', 'cat', 'frog']",horse
46153,4,"['cat', 'automobile', 'frog', 'airplane']",automobile
46154,7,"['automobile', 'cat', 'airplane', 'frog']",cat
46155,3,"['frog', 'ship', 'automobile', 'airplane']",ship
46156,6,"['automobile', 'horse', 'ship', 'airplane']",ship
46157,3,"['frog', 'ship', 'automobile', 'airplane']",ship
46158,7,"['automobile', 'cat', 'airplane', 'frog']",airplane
46159,0,"['horse', 'deer', 'frog', 'cat']",horse
46160,3,"['frog', 'ship', 'automobile', 'airplane']",ship
46161,7,"['automobile', 'cat', 'airplane', 'frog']",cat
46162,1,"['bird', 'dog', 'frog', 'cat', 'airplane']",airplane
46163,9,"['dog', 'frog', 'cat', 'airplane']",dog
46164,4,"['cat', 'automobile', 'frog', 'airplane']",airplane
46165,5,"['frog', 'ship', 'airplane', 'automobile']",ship
46166,9,"['dog', 'frog', 'cat', 'airplane']",dog
46167,7,"['automobile', 'cat', 'airplane', 'frog']",airplane
46168,7,"['automobile', 'cat', 'airplane', 'frog']",cat
46169,5,"['frog', 'ship', 'airplane', 'automobile']",ship
46170,6,"['automobile', 'horse', 'ship', 'airplane']",ship
46171,9,"['dog', 'frog', 'cat', 'airplane']",airplane
46172,7,"['automobile', 'cat', 'airplane', 'frog']",airplane
46173,1,"['bird', 'dog', 'frog', 'cat', 'airplane']",airplane
46174,4,"['cat', 'automobile', 'frog', 'airplane']",automobile
46175,8,"['horse', 'airplane', 'cat', 'frog']",horse
46176,8,"['horse', 'airplane', 'cat', 'frog']",horse
46177,1,"['bird', 'dog', 'frog', 'cat', 'airplane']",airplane
46178,9,"['dog', 'frog', 'cat', 'airplane']",airplane
46179,2,"['ship', 'cat', 'automobile', 'airplane']",automobile
46180,6,"['automobile', 'horse', 'ship', 'airplane']",airplane
46181,9,"['dog', 'frog', 'cat', 'airplane']",dog
46182,3,"['frog', 'ship', 'automobile', 'airplane']",ship
46183,2,"['ship', 'cat', 'automobile', 'airplane']",cat
46184,7,"['automobile', 'cat', 'airplane', 'frog']",cat
46185,4,"['cat', 'automobile', 'frog', 'airplane']",automobile
46186,9,"['dog', 'frog', 'cat', 'airplane']",dog
46187,5,"['frog', 'ship', 'airplane', 'automobile']",ship
46188,6,"['automobile', 'horse', 'ship', 'airplane']",automobile
46189,9,"['dog', 'frog', 'cat', 'airplane']",dog
46190,9,"['dog', 'frog', 'cat', 'airplane']",dog
46191,6,"['automobile', 'horse', 'ship', 'airplane']",airplane
46192,0,"['horse', 'deer', 'frog', 'cat']",horse
46193,6,"['automobile', 'horse', 'ship', 'airplane']",automobile
46194,1,"['bird', 'dog', 'frog', 'cat', 'airplane']",airplane
46195,9,"['dog', 'frog', 'cat', 'airplane']",airplane
46196,3,"['frog', 'ship', 'automobile', 'airplane']",ship
46197,8,"['horse', 'airplane', 'cat', 'frog']",horse
46198,3,"['frog', 'ship', 'automobile', 'airplane']",ship
46199,8,"['horse', 'airplane', 'cat', 'frog']",horse
46200,0,"['horse', 'deer', 'frog', 'cat']",horse
46201,5,"['frog', 'ship', 'airplane', 'automobile']",ship
46202,2,"['ship', 'cat', 'automobile', 'airplane']",cat
46203,5,"['frog', 'ship', 'airplane', 'automobile']",ship
46204,3,"['frog', 'ship', 'automobile', 'airplane']",ship
46205,3,"['frog', 'ship', 'automobile', 'airplane']",ship
46206,1,"['bird', 'dog', 'frog', 'cat', 'airplane']",airplane
46207,1,"['bird', 'dog', 'frog', 'cat', 'airplane']",airplane
46208,6,"['automobile', 'horse', 'ship', 'airplane']",ship
46209,5,"['frog', 'ship', 'airplane', 'automobile']",ship
46210,8,"['horse', 'airplane', 'cat', 'frog']",horse
46211,7,"['automobile', 'cat', 'airplane', 'frog']",airplane
46212,8,"['horse', 'airplane', 'cat', 'frog']",horse
46213,1,"['bird', 'dog', 'frog', 'cat', 'airplane']",airplane
46214,2,"['ship', 'cat', 'automobile', 'airplane']",cat
46215,3,"['frog', 'ship', 'automobile', 'airplane']",ship
46216,2,"['ship', 'cat', 'automobile', 'airplane']",cat
46217,5,"['frog', 'ship', 'airplane', 'automobile']",ship
46218,4,"['cat', 'automobile', 'frog', 'airplane']",automobile
46219,1,"['bird', 'dog', 'frog', 'cat', 'airplane']",airplane
46220,4,"['cat', 'automobile', 'frog', 'airplane']",automobile
46221,9,"['dog', 'frog', 'cat', 'airplane']",airplane
46222,5,"['frog', 'ship', 'airplane', 'automobile']",ship
46223,8,"['horse', 'airplane', 'cat', 'frog']",horse
46224,0,"['horse', 'deer', 'frog', 'cat']",horse
46225,9,"['dog', 'frog', 'cat', 'airplane']",dog
46226,3,"['frog', 'ship', 'automobile', 'airplane']",ship
46227,9,"['dog', 'frog', 'cat', 'airplane']",airplane
46228,7,"['automobile', 'cat', 'airplane', 'frog']",cat
46229,3,"['frog', 'ship', 'automobile', 'airplane']",ship
46230,3,"['frog', 'ship', 'automobile', 'airplane']",ship
46231,3,"['frog', 'ship', 'automobile', 'airplane']",ship
46232,3,"['frog', 'ship', 'automobile', 'airplane']",ship
46233,1,"['bird', 'dog', 'frog', 'cat', 'airplane']",airplane
46234,4,"['cat', 'automobile', 'frog', 'airplane']",automobile
46235,2,"['ship', 'cat', 'automobile', 'airplane']",cat
46236,9,"['dog', 'frog', 'cat', 'airplane']",airplane
46237,1,"['bird', 'dog', 'frog', 'cat', 'airplane']",airplane
46238,1,"['bird', 'dog', 'frog', 'cat', 'airplane']",airplane
46239,5,"['frog', 'ship', 'airplane', 'automobile']",ship
46240,1,"['bird', 'dog', 'frog', 'cat', 'airplane']",airplane
46241,4,"['cat', 'automobile', 'frog', 'airplane']",automobile
46242,2,"['ship', 'cat', 'automobile', 'airplane']",cat
46243,9,"['dog', 'frog', 'cat', 'airplane']",dog
46244,2,"['ship', 'cat', 'automobile', 'airplane']",cat
46245,4,"['cat', 'automobile', 'frog', 'airplane']",automobile
46246,5,"['frog', 'ship', 'airplane', 'automobile']",ship
46247,5,"['frog', 'ship', 'airplane', 'automobile']",ship
46248,8,"['horse', 'airplane', 'cat', 'frog']",horse
46249,8,"['horse', 'airplane', 'cat', 'frog']",horse
46250,4,"['cat', 'automobile', 'frog', 'airplane']",automobile
46251,4,"['cat', 'automobile', 'frog', 'airplane']",automobile
46252,6,"['automobile', 'horse', 'ship', 'airplane']",airplane
46253,4,"['cat', 'automobile', 'frog', 'airplane']",automobile
46254,2,"['ship', 'cat', 'automobile', 'airplane']",cat
46255,4,"['cat', 'automobile', 'frog', 'airplane']",automobile
46256,6,"['automobile', 'horse', 'ship', 'airplane']",ship
46257,6,"['automobile', 'horse', 'ship', 'airplane']",airplane
46258,2,"['ship', 'cat', 'automobile', 'airplane']",automobile
46259,1,"['bird', 'dog', 'frog', 'cat', 'airplane']",airplane
46260,8,"['horse', 'airplane', 'cat', 'frog']",horse
46261,2,"['ship', 'cat', 'automobile', 'airplane']",automobile
46262,3,"['frog', 'ship', 'automobile', 'airplane']",ship
46263,6,"['automobile', 'horse', 'ship', 'airplane']",airplane
46264,5,"['frog', 'ship', 'airplane', 'automobile']",ship
46265,3,"['frog', 'ship', 'automobile', 'airplane']",ship
46266,7,"['automobile', 'cat', 'airplane', 'frog']",cat
46267,5,"['frog', 'ship', 'airplane', 'automobile']",ship
46268,1,"['bird', 'dog', 'frog', 'cat', 'airplane']",airplane
46269,9,"['dog', 'frog', 'cat', 'airplane']",airplane
46270,7,"['automobile', 'cat', 'airplane', 'frog']",cat
46271,6,"['automobile', 'horse', 'ship', 'airplane']",airplane
46272,8,"['horse', 'airplane', 'cat', 'frog']",horse
46273,6,"['automobile', 'horse', 'ship', 'airplane']",ship
46274,5,"['frog', 'ship', 'airplane', 'automobile']",ship
46275,5,"['frog', 'ship', 'airplane', 'automobile']",ship
46276,4,"['cat', 'automobile', 'frog', 'airplane']",automobile
46277,0,"['horse', 'deer', 'frog', 'cat']",horse
46278,9,"['dog', 'frog', 'cat', 'airplane']",airplane
46279,1,"['bird', 'dog', 'frog', 'cat', 'airplane']",airplane
46280,9,"['dog', 'frog', 'cat', 'airplane']",airplane
46281,1,"['bird', 'dog', 'frog', 'cat', 'airplane']",airplane
46282,7,"['automobile', 'cat', 'airplane', 'frog']",cat
46283,7,"['automobile', 'cat', 'airplane', 'frog']",airplane
46284,2,"['ship', 'cat', 'automobile', 'airplane']",cat
46285,4,"['cat', 'automobile', 'frog', 'airplane']",automobile
46286,3,"['frog', 'ship', 'automobile', 'airplane']",ship
46287,0,"['horse', 'deer', 'frog', 'cat']",horse
46288,5,"['frog', 'ship', 'airplane', 'automobile']",ship
46289,5,"['frog', 'ship', 'airplane', 'automobile']",ship
46290,3,"['frog', 'ship', 'automobile', 'airplane']",ship
46291,2,"['ship', 'cat', 'automobile', 'airplane']",automobile
46292,8,"['horse', 'airplane', 'cat', 'frog']",horse
46293,2,"['ship', 'cat', 'automobile', 'airplane']",cat
46294,0,"['horse', 'deer', 'frog', 'cat']",horse
46295,3,"['frog', 'ship', 'automobile', 'airplane']",ship
46296,9,"['dog', 'frog', 'cat', 'airplane']",airplane
46297,0,"['horse', 'deer', 'frog', 'cat']",horse
46298,9,"['dog', 'frog', 'cat', 'airplane']",dog
46299,2,"['ship', 'cat', 'automobile', 'airplane']",cat
46300,7,"['automobile', 'cat', 'airplane', 'frog']",airplane
46301,7,"['automobile', 'cat', 'airplane', 'frog']",cat
46302,9,"['dog', 'frog', 'cat', 'airplane']",airplane
46303,0,"['horse', 'deer', 'frog', 'cat']",horse
46304,1,"['bird', 'dog', 'frog', 'cat', 'airplane']",airplane
46305,9,"['dog', 'frog', 'cat', 'airplane']",airplane
46306,6,"['automobile', 'horse', 'ship', 'airplane']",airplane
46307,6,"['automobile', 'horse', 'ship', 'airplane']",airplane
46308,3,"['frog', 'ship', 'automobile', 'airplane']",ship
46309,8,"['horse', 'airplane', 'cat', 'frog']",horse
46310,5,"['frog', 'ship', 'airplane', 'automobile']",ship
46311,6,"['automobile', 'horse', 'ship', 'airplane']",airplane
46312,6,"['automobile', 'horse', 'ship', 'airplane']",automobile
46313,8,"['horse', 'airplane', 'cat', 'frog']",horse
46314,8,"['horse', 'airplane', 'cat', 'frog']",horse
46315,2,"['ship', 'cat', 'automobile', 'airplane']",automobile
46316,5,"['frog', 'ship', 'airplane', 'automobile']",ship
46317,6,"['automobile', 'horse', 'ship', 'airplane']",airplane
46318,5,"['frog', 'ship', 'airplane', 'automobile']",ship
46319,4,"['cat', 'automobile', 'frog', 'airplane']",automobile
46320,6,"['automobile', 'horse', 'ship', 'airplane']",ship
46321,4,"['cat', 'automobile', 'frog', 'airplane']",automobile
46322,6,"['automobile', 'horse', 'ship', 'airplane']",airplane
46323,1,"['bird', 'dog', 'frog', 'cat', 'airplane']",airplane
46324,0,"['horse', 'deer', 'frog', 'cat']",horse
46325,3,"['frog', 'ship', 'automobile', 'airplane']",ship
46326,2,"['ship', 'cat', 'automobile', 'airplane']",cat
46327,9,"['dog', 'frog', 'cat', 'airplane']",dog
46328,1,"['bird', 'dog', 'frog', 'cat', 'airplane']",airplane
46329,5,"['frog', 'ship', 'airplane', 'automobile']",ship
46330,1,"['bird', 'dog', 'frog', 'cat', 'airplane']",airplane
46331,4,"['cat', 'automobile', 'frog', 'airplane']",automobile
46332,1,"['bird', 'dog', 'frog', 'cat', 'airplane']",airplane
46333,4,"['cat', 'automobile', 'frog', 'airplane']",automobile
46334,6,"['automobile', 'horse', 'ship', 'airplane']",airplane
46335,9,"['dog', 'frog', 'cat', 'airplane']",dog
46336,6,"['automobile', 'horse', 'ship', 'airplane']",ship
46337,3,"['frog', 'ship', 'automobile', 'airplane']",ship
46338,0,"['horse', 'deer', 'frog', 'cat']",frog
46339,4,"['cat', 'automobile', 'frog', 'airplane']",automobile
46340,6,"['automobile', 'horse', 'ship', 'airplane']",airplane
46341,3,"['frog', 'ship', 'automobile', 'airplane']",ship
46342,6,"['automobile', 'horse', 'ship', 'airplane']",airplane
46343,0,"['horse', 'deer', 'frog', 'cat']",horse
46344,0,"['horse', 'deer', 'frog', 'cat']",horse
46345,9,"['dog', 'frog', 'cat', 'airplane']",airplane
46346,9,"['dog', 'frog', 'cat', 'airplane']",dog
46347,3,"['frog', 'ship', 'automobile', 'airplane']",ship
46348,7,"['automobile', 'cat', 'airplane', 'frog']",cat
46349,3,"['frog', 'ship', 'automobile', 'airplane']",ship
46350,5,"['frog', 'ship', 'airplane', 'automobile']",ship
46351,9,"['dog', 'frog', 'cat', 'airplane']",dog
46352,3,"['frog', 'ship', 'automobile', 'airplane']",ship
46353,7,"['automobile', 'cat', 'airplane', 'frog']",cat
46354,3,"['frog', 'ship', 'automobile', 'airplane']",ship
46355,9,"['dog', 'frog', 'cat', 'airplane']",airplane
46356,9,"['dog', 'frog', 'cat', 'airplane']",airplane
46357,1,"['bird', 'dog', 'frog', 'cat', 'airplane']",airplane
46358,1,"['bird', 'dog', 'frog', 'cat', 'airplane']",airplane
46359,1,"['bird', 'dog', 'frog', 'cat', 'airplane']",airplane
46360,5,"['frog', 'ship', 'airplane', 'automobile']",ship
46361,5,"['frog', 'ship', 'airplane', 'automobile']",ship
46362,0,"['horse', 'deer', 'frog', 'cat']",horse
46363,8,"['horse', 'airplane', 'cat', 'frog']",horse
46364,7,"['automobile', 'cat', 'airplane', 'frog']",airplane
46365,2,"['ship', 'cat', 'automobile', 'airplane']",cat
46366,0,"['horse', 'deer', 'frog', 'cat']",horse
46367,0,"['horse', 'deer', 'frog', 'cat']",horse
46368,7,"['automobile', 'cat', 'airplane', 'frog']",cat
46369,0,"['horse', 'deer', 'frog', 'cat']",horse
46370,7,"['automobile', 'cat', 'airplane', 'frog']",cat
46371,3,"['frog', 'ship', 'automobile', 'airplane']",ship
46372,4,"['cat', 'automobile', 'frog', 'airplane']",automobile
46373,2,"['ship', 'cat', 'automobile', 'airplane']",cat
46374,3,"['frog', 'ship', 'automobile', 'airplane']",ship
46375,9,"['dog', 'frog', 'cat', 'airplane']",dog
46376,1,"['bird', 'dog', 'frog', 'cat', 'airplane']",airplane
46377,6,"['automobile', 'horse', 'ship', 'airplane']",airplane
46378,5,"['frog', 'ship', 'airplane', 'automobile']",ship
46379,6,"['automobile', 'horse', 'ship', 'airplane']",airplane
46380,0,"['horse', 'deer', 'frog', 'cat']",horse
46381,5,"['frog', 'ship', 'airplane', 'automobile']",ship
46382,4,"['cat', 'automobile', 'frog', 'airplane']",automobile
46383,7,"['automobile', 'cat', 'airplane', 'frog']",airplane
46384,4,"['cat', 'automobile', 'frog', 'airplane']",airplane
46385,6,"['automobile', 'horse', 'ship', 'airplane']",airplane
46386,8,"['horse', 'airplane', 'cat', 'frog']",horse
46387,8,"['horse', 'airplane', 'cat', 'frog']",horse
46388,6,"['automobile', 'horse', 'ship', 'airplane']",airplane
46389,2,"['ship', 'cat', 'automobile', 'airplane']",cat
46390,9,"['dog', 'frog', 'cat', 'airplane']",dog
46391,7,"['automobile', 'cat', 'airplane', 'frog']",cat
46392,8,"['horse', 'airplane', 'cat', 'frog']",horse
46393,5,"['frog', 'ship', 'airplane', 'automobile']",ship
46394,0,"['horse', 'deer', 'frog', 'cat']",horse
46395,8,"['horse', 'airplane', 'cat', 'frog']",horse
46396,1,"['bird', 'dog', 'frog', 'cat', 'airplane']",airplane
46397,7,"['automobile', 'cat', 'airplane', 'frog']",cat
46398,4,"['cat', 'automobile', 'frog', 'airplane']",automobile
46399,3,"['frog', 'ship', 'automobile', 'airplane']",ship
46400,7,"['automobile', 'cat', 'airplane', 'frog']",frog
46401,9,"['dog', 'frog', 'cat', 'airplane']",airplane
46402,3,"['frog', 'ship', 'automobile', 'airplane']",ship
46403,6,"['automobile', 'horse', 'ship', 'airplane']",airplane
46404,6,"['automobile', 'horse', 'ship', 'airplane']",automobile
46405,2,"['ship', 'cat', 'automobile', 'airplane']",cat
46406,1,"['bird', 'dog', 'frog', 'cat', 'airplane']",airplane
46407,6,"['automobile', 'horse', 'ship', 'airplane']",airplane
46408,1,"['bird', 'dog', 'frog', 'cat', 'airplane']",airplane
46409,0,"['horse', 'deer', 'frog', 'cat']",horse
46410,2,"['ship', 'cat', 'automobile', 'airplane']",automobile
46411,3,"['frog', 'ship', 'automobile', 'airplane']",ship
46412,7,"['automobile', 'cat', 'airplane', 'frog']",cat
46413,8,"['horse', 'airplane', 'cat', 'frog']",horse
46414,3,"['frog', 'ship', 'automobile', 'airplane']",ship
46415,4,"['cat', 'automobile', 'frog', 'airplane']",automobile
46416,4,"['cat', 'automobile', 'frog', 'airplane']",automobile
46417,3,"['frog', 'ship', 'automobile', 'airplane']",ship
46418,6,"['automobile', 'horse', 'ship', 'airplane']",airplane
46419,0,"['horse', 'deer', 'frog', 'cat']",horse
46420,0,"['horse', 'deer', 'frog', 'cat']",horse
46421,1,"['bird', 'dog', 'frog', 'cat', 'airplane']",airplane
46422,5,"['frog', 'ship', 'airplane', 'automobile']",ship
46423,3,"['frog', 'ship', 'automobile', 'airplane']",ship
46424,3,"['frog', 'ship', 'automobile', 'airplane']",ship
46425,3,"['frog', 'ship', 'automobile', 'airplane']",ship
46426,9,"['dog', 'frog', 'cat', 'airplane']",dog
46427,1,"['bird', 'dog', 'frog', 'cat', 'airplane']",airplane
46428,5,"['frog', 'ship', 'airplane', 'automobile']",ship
46429,6,"['automobile', 'horse', 'ship', 'airplane']",airplane
46430,0,"['horse', 'deer', 'frog', 'cat']",horse
46431,8,"['horse', 'airplane', 'cat', 'frog']",horse
46432,3,"['frog', 'ship', 'automobile', 'airplane']",ship
46433,3,"['frog', 'ship', 'automobile', 'airplane']",ship
46434,0,"['horse', 'deer', 'frog', 'cat']",frog
46435,8,"['horse', 'airplane', 'cat', 'frog']",horse
46436,5,"['frog', 'ship', 'airplane', 'automobile']",ship
46437,3,"['frog', 'ship', 'automobile', 'airplane']",ship
46438,9,"['dog', 'frog', 'cat', 'airplane']",dog
46439,0,"['horse', 'deer', 'frog', 'cat']",horse
46440,5,"['frog', 'ship', 'airplane', 'automobile']",ship
46441,5,"['frog', 'ship', 'airplane', 'automobile']",ship
46442,8,"['horse', 'airplane', 'cat', 'frog']",horse
46443,3,"['frog', 'ship', 'automobile', 'airplane']",ship
46444,8,"['horse', 'airplane', 'cat', 'frog']",horse
46445,8,"['horse', 'airplane', 'cat', 'frog']",horse
46446,4,"['cat', 'automobile', 'frog', 'airplane']",automobile
46447,6,"['automobile', 'horse', 'ship', 'airplane']",airplane
46448,1,"['bird', 'dog', 'frog', 'cat', 'airplane']",airplane
46449,8,"['horse', 'airplane', 'cat', 'frog']",horse
46450,2,"['ship', 'cat', 'automobile', 'airplane']",cat
46451,2,"['ship', 'cat', 'automobile', 'airplane']",automobile
46452,4,"['cat', 'automobile', 'frog', 'airplane']",automobile
46453,8,"['horse', 'airplane', 'cat', 'frog']",horse
46454,7,"['automobile', 'cat', 'airplane', 'frog']",cat
46455,7,"['automobile', 'cat', 'airplane', 'frog']",cat
46456,7,"['automobile', 'cat', 'airplane', 'frog']",airplane
46457,2,"['ship', 'cat', 'automobile', 'airplane']",automobile
46458,0,"['horse', 'deer', 'frog', 'cat']",horse
46459,3,"['frog', 'ship', 'automobile', 'airplane']",ship
46460,4,"['cat', 'automobile', 'frog', 'airplane']",automobile
46461,1,"['bird', 'dog', 'frog', 'cat', 'airplane']",airplane
46462,8,"['horse', 'airplane', 'cat', 'frog']",horse
46463,1,"['bird', 'dog', 'frog', 'cat', 'airplane']",airplane
46464,8,"['horse', 'airplane', 'cat', 'frog']",horse
46465,7,"['automobile', 'cat', 'airplane', 'frog']",airplane
46466,3,"['frog', 'ship', 'automobile', 'airplane']",ship
46467,2,"['ship', 'cat', 'automobile', 'airplane']",cat
46468,3,"['frog', 'ship', 'automobile', 'airplane']",ship
46469,6,"['automobile', 'horse', 'ship', 'airplane']",ship
46470,4,"['cat', 'automobile', 'frog', 'airplane']",automobile
46471,5,"['frog', 'ship', 'airplane', 'automobile']",ship
46472,3,"['frog', 'ship', 'automobile', 'airplane']",ship
46473,6,"['automobile', 'horse', 'ship', 'airplane']",horse
46474,0,"['horse', 'deer', 'frog', 'cat']",horse
46475,2,"['ship', 'cat', 'automobile', 'airplane']",cat
46476,4,"['cat', 'automobile', 'frog', 'airplane']",automobile
46477,8,"['horse', 'airplane', 'cat', 'frog']",horse
46478,2,"['ship', 'cat', 'automobile', 'airplane']",cat
46479,8,"['horse', 'airplane', 'cat', 'frog']",horse
46480,0,"['horse', 'deer', 'frog', 'cat']",horse
46481,2,"['ship', 'cat', 'automobile', 'airplane']",cat
46482,5,"['frog', 'ship', 'airplane', 'automobile']",ship
46483,5,"['frog', 'ship', 'airplane', 'automobile']",ship
46484,7,"['automobile', 'cat', 'airplane', 'frog']",cat
46485,9,"['dog', 'frog', 'cat', 'airplane']",airplane
46486,0,"['horse', 'deer', 'frog', 'cat']",horse
46487,5,"['frog', 'ship', 'airplane', 'automobile']",ship
46488,8,"['horse', 'airplane', 'cat', 'frog']",horse
46489,5,"['frog', 'ship', 'airplane', 'automobile']",ship
46490,4,"['cat', 'automobile', 'frog', 'airplane']",airplane
46491,2,"['ship', 'cat', 'automobile', 'airplane']",cat
46492,6,"['automobile', 'horse', 'ship', 'airplane']",airplane
46493,3,"['frog', 'ship', 'automobile', 'airplane']",ship
46494,5,"['frog', 'ship', 'airplane', 'automobile']",ship
46495,6,"['automobile', 'horse', 'ship', 'airplane']",airplane
46496,3,"['frog', 'ship', 'automobile', 'airplane']",ship
46497,4,"['cat', 'automobile', 'frog', 'airplane']",automobile
46498,8,"['horse', 'airplane', 'cat', 'frog']",horse
46499,8,"['horse', 'airplane', 'cat', 'frog']",horse
46500,3,"['frog', 'ship', 'automobile', 'airplane']",ship
46501,2,"['ship', 'cat', 'automobile', 'airplane']",automobile
46502,4,"['cat', 'automobile', 'frog', 'airplane']",automobile
46503,3,"['frog', 'ship', 'automobile', 'airplane']",ship
46504,8,"['horse', 'airplane', 'cat', 'frog']",horse
46505,8,"['horse', 'airplane', 'cat', 'frog']",horse
46506,4,"['cat', 'automobile', 'frog', 'airplane']",automobile
46507,1,"['bird', 'dog', 'frog', 'cat', 'airplane']",airplane
46508,7,"['automobile', 'cat', 'airplane', 'frog']",cat
46509,2,"['ship', 'cat', 'automobile', 'airplane']",automobile
46510,5,"['frog', 'ship', 'airplane', 'automobile']",ship
46511,4,"['cat', 'automobile', 'frog', 'airplane']",automobile
46512,3,"['frog', 'ship', 'automobile', 'airplane']",ship
46513,0,"['horse', 'deer', 'frog', 'cat']",horse
46514,1,"['bird', 'dog', 'frog', 'cat', 'airplane']",airplane
46515,3,"['frog', 'ship', 'automobile', 'airplane']",ship
46516,2,"['ship', 'cat', 'automobile', 'airplane']",cat
46517,7,"['automobile', 'cat', 'airplane', 'frog']",airplane
46518,7,"['automobile', 'cat', 'airplane', 'frog']",cat
46519,1,"['bird', 'dog', 'frog', 'cat', 'airplane']",airplane
46520,1,"['bird', 'dog', 'frog', 'cat', 'airplane']",airplane
46521,4,"['cat', 'automobile', 'frog', 'airplane']",automobile
46522,2,"['ship', 'cat', 'automobile', 'airplane']",cat
46523,0,"['horse', 'deer', 'frog', 'cat']",horse
46524,7,"['automobile', 'cat', 'airplane', 'frog']",airplane
46525,5,"['frog', 'ship', 'airplane', 'automobile']",ship
46526,4,"['cat', 'automobile', 'frog', 'airplane']",airplane
46527,2,"['ship', 'cat', 'automobile', 'airplane']",cat
46528,4,"['cat', 'automobile', 'frog', 'airplane']",automobile
46529,3,"['frog', 'ship', 'automobile', 'airplane']",ship
46530,2,"['ship', 'cat', 'automobile', 'airplane']",cat
46531,4,"['cat', 'automobile', 'frog', 'airplane']",automobile
46532,5,"['frog', 'ship', 'airplane', 'automobile']",ship
46533,6,"['automobile', 'horse', 'ship', 'airplane']",airplane
46534,5,"['frog', 'ship', 'airplane', 'automobile']",ship
46535,6,"['automobile', 'horse', 'ship', 'airplane']",airplane
46536,5,"['frog', 'ship', 'airplane', 'automobile']",ship
46537,9,"['dog', 'frog', 'cat', 'airplane']",dog
46538,8,"['horse', 'airplane', 'cat', 'frog']",horse
46539,6,"['automobile', 'horse', 'ship', 'airplane']",airplane
46540,8,"['horse', 'airplane', 'cat', 'frog']",horse
46541,2,"['ship', 'cat', 'automobile', 'airplane']",automobile
46542,3,"['frog', 'ship', 'automobile', 'airplane']",frog
46543,8,"['horse', 'airplane', 'cat', 'frog']",horse
46544,1,"['bird', 'dog', 'frog', 'cat', 'airplane']",airplane
46545,6,"['automobile', 'horse', 'ship', 'airplane']",ship
46546,5,"['frog', 'ship', 'airplane', 'automobile']",ship
46547,1,"['bird', 'dog', 'frog', 'cat', 'airplane']",airplane
46548,0,"['horse', 'deer', 'frog', 'cat']",horse
46549,7,"['automobile', 'cat', 'airplane', 'frog']",airplane
46550,6,"['automobile', 'horse', 'ship', 'airplane']",automobile
46551,8,"['horse', 'airplane', 'cat', 'frog']",horse
46552,8,"['horse', 'airplane', 'cat', 'frog']",horse
46553,0,"['horse', 'deer', 'frog', 'cat']",horse
46554,0,"['horse', 'deer', 'frog', 'cat']",horse
46555,3,"['frog', 'ship', 'automobile', 'airplane']",ship
46556,7,"['automobile', 'cat', 'airplane', 'frog']",cat
46557,7,"['automobile', 'cat', 'airplane', 'frog']",cat
46558,6,"['automobile', 'horse', 'ship', 'airplane']",airplane
46559,9,"['dog', 'frog', 'cat', 'airplane']",airplane
46560,2,"['ship', 'cat', 'automobile', 'airplane']",cat
46561,3,"['frog', 'ship', 'automobile', 'airplane']",ship
46562,2,"['ship', 'cat', 'automobile', 'airplane']",cat
46563,2,"['ship', 'cat', 'automobile', 'airplane']",cat
46564,2,"['ship', 'cat', 'automobile', 'airplane']",cat
46565,5,"['frog', 'ship', 'airplane', 'automobile']",ship
46566,4,"['cat', 'automobile', 'frog', 'airplane']",automobile
46567,9,"['dog', 'frog', 'cat', 'airplane']",dog
46568,3,"['frog', 'ship', 'automobile', 'airplane']",ship
46569,8,"['horse', 'airplane', 'cat', 'frog']",horse
46570,4,"['cat', 'automobile', 'frog', 'airplane']",automobile
46571,3,"['frog', 'ship', 'automobile', 'airplane']",ship
46572,7,"['automobile', 'cat', 'airplane', 'frog']",airplane
46573,4,"['cat', 'automobile', 'frog', 'airplane']",automobile
46574,9,"['dog', 'frog', 'cat', 'airplane']",airplane
46575,2,"['ship', 'cat', 'automobile', 'airplane']",cat
46576,0,"['horse', 'deer', 'frog', 'cat']",horse
46577,6,"['automobile', 'horse', 'ship', 'airplane']",ship
46578,4,"['cat', 'automobile', 'frog', 'airplane']",automobile
46579,9,"['dog', 'frog', 'cat', 'airplane']",airplane
46580,8,"['horse', 'airplane', 'cat', 'frog']",horse
46581,7,"['automobile', 'cat', 'airplane', 'frog']",airplane
46582,8,"['horse', 'airplane', 'cat', 'frog']",horse
46583,7,"['automobile', 'cat', 'airplane', 'frog']",airplane
46584,2,"['ship', 'cat', 'automobile', 'airplane']",automobile
46585,0,"['horse', 'deer', 'frog', 'cat']",horse
46586,0,"['horse', 'deer', 'frog', 'cat']",horse
46587,6,"['automobile', 'horse', 'ship', 'airplane']",ship
46588,1,"['bird', 'dog', 'frog', 'cat', 'airplane']",airplane
46589,2,"['ship', 'cat', 'automobile', 'airplane']",automobile
46590,3,"['frog', 'ship', 'automobile', 'airplane']",ship
46591,4,"['cat', 'automobile', 'frog', 'airplane']",automobile
46592,1,"['bird', 'dog', 'frog', 'cat', 'airplane']",airplane
46593,0,"['horse', 'deer', 'frog', 'cat']",horse
46594,3,"['frog', 'ship', 'automobile', 'airplane']",ship
46595,3,"['frog', 'ship', 'automobile', 'airplane']",ship
46596,3,"['frog', 'ship', 'automobile', 'airplane']",ship
46597,5,"['frog', 'ship', 'airplane', 'automobile']",ship
46598,1,"['bird', 'dog', 'frog', 'cat', 'airplane']",airplane
46599,9,"['dog', 'frog', 'cat', 'airplane']",airplane
46600,6,"['automobile', 'horse', 'ship', 'airplane']",ship
46601,7,"['automobile', 'cat', 'airplane', 'frog']",cat
46602,6,"['automobile', 'horse', 'ship', 'airplane']",airplane
46603,0,"['horse', 'deer', 'frog', 'cat']",horse
46604,3,"['frog', 'ship', 'automobile', 'airplane']",ship
46605,3,"['frog', 'ship', 'automobile', 'airplane']",ship
46606,5,"['frog', 'ship', 'airplane', 'automobile']",ship
46607,2,"['ship', 'cat', 'automobile', 'airplane']",cat
46608,5,"['frog', 'ship', 'airplane', 'automobile']",ship
46609,6,"['automobile', 'horse', 'ship', 'airplane']",airplane
46610,1,"['bird', 'dog', 'frog', 'cat', 'airplane']",airplane
46611,9,"['dog', 'frog', 'cat', 'airplane']",dog
46612,6,"['automobile', 'horse', 'ship', 'airplane']",airplane
46613,0,"['horse', 'deer', 'frog', 'cat']",horse
46614,0,"['horse', 'deer', 'frog', 'cat']",horse
46615,8,"['horse', 'airplane', 'cat', 'frog']",horse
46616,4,"['cat', 'automobile', 'frog', 'airplane']",automobile
46617,8,"['horse', 'airplane', 'cat', 'frog']",horse
46618,4,"['cat', 'automobile', 'frog', 'airplane']",automobile
46619,0,"['horse', 'deer', 'frog', 'cat']",horse
46620,7,"['automobile', 'cat', 'airplane', 'frog']",airplane
46621,5,"['frog', 'ship', 'airplane', 'automobile']",ship
46622,6,"['automobile', 'horse', 'ship', 'airplane']",airplane
46623,9,"['dog', 'frog', 'cat', 'airplane']",airplane
46624,8,"['horse', 'airplane', 'cat', 'frog']",horse
46625,0,"['horse', 'deer', 'frog', 'cat']",horse
46626,8,"['horse', 'airplane', 'cat', 'frog']",cat
46627,3,"['frog', 'ship', 'automobile', 'airplane']",ship
46628,5,"['frog', 'ship', 'airplane', 'automobile']",ship
46629,9,"['dog', 'frog', 'cat', 'airplane']",dog
46630,2,"['ship', 'cat', 'automobile', 'airplane']",cat
46631,0,"['horse', 'deer', 'frog', 'cat']",horse
46632,0,"['horse', 'deer', 'frog', 'cat']",horse
46633,2,"['ship', 'cat', 'automobile', 'airplane']",cat
46634,1,"['bird', 'dog', 'frog', 'cat', 'airplane']",airplane
46635,5,"['frog', 'ship', 'airplane', 'automobile']",ship
46636,8,"['horse', 'airplane', 'cat', 'frog']",horse
46637,0,"['horse', 'deer', 'frog', 'cat']",horse
46638,5,"['frog', 'ship', 'airplane', 'automobile']",ship
46639,9,"['dog', 'frog', 'cat', 'airplane']",dog
46640,7,"['automobile', 'cat', 'airplane', 'frog']",cat
46641,7,"['automobile', 'cat', 'airplane', 'frog']",airplane
46642,2,"['ship', 'cat', 'automobile', 'airplane']",cat
46643,1,"['bird', 'dog', 'frog', 'cat', 'airplane']",airplane
46644,4,"['cat', 'automobile', 'frog', 'airplane']",automobile
46645,9,"['dog', 'frog', 'cat', 'airplane']",dog
46646,9,"['dog', 'frog', 'cat', 'airplane']",airplane
46647,9,"['dog', 'frog', 'cat', 'airplane']",airplane
46648,4,"['cat', 'automobile', 'frog', 'airplane']",automobile
46649,1,"['bird', 'dog', 'frog', 'cat', 'airplane']",airplane
46650,4,"['cat', 'automobile', 'frog', 'airplane']",airplane
46651,9,"['dog', 'frog', 'cat', 'airplane']",airplane
46652,2,"['ship', 'cat', 'automobile', 'airplane']",cat
46653,3,"['frog', 'ship', 'automobile', 'airplane']",ship
46654,9,"['dog', 'frog', 'cat', 'airplane']",dog
46655,0,"['horse', 'deer', 'frog', 'cat']",horse
46656,9,"['dog', 'frog', 'cat', 'airplane']",dog
46657,3,"['frog', 'ship', 'automobile', 'airplane']",ship
46658,1,"['bird', 'dog', 'frog', 'cat', 'airplane']",airplane
46659,3,"['frog', 'ship', 'automobile', 'airplane']",ship
46660,4,"['cat', 'automobile', 'frog', 'airplane']",automobile
46661,2,"['ship', 'cat', 'automobile', 'airplane']",cat
46662,9,"['dog', 'frog', 'cat', 'airplane']",dog
46663,4,"['cat', 'automobile', 'frog', 'airplane']",automobile
46664,9,"['dog', 'frog', 'cat', 'airplane']",airplane
46665,2,"['ship', 'cat', 'automobile', 'airplane']",cat
46666,7,"['automobile', 'cat', 'airplane', 'frog']",cat
46667,5,"['frog', 'ship', 'airplane', 'automobile']",ship
46668,8,"['horse', 'airplane', 'cat', 'frog']",horse
46669,5,"['frog', 'ship', 'airplane', 'automobile']",ship
46670,8,"['horse', 'airplane', 'cat', 'frog']",horse
46671,7,"['automobile', 'cat', 'airplane', 'frog']",frog
46672,7,"['automobile', 'cat', 'airplane', 'frog']",cat
46673,2,"['ship', 'cat', 'automobile', 'airplane']",cat
46674,1,"['bird', 'dog', 'frog', 'cat', 'airplane']",airplane
46675,8,"['horse', 'airplane', 'cat', 'frog']",horse
46676,5,"['frog', 'ship', 'airplane', 'automobile']",ship
46677,6,"['automobile', 'horse', 'ship', 'airplane']",airplane
46678,0,"['horse', 'deer', 'frog', 'cat']",horse
46679,1,"['bird', 'dog', 'frog', 'cat', 'airplane']",airplane
46680,0,"['horse', 'deer', 'frog', 'cat']",horse
46681,2,"['ship', 'cat', 'automobile', 'airplane']",automobile
46682,3,"['frog', 'ship', 'automobile', 'airplane']",ship
46683,2,"['ship', 'cat', 'automobile', 'airplane']",cat
46684,5,"['frog', 'ship', 'airplane', 'automobile']",ship
46685,9,"['dog', 'frog', 'cat', 'airplane']",dog
46686,2,"['ship', 'cat', 'automobile', 'airplane']",ship
46687,9,"['dog', 'frog', 'cat', 'airplane']",dog
46688,3,"['frog', 'ship', 'automobile', 'airplane']",ship
46689,0,"['horse', 'deer', 'frog', 'cat']",horse
46690,5,"['frog', 'ship', 'airplane', 'automobile']",ship
46691,7,"['automobile', 'cat', 'airplane', 'frog']",airplane
46692,0,"['horse', 'deer', 'frog', 'cat']",horse
46693,1,"['bird', 'dog', 'frog', 'cat', 'airplane']",airplane
46694,7,"['automobile', 'cat', 'airplane', 'frog']",airplane
46695,4,"['cat', 'automobile', 'frog', 'airplane']",automobile
46696,9,"['dog', 'frog', 'cat', 'airplane']",airplane
46697,3,"['frog', 'ship', 'automobile', 'airplane']",ship
46698,9,"['dog', 'frog', 'cat', 'airplane']",airplane
46699,8,"['horse', 'airplane', 'cat', 'frog']",horse
46700,5,"['frog', 'ship', 'airplane', 'automobile']",ship
46701,0,"['horse', 'deer', 'frog', 'cat']",horse
46702,2,"['ship', 'cat', 'automobile', 'airplane']",cat
46703,4,"['cat', 'automobile', 'frog', 'airplane']",automobile
46704,8,"['horse', 'airplane', 'cat', 'frog']",horse
46705,9,"['dog', 'frog', 'cat', 'airplane']",airplane
46706,0,"['horse', 'deer', 'frog', 'cat']",horse
46707,8,"['horse', 'airplane', 'cat', 'frog']",horse
46708,5,"['frog', 'ship', 'airplane', 'automobile']",ship
46709,7,"['automobile', 'cat', 'airplane', 'frog']",cat
46710,8,"['horse', 'airplane', 'cat', 'frog']",horse
46711,7,"['automobile', 'cat', 'airplane', 'frog']",cat
46712,3,"['frog', 'ship', 'automobile', 'airplane']",ship
46713,9,"['dog', 'frog', 'cat', 'airplane']",dog
46714,8,"['horse', 'airplane', 'cat', 'frog']",horse
46715,5,"['frog', 'ship', 'airplane', 'automobile']",ship
46716,5,"['frog', 'ship', 'airplane', 'automobile']",ship
46717,1,"['bird', 'dog', 'frog', 'cat', 'airplane']",airplane
46718,1,"['bird', 'dog', 'frog', 'cat', 'airplane']",airplane
46719,7,"['automobile', 'cat', 'airplane', 'frog']",cat
46720,5,"['frog', 'ship', 'airplane', 'automobile']",ship
46721,6,"['automobile', 'horse', 'ship', 'airplane']",airplane
46722,4,"['cat', 'automobile', 'frog', 'airplane']",automobile
46723,9,"['dog', 'frog', 'cat', 'airplane']",dog
46724,2,"['ship', 'cat', 'automobile', 'airplane']",automobile
46725,0,"['horse', 'deer', 'frog', 'cat']",horse
46726,7,"['automobile', 'cat', 'airplane', 'frog']",airplane
46727,3,"['frog', 'ship', 'automobile', 'airplane']",ship
46728,2,"['ship', 'cat', 'automobile', 'airplane']",cat
46729,3,"['frog', 'ship', 'automobile', 'airplane']",ship
46730,1,"['bird', 'dog', 'frog', 'cat', 'airplane']",airplane
46731,1,"['bird', 'dog', 'frog', 'cat', 'airplane']",airplane
46732,1,"['bird', 'dog', 'frog', 'cat', 'airplane']",airplane
46733,2,"['ship', 'cat', 'automobile', 'airplane']",cat
46734,5,"['frog', 'ship', 'airplane', 'automobile']",ship
46735,8,"['horse', 'airplane', 'cat', 'frog']",horse
46736,8,"['horse', 'airplane', 'cat', 'frog']",horse
46737,8,"['horse', 'airplane', 'cat', 'frog']",horse
46738,0,"['horse', 'deer', 'frog', 'cat']",horse
46739,8,"['horse', 'airplane', 'cat', 'frog']",horse
46740,0,"['horse', 'deer', 'frog', 'cat']",horse
46741,1,"['bird', 'dog', 'frog', 'cat', 'airplane']",airplane
46742,3,"['frog', 'ship', 'automobile', 'airplane']",ship
46743,6,"['automobile', 'horse', 'ship', 'airplane']",horse
46744,9,"['dog', 'frog', 'cat', 'airplane']",dog
46745,3,"['frog', 'ship', 'automobile', 'airplane']",ship
46746,4,"['cat', 'automobile', 'frog', 'airplane']",automobile
46747,7,"['automobile', 'cat', 'airplane', 'frog']",cat
46748,1,"['bird', 'dog', 'frog', 'cat', 'airplane']",airplane
46749,0,"['horse', 'deer', 'frog', 'cat']",horse
46750,0,"['horse', 'deer', 'frog', 'cat']",horse
46751,8,"['horse', 'airplane', 'cat', 'frog']",horse
46752,9,"['dog', 'frog', 'cat', 'airplane']",airplane
46753,4,"['cat', 'automobile', 'frog', 'airplane']",automobile
46754,7,"['automobile', 'cat', 'airplane', 'frog']",airplane
46755,9,"['dog', 'frog', 'cat', 'airplane']",dog
46756,0,"['horse', 'deer', 'frog', 'cat']",horse
46757,3,"['frog', 'ship', 'automobile', 'airplane']",ship
46758,8,"['horse', 'airplane', 'cat', 'frog']",horse
46759,2,"['ship', 'cat', 'automobile', 'airplane']",cat
46760,6,"['automobile', 'horse', 'ship', 'airplane']",airplane
46761,8,"['horse', 'airplane', 'cat', 'frog']",horse
46762,5,"['frog', 'ship', 'airplane', 'automobile']",ship
46763,0,"['horse', 'deer', 'frog', 'cat']",horse
46764,8,"['horse', 'airplane', 'cat', 'frog']",horse
46765,6,"['automobile', 'horse', 'ship', 'airplane']",airplane
46766,2,"['ship', 'cat', 'automobile', 'airplane']",cat
46767,5,"['frog', 'ship', 'airplane', 'automobile']",ship
46768,8,"['horse', 'airplane', 'cat', 'frog']",horse
46769,4,"['cat', 'automobile', 'frog', 'airplane']",automobile
46770,0,"['horse', 'deer', 'frog', 'cat']",horse
46771,2,"['ship', 'cat', 'automobile', 'airplane']",automobile
46772,6,"['automobile', 'horse', 'ship', 'airplane']",airplane
46773,4,"['cat', 'automobile', 'frog', 'airplane']",automobile
46774,9,"['dog', 'frog', 'cat', 'airplane']",airplane
46775,9,"['dog', 'frog', 'cat', 'airplane']",airplane
46776,4,"['cat', 'automobile', 'frog', 'airplane']",automobile
46777,9,"['dog', 'frog', 'cat', 'airplane']",dog
46778,4,"['cat', 'automobile', 'frog', 'airplane']",automobile
46779,4,"['cat', 'automobile', 'frog', 'airplane']",automobile
46780,5,"['frog', 'ship', 'airplane', 'automobile']",ship
46781,9,"['dog', 'frog', 'cat', 'airplane']",airplane
46782,0,"['horse', 'deer', 'frog', 'cat']",horse
46783,7,"['automobile', 'cat', 'airplane', 'frog']",cat
46784,2,"['ship', 'cat', 'automobile', 'airplane']",cat
46785,5,"['frog', 'ship', 'airplane', 'automobile']",ship
46786,1,"['bird', 'dog', 'frog', 'cat', 'airplane']",airplane
46787,8,"['horse', 'airplane', 'cat', 'frog']",horse
46788,9,"['dog', 'frog', 'cat', 'airplane']",airplane
46789,4,"['cat', 'automobile', 'frog', 'airplane']",automobile
46790,4,"['cat', 'automobile', 'frog', 'airplane']",automobile
46791,6,"['automobile', 'horse', 'ship', 'airplane']",airplane
46792,7,"['automobile', 'cat', 'airplane', 'frog']",cat
46793,5,"['frog', 'ship', 'airplane', 'automobile']",ship
46794,1,"['bird', 'dog', 'frog', 'cat', 'airplane']",airplane
46795,2,"['ship', 'cat', 'automobile', 'airplane']",automobile
46796,1,"['bird', 'dog', 'frog', 'cat', 'airplane']",airplane
46797,7,"['automobile', 'cat', 'airplane', 'frog']",airplane
46798,2,"['ship', 'cat', 'automobile', 'airplane']",cat
46799,3,"['frog', 'ship', 'automobile', 'airplane']",ship
46800,2,"['ship', 'cat', 'automobile', 'airplane']",automobile
46801,3,"['frog', 'ship', 'automobile', 'airplane']",ship
46802,0,"['horse', 'deer', 'frog', 'cat']",horse
46803,4,"['cat', 'automobile', 'frog', 'airplane']",automobile
46804,6,"['automobile', 'horse', 'ship', 'airplane']",airplane
46805,3,"['frog', 'ship', 'automobile', 'airplane']",ship
46806,7,"['automobile', 'cat', 'airplane', 'frog']",airplane
46807,0,"['horse', 'deer', 'frog', 'cat']",horse
46808,9,"['dog', 'frog', 'cat', 'airplane']",dog
46809,5,"['frog', 'ship', 'airplane', 'automobile']",ship
46810,2,"['ship', 'cat', 'automobile', 'airplane']",cat
46811,5,"['frog', 'ship', 'airplane', 'automobile']",ship
46812,3,"['frog', 'ship', 'automobile', 'airplane']",ship
46813,2,"['ship', 'cat', 'automobile', 'airplane']",cat
46814,4,"['cat', 'automobile', 'frog', 'airplane']",automobile
46815,3,"['frog', 'ship', 'automobile', 'airplane']",ship
46816,7,"['automobile', 'cat', 'airplane', 'frog']",frog
46817,3,"['frog', 'ship', 'automobile', 'airplane']",ship
46818,7,"['automobile', 'cat', 'airplane', 'frog']",cat
46819,2,"['ship', 'cat', 'automobile', 'airplane']",automobile
46820,5,"['frog', 'ship', 'airplane', 'automobile']",ship
46821,8,"['horse', 'airplane', 'cat', 'frog']",horse
46822,0,"['horse', 'deer', 'frog', 'cat']",horse
46823,4,"['cat', 'automobile', 'frog', 'airplane']",airplane
46824,4,"['cat', 'automobile', 'frog', 'airplane']",automobile
46825,3,"['frog', 'ship', 'automobile', 'airplane']",ship
46826,2,"['ship', 'cat', 'automobile', 'airplane']",automobile
46827,1,"['bird', 'dog', 'frog', 'cat', 'airplane']",airplane
46828,1,"['bird', 'dog', 'frog', 'cat', 'airplane']",airplane
46829,8,"['horse', 'airplane', 'cat', 'frog']",horse
46830,9,"['dog', 'frog', 'cat', 'airplane']",airplane
46831,0,"['horse', 'deer', 'frog', 'cat']",horse
46832,2,"['ship', 'cat', 'automobile', 'airplane']",automobile
46833,9,"['dog', 'frog', 'cat', 'airplane']",airplane
46834,7,"['automobile', 'cat', 'airplane', 'frog']",airplane
46835,6,"['automobile', 'horse', 'ship', 'airplane']",airplane
46836,5,"['frog', 'ship', 'airplane', 'automobile']",ship
46837,2,"['ship', 'cat', 'automobile', 'airplane']",cat
46838,3,"['frog', 'ship', 'automobile', 'airplane']",ship
46839,0,"['horse', 'deer', 'frog', 'cat']",horse
46840,1,"['bird', 'dog', 'frog', 'cat', 'airplane']",airplane
46841,3,"['frog', 'ship', 'automobile', 'airplane']",ship
46842,5,"['frog', 'ship', 'airplane', 'automobile']",ship
46843,0,"['horse', 'deer', 'frog', 'cat']",horse
46844,9,"['dog', 'frog', 'cat', 'airplane']",dog
46845,4,"['cat', 'automobile', 'frog', 'airplane']",automobile
46846,6,"['automobile', 'horse', 'ship', 'airplane']",automobile
46847,5,"['frog', 'ship', 'airplane', 'automobile']",ship
46848,9,"['dog', 'frog', 'cat', 'airplane']",dog
46849,7,"['automobile', 'cat', 'airplane', 'frog']",airplane
46850,6,"['automobile', 'horse', 'ship', 'airplane']",ship
46851,4,"['cat', 'automobile', 'frog', 'airplane']",automobile
46852,9,"['dog', 'frog', 'cat', 'airplane']",dog
46853,5,"['frog', 'ship', 'airplane', 'automobile']",ship
46854,8,"['horse', 'airplane', 'cat', 'frog']",horse
46855,3,"['frog', 'ship', 'automobile', 'airplane']",ship
46856,6,"['automobile', 'horse', 'ship', 'airplane']",airplane
46857,7,"['automobile', 'cat', 'airplane', 'frog']",cat
46858,1,"['bird', 'dog', 'frog', 'cat', 'airplane']",airplane
46859,1,"['bird', 'dog', 'frog', 'cat', 'airplane']",airplane
46860,7,"['automobile', 'cat', 'airplane', 'frog']",cat
46861,9,"['dog', 'frog', 'cat', 'airplane']",dog
46862,3,"['frog', 'ship', 'automobile', 'airplane']",ship
46863,8,"['horse', 'airplane', 'cat', 'frog']",horse
46864,0,"['horse', 'deer', 'frog', 'cat']",horse
46865,1,"['bird', 'dog', 'frog', 'cat', 'airplane']",airplane
46866,1,"['bird', 'dog', 'frog', 'cat', 'airplane']",airplane
46867,5,"['frog', 'ship', 'airplane', 'automobile']",ship
46868,6,"['automobile', 'horse', 'ship', 'airplane']",airplane
46869,7,"['automobile', 'cat', 'airplane', 'frog']",airplane
46870,2,"['ship', 'cat', 'automobile', 'airplane']",cat
46871,1,"['bird', 'dog', 'frog', 'cat', 'airplane']",airplane
46872,0,"['horse', 'deer', 'frog', 'cat']",horse
46873,0,"['horse', 'deer', 'frog', 'cat']",horse
46874,2,"['ship', 'cat', 'automobile', 'airplane']",cat
46875,7,"['automobile', 'cat', 'airplane', 'frog']",cat
46876,0,"['horse', 'deer', 'frog', 'cat']",horse
46877,2,"['ship', 'cat', 'automobile', 'airplane']",automobile
46878,9,"['dog', 'frog', 'cat', 'airplane']",airplane
46879,2,"['ship', 'cat', 'automobile', 'airplane']",cat
46880,3,"['frog', 'ship', 'automobile', 'airplane']",ship
46881,0,"['horse', 'deer', 'frog', 'cat']",horse
46882,3,"['frog', 'ship', 'automobile', 'airplane']",ship
46883,4,"['cat', 'automobile', 'frog', 'airplane']",automobile
46884,4,"['cat', 'automobile', 'frog', 'airplane']",automobile
46885,6,"['automobile', 'horse', 'ship', 'airplane']",airplane
46886,3,"['frog', 'ship', 'automobile', 'airplane']",ship
46887,2,"['ship', 'cat', 'automobile', 'airplane']",cat
46888,8,"['horse', 'airplane', 'cat', 'frog']",horse
46889,1,"['bird', 'dog', 'frog', 'cat', 'airplane']",airplane
46890,5,"['frog', 'ship', 'airplane', 'automobile']",ship
46891,4,"['cat', 'automobile', 'frog', 'airplane']",automobile
46892,8,"['horse', 'airplane', 'cat', 'frog']",horse
46893,1,"['bird', 'dog', 'frog', 'cat', 'airplane']",airplane
46894,3,"['frog', 'ship', 'automobile', 'airplane']",ship
46895,2,"['ship', 'cat', 'automobile', 'airplane']",cat
46896,7,"['automobile', 'cat', 'airplane', 'frog']",cat
46897,0,"['horse', 'deer', 'frog', 'cat']",horse
46898,0,"['horse', 'deer', 'frog', 'cat']",horse
46899,5,"['frog', 'ship', 'airplane', 'automobile']",ship
46900,1,"['bird', 'dog', 'frog', 'cat', 'airplane']",airplane
46901,5,"['frog', 'ship', 'airplane', 'automobile']",ship
46902,0,"['horse', 'deer', 'frog', 'cat']",horse
46903,5,"['frog', 'ship', 'airplane', 'automobile']",ship
46904,1,"['bird', 'dog', 'frog', 'cat', 'airplane']",airplane
46905,6,"['automobile', 'horse', 'ship', 'airplane']",ship
46906,1,"['bird', 'dog', 'frog', 'cat', 'airplane']",airplane
46907,2,"['ship', 'cat', 'automobile', 'airplane']",cat
46908,1,"['bird', 'dog', 'frog', 'cat', 'airplane']",airplane
46909,2,"['ship', 'cat', 'automobile', 'airplane']",cat
46910,0,"['horse', 'deer', 'frog', 'cat']",horse
46911,5,"['frog', 'ship', 'airplane', 'automobile']",ship
46912,6,"['automobile', 'horse', 'ship', 'airplane']",airplane
46913,6,"['automobile', 'horse', 'ship', 'airplane']",automobile
46914,1,"['bird', 'dog', 'frog', 'cat', 'airplane']",airplane
46915,6,"['automobile', 'horse', 'ship', 'airplane']",airplane
46916,5,"['frog', 'ship', 'airplane', 'automobile']",ship
46917,8,"['horse', 'airplane', 'cat', 'frog']",horse
46918,5,"['frog', 'ship', 'airplane', 'automobile']",ship
46919,3,"['frog', 'ship', 'automobile', 'airplane']",ship
46920,1,"['bird', 'dog', 'frog', 'cat', 'airplane']",airplane
46921,6,"['automobile', 'horse', 'ship', 'airplane']",airplane
46922,0,"['horse', 'deer', 'frog', 'cat']",horse
46923,3,"['frog', 'ship', 'automobile', 'airplane']",ship
46924,5,"['frog', 'ship', 'airplane', 'automobile']",ship
46925,5,"['frog', 'ship', 'airplane', 'automobile']",ship
46926,8,"['horse', 'airplane', 'cat', 'frog']",horse
46927,5,"['frog', 'ship', 'airplane', 'automobile']",ship
46928,1,"['bird', 'dog', 'frog', 'cat', 'airplane']",airplane
46929,5,"['frog', 'ship', 'airplane', 'automobile']",ship
46930,5,"['frog', 'ship', 'airplane', 'automobile']",ship
46931,2,"['ship', 'cat', 'automobile', 'airplane']",cat
46932,3,"['frog', 'ship', 'automobile', 'airplane']",ship
46933,2,"['ship', 'cat', 'automobile', 'airplane']",cat
46934,0,"['horse', 'deer', 'frog', 'cat']",horse
46935,0,"['horse', 'deer', 'frog', 'cat']",horse
46936,0,"['horse', 'deer', 'frog', 'cat']",horse
46937,8,"['horse', 'airplane', 'cat', 'frog']",horse
46938,8,"['horse', 'airplane', 'cat', 'frog']",horse
46939,3,"['frog', 'ship', 'automobile', 'airplane']",ship
46940,4,"['cat', 'automobile', 'frog', 'airplane']",automobile
46941,7,"['automobile', 'cat', 'airplane', 'frog']",cat
46942,7,"['automobile', 'cat', 'airplane', 'frog']",airplane
46943,2,"['ship', 'cat', 'automobile', 'airplane']",cat
46944,8,"['horse', 'airplane', 'cat', 'frog']",horse
46945,0,"['horse', 'deer', 'frog', 'cat']",horse
46946,7,"['automobile', 'cat', 'airplane', 'frog']",cat
46947,4,"['cat', 'automobile', 'frog', 'airplane']",automobile
46948,6,"['automobile', 'horse', 'ship', 'airplane']",automobile
46949,0,"['horse', 'deer', 'frog', 'cat']",horse
46950,3,"['frog', 'ship', 'automobile', 'airplane']",ship
46951,6,"['automobile', 'horse', 'ship', 'airplane']",horse
46952,6,"['automobile', 'horse', 'ship', 'airplane']",airplane
46953,1,"['bird', 'dog', 'frog', 'cat', 'airplane']",airplane
46954,7,"['automobile', 'cat', 'airplane', 'frog']",cat
46955,9,"['dog', 'frog', 'cat', 'airplane']",dog
46956,1,"['bird', 'dog', 'frog', 'cat', 'airplane']",airplane
46957,2,"['ship', 'cat', 'automobile', 'airplane']",cat
46958,3,"['frog', 'ship', 'automobile', 'airplane']",ship
46959,9,"['dog', 'frog', 'cat', 'airplane']",airplane
46960,6,"['automobile', 'horse', 'ship', 'airplane']",horse
46961,5,"['frog', 'ship', 'airplane', 'automobile']",ship
46962,3,"['frog', 'ship', 'automobile', 'airplane']",ship
46963,8,"['horse', 'airplane', 'cat', 'frog']",horse
46964,0,"['horse', 'deer', 'frog', 'cat']",horse
46965,9,"['dog', 'frog', 'cat', 'airplane']",dog
46966,1,"['bird', 'dog', 'frog', 'cat', 'airplane']",airplane
46967,2,"['ship', 'cat', 'automobile', 'airplane']",automobile
46968,4,"['cat', 'automobile', 'frog', 'airplane']",automobile
46969,0,"['horse', 'deer', 'frog', 'cat']",horse
46970,6,"['automobile', 'horse', 'ship', 'airplane']",airplane
46971,6,"['automobile', 'horse', 'ship', 'airplane']",airplane
46972,2,"['ship', 'cat', 'automobile', 'airplane']",cat
46973,5,"['frog', 'ship', 'airplane', 'automobile']",ship
46974,6,"['automobile', 'horse', 'ship', 'airplane']",ship
46975,8,"['horse', 'airplane', 'cat', 'frog']",horse
46976,3,"['frog', 'ship', 'automobile', 'airplane']",ship
46977,3,"['frog', 'ship', 'automobile', 'airplane']",ship
46978,9,"['dog', 'frog', 'cat', 'airplane']",airplane
46979,6,"['automobile', 'horse', 'ship', 'airplane']",ship
46980,5,"['frog', 'ship', 'airplane', 'automobile']",ship
46981,0,"['horse', 'deer', 'frog', 'cat']",horse
46982,7,"['automobile', 'cat', 'airplane', 'frog']",airplane
46983,2,"['ship', 'cat', 'automobile', 'airplane']",cat
46984,5,"['frog', 'ship', 'airplane', 'automobile']",ship
46985,8,"['horse', 'airplane', 'cat', 'frog']",horse
46986,9,"['dog', 'frog', 'cat', 'airplane']",airplane
46987,0,"['horse', 'deer', 'frog', 'cat']",horse
46988,7,"['automobile', 'cat', 'airplane', 'frog']",cat
46989,3,"['frog', 'ship', 'automobile', 'airplane']",ship
46990,0,"['horse', 'deer', 'frog', 'cat']",horse
46991,6,"['automobile', 'horse', 'ship', 'airplane']",airplane
46992,0,"['horse', 'deer', 'frog', 'cat']",horse
46993,1,"['bird', 'dog', 'frog', 'cat', 'airplane']",airplane
46994,4,"['cat', 'automobile', 'frog', 'airplane']",automobile
46995,6,"['automobile', 'horse', 'ship', 'airplane']",airplane
46996,7,"['automobile', 'cat', 'airplane', 'frog']",cat
46997,5,"['frog', 'ship', 'airplane', 'automobile']",ship
46998,4,"['cat', 'automobile', 'frog', 'airplane']",automobile
46999,9,"['dog', 'frog', 'cat', 'airplane']",airplane
47000,8,"['horse', 'airplane', 'cat', 'frog']",horse
47001,1,"['bird', 'dog', 'frog', 'cat', 'airplane']",airplane
47002,9,"['dog', 'frog', 'cat', 'airplane']",airplane
47003,7,"['automobile', 'cat', 'airplane', 'frog']",cat
47004,4,"['cat', 'automobile', 'frog', 'airplane']",automobile
47005,9,"['dog', 'frog', 'cat', 'airplane']",dog
47006,6,"['automobile', 'horse', 'ship', 'airplane']",airplane
47007,9,"['dog', 'frog', 'cat', 'airplane']",airplane
47008,3,"['frog', 'ship', 'automobile', 'airplane']",ship
47009,2,"['ship', 'cat', 'automobile', 'airplane']",cat
47010,2,"['ship', 'cat', 'automobile', 'airplane']",automobile
47011,5,"['frog', 'ship', 'airplane', 'automobile']",ship
47012,5,"['frog', 'ship', 'airplane', 'automobile']",ship
47013,9,"['dog', 'frog', 'cat', 'airplane']",airplane
47014,3,"['frog', 'ship', 'automobile', 'airplane']",ship
47015,4,"['cat', 'automobile', 'frog', 'airplane']",automobile
47016,2,"['ship', 'cat', 'automobile', 'airplane']",cat
47017,0,"['horse', 'deer', 'frog', 'cat']",horse
47018,5,"['frog', 'ship', 'airplane', 'automobile']",ship
47019,8,"['horse', 'airplane', 'cat', 'frog']",horse
47020,9,"['dog', 'frog', 'cat', 'airplane']",airplane
47021,8,"['horse', 'airplane', 'cat', 'frog']",horse
47022,0,"['horse', 'deer', 'frog', 'cat']",horse
47023,8,"['horse', 'airplane', 'cat', 'frog']",horse
47024,5,"['frog', 'ship', 'airplane', 'automobile']",ship
47025,9,"['dog', 'frog', 'cat', 'airplane']",airplane
47026,1,"['bird', 'dog', 'frog', 'cat', 'airplane']",airplane
47027,7,"['automobile', 'cat', 'airplane', 'frog']",cat
47028,9,"['dog', 'frog', 'cat', 'airplane']",dog
47029,5,"['frog', 'ship', 'airplane', 'automobile']",ship
47030,1,"['bird', 'dog', 'frog', 'cat', 'airplane']",airplane
47031,9,"['dog', 'frog', 'cat', 'airplane']",airplane
47032,8,"['horse', 'airplane', 'cat', 'frog']",horse
47033,1,"['bird', 'dog', 'frog', 'cat', 'airplane']",airplane
47034,2,"['ship', 'cat', 'automobile', 'airplane']",automobile
47035,1,"['bird', 'dog', 'frog', 'cat', 'airplane']",airplane
47036,9,"['dog', 'frog', 'cat', 'airplane']",dog
47037,5,"['frog', 'ship', 'airplane', 'automobile']",ship
47038,5,"['frog', 'ship', 'airplane', 'automobile']",ship
47039,7,"['automobile', 'cat', 'airplane', 'frog']",cat
47040,1,"['bird', 'dog', 'frog', 'cat', 'airplane']",airplane
47041,7,"['automobile', 'cat', 'airplane', 'frog']",airplane
47042,0,"['horse', 'deer', 'frog', 'cat']",horse
47043,5,"['frog', 'ship', 'airplane', 'automobile']",ship
47044,3,"['frog', 'ship', 'automobile', 'airplane']",ship
47045,4,"['cat', 'automobile', 'frog', 'airplane']",automobile
47046,7,"['automobile', 'cat', 'airplane', 'frog']",cat
47047,6,"['automobile', 'horse', 'ship', 'airplane']",airplane
47048,0,"['horse', 'deer', 'frog', 'cat']",horse
47049,3,"['frog', 'ship', 'automobile', 'airplane']",ship
47050,0,"['horse', 'deer', 'frog', 'cat']",horse
47051,7,"['automobile', 'cat', 'airplane', 'frog']",cat
47052,8,"['horse', 'airplane', 'cat', 'frog']",horse
47053,4,"['cat', 'automobile', 'frog', 'airplane']",automobile
47054,5,"['frog', 'ship', 'airplane', 'automobile']",ship
47055,7,"['automobile', 'cat', 'airplane', 'frog']",airplane
47056,7,"['automobile', 'cat', 'airplane', 'frog']",cat
47057,5,"['frog', 'ship', 'airplane', 'automobile']",ship
47058,7,"['automobile', 'cat', 'airplane', 'frog']",cat
47059,5,"['frog', 'ship', 'airplane', 'automobile']",ship
47060,1,"['bird', 'dog', 'frog', 'cat', 'airplane']",airplane
47061,0,"['horse', 'deer', 'frog', 'cat']",horse
47062,3,"['frog', 'ship', 'automobile', 'airplane']",ship
47063,8,"['horse', 'airplane', 'cat', 'frog']",horse
47064,4,"['cat', 'automobile', 'frog', 'airplane']",automobile
47065,5,"['frog', 'ship', 'airplane', 'automobile']",ship
47066,9,"['dog', 'frog', 'cat', 'airplane']",airplane
47067,3,"['frog', 'ship', 'automobile', 'airplane']",ship
47068,0,"['horse', 'deer', 'frog', 'cat']",horse
47069,9,"['dog', 'frog', 'cat', 'airplane']",airplane
47070,5,"['frog', 'ship', 'airplane', 'automobile']",ship
47071,6,"['automobile', 'horse', 'ship', 'airplane']",ship
47072,4,"['cat', 'automobile', 'frog', 'airplane']",automobile
47073,9,"['dog', 'frog', 'cat', 'airplane']",dog
47074,2,"['ship', 'cat', 'automobile', 'airplane']",cat
47075,3,"['frog', 'ship', 'automobile', 'airplane']",ship
47076,9,"['dog', 'frog', 'cat', 'airplane']",airplane
47077,8,"['horse', 'airplane', 'cat', 'frog']",horse
47078,9,"['dog', 'frog', 'cat', 'airplane']",dog
47079,4,"['cat', 'automobile', 'frog', 'airplane']",automobile
47080,5,"['frog', 'ship', 'airplane', 'automobile']",ship
47081,9,"['dog', 'frog', 'cat', 'airplane']",airplane
47082,7,"['automobile', 'cat', 'airplane', 'frog']",cat
47083,9,"['dog', 'frog', 'cat', 'airplane']",dog
47084,9,"['dog', 'frog', 'cat', 'airplane']",airplane
47085,9,"['dog', 'frog', 'cat', 'airplane']",dog
47086,9,"['dog', 'frog', 'cat', 'airplane']",dog
47087,7,"['automobile', 'cat', 'airplane', 'frog']",airplane
47088,1,"['bird', 'dog', 'frog', 'cat', 'airplane']",airplane
47089,0,"['horse', 'deer', 'frog', 'cat']",horse
47090,5,"['frog', 'ship', 'airplane', 'automobile']",ship
47091,8,"['horse', 'airplane', 'cat', 'frog']",cat
47092,7,"['automobile', 'cat', 'airplane', 'frog']",cat
47093,0,"['horse', 'deer', 'frog', 'cat']",horse
47094,8,"['horse', 'airplane', 'cat', 'frog']",horse
47095,5,"['frog', 'ship', 'airplane', 'automobile']",ship
47096,6,"['automobile', 'horse', 'ship', 'airplane']",airplane
47097,8,"['horse', 'airplane', 'cat', 'frog']",horse
47098,3,"['frog', 'ship', 'automobile', 'airplane']",ship
47099,7,"['automobile', 'cat', 'airplane', 'frog']",airplane
47100,3,"['frog', 'ship', 'automobile', 'airplane']",ship
47101,9,"['dog', 'frog', 'cat', 'airplane']",airplane
47102,0,"['horse', 'deer', 'frog', 'cat']",horse
47103,5,"['frog', 'ship', 'airplane', 'automobile']",ship
47104,0,"['horse', 'deer', 'frog', 'cat']",horse
47105,0,"['horse', 'deer', 'frog', 'cat']",horse
47106,0,"['horse', 'deer', 'frog', 'cat']",horse
47107,5,"['frog', 'ship', 'airplane', 'automobile']",ship
47108,1,"['bird', 'dog', 'frog', 'cat', 'airplane']",airplane
47109,1,"['bird', 'dog', 'frog', 'cat', 'airplane']",airplane
47110,7,"['automobile', 'cat', 'airplane', 'frog']",cat
47111,5,"['frog', 'ship', 'airplane', 'automobile']",ship
47112,8,"['horse', 'airplane', 'cat', 'frog']",horse
47113,1,"['bird', 'dog', 'frog', 'cat', 'airplane']",airplane
47114,8,"['horse', 'airplane', 'cat', 'frog']",horse
47115,6,"['automobile', 'horse', 'ship', 'airplane']",airplane
47116,6,"['automobile', 'horse', 'ship', 'airplane']",airplane
47117,7,"['automobile', 'cat', 'airplane', 'frog']",cat
47118,8,"['horse', 'airplane', 'cat', 'frog']",horse
47119,8,"['horse', 'airplane', 'cat', 'frog']",horse
47120,4,"['cat', 'automobile', 'frog', 'airplane']",automobile
47121,9,"['dog', 'frog', 'cat', 'airplane']",dog
47122,2,"['ship', 'cat', 'automobile', 'airplane']",cat
47123,2,"['ship', 'cat', 'automobile', 'airplane']",cat
47124,9,"['dog', 'frog', 'cat', 'airplane']",airplane
47125,7,"['automobile', 'cat', 'airplane', 'frog']",cat
47126,4,"['cat', 'automobile', 'frog', 'airplane']",automobile
47127,2,"['ship', 'cat', 'automobile', 'airplane']",automobile
47128,9,"['dog', 'frog', 'cat', 'airplane']",airplane
47129,7,"['automobile', 'cat', 'airplane', 'frog']",cat
47130,8,"['horse', 'airplane', 'cat', 'frog']",horse
47131,3,"['frog', 'ship', 'automobile', 'airplane']",ship
47132,3,"['frog', 'ship', 'automobile', 'airplane']",ship
47133,2,"['ship', 'cat', 'automobile', 'airplane']",cat
47134,5,"['frog', 'ship', 'airplane', 'automobile']",ship
47135,6,"['automobile', 'horse', 'ship', 'airplane']",airplane
47136,1,"['bird', 'dog', 'frog', 'cat', 'airplane']",airplane
47137,7,"['automobile', 'cat', 'airplane', 'frog']",cat
47138,3,"['frog', 'ship', 'automobile', 'airplane']",ship
47139,4,"['cat', 'automobile', 'frog', 'airplane']",automobile
47140,0,"['horse', 'deer', 'frog', 'cat']",horse
47141,4,"['cat', 'automobile', 'frog', 'airplane']",automobile
47142,2,"['ship', 'cat', 'automobile', 'airplane']",cat
47143,0,"['horse', 'deer', 'frog', 'cat']",horse
47144,4,"['cat', 'automobile', 'frog', 'airplane']",automobile
47145,6,"['automobile', 'horse', 'ship', 'airplane']",airplane
47146,3,"['frog', 'ship', 'automobile', 'airplane']",ship
47147,4,"['cat', 'automobile', 'frog', 'airplane']",automobile
47148,9,"['dog', 'frog', 'cat', 'airplane']",airplane
47149,4,"['cat', 'automobile', 'frog', 'airplane']",automobile
47150,6,"['automobile', 'horse', 'ship', 'airplane']",ship
47151,1,"['bird', 'dog', 'frog', 'cat', 'airplane']",airplane
47152,2,"['ship', 'cat', 'automobile', 'airplane']",cat
47153,7,"['automobile', 'cat', 'airplane', 'frog']",cat
47154,9,"['dog', 'frog', 'cat', 'airplane']",dog
47155,4,"['cat', 'automobile', 'frog', 'airplane']",automobile
47156,9,"['dog', 'frog', 'cat', 'airplane']",dog
47157,5,"['frog', 'ship', 'airplane', 'automobile']",ship
47158,5,"['frog', 'ship', 'airplane', 'automobile']",ship
47159,9,"['dog', 'frog', 'cat', 'airplane']",airplane
47160,5,"['frog', 'ship', 'airplane', 'automobile']",ship
47161,6,"['automobile', 'horse', 'ship', 'airplane']",airplane
47162,1,"['bird', 'dog', 'frog', 'cat', 'airplane']",airplane
47163,0,"['horse', 'deer', 'frog', 'cat']",horse
47164,8,"['horse', 'airplane', 'cat', 'frog']",horse
47165,6,"['automobile', 'horse', 'ship', 'airplane']",airplane
47166,4,"['cat', 'automobile', 'frog', 'airplane']",automobile
47167,5,"['frog', 'ship', 'airplane', 'automobile']",ship
47168,1,"['bird', 'dog', 'frog', 'cat', 'airplane']",airplane
47169,7,"['automobile', 'cat', 'airplane', 'frog']",cat
47170,7,"['automobile', 'cat', 'airplane', 'frog']",cat
47171,2,"['ship', 'cat', 'automobile', 'airplane']",cat
47172,2,"['ship', 'cat', 'automobile', 'airplane']",cat
47173,5,"['frog', 'ship', 'airplane', 'automobile']",ship
47174,9,"['dog', 'frog', 'cat', 'airplane']",airplane
47175,9,"['dog', 'frog', 'cat', 'airplane']",dog
47176,0,"['horse', 'deer', 'frog', 'cat']",horse
47177,9,"['dog', 'frog', 'cat', 'airplane']",airplane
47178,1,"['bird', 'dog', 'frog', 'cat', 'airplane']",airplane
47179,8,"['horse', 'airplane', 'cat', 'frog']",horse
47180,2,"['ship', 'cat', 'automobile', 'airplane']",cat
47181,8,"['horse', 'airplane', 'cat', 'frog']",horse
47182,1,"['bird', 'dog', 'frog', 'cat', 'airplane']",airplane
47183,5,"['frog', 'ship', 'airplane', 'automobile']",ship
47184,7,"['automobile', 'cat', 'airplane', 'frog']",airplane
47185,7,"['automobile', 'cat', 'airplane', 'frog']",airplane
47186,8,"['horse', 'airplane', 'cat', 'frog']",horse
47187,9,"['dog', 'frog', 'cat', 'airplane']",airplane
47188,4,"['cat', 'automobile', 'frog', 'airplane']",automobile
47189,7,"['automobile', 'cat', 'airplane', 'frog']",cat
47190,1,"['bird', 'dog', 'frog', 'cat', 'airplane']",airplane
47191,6,"['automobile', 'horse', 'ship', 'airplane']",airplane
47192,5,"['frog', 'ship', 'airplane', 'automobile']",ship
47193,8,"['horse', 'airplane', 'cat', 'frog']",airplane
47194,2,"['ship', 'cat', 'automobile', 'airplane']",cat
47195,2,"['ship', 'cat', 'automobile', 'airplane']",cat
47196,3,"['frog', 'ship', 'automobile', 'airplane']",ship
47197,7,"['automobile', 'cat', 'airplane', 'frog']",airplane
47198,3,"['frog', 'ship', 'automobile', 'airplane']",ship
47199,2,"['ship', 'cat', 'automobile', 'airplane']",cat
47200,2,"['ship', 'cat', 'automobile', 'airplane']",cat
47201,0,"['horse', 'deer', 'frog', 'cat']",horse
47202,8,"['horse', 'airplane', 'cat', 'frog']",horse
47203,5,"['frog', 'ship', 'airplane', 'automobile']",ship
47204,3,"['frog', 'ship', 'automobile', 'airplane']",ship
47205,4,"['cat', 'automobile', 'frog', 'airplane']",automobile
47206,8,"['horse', 'airplane', 'cat', 'frog']",horse
47207,0,"['horse', 'deer', 'frog', 'cat']",horse
47208,1,"['bird', 'dog', 'frog', 'cat', 'airplane']",airplane
47209,5,"['frog', 'ship', 'airplane', 'automobile']",ship
47210,3,"['frog', 'ship', 'automobile', 'airplane']",ship
47211,5,"['frog', 'ship', 'airplane', 'automobile']",ship
47212,8,"['horse', 'airplane', 'cat', 'frog']",horse
47213,1,"['bird', 'dog', 'frog', 'cat', 'airplane']",airplane
47214,8,"['horse', 'airplane', 'cat', 'frog']",horse
47215,0,"['horse', 'deer', 'frog', 'cat']",horse
47216,4,"['cat', 'automobile', 'frog', 'airplane']",automobile
47217,3,"['frog', 'ship', 'automobile', 'airplane']",ship
47218,5,"['frog', 'ship', 'airplane', 'automobile']",ship
47219,3,"['frog', 'ship', 'automobile', 'airplane']",ship
47220,0,"['horse', 'deer', 'frog', 'cat']",horse
47221,5,"['frog', 'ship', 'airplane', 'automobile']",ship
47222,6,"['automobile', 'horse', 'ship', 'airplane']",airplane
47223,5,"['frog', 'ship', 'airplane', 'automobile']",ship
47224,2,"['ship', 'cat', 'automobile', 'airplane']",cat
47225,5,"['frog', 'ship', 'airplane', 'automobile']",ship
47226,1,"['bird', 'dog', 'frog', 'cat', 'airplane']",airplane
47227,0,"['horse', 'deer', 'frog', 'cat']",horse
47228,4,"['cat', 'automobile', 'frog', 'airplane']",automobile
47229,5,"['frog', 'ship', 'airplane', 'automobile']",ship
47230,5,"['frog', 'ship', 'airplane', 'automobile']",ship
47231,4,"['cat', 'automobile', 'frog', 'airplane']",automobile
47232,4,"['cat', 'automobile', 'frog', 'airplane']",airplane
47233,7,"['automobile', 'cat', 'airplane', 'frog']",cat
47234,3,"['frog', 'ship', 'automobile', 'airplane']",ship
47235,5,"['frog', 'ship', 'airplane', 'automobile']",ship
47236,8,"['horse', 'airplane', 'cat', 'frog']",horse
47237,1,"['bird', 'dog', 'frog', 'cat', 'airplane']",airplane
47238,9,"['dog', 'frog', 'cat', 'airplane']",airplane
47239,4,"['cat', 'automobile', 'frog', 'airplane']",automobile
47240,6,"['automobile', 'horse', 'ship', 'airplane']",airplane
47241,7,"['automobile', 'cat', 'airplane', 'frog']",airplane
47242,0,"['horse', 'deer', 'frog', 'cat']",horse
47243,0,"['horse', 'deer', 'frog', 'cat']",horse
47244,4,"['cat', 'automobile', 'frog', 'airplane']",automobile
47245,8,"['horse', 'airplane', 'cat', 'frog']",horse
47246,7,"['automobile', 'cat', 'airplane', 'frog']",cat
47247,9,"['dog', 'frog', 'cat', 'airplane']",airplane
47248,2,"['ship', 'cat', 'automobile', 'airplane']",automobile
47249,7,"['automobile', 'cat', 'airplane', 'frog']",cat
47250,3,"['frog', 'ship', 'automobile', 'airplane']",ship
47251,8,"['horse', 'airplane', 'cat', 'frog']",horse
47252,2,"['ship', 'cat', 'automobile', 'airplane']",cat
47253,0,"['horse', 'deer', 'frog', 'cat']",horse
47254,1,"['bird', 'dog', 'frog', 'cat', 'airplane']",airplane
47255,2,"['ship', 'cat', 'automobile', 'airplane']",cat
47256,1,"['bird', 'dog', 'frog', 'cat', 'airplane']",airplane
47257,4,"['cat', 'automobile', 'frog', 'airplane']",automobile
47258,5,"['frog', 'ship', 'airplane', 'automobile']",ship
47259,8,"['horse', 'airplane', 'cat', 'frog']",horse
47260,2,"['ship', 'cat', 'automobile', 'airplane']",cat
47261,5,"['frog', 'ship', 'airplane', 'automobile']",ship
47262,9,"['dog', 'frog', 'cat', 'airplane']",airplane
47263,7,"['automobile', 'cat', 'airplane', 'frog']",cat
47264,1,"['bird', 'dog', 'frog', 'cat', 'airplane']",airplane
47265,8,"['horse', 'airplane', 'cat', 'frog']",horse
47266,1,"['bird', 'dog', 'frog', 'cat', 'airplane']",airplane
47267,0,"['horse', 'deer', 'frog', 'cat']",horse
47268,5,"['frog', 'ship', 'airplane', 'automobile']",ship
47269,9,"['dog', 'frog', 'cat', 'airplane']",airplane
47270,7,"['automobile', 'cat', 'airplane', 'frog']",airplane
47271,0,"['horse', 'deer', 'frog', 'cat']",horse
47272,7,"['automobile', 'cat', 'airplane', 'frog']",cat
47273,2,"['ship', 'cat', 'automobile', 'airplane']",automobile
47274,0,"['horse', 'deer', 'frog', 'cat']",horse
47275,7,"['automobile', 'cat', 'airplane', 'frog']",airplane
47276,6,"['automobile', 'horse', 'ship', 'airplane']",airplane
47277,1,"['bird', 'dog', 'frog', 'cat', 'airplane']",airplane
47278,9,"['dog', 'frog', 'cat', 'airplane']",dog
47279,1,"['bird', 'dog', 'frog', 'cat', 'airplane']",airplane
47280,1,"['bird', 'dog', 'frog', 'cat', 'airplane']",airplane
47281,2,"['ship', 'cat', 'automobile', 'airplane']",cat
47282,2,"['ship', 'cat', 'automobile', 'airplane']",cat
47283,6,"['automobile', 'horse', 'ship', 'airplane']",airplane
47284,3,"['frog', 'ship', 'automobile', 'airplane']",ship
47285,7,"['automobile', 'cat', 'airplane', 'frog']",airplane
47286,7,"['automobile', 'cat', 'airplane', 'frog']",cat
47287,4,"['cat', 'automobile', 'frog', 'airplane']",automobile
47288,1,"['bird', 'dog', 'frog', 'cat', 'airplane']",airplane
47289,5,"['frog', 'ship', 'airplane', 'automobile']",ship
47290,1,"['bird', 'dog', 'frog', 'cat', 'airplane']",airplane
47291,8,"['horse', 'airplane', 'cat', 'frog']",horse
47292,3,"['frog', 'ship', 'automobile', 'airplane']",ship
47293,4,"['cat', 'automobile', 'frog', 'airplane']",automobile
47294,2,"['ship', 'cat', 'automobile', 'airplane']",cat
47295,4,"['cat', 'automobile', 'frog', 'airplane']",automobile
47296,9,"['dog', 'frog', 'cat', 'airplane']",airplane
47297,6,"['automobile', 'horse', 'ship', 'airplane']",airplane
47298,0,"['horse', 'deer', 'frog', 'cat']",horse
47299,9,"['dog', 'frog', 'cat', 'airplane']",dog
47300,4,"['cat', 'automobile', 'frog', 'airplane']",automobile
47301,7,"['automobile', 'cat', 'airplane', 'frog']",cat
47302,6,"['automobile', 'horse', 'ship', 'airplane']",airplane
47303,9,"['dog', 'frog', 'cat', 'airplane']",airplane
47304,2,"['ship', 'cat', 'automobile', 'airplane']",cat
47305,4,"['cat', 'automobile', 'frog', 'airplane']",automobile
47306,3,"['frog', 'ship', 'automobile', 'airplane']",ship
47307,9,"['dog', 'frog', 'cat', 'airplane']",airplane
47308,7,"['automobile', 'cat', 'airplane', 'frog']",cat
47309,2,"['ship', 'cat', 'automobile', 'airplane']",cat
47310,1,"['bird', 'dog', 'frog', 'cat', 'airplane']",airplane
47311,4,"['cat', 'automobile', 'frog', 'airplane']",automobile
47312,4,"['cat', 'automobile', 'frog', 'airplane']",automobile
47313,3,"['frog', 'ship', 'automobile', 'airplane']",ship
47314,1,"['bird', 'dog', 'frog', 'cat', 'airplane']",airplane
47315,9,"['dog', 'frog', 'cat', 'airplane']",airplane
47316,2,"['ship', 'cat', 'automobile', 'airplane']",cat
47317,0,"['horse', 'deer', 'frog', 'cat']",horse
47318,4,"['cat', 'automobile', 'frog', 'airplane']",automobile
47319,7,"['automobile', 'cat', 'airplane', 'frog']",cat
47320,0,"['horse', 'deer', 'frog', 'cat']",horse
47321,7,"['automobile', 'cat', 'airplane', 'frog']",cat
47322,3,"['frog', 'ship', 'automobile', 'airplane']",ship
47323,7,"['automobile', 'cat', 'airplane', 'frog']",cat
47324,0,"['horse', 'deer', 'frog', 'cat']",horse
47325,7,"['automobile', 'cat', 'airplane', 'frog']",airplane
47326,0,"['horse', 'deer', 'frog', 'cat']",horse
47327,3,"['frog', 'ship', 'automobile', 'airplane']",ship
47328,0,"['horse', 'deer', 'frog', 'cat']",horse
47329,0,"['horse', 'deer', 'frog', 'cat']",horse
47330,3,"['frog', 'ship', 'automobile', 'airplane']",ship
47331,6,"['automobile', 'horse', 'ship', 'airplane']",airplane
47332,0,"['horse', 'deer', 'frog', 'cat']",horse
47333,5,"['frog', 'ship', 'airplane', 'automobile']",ship
47334,5,"['frog', 'ship', 'airplane', 'automobile']",ship
47335,2,"['ship', 'cat', 'automobile', 'airplane']",automobile
47336,0,"['horse', 'deer', 'frog', 'cat']",horse
47337,0,"['horse', 'deer', 'frog', 'cat']",horse
47338,9,"['dog', 'frog', 'cat', 'airplane']",airplane
47339,0,"['horse', 'deer', 'frog', 'cat']",horse
47340,9,"['dog', 'frog', 'cat', 'airplane']",dog
47341,8,"['horse', 'airplane', 'cat', 'frog']",horse
47342,8,"['horse', 'airplane', 'cat', 'frog']",horse
47343,9,"['dog', 'frog', 'cat', 'airplane']",airplane
47344,4,"['cat', 'automobile', 'frog', 'airplane']",automobile
47345,4,"['cat', 'automobile', 'frog', 'airplane']",automobile
47346,7,"['automobile', 'cat', 'airplane', 'frog']",frog
47347,6,"['automobile', 'horse', 'ship', 'airplane']",airplane
47348,4,"['cat', 'automobile', 'frog', 'airplane']",airplane
47349,1,"['bird', 'dog', 'frog', 'cat', 'airplane']",bird
47350,8,"['horse', 'airplane', 'cat', 'frog']",horse
47351,5,"['frog', 'ship', 'airplane', 'automobile']",ship
47352,6,"['automobile', 'horse', 'ship', 'airplane']",airplane
47353,2,"['ship', 'cat', 'automobile', 'airplane']",automobile
47354,6,"['automobile', 'horse', 'ship', 'airplane']",ship
47355,0,"['horse', 'deer', 'frog', 'cat']",horse
47356,7,"['automobile', 'cat', 'airplane', 'frog']",cat
47357,5,"['frog', 'ship', 'airplane', 'automobile']",ship
47358,5,"['frog', 'ship', 'airplane', 'automobile']",ship
47359,5,"['frog', 'ship', 'airplane', 'automobile']",ship
47360,2,"['ship', 'cat', 'automobile', 'airplane']",cat
47361,6,"['automobile', 'horse', 'ship', 'airplane']",airplane
47362,1,"['bird', 'dog', 'frog', 'cat', 'airplane']",airplane
47363,9,"['dog', 'frog', 'cat', 'airplane']",dog
47364,1,"['bird', 'dog', 'frog', 'cat', 'airplane']",airplane
47365,1,"['bird', 'dog', 'frog', 'cat', 'airplane']",airplane
47366,7,"['automobile', 'cat', 'airplane', 'frog']",cat
47367,9,"['dog', 'frog', 'cat', 'airplane']",dog
47368,2,"['ship', 'cat', 'automobile', 'airplane']",cat
47369,6,"['automobile', 'horse', 'ship', 'airplane']",airplane
47370,1,"['bird', 'dog', 'frog', 'cat', 'airplane']",airplane
47371,2,"['ship', 'cat', 'automobile', 'airplane']",automobile
47372,7,"['automobile', 'cat', 'airplane', 'frog']",cat
47373,8,"['horse', 'airplane', 'cat', 'frog']",horse
47374,4,"['cat', 'automobile', 'frog', 'airplane']",airplane
47375,0,"['horse', 'deer', 'frog', 'cat']",horse
47376,8,"['horse', 'airplane', 'cat', 'frog']",horse
47377,1,"['bird', 'dog', 'frog', 'cat', 'airplane']",airplane
47378,8,"['horse', 'airplane', 'cat', 'frog']",horse
47379,0,"['horse', 'deer', 'frog', 'cat']",horse
47380,8,"['horse', 'airplane', 'cat', 'frog']",horse
47381,0,"['horse', 'deer', 'frog', 'cat']",horse
47382,7,"['automobile', 'cat', 'airplane', 'frog']",cat
47383,7,"['automobile', 'cat', 'airplane', 'frog']",cat
47384,4,"['cat', 'automobile', 'frog', 'airplane']",automobile
47385,4,"['cat', 'automobile', 'frog', 'airplane']",automobile
47386,5,"['frog', 'ship', 'airplane', 'automobile']",ship
47387,7,"['automobile', 'cat', 'airplane', 'frog']",frog
47388,5,"['frog', 'ship', 'airplane', 'automobile']",ship
47389,8,"['horse', 'airplane', 'cat', 'frog']",horse
47390,1,"['bird', 'dog', 'frog', 'cat', 'airplane']",airplane
47391,8,"['horse', 'airplane', 'cat', 'frog']",horse
47392,2,"['ship', 'cat', 'automobile', 'airplane']",cat
47393,8,"['horse', 'airplane', 'cat', 'frog']",horse
47394,3,"['frog', 'ship', 'automobile', 'airplane']",ship
47395,8,"['horse', 'airplane', 'cat', 'frog']",horse
47396,6,"['automobile', 'horse', 'ship', 'airplane']",airplane
47397,2,"['ship', 'cat', 'automobile', 'airplane']",cat
47398,0,"['horse', 'deer', 'frog', 'cat']",horse
47399,4,"['cat', 'automobile', 'frog', 'airplane']",automobile
47400,8,"['horse', 'airplane', 'cat', 'frog']",horse
47401,0,"['horse', 'deer', 'frog', 'cat']",horse
47402,0,"['horse', 'deer', 'frog', 'cat']",horse
47403,4,"['cat', 'automobile', 'frog', 'airplane']",automobile
47404,0,"['horse', 'deer', 'frog', 'cat']",horse
47405,9,"['dog', 'frog', 'cat', 'airplane']",airplane
47406,7,"['automobile', 'cat', 'airplane', 'frog']",airplane
47407,6,"['automobile', 'horse', 'ship', 'airplane']",ship
47408,4,"['cat', 'automobile', 'frog', 'airplane']",automobile
47409,8,"['horse', 'airplane', 'cat', 'frog']",horse
47410,3,"['frog', 'ship', 'automobile', 'airplane']",ship
47411,2,"['ship', 'cat', 'automobile', 'airplane']",cat
47412,9,"['dog', 'frog', 'cat', 'airplane']",airplane
47413,3,"['frog', 'ship', 'automobile', 'airplane']",ship
47414,8,"['horse', 'airplane', 'cat', 'frog']",horse
47415,4,"['cat', 'automobile', 'frog', 'airplane']",automobile
47416,5,"['frog', 'ship', 'airplane', 'automobile']",ship
47417,7,"['automobile', 'cat', 'airplane', 'frog']",automobile
47418,0,"['horse', 'deer', 'frog', 'cat']",horse
47419,9,"['dog', 'frog', 'cat', 'airplane']",airplane
47420,9,"['dog', 'frog', 'cat', 'airplane']",airplane
47421,0,"['horse', 'deer', 'frog', 'cat']",horse
47422,7,"['automobile', 'cat', 'airplane', 'frog']",cat
47423,1,"['bird', 'dog', 'frog', 'cat', 'airplane']",airplane
47424,5,"['frog', 'ship', 'airplane', 'automobile']",ship
47425,4,"['cat', 'automobile', 'frog', 'airplane']",automobile
47426,9,"['dog', 'frog', 'cat', 'airplane']",airplane
47427,9,"['dog', 'frog', 'cat', 'airplane']",airplane
47428,0,"['horse', 'deer', 'frog', 'cat']",horse
47429,9,"['dog', 'frog', 'cat', 'airplane']",dog
47430,8,"['horse', 'airplane', 'cat', 'frog']",horse
47431,0,"['horse', 'deer', 'frog', 'cat']",horse
47432,2,"['ship', 'cat', 'automobile', 'airplane']",automobile
47433,0,"['horse', 'deer', 'frog', 'cat']",horse
47434,6,"['automobile', 'horse', 'ship', 'airplane']",airplane
47435,9,"['dog', 'frog', 'cat', 'airplane']",dog
47436,4,"['cat', 'automobile', 'frog', 'airplane']",automobile
47437,9,"['dog', 'frog', 'cat', 'airplane']",dog
47438,7,"['automobile', 'cat', 'airplane', 'frog']",cat
47439,3,"['frog', 'ship', 'automobile', 'airplane']",ship
47440,5,"['frog', 'ship', 'airplane', 'automobile']",ship
47441,4,"['cat', 'automobile', 'frog', 'airplane']",automobile
47442,4,"['cat', 'automobile', 'frog', 'airplane']",automobile
47443,6,"['automobile', 'horse', 'ship', 'airplane']",airplane
47444,0,"['horse', 'deer', 'frog', 'cat']",horse
47445,8,"['horse', 'airplane', 'cat', 'frog']",horse
47446,0,"['horse', 'deer', 'frog', 'cat']",horse
47447,5,"['frog', 'ship', 'airplane', 'automobile']",frog
47448,9,"['dog', 'frog', 'cat', 'airplane']",airplane
47449,2,"['ship', 'cat', 'automobile', 'airplane']",cat
47450,2,"['ship', 'cat', 'automobile', 'airplane']",cat
47451,6,"['automobile', 'horse', 'ship', 'airplane']",ship
47452,2,"['ship', 'cat', 'automobile', 'airplane']",cat
47453,1,"['bird', 'dog', 'frog', 'cat', 'airplane']",airplane
47454,6,"['automobile', 'horse', 'ship', 'airplane']",airplane
47455,7,"['automobile', 'cat', 'airplane', 'frog']",frog
47456,0,"['horse', 'deer', 'frog', 'cat']",horse
47457,1,"['bird', 'dog', 'frog', 'cat', 'airplane']",airplane
47458,0,"['horse', 'deer', 'frog', 'cat']",horse
47459,7,"['automobile', 'cat', 'airplane', 'frog']",cat
47460,7,"['automobile', 'cat', 'airplane', 'frog']",cat
47461,9,"['dog', 'frog', 'cat', 'airplane']",airplane
47462,3,"['frog', 'ship', 'automobile', 'airplane']",ship
47463,5,"['frog', 'ship', 'airplane', 'automobile']",ship
47464,6,"['automobile', 'horse', 'ship', 'airplane']",airplane
47465,6,"['automobile', 'horse', 'ship', 'airplane']",airplane
47466,7,"['automobile', 'cat', 'airplane', 'frog']",cat
47467,3,"['frog', 'ship', 'automobile', 'airplane']",ship
47468,0,"['horse', 'deer', 'frog', 'cat']",horse
47469,9,"['dog', 'frog', 'cat', 'airplane']",airplane
47470,1,"['bird', 'dog', 'frog', 'cat', 'airplane']",airplane
47471,6,"['automobile', 'horse', 'ship', 'airplane']",horse
47472,6,"['automobile', 'horse', 'ship', 'airplane']",airplane
47473,0,"['horse', 'deer', 'frog', 'cat']",horse
47474,6,"['automobile', 'horse', 'ship', 'airplane']",airplane
47475,3,"['frog', 'ship', 'automobile', 'airplane']",ship
47476,8,"['horse', 'airplane', 'cat', 'frog']",horse
47477,5,"['frog', 'ship', 'airplane', 'automobile']",ship
47478,3,"['frog', 'ship', 'automobile', 'airplane']",ship
47479,6,"['automobile', 'horse', 'ship', 'airplane']",airplane
47480,5,"['frog', 'ship', 'airplane', 'automobile']",ship
47481,2,"['ship', 'cat', 'automobile', 'airplane']",automobile
47482,4,"['cat', 'automobile', 'frog', 'airplane']",automobile
47483,0,"['horse', 'deer', 'frog', 'cat']",horse
47484,6,"['automobile', 'horse', 'ship', 'airplane']",ship
47485,5,"['frog', 'ship', 'airplane', 'automobile']",ship
47486,0,"['horse', 'deer', 'frog', 'cat']",frog
47487,4,"['cat', 'automobile', 'frog', 'airplane']",automobile
47488,4,"['cat', 'automobile', 'frog', 'airplane']",automobile
47489,5,"['frog', 'ship', 'airplane', 'automobile']",ship
47490,3,"['frog', 'ship', 'automobile', 'airplane']",ship
47491,2,"['ship', 'cat', 'automobile', 'airplane']",automobile
47492,2,"['ship', 'cat', 'automobile', 'airplane']",cat
47493,5,"['frog', 'ship', 'airplane', 'automobile']",ship
47494,3,"['frog', 'ship', 'automobile', 'airplane']",ship
47495,1,"['bird', 'dog', 'frog', 'cat', 'airplane']",airplane
47496,5,"['frog', 'ship', 'airplane', 'automobile']",ship
47497,6,"['automobile', 'horse', 'ship', 'airplane']",airplane
47498,2,"['ship', 'cat', 'automobile', 'airplane']",cat
47499,6,"['automobile', 'horse', 'ship', 'airplane']",airplane
47500,2,"['ship', 'cat', 'automobile', 'airplane']",automobile
47501,9,"['dog', 'frog', 'cat', 'airplane']",airplane
47502,3,"['frog', 'ship', 'automobile', 'airplane']",ship
47503,4,"['cat', 'automobile', 'frog', 'airplane']",automobile
47504,9,"['dog', 'frog', 'cat', 'airplane']",airplane
47505,5,"['frog', 'ship', 'airplane', 'automobile']",ship
47506,8,"['horse', 'airplane', 'cat', 'frog']",horse
47507,5,"['frog', 'ship', 'airplane', 'automobile']",ship
47508,2,"['ship', 'cat', 'automobile', 'airplane']",cat
47509,5,"['frog', 'ship', 'airplane', 'automobile']",ship
47510,4,"['cat', 'automobile', 'frog', 'airplane']",automobile
47511,9,"['dog', 'frog', 'cat', 'airplane']",airplane
47512,9,"['dog', 'frog', 'cat', 'airplane']",airplane
47513,6,"['automobile', 'horse', 'ship', 'airplane']",ship
47514,7,"['automobile', 'cat', 'airplane', 'frog']",cat
47515,9,"['dog', 'frog', 'cat', 'airplane']",airplane
47516,7,"['automobile', 'cat', 'airplane', 'frog']",cat
47517,4,"['cat', 'automobile', 'frog', 'airplane']",automobile
47518,3,"['frog', 'ship', 'automobile', 'airplane']",ship
47519,1,"['bird', 'dog', 'frog', 'cat', 'airplane']",airplane
47520,0,"['horse', 'deer', 'frog', 'cat']",horse
47521,9,"['dog', 'frog', 'cat', 'airplane']",airplane
47522,7,"['automobile', 'cat', 'airplane', 'frog']",cat
47523,3,"['frog', 'ship', 'automobile', 'airplane']",ship
47524,5,"['frog', 'ship', 'airplane', 'automobile']",ship
47525,0,"['horse', 'deer', 'frog', 'cat']",horse
47526,3,"['frog', 'ship', 'automobile', 'airplane']",frog
47527,8,"['horse', 'airplane', 'cat', 'frog']",horse
47528,5,"['frog', 'ship', 'airplane', 'automobile']",ship
47529,1,"['bird', 'dog', 'frog', 'cat', 'airplane']",airplane
47530,4,"['cat', 'automobile', 'frog', 'airplane']",automobile
47531,8,"['horse', 'airplane', 'cat', 'frog']",horse
47532,1,"['bird', 'dog', 'frog', 'cat', 'airplane']",airplane
47533,2,"['ship', 'cat', 'automobile', 'airplane']",automobile
47534,4,"['cat', 'automobile', 'frog', 'airplane']",airplane
47535,1,"['bird', 'dog', 'frog', 'cat', 'airplane']",airplane
47536,6,"['automobile', 'horse', 'ship', 'airplane']",airplane
47537,9,"['dog', 'frog', 'cat', 'airplane']",dog
47538,4,"['cat', 'automobile', 'frog', 'airplane']",automobile
47539,3,"['frog', 'ship', 'automobile', 'airplane']",ship
47540,1,"['bird', 'dog', 'frog', 'cat', 'airplane']",airplane
47541,3,"['frog', 'ship', 'automobile', 'airplane']",ship
47542,1,"['bird', 'dog', 'frog', 'cat', 'airplane']",airplane
47543,8,"['horse', 'airplane', 'cat', 'frog']",horse
47544,5,"['frog', 'ship', 'airplane', 'automobile']",ship
47545,6,"['automobile', 'horse', 'ship', 'airplane']",airplane
47546,6,"['automobile', 'horse', 'ship', 'airplane']",airplane
47547,3,"['frog', 'ship', 'automobile', 'airplane']",ship
47548,2,"['ship', 'cat', 'automobile', 'airplane']",ship
47549,1,"['bird', 'dog', 'frog', 'cat', 'airplane']",airplane
47550,0,"['horse', 'deer', 'frog', 'cat']",horse
47551,7,"['automobile', 'cat', 'airplane', 'frog']",airplane
47552,6,"['automobile', 'horse', 'ship', 'airplane']",airplane
47553,3,"['frog', 'ship', 'automobile', 'airplane']",ship
47554,3,"['frog', 'ship', 'automobile', 'airplane']",ship
47555,5,"['frog', 'ship', 'airplane', 'automobile']",ship
47556,7,"['automobile', 'cat', 'airplane', 'frog']",cat
47557,0,"['horse', 'deer', 'frog', 'cat']",horse
47558,7,"['automobile', 'cat', 'airplane', 'frog']",cat
47559,7,"['automobile', 'cat', 'airplane', 'frog']",cat
47560,0,"['horse', 'deer', 'frog', 'cat']",horse
47561,8,"['horse', 'airplane', 'cat', 'frog']",horse
47562,8,"['horse', 'airplane', 'cat', 'frog']",horse
47563,2,"['ship', 'cat', 'automobile', 'airplane']",cat
47564,1,"['bird', 'dog', 'frog', 'cat', 'airplane']",airplane
47565,2,"['ship', 'cat', 'automobile', 'airplane']",cat
47566,1,"['bird', 'dog', 'frog', 'cat', 'airplane']",airplane
47567,6,"['automobile', 'horse', 'ship', 'airplane']",ship
47568,1,"['bird', 'dog', 'frog', 'cat', 'airplane']",airplane
47569,9,"['dog', 'frog', 'cat', 'airplane']",airplane
47570,4,"['cat', 'automobile', 'frog', 'airplane']",automobile
47571,4,"['cat', 'automobile', 'frog', 'airplane']",automobile
47572,7,"['automobile', 'cat', 'airplane', 'frog']",cat
47573,4,"['cat', 'automobile', 'frog', 'airplane']",automobile
47574,9,"['dog', 'frog', 'cat', 'airplane']",dog
47575,7,"['automobile', 'cat', 'airplane', 'frog']",airplane
47576,4,"['cat', 'automobile', 'frog', 'airplane']",automobile
47577,9,"['dog', 'frog', 'cat', 'airplane']",dog
47578,6,"['automobile', 'horse', 'ship', 'airplane']",airplane
47579,0,"['horse', 'deer', 'frog', 'cat']",horse
47580,6,"['automobile', 'horse', 'ship', 'airplane']",airplane
47581,0,"['horse', 'deer', 'frog', 'cat']",horse
47582,1,"['bird', 'dog', 'frog', 'cat', 'airplane']",airplane
47583,9,"['dog', 'frog', 'cat', 'airplane']",dog
47584,2,"['ship', 'cat', 'automobile', 'airplane']",automobile
47585,0,"['horse', 'deer', 'frog', 'cat']",horse
47586,3,"['frog', 'ship', 'automobile', 'airplane']",ship
47587,2,"['ship', 'cat', 'automobile', 'airplane']",cat
47588,1,"['bird', 'dog', 'frog', 'cat', 'airplane']",airplane
47589,2,"['ship', 'cat', 'automobile', 'airplane']",cat
47590,7,"['automobile', 'cat', 'airplane', 'frog']",airplane
47591,4,"['cat', 'automobile', 'frog', 'airplane']",automobile
47592,9,"['dog', 'frog', 'cat', 'airplane']",airplane
47593,2,"['ship', 'cat', 'automobile', 'airplane']",cat
47594,2,"['ship', 'cat', 'automobile', 'airplane']",ship
47595,6,"['automobile', 'horse', 'ship', 'airplane']",airplane
47596,8,"['horse', 'airplane', 'cat', 'frog']",horse
47597,8,"['horse', 'airplane', 'cat', 'frog']",horse
47598,7,"['automobile', 'cat', 'airplane', 'frog']",cat
47599,0,"['horse', 'deer', 'frog', 'cat']",horse
47600,6,"['automobile', 'horse', 'ship', 'airplane']",airplane
47601,2,"['ship', 'cat', 'automobile', 'airplane']",cat
47602,5,"['frog', 'ship', 'airplane', 'automobile']",ship
47603,3,"['frog', 'ship', 'automobile', 'airplane']",ship
47604,7,"['automobile', 'cat', 'airplane', 'frog']",cat
47605,4,"['cat', 'automobile', 'frog', 'airplane']",automobile
47606,1,"['bird', 'dog', 'frog', 'cat', 'airplane']",airplane
47607,7,"['automobile', 'cat', 'airplane', 'frog']",cat
47608,8,"['horse', 'airplane', 'cat', 'frog']",horse
47609,8,"['horse', 'airplane', 'cat', 'frog']",horse
47610,8,"['horse', 'airplane', 'cat', 'frog']",horse
47611,4,"['cat', 'automobile', 'frog', 'airplane']",automobile
47612,8,"['horse', 'airplane', 'cat', 'frog']",horse
47613,4,"['cat', 'automobile', 'frog', 'airplane']",automobile
47614,9,"['dog', 'frog', 'cat', 'airplane']",airplane
47615,8,"['horse', 'airplane', 'cat', 'frog']",horse
47616,1,"['bird', 'dog', 'frog', 'cat', 'airplane']",airplane
47617,0,"['horse', 'deer', 'frog', 'cat']",horse
47618,1,"['bird', 'dog', 'frog', 'cat', 'airplane']",airplane
47619,9,"['dog', 'frog', 'cat', 'airplane']",dog
47620,5,"['frog', 'ship', 'airplane', 'automobile']",ship
47621,5,"['frog', 'ship', 'airplane', 'automobile']",ship
47622,4,"['cat', 'automobile', 'frog', 'airplane']",automobile
47623,4,"['cat', 'automobile', 'frog', 'airplane']",automobile
47624,6,"['automobile', 'horse', 'ship', 'airplane']",airplane
47625,5,"['frog', 'ship', 'airplane', 'automobile']",ship
47626,4,"['cat', 'automobile', 'frog', 'airplane']",automobile
47627,6,"['automobile', 'horse', 'ship', 'airplane']",airplane
47628,8,"['horse', 'airplane', 'cat', 'frog']",horse
47629,5,"['frog', 'ship', 'airplane', 'automobile']",ship
47630,4,"['cat', 'automobile', 'frog', 'airplane']",automobile
47631,2,"['ship', 'cat', 'automobile', 'airplane']",automobile
47632,2,"['ship', 'cat', 'automobile', 'airplane']",ship
47633,1,"['bird', 'dog', 'frog', 'cat', 'airplane']",airplane
47634,6,"['automobile', 'horse', 'ship', 'airplane']",ship
47635,8,"['horse', 'airplane', 'cat', 'frog']",cat
47636,9,"['dog', 'frog', 'cat', 'airplane']",airplane
47637,9,"['dog', 'frog', 'cat', 'airplane']",airplane
47638,7,"['automobile', 'cat', 'airplane', 'frog']",airplane
47639,1,"['bird', 'dog', 'frog', 'cat', 'airplane']",airplane
47640,6,"['automobile', 'horse', 'ship', 'airplane']",airplane
47641,9,"['dog', 'frog', 'cat', 'airplane']",airplane
47642,1,"['bird', 'dog', 'frog', 'cat', 'airplane']",airplane
47643,3,"['frog', 'ship', 'automobile', 'airplane']",frog
47644,4,"['cat', 'automobile', 'frog', 'airplane']",automobile
47645,0,"['horse', 'deer', 'frog', 'cat']",horse
47646,8,"['horse', 'airplane', 'cat', 'frog']",horse
47647,5,"['frog', 'ship', 'airplane', 'automobile']",ship
47648,9,"['dog', 'frog', 'cat', 'airplane']",dog
47649,6,"['automobile', 'horse', 'ship', 'airplane']",airplane
47650,6,"['automobile', 'horse', 'ship', 'airplane']",airplane
47651,0,"['horse', 'deer', 'frog', 'cat']",horse
47652,8,"['horse', 'airplane', 'cat', 'frog']",horse
47653,6,"['automobile', 'horse', 'ship', 'airplane']",airplane
47654,3,"['frog', 'ship', 'automobile', 'airplane']",ship
47655,8,"['horse', 'airplane', 'cat', 'frog']",horse
47656,9,"['dog', 'frog', 'cat', 'airplane']",airplane
47657,7,"['automobile', 'cat', 'airplane', 'frog']",airplane
47658,8,"['horse', 'airplane', 'cat', 'frog']",horse
47659,5,"['frog', 'ship', 'airplane', 'automobile']",ship
47660,9,"['dog', 'frog', 'cat', 'airplane']",dog
47661,5,"['frog', 'ship', 'airplane', 'automobile']",ship
47662,5,"['frog', 'ship', 'airplane', 'automobile']",ship
47663,9,"['dog', 'frog', 'cat', 'airplane']",airplane
47664,4,"['cat', 'automobile', 'frog', 'airplane']",automobile
47665,7,"['automobile', 'cat', 'airplane', 'frog']",airplane
47666,3,"['frog', 'ship', 'automobile', 'airplane']",ship
47667,3,"['frog', 'ship', 'automobile', 'airplane']",ship
47668,2,"['ship', 'cat', 'automobile', 'airplane']",cat
47669,8,"['horse', 'airplane', 'cat', 'frog']",horse
47670,1,"['bird', 'dog', 'frog', 'cat', 'airplane']",airplane
47671,6,"['automobile', 'horse', 'ship', 'airplane']",ship
47672,5,"['frog', 'ship', 'airplane', 'automobile']",ship
47673,7,"['automobile', 'cat', 'airplane', 'frog']",airplane
47674,2,"['ship', 'cat', 'automobile', 'airplane']",cat
47675,2,"['ship', 'cat', 'automobile', 'airplane']",automobile
47676,0,"['horse', 'deer', 'frog', 'cat']",horse
47677,0,"['horse', 'deer', 'frog', 'cat']",horse
47678,0,"['horse', 'deer', 'frog', 'cat']",horse
47679,8,"['horse', 'airplane', 'cat', 'frog']",horse
47680,1,"['bird', 'dog', 'frog', 'cat', 'airplane']",airplane
47681,3,"['frog', 'ship', 'automobile', 'airplane']",ship
47682,7,"['automobile', 'cat', 'airplane', 'frog']",frog
47683,3,"['frog', 'ship', 'automobile', 'airplane']",ship
47684,3,"['frog', 'ship', 'automobile', 'airplane']",ship
47685,0,"['horse', 'deer', 'frog', 'cat']",horse
47686,1,"['bird', 'dog', 'frog', 'cat', 'airplane']",airplane
47687,9,"['dog', 'frog', 'cat', 'airplane']",airplane
47688,5,"['frog', 'ship', 'airplane', 'automobile']",ship
47689,0,"['horse', 'deer', 'frog', 'cat']",horse
47690,9,"['dog', 'frog', 'cat', 'airplane']",airplane
47691,0,"['horse', 'deer', 'frog', 'cat']",horse
47692,9,"['dog', 'frog', 'cat', 'airplane']",airplane
47693,0,"['horse', 'deer', 'frog', 'cat']",horse
47694,8,"['horse', 'airplane', 'cat', 'frog']",horse
47695,2,"['ship', 'cat', 'automobile', 'airplane']",cat
47696,7,"['automobile', 'cat', 'airplane', 'frog']",cat
47697,9,"['dog', 'frog', 'cat', 'airplane']",airplane
47698,2,"['ship', 'cat', 'automobile', 'airplane']",cat
47699,9,"['dog', 'frog', 'cat', 'airplane']",airplane
47700,9,"['dog', 'frog', 'cat', 'airplane']",airplane
47701,1,"['bird', 'dog', 'frog', 'cat', 'airplane']",airplane
47702,3,"['frog', 'ship', 'automobile', 'airplane']",ship
47703,1,"['bird', 'dog', 'frog', 'cat', 'airplane']",airplane
47704,1,"['bird', 'dog', 'frog', 'cat', 'airplane']",airplane
47705,3,"['frog', 'ship', 'automobile', 'airplane']",ship
47706,1,"['bird', 'dog', 'frog', 'cat', 'airplane']",airplane
47707,6,"['automobile', 'horse', 'ship', 'airplane']",airplane
47708,8,"['horse', 'airplane', 'cat', 'frog']",horse
47709,9,"['dog', 'frog', 'cat', 'airplane']",airplane
47710,2,"['ship', 'cat', 'automobile', 'airplane']",automobile
47711,0,"['horse', 'deer', 'frog', 'cat']",horse
47712,6,"['automobile', 'horse', 'ship', 'airplane']",airplane
47713,8,"['horse', 'airplane', 'cat', 'frog']",horse
47714,5,"['frog', 'ship', 'airplane', 'automobile']",ship
47715,9,"['dog', 'frog', 'cat', 'airplane']",dog
47716,4,"['cat', 'automobile', 'frog', 'airplane']",automobile
47717,3,"['frog', 'ship', 'automobile', 'airplane']",ship
47718,2,"['ship', 'cat', 'automobile', 'airplane']",cat
47719,2,"['ship', 'cat', 'automobile', 'airplane']",cat
47720,5,"['frog', 'ship', 'airplane', 'automobile']",ship
47721,3,"['frog', 'ship', 'automobile', 'airplane']",ship
47722,3,"['frog', 'ship', 'automobile', 'airplane']",ship
47723,8,"['horse', 'airplane', 'cat', 'frog']",horse
47724,7,"['automobile', 'cat', 'airplane', 'frog']",airplane
47725,5,"['frog', 'ship', 'airplane', 'automobile']",ship
47726,0,"['horse', 'deer', 'frog', 'cat']",horse
47727,2,"['ship', 'cat', 'automobile', 'airplane']",cat
47728,6,"['automobile', 'horse', 'ship', 'airplane']",ship
47729,5,"['frog', 'ship', 'airplane', 'automobile']",ship
47730,2,"['ship', 'cat', 'automobile', 'airplane']",cat
47731,7,"['automobile', 'cat', 'airplane', 'frog']",frog
47732,5,"['frog', 'ship', 'airplane', 'automobile']",ship
47733,8,"['horse', 'airplane', 'cat', 'frog']",horse
47734,6,"['automobile', 'horse', 'ship', 'airplane']",airplane
47735,4,"['cat', 'automobile', 'frog', 'airplane']",automobile
47736,3,"['frog', 'ship', 'automobile', 'airplane']",ship
47737,3,"['frog', 'ship', 'automobile', 'airplane']",ship
47738,4,"['cat', 'automobile', 'frog', 'airplane']",automobile
47739,5,"['frog', 'ship', 'airplane', 'automobile']",ship
47740,0,"['horse', 'deer', 'frog', 'cat']",horse
47741,3,"['frog', 'ship', 'automobile', 'airplane']",ship
47742,2,"['ship', 'cat', 'automobile', 'airplane']",cat
47743,9,"['dog', 'frog', 'cat', 'airplane']",airplane
47744,8,"['horse', 'airplane', 'cat', 'frog']",horse
47745,1,"['bird', 'dog', 'frog', 'cat', 'airplane']",airplane
47746,8,"['horse', 'airplane', 'cat', 'frog']",horse
47747,7,"['automobile', 'cat', 'airplane', 'frog']",cat
47748,7,"['automobile', 'cat', 'airplane', 'frog']",airplane
47749,1,"['bird', 'dog', 'frog', 'cat', 'airplane']",airplane
47750,2,"['ship', 'cat', 'automobile', 'airplane']",cat
47751,8,"['horse', 'airplane', 'cat', 'frog']",horse
47752,6,"['automobile', 'horse', 'ship', 'airplane']",airplane
47753,5,"['frog', 'ship', 'airplane', 'automobile']",ship
47754,0,"['horse', 'deer', 'frog', 'cat']",horse
47755,9,"['dog', 'frog', 'cat', 'airplane']",dog
47756,6,"['automobile', 'horse', 'ship', 'airplane']",airplane
47757,5,"['frog', 'ship', 'airplane', 'automobile']",ship
47758,8,"['horse', 'airplane', 'cat', 'frog']",horse
47759,9,"['dog', 'frog', 'cat', 'airplane']",airplane
47760,6,"['automobile', 'horse', 'ship', 'airplane']",ship
47761,1,"['bird', 'dog', 'frog', 'cat', 'airplane']",airplane
47762,8,"['horse', 'airplane', 'cat', 'frog']",horse
47763,0,"['horse', 'deer', 'frog', 'cat']",horse
47764,6,"['automobile', 'horse', 'ship', 'airplane']",ship
47765,9,"['dog', 'frog', 'cat', 'airplane']",airplane
47766,0,"['horse', 'deer', 'frog', 'cat']",horse
47767,9,"['dog', 'frog', 'cat', 'airplane']",airplane
47768,5,"['frog', 'ship', 'airplane', 'automobile']",ship
47769,5,"['frog', 'ship', 'airplane', 'automobile']",ship
47770,8,"['horse', 'airplane', 'cat', 'frog']",horse
47771,0,"['horse', 'deer', 'frog', 'cat']",horse
47772,1,"['bird', 'dog', 'frog', 'cat', 'airplane']",airplane
47773,5,"['frog', 'ship', 'airplane', 'automobile']",ship
47774,1,"['bird', 'dog', 'frog', 'cat', 'airplane']",airplane
47775,3,"['frog', 'ship', 'automobile', 'airplane']",ship
47776,8,"['horse', 'airplane', 'cat', 'frog']",horse
47777,7,"['automobile', 'cat', 'airplane', 'frog']",airplane
47778,5,"['frog', 'ship', 'airplane', 'automobile']",ship
47779,1,"['bird', 'dog', 'frog', 'cat', 'airplane']",airplane
47780,8,"['horse', 'airplane', 'cat', 'frog']",horse
47781,5,"['frog', 'ship', 'airplane', 'automobile']",ship
47782,8,"['horse', 'airplane', 'cat', 'frog']",horse
47783,5,"['frog', 'ship', 'airplane', 'automobile']",ship
47784,8,"['horse', 'airplane', 'cat', 'frog']",horse
47785,9,"['dog', 'frog', 'cat', 'airplane']",dog
47786,5,"['frog', 'ship', 'airplane', 'automobile']",ship
47787,9,"['dog', 'frog', 'cat', 'airplane']",dog
47788,3,"['frog', 'ship', 'automobile', 'airplane']",ship
47789,9,"['dog', 'frog', 'cat', 'airplane']",airplane
47790,6,"['automobile', 'horse', 'ship', 'airplane']",ship
47791,8,"['horse', 'airplane', 'cat', 'frog']",horse
47792,6,"['automobile', 'horse', 'ship', 'airplane']",airplane
47793,8,"['horse', 'airplane', 'cat', 'frog']",horse
47794,7,"['automobile', 'cat', 'airplane', 'frog']",cat
47795,4,"['cat', 'automobile', 'frog', 'airplane']",frog
47796,4,"['cat', 'automobile', 'frog', 'airplane']",automobile
47797,3,"['frog', 'ship', 'automobile', 'airplane']",ship
47798,4,"['cat', 'automobile', 'frog', 'airplane']",automobile
47799,0,"['horse', 'deer', 'frog', 'cat']",horse
47800,2,"['ship', 'cat', 'automobile', 'airplane']",cat
47801,3,"['frog', 'ship', 'automobile', 'airplane']",ship
47802,0,"['horse', 'deer', 'frog', 'cat']",horse
47803,2,"['ship', 'cat', 'automobile', 'airplane']",cat
47804,3,"['frog', 'ship', 'automobile', 'airplane']",ship
47805,0,"['horse', 'deer', 'frog', 'cat']",horse
47806,8,"['horse', 'airplane', 'cat', 'frog']",horse
47807,8,"['horse', 'airplane', 'cat', 'frog']",horse
47808,2,"['ship', 'cat', 'automobile', 'airplane']",ship
47809,6,"['automobile', 'horse', 'ship', 'airplane']",horse
47810,5,"['frog', 'ship', 'airplane', 'automobile']",ship
47811,6,"['automobile', 'horse', 'ship', 'airplane']",airplane
47812,3,"['frog', 'ship', 'automobile', 'airplane']",ship
47813,4,"['cat', 'automobile', 'frog', 'airplane']",automobile
47814,8,"['horse', 'airplane', 'cat', 'frog']",horse
47815,5,"['frog', 'ship', 'airplane', 'automobile']",ship
47816,2,"['ship', 'cat', 'automobile', 'airplane']",cat
47817,7,"['automobile', 'cat', 'airplane', 'frog']",airplane
47818,8,"['horse', 'airplane', 'cat', 'frog']",horse
47819,3,"['frog', 'ship', 'automobile', 'airplane']",ship
47820,5,"['frog', 'ship', 'airplane', 'automobile']",ship
47821,6,"['automobile', 'horse', 'ship', 'airplane']",airplane
47822,8,"['horse', 'airplane', 'cat', 'frog']",horse
47823,3,"['frog', 'ship', 'automobile', 'airplane']",ship
47824,1,"['bird', 'dog', 'frog', 'cat', 'airplane']",airplane
47825,8,"['horse', 'airplane', 'cat', 'frog']",horse
47826,2,"['ship', 'cat', 'automobile', 'airplane']",cat
47827,8,"['horse', 'airplane', 'cat', 'frog']",horse
47828,7,"['automobile', 'cat', 'airplane', 'frog']",cat
47829,8,"['horse', 'airplane', 'cat', 'frog']",horse
47830,3,"['frog', 'ship', 'automobile', 'airplane']",ship
47831,9,"['dog', 'frog', 'cat', 'airplane']",dog
47832,8,"['horse', 'airplane', 'cat', 'frog']",horse
47833,6,"['automobile', 'horse', 'ship', 'airplane']",airplane
47834,0,"['horse', 'deer', 'frog', 'cat']",horse
47835,7,"['automobile', 'cat', 'airplane', 'frog']",cat
47836,1,"['bird', 'dog', 'frog', 'cat', 'airplane']",airplane
47837,4,"['cat', 'automobile', 'frog', 'airplane']",automobile
47838,3,"['frog', 'ship', 'automobile', 'airplane']",ship
47839,1,"['bird', 'dog', 'frog', 'cat', 'airplane']",airplane
47840,3,"['frog', 'ship', 'automobile', 'airplane']",ship
47841,9,"['dog', 'frog', 'cat', 'airplane']",airplane
47842,8,"['horse', 'airplane', 'cat', 'frog']",horse
47843,8,"['horse', 'airplane', 'cat', 'frog']",horse
47844,7,"['automobile', 'cat', 'airplane', 'frog']",frog
47845,1,"['bird', 'dog', 'frog', 'cat', 'airplane']",airplane
47846,2,"['ship', 'cat', 'automobile', 'airplane']",cat
47847,5,"['frog', 'ship', 'airplane', 'automobile']",ship
47848,3,"['frog', 'ship', 'automobile', 'airplane']",ship
47849,0,"['horse', 'deer', 'frog', 'cat']",horse
47850,2,"['ship', 'cat', 'automobile', 'airplane']",cat
47851,3,"['frog', 'ship', 'automobile', 'airplane']",ship
47852,0,"['horse', 'deer', 'frog', 'cat']",frog
47853,2,"['ship', 'cat', 'automobile', 'airplane']",cat
47854,8,"['horse', 'airplane', 'cat', 'frog']",horse
47855,4,"['cat', 'automobile', 'frog', 'airplane']",airplane
47856,7,"['automobile', 'cat', 'airplane', 'frog']",cat
47857,4,"['cat', 'automobile', 'frog', 'airplane']",automobile
47858,6,"['automobile', 'horse', 'ship', 'airplane']",airplane
47859,4,"['cat', 'automobile', 'frog', 'airplane']",automobile
47860,8,"['horse', 'airplane', 'cat', 'frog']",horse
47861,4,"['cat', 'automobile', 'frog', 'airplane']",automobile
47862,0,"['horse', 'deer', 'frog', 'cat']",horse
47863,1,"['bird', 'dog', 'frog', 'cat', 'airplane']",airplane
47864,7,"['automobile', 'cat', 'airplane', 'frog']",airplane
47865,0,"['horse', 'deer', 'frog', 'cat']",horse
47866,3,"['frog', 'ship', 'automobile', 'airplane']",ship
47867,4,"['cat', 'automobile', 'frog', 'airplane']",automobile
47868,4,"['cat', 'automobile', 'frog', 'airplane']",airplane
47869,4,"['cat', 'automobile', 'frog', 'airplane']",automobile
47870,6,"['automobile', 'horse', 'ship', 'airplane']",airplane
47871,8,"['horse', 'airplane', 'cat', 'frog']",horse
47872,2,"['ship', 'cat', 'automobile', 'airplane']",cat
47873,6,"['automobile', 'horse', 'ship', 'airplane']",airplane
47874,6,"['automobile', 'horse', 'ship', 'airplane']",horse
47875,9,"['dog', 'frog', 'cat', 'airplane']",airplane
47876,9,"['dog', 'frog', 'cat', 'airplane']",dog
47877,8,"['horse', 'airplane', 'cat', 'frog']",horse
47878,6,"['automobile', 'horse', 'ship', 'airplane']",airplane
47879,8,"['horse', 'airplane', 'cat', 'frog']",horse
47880,7,"['automobile', 'cat', 'airplane', 'frog']",airplane
47881,8,"['horse', 'airplane', 'cat', 'frog']",horse
47882,0,"['horse', 'deer', 'frog', 'cat']",horse
47883,4,"['cat', 'automobile', 'frog', 'airplane']",automobile
47884,5,"['frog', 'ship', 'airplane', 'automobile']",ship
47885,2,"['ship', 'cat', 'automobile', 'airplane']",cat
47886,8,"['horse', 'airplane', 'cat', 'frog']",horse
47887,7,"['automobile', 'cat', 'airplane', 'frog']",cat
47888,6,"['automobile', 'horse', 'ship', 'airplane']",airplane
47889,8,"['horse', 'airplane', 'cat', 'frog']",horse
47890,7,"['automobile', 'cat', 'airplane', 'frog']",cat
47891,4,"['cat', 'automobile', 'frog', 'airplane']",automobile
47892,3,"['frog', 'ship', 'automobile', 'airplane']",ship
47893,5,"['frog', 'ship', 'airplane', 'automobile']",ship
47894,8,"['horse', 'airplane', 'cat', 'frog']",horse
47895,9,"['dog', 'frog', 'cat', 'airplane']",dog
47896,9,"['dog', 'frog', 'cat', 'airplane']",dog
47897,3,"['frog', 'ship', 'automobile', 'airplane']",ship
47898,7,"['automobile', 'cat', 'airplane', 'frog']",cat
47899,5,"['frog', 'ship', 'airplane', 'automobile']",ship
47900,1,"['bird', 'dog', 'frog', 'cat', 'airplane']",airplane
47901,3,"['frog', 'ship', 'automobile', 'airplane']",ship
47902,3,"['frog', 'ship', 'automobile', 'airplane']",ship
47903,2,"['ship', 'cat', 'automobile', 'airplane']",cat
47904,2,"['ship', 'cat', 'automobile', 'airplane']",cat
47905,5,"['frog', 'ship', 'airplane', 'automobile']",ship
47906,0,"['horse', 'deer', 'frog', 'cat']",horse
47907,4,"['cat', 'automobile', 'frog', 'airplane']",automobile
47908,4,"['cat', 'automobile', 'frog', 'airplane']",automobile
47909,4,"['cat', 'automobile', 'frog', 'airplane']",automobile
47910,2,"['ship', 'cat', 'automobile', 'airplane']",cat
47911,5,"['frog', 'ship', 'airplane', 'automobile']",ship
47912,0,"['horse', 'deer', 'frog', 'cat']",horse
47913,5,"['frog', 'ship', 'airplane', 'automobile']",ship
47914,6,"['automobile', 'horse', 'ship', 'airplane']",airplane
47915,3,"['frog', 'ship', 'automobile', 'airplane']",ship
47916,0,"['horse', 'deer', 'frog', 'cat']",horse
47917,4,"['cat', 'automobile', 'frog', 'airplane']",automobile
47918,3,"['frog', 'ship', 'automobile', 'airplane']",ship
47919,5,"['frog', 'ship', 'airplane', 'automobile']",ship
47920,5,"['frog', 'ship', 'airplane', 'automobile']",ship
47921,4,"['cat', 'automobile', 'frog', 'airplane']",automobile
47922,4,"['cat', 'automobile', 'frog', 'airplane']",automobile
47923,7,"['automobile', 'cat', 'airplane', 'frog']",frog
47924,7,"['automobile', 'cat', 'airplane', 'frog']",airplane
47925,0,"['horse', 'deer', 'frog', 'cat']",horse
47926,1,"['bird', 'dog', 'frog', 'cat', 'airplane']",airplane
47927,9,"['dog', 'frog', 'cat', 'airplane']",dog
47928,4,"['cat', 'automobile', 'frog', 'airplane']",automobile
47929,5,"['frog', 'ship', 'airplane', 'automobile']",ship
47930,1,"['bird', 'dog', 'frog', 'cat', 'airplane']",airplane
47931,0,"['horse', 'deer', 'frog', 'cat']",horse
47932,2,"['ship', 'cat', 'automobile', 'airplane']",cat
47933,3,"['frog', 'ship', 'automobile', 'airplane']",ship
47934,6,"['automobile', 'horse', 'ship', 'airplane']",ship
47935,2,"['ship', 'cat', 'automobile', 'airplane']",automobile
47936,2,"['ship', 'cat', 'automobile', 'airplane']",automobile
47937,6,"['automobile', 'horse', 'ship', 'airplane']",airplane
47938,5,"['frog', 'ship', 'airplane', 'automobile']",ship
47939,1,"['bird', 'dog', 'frog', 'cat', 'airplane']",airplane
47940,2,"['ship', 'cat', 'automobile', 'airplane']",cat
47941,7,"['automobile', 'cat', 'airplane', 'frog']",frog
47942,3,"['frog', 'ship', 'automobile', 'airplane']",ship
47943,0,"['horse', 'deer', 'frog', 'cat']",horse
47944,9,"['dog', 'frog', 'cat', 'airplane']",airplane
47945,8,"['horse', 'airplane', 'cat', 'frog']",horse
47946,0,"['horse', 'deer', 'frog', 'cat']",horse
47947,8,"['horse', 'airplane', 'cat', 'frog']",horse
47948,2,"['ship', 'cat', 'automobile', 'airplane']",automobile
47949,5,"['frog', 'ship', 'airplane', 'automobile']",ship
47950,3,"['frog', 'ship', 'automobile', 'airplane']",ship
47951,4,"['cat', 'automobile', 'frog', 'airplane']",airplane
47952,5,"['frog', 'ship', 'airplane', 'automobile']",ship
47953,6,"['automobile', 'horse', 'ship', 'airplane']",airplane
47954,5,"['frog', 'ship', 'airplane', 'automobile']",ship
47955,1,"['bird', 'dog', 'frog', 'cat', 'airplane']",airplane
47956,2,"['ship', 'cat', 'automobile', 'airplane']",cat
47957,2,"['ship', 'cat', 'automobile', 'airplane']",cat
47958,2,"['ship', 'cat', 'automobile', 'airplane']",automobile
47959,9,"['dog', 'frog', 'cat', 'airplane']",dog
47960,8,"['horse', 'airplane', 'cat', 'frog']",horse
47961,6,"['automobile', 'horse', 'ship', 'airplane']",airplane
47962,6,"['automobile', 'horse', 'ship', 'airplane']",automobile
47963,3,"['frog', 'ship', 'automobile', 'airplane']",ship
47964,5,"['frog', 'ship', 'airplane', 'automobile']",ship
47965,6,"['automobile', 'horse', 'ship', 'airplane']",horse
47966,0,"['horse', 'deer', 'frog', 'cat']",horse
47967,9,"['dog', 'frog', 'cat', 'airplane']",dog
47968,1,"['bird', 'dog', 'frog', 'cat', 'airplane']",airplane
47969,0,"['horse', 'deer', 'frog', 'cat']",horse
47970,3,"['frog', 'ship', 'automobile', 'airplane']",ship
47971,8,"['horse', 'airplane', 'cat', 'frog']",horse
47972,4,"['cat', 'automobile', 'frog', 'airplane']",automobile
47973,3,"['frog', 'ship', 'automobile', 'airplane']",ship
47974,8,"['horse', 'airplane', 'cat', 'frog']",horse
47975,4,"['cat', 'automobile', 'frog', 'airplane']",automobile
47976,6,"['automobile', 'horse', 'ship', 'airplane']",airplane
47977,5,"['frog', 'ship', 'airplane', 'automobile']",ship
47978,8,"['horse', 'airplane', 'cat', 'frog']",horse
47979,6,"['automobile', 'horse', 'ship', 'airplane']",airplane
47980,1,"['bird', 'dog', 'frog', 'cat', 'airplane']",airplane
47981,0,"['horse', 'deer', 'frog', 'cat']",horse
47982,3,"['frog', 'ship', 'automobile', 'airplane']",ship
47983,7,"['automobile', 'cat', 'airplane', 'frog']",airplane
47984,6,"['automobile', 'horse', 'ship', 'airplane']",airplane
47985,9,"['dog', 'frog', 'cat', 'airplane']",airplane
47986,8,"['horse', 'airplane', 'cat', 'frog']",horse
47987,1,"['bird', 'dog', 'frog', 'cat', 'airplane']",dog
47988,5,"['frog', 'ship', 'airplane', 'automobile']",ship
47989,1,"['bird', 'dog', 'frog', 'cat', 'airplane']",airplane
47990,8,"['horse', 'airplane', 'cat', 'frog']",horse
47991,0,"['horse', 'deer', 'frog', 'cat']",horse
47992,8,"['horse', 'airplane', 'cat', 'frog']",horse
47993,8,"['horse', 'airplane', 'cat', 'frog']",horse
47994,0,"['horse', 'deer', 'frog', 'cat']",horse
47995,3,"['frog', 'ship', 'automobile', 'airplane']",ship
47996,7,"['automobile', 'cat', 'airplane', 'frog']",airplane
47997,3,"['frog', 'ship', 'automobile', 'airplane']",ship
47998,3,"['frog', 'ship', 'automobile', 'airplane']",ship
47999,8,"['horse', 'airplane', 'cat', 'frog']",horse
48000,1,"['bird', 'dog', 'frog', 'cat', 'airplane']",airplane
48001,0,"['horse', 'deer', 'frog', 'cat']",horse
48002,2,"['ship', 'cat', 'automobile', 'airplane']",automobile
48003,1,"['bird', 'dog', 'frog', 'cat', 'airplane']",airplane
48004,5,"['frog', 'ship', 'airplane', 'automobile']",ship
48005,3,"['frog', 'ship', 'automobile', 'airplane']",ship
48006,5,"['frog', 'ship', 'airplane', 'automobile']",ship
48007,3,"['frog', 'ship', 'automobile', 'airplane']",ship
48008,4,"['cat', 'automobile', 'frog', 'airplane']",automobile
48009,0,"['horse', 'deer', 'frog', 'cat']",horse
48010,5,"['frog', 'ship', 'airplane', 'automobile']",ship
48011,5,"['frog', 'ship', 'airplane', 'automobile']",ship
48012,2,"['ship', 'cat', 'automobile', 'airplane']",ship
48013,0,"['horse', 'deer', 'frog', 'cat']",horse
48014,2,"['ship', 'cat', 'automobile', 'airplane']",cat
48015,2,"['ship', 'cat', 'automobile', 'airplane']",cat
48016,4,"['cat', 'automobile', 'frog', 'airplane']",automobile
48017,9,"['dog', 'frog', 'cat', 'airplane']",airplane
48018,4,"['cat', 'automobile', 'frog', 'airplane']",frog
48019,3,"['frog', 'ship', 'automobile', 'airplane']",ship
48020,7,"['automobile', 'cat', 'airplane', 'frog']",airplane
48021,1,"['bird', 'dog', 'frog', 'cat', 'airplane']",airplane
48022,6,"['automobile', 'horse', 'ship', 'airplane']",airplane
48023,4,"['cat', 'automobile', 'frog', 'airplane']",automobile
48024,0,"['horse', 'deer', 'frog', 'cat']",horse
48025,2,"['ship', 'cat', 'automobile', 'airplane']",ship
48026,0,"['horse', 'deer', 'frog', 'cat']",horse
48027,6,"['automobile', 'horse', 'ship', 'airplane']",automobile
48028,3,"['frog', 'ship', 'automobile', 'airplane']",ship
48029,7,"['automobile', 'cat', 'airplane', 'frog']",frog
48030,1,"['bird', 'dog', 'frog', 'cat', 'airplane']",airplane
48031,9,"['dog', 'frog', 'cat', 'airplane']",airplane
48032,0,"['horse', 'deer', 'frog', 'cat']",horse
48033,9,"['dog', 'frog', 'cat', 'airplane']",airplane
48034,9,"['dog', 'frog', 'cat', 'airplane']",dog
48035,7,"['automobile', 'cat', 'airplane', 'frog']",cat
48036,1,"['bird', 'dog', 'frog', 'cat', 'airplane']",airplane
48037,3,"['frog', 'ship', 'automobile', 'airplane']",ship
48038,4,"['cat', 'automobile', 'frog', 'airplane']",automobile
48039,3,"['frog', 'ship', 'automobile', 'airplane']",ship
48040,3,"['frog', 'ship', 'automobile', 'airplane']",ship
48041,7,"['automobile', 'cat', 'airplane', 'frog']",cat
48042,8,"['horse', 'airplane', 'cat', 'frog']",horse
48043,6,"['automobile', 'horse', 'ship', 'airplane']",airplane
48044,8,"['horse', 'airplane', 'cat', 'frog']",horse
48045,3,"['frog', 'ship', 'automobile', 'airplane']",ship
48046,4,"['cat', 'automobile', 'frog', 'airplane']",automobile
48047,6,"['automobile', 'horse', 'ship', 'airplane']",airplane
48048,5,"['frog', 'ship', 'airplane', 'automobile']",ship
48049,6,"['automobile', 'horse', 'ship', 'airplane']",airplane
48050,5,"['frog', 'ship', 'airplane', 'automobile']",ship
48051,9,"['dog', 'frog', 'cat', 'airplane']",airplane
48052,3,"['frog', 'ship', 'automobile', 'airplane']",ship
48053,1,"['bird', 'dog', 'frog', 'cat', 'airplane']",airplane
48054,0,"['horse', 'deer', 'frog', 'cat']",horse
48055,7,"['automobile', 'cat', 'airplane', 'frog']",cat
48056,5,"['frog', 'ship', 'airplane', 'automobile']",ship
48057,6,"['automobile', 'horse', 'ship', 'airplane']",airplane
48058,3,"['frog', 'ship', 'automobile', 'airplane']",ship
48059,0,"['horse', 'deer', 'frog', 'cat']",horse
48060,7,"['automobile', 'cat', 'airplane', 'frog']",frog
48061,9,"['dog', 'frog', 'cat', 'airplane']",dog
48062,3,"['frog', 'ship', 'automobile', 'airplane']",ship
48063,3,"['frog', 'ship', 'automobile', 'airplane']",ship
48064,2,"['ship', 'cat', 'automobile', 'airplane']",cat
48065,6,"['automobile', 'horse', 'ship', 'airplane']",airplane
48066,7,"['automobile', 'cat', 'airplane', 'frog']",cat
48067,6,"['automobile', 'horse', 'ship', 'airplane']",airplane
48068,4,"['cat', 'automobile', 'frog', 'airplane']",automobile
48069,0,"['horse', 'deer', 'frog', 'cat']",horse
48070,6,"['automobile', 'horse', 'ship', 'airplane']",airplane
48071,0,"['horse', 'deer', 'frog', 'cat']",horse
48072,6,"['automobile', 'horse', 'ship', 'airplane']",ship
48073,2,"['ship', 'cat', 'automobile', 'airplane']",cat
48074,2,"['ship', 'cat', 'automobile', 'airplane']",cat
48075,1,"['bird', 'dog', 'frog', 'cat', 'airplane']",airplane
48076,8,"['horse', 'airplane', 'cat', 'frog']",horse
48077,5,"['frog', 'ship', 'airplane', 'automobile']",ship
48078,1,"['bird', 'dog', 'frog', 'cat', 'airplane']",airplane
48079,6,"['automobile', 'horse', 'ship', 'airplane']",airplane
48080,4,"['cat', 'automobile', 'frog', 'airplane']",automobile
48081,8,"['horse', 'airplane', 'cat', 'frog']",horse
48082,2,"['ship', 'cat', 'automobile', 'airplane']",cat
48083,5,"['frog', 'ship', 'airplane', 'automobile']",ship
48084,9,"['dog', 'frog', 'cat', 'airplane']",airplane
48085,3,"['frog', 'ship', 'automobile', 'airplane']",ship
48086,1,"['bird', 'dog', 'frog', 'cat', 'airplane']",airplane
48087,4,"['cat', 'automobile', 'frog', 'airplane']",automobile
48088,3,"['frog', 'ship', 'automobile', 'airplane']",ship
48089,2,"['ship', 'cat', 'automobile', 'airplane']",cat
48090,2,"['ship', 'cat', 'automobile', 'airplane']",cat
48091,4,"['cat', 'automobile', 'frog', 'airplane']",automobile
48092,2,"['ship', 'cat', 'automobile', 'airplane']",cat
48093,2,"['ship', 'cat', 'automobile', 'airplane']",cat
48094,0,"['horse', 'deer', 'frog', 'cat']",horse
48095,2,"['ship', 'cat', 'automobile', 'airplane']",cat
48096,0,"['horse', 'deer', 'frog', 'cat']",horse
48097,3,"['frog', 'ship', 'automobile', 'airplane']",ship
48098,9,"['dog', 'frog', 'cat', 'airplane']",airplane
48099,7,"['automobile', 'cat', 'airplane', 'frog']",cat
48100,0,"['horse', 'deer', 'frog', 'cat']",horse
48101,2,"['ship', 'cat', 'automobile', 'airplane']",cat
48102,2,"['ship', 'cat', 'automobile', 'airplane']",cat
48103,6,"['automobile', 'horse', 'ship', 'airplane']",airplane
48104,7,"['automobile', 'cat', 'airplane', 'frog']",cat
48105,0,"['horse', 'deer', 'frog', 'cat']",frog
48106,9,"['dog', 'frog', 'cat', 'airplane']",airplane
48107,8,"['horse', 'airplane', 'cat', 'frog']",horse
48108,0,"['horse', 'deer', 'frog', 'cat']",horse
48109,0,"['horse', 'deer', 'frog', 'cat']",horse
48110,5,"['frog', 'ship', 'airplane', 'automobile']",ship
48111,7,"['automobile', 'cat', 'airplane', 'frog']",cat
48112,3,"['frog', 'ship', 'automobile', 'airplane']",ship
48113,1,"['bird', 'dog', 'frog', 'cat', 'airplane']",airplane
48114,5,"['frog', 'ship', 'airplane', 'automobile']",ship
48115,1,"['bird', 'dog', 'frog', 'cat', 'airplane']",airplane
48116,9,"['dog', 'frog', 'cat', 'airplane']",airplane
48117,2,"['ship', 'cat', 'automobile', 'airplane']",cat
48118,3,"['frog', 'ship', 'automobile', 'airplane']",ship
48119,0,"['horse', 'deer', 'frog', 'cat']",horse
48120,8,"['horse', 'airplane', 'cat', 'frog']",horse
48121,9,"['dog', 'frog', 'cat', 'airplane']",airplane
48122,1,"['bird', 'dog', 'frog', 'cat', 'airplane']",airplane
48123,9,"['dog', 'frog', 'cat', 'airplane']",dog
48124,8,"['horse', 'airplane', 'cat', 'frog']",horse
48125,8,"['horse', 'airplane', 'cat', 'frog']",horse
48126,9,"['dog', 'frog', 'cat', 'airplane']",airplane
48127,8,"['horse', 'airplane', 'cat', 'frog']",horse
48128,1,"['bird', 'dog', 'frog', 'cat', 'airplane']",airplane
48129,9,"['dog', 'frog', 'cat', 'airplane']",airplane
48130,0,"['horse', 'deer', 'frog', 'cat']",horse
48131,3,"['frog', 'ship', 'automobile', 'airplane']",ship
48132,3,"['frog', 'ship', 'automobile', 'airplane']",ship
48133,8,"['horse', 'airplane', 'cat', 'frog']",horse
48134,3,"['frog', 'ship', 'automobile', 'airplane']",ship
48135,5,"['frog', 'ship', 'airplane', 'automobile']",ship
48136,0,"['horse', 'deer', 'frog', 'cat']",horse
48137,2,"['ship', 'cat', 'automobile', 'airplane']",cat
48138,1,"['bird', 'dog', 'frog', 'cat', 'airplane']",airplane
48139,5,"['frog', 'ship', 'airplane', 'automobile']",ship
48140,9,"['dog', 'frog', 'cat', 'airplane']",dog
48141,1,"['bird', 'dog', 'frog', 'cat', 'airplane']",airplane
48142,6,"['automobile', 'horse', 'ship', 'airplane']",airplane
48143,4,"['cat', 'automobile', 'frog', 'airplane']",automobile
48144,3,"['frog', 'ship', 'automobile', 'airplane']",ship
48145,0,"['horse', 'deer', 'frog', 'cat']",horse
48146,2,"['ship', 'cat', 'automobile', 'airplane']",automobile
48147,0,"['horse', 'deer', 'frog', 'cat']",horse
48148,0,"['horse', 'deer', 'frog', 'cat']",horse
48149,7,"['automobile', 'cat', 'airplane', 'frog']",airplane
48150,9,"['dog', 'frog', 'cat', 'airplane']",dog
48151,9,"['dog', 'frog', 'cat', 'airplane']",dog
48152,9,"['dog', 'frog', 'cat', 'airplane']",airplane
48153,7,"['automobile', 'cat', 'airplane', 'frog']",airplane
48154,6,"['automobile', 'horse', 'ship', 'airplane']",automobile
48155,5,"['frog', 'ship', 'airplane', 'automobile']",ship
48156,8,"['horse', 'airplane', 'cat', 'frog']",horse
48157,3,"['frog', 'ship', 'automobile', 'airplane']",ship
48158,8,"['horse', 'airplane', 'cat', 'frog']",horse
48159,4,"['cat', 'automobile', 'frog', 'airplane']",airplane
48160,6,"['automobile', 'horse', 'ship', 'airplane']",airplane
48161,5,"['frog', 'ship', 'airplane', 'automobile']",ship
48162,3,"['frog', 'ship', 'automobile', 'airplane']",ship
48163,4,"['cat', 'automobile', 'frog', 'airplane']",automobile
48164,8,"['horse', 'airplane', 'cat', 'frog']",horse
48165,9,"['dog', 'frog', 'cat', 'airplane']",airplane
48166,7,"['automobile', 'cat', 'airplane', 'frog']",cat
48167,6,"['automobile', 'horse', 'ship', 'airplane']",airplane
48168,8,"['horse', 'airplane', 'cat', 'frog']",horse
48169,2,"['ship', 'cat', 'automobile', 'airplane']",ship
48170,3,"['frog', 'ship', 'automobile', 'airplane']",ship
48171,9,"['dog', 'frog', 'cat', 'airplane']",airplane
48172,4,"['cat', 'automobile', 'frog', 'airplane']",automobile
48173,1,"['bird', 'dog', 'frog', 'cat', 'airplane']",airplane
48174,0,"['horse', 'deer', 'frog', 'cat']",horse
48175,8,"['horse', 'airplane', 'cat', 'frog']",horse
48176,6,"['automobile', 'horse', 'ship', 'airplane']",automobile
48177,7,"['automobile', 'cat', 'airplane', 'frog']",frog
48178,9,"['dog', 'frog', 'cat', 'airplane']",airplane
48179,4,"['cat', 'automobile', 'frog', 'airplane']",automobile
48180,7,"['automobile', 'cat', 'airplane', 'frog']",cat
48181,5,"['frog', 'ship', 'airplane', 'automobile']",ship
48182,1,"['bird', 'dog', 'frog', 'cat', 'airplane']",airplane
48183,3,"['frog', 'ship', 'automobile', 'airplane']",ship
48184,6,"['automobile', 'horse', 'ship', 'airplane']",airplane
48185,1,"['bird', 'dog', 'frog', 'cat', 'airplane']",airplane
48186,3,"['frog', 'ship', 'automobile', 'airplane']",ship
48187,0,"['horse', 'deer', 'frog', 'cat']",horse
48188,6,"['automobile', 'horse', 'ship', 'airplane']",airplane
48189,5,"['frog', 'ship', 'airplane', 'automobile']",ship
48190,6,"['automobile', 'horse', 'ship', 'airplane']",airplane
48191,4,"['cat', 'automobile', 'frog', 'airplane']",automobile
48192,9,"['dog', 'frog', 'cat', 'airplane']",airplane
48193,5,"['frog', 'ship', 'airplane', 'automobile']",ship
48194,2,"['ship', 'cat', 'automobile', 'airplane']",cat
48195,4,"['cat', 'automobile', 'frog', 'airplane']",automobile
48196,9,"['dog', 'frog', 'cat', 'airplane']",airplane
48197,0,"['horse', 'deer', 'frog', 'cat']",horse
48198,7,"['automobile', 'cat', 'airplane', 'frog']",cat
48199,5,"['frog', 'ship', 'airplane', 'automobile']",ship
48200,3,"['frog', 'ship', 'automobile', 'airplane']",ship
48201,6,"['automobile', 'horse', 'ship', 'airplane']",ship
48202,4,"['cat', 'automobile', 'frog', 'airplane']",automobile
48203,6,"['automobile', 'horse', 'ship', 'airplane']",airplane
48204,7,"['automobile', 'cat', 'airplane', 'frog']",airplane
48205,2,"['ship', 'cat', 'automobile', 'airplane']",cat
48206,6,"['automobile', 'horse', 'ship', 'airplane']",ship
48207,5,"['frog', 'ship', 'airplane', 'automobile']",ship
48208,5,"['frog', 'ship', 'airplane', 'automobile']",ship
48209,0,"['horse', 'deer', 'frog', 'cat']",horse
48210,9,"['dog', 'frog', 'cat', 'airplane']",dog
48211,4,"['cat', 'automobile', 'frog', 'airplane']",automobile
48212,0,"['horse', 'deer', 'frog', 'cat']",horse
48213,8,"['horse', 'airplane', 'cat', 'frog']",horse
48214,6,"['automobile', 'horse', 'ship', 'airplane']",airplane
48215,1,"['bird', 'dog', 'frog', 'cat', 'airplane']",airplane
48216,4,"['cat', 'automobile', 'frog', 'airplane']",automobile
48217,0,"['horse', 'deer', 'frog', 'cat']",horse
48218,6,"['automobile', 'horse', 'ship', 'airplane']",ship
48219,7,"['automobile', 'cat', 'airplane', 'frog']",cat
48220,5,"['frog', 'ship', 'airplane', 'automobile']",ship
48221,4,"['cat', 'automobile', 'frog', 'airplane']",automobile
48222,2,"['ship', 'cat', 'automobile', 'airplane']",ship
48223,4,"['cat', 'automobile', 'frog', 'airplane']",automobile
48224,1,"['bird', 'dog', 'frog', 'cat', 'airplane']",airplane
48225,8,"['horse', 'airplane', 'cat', 'frog']",airplane
48226,9,"['dog', 'frog', 'cat', 'airplane']",airplane
48227,8,"['horse', 'airplane', 'cat', 'frog']",horse
48228,4,"['cat', 'automobile', 'frog', 'airplane']",automobile
48229,6,"['automobile', 'horse', 'ship', 'airplane']",airplane
48230,6,"['automobile', 'horse', 'ship', 'airplane']",airplane
48231,9,"['dog', 'frog', 'cat', 'airplane']",airplane
48232,2,"['ship', 'cat', 'automobile', 'airplane']",cat
48233,3,"['frog', 'ship', 'automobile', 'airplane']",ship
48234,1,"['bird', 'dog', 'frog', 'cat', 'airplane']",airplane
48235,4,"['cat', 'automobile', 'frog', 'airplane']",automobile
48236,7,"['automobile', 'cat', 'airplane', 'frog']",cat
48237,7,"['automobile', 'cat', 'airplane', 'frog']",cat
48238,9,"['dog', 'frog', 'cat', 'airplane']",airplane
48239,0,"['horse', 'deer', 'frog', 'cat']",horse
48240,5,"['frog', 'ship', 'airplane', 'automobile']",ship
48241,6,"['automobile', 'horse', 'ship', 'airplane']",automobile
48242,2,"['ship', 'cat', 'automobile', 'airplane']",cat
48243,3,"['frog', 'ship', 'automobile', 'airplane']",ship
48244,2,"['ship', 'cat', 'automobile', 'airplane']",cat
48245,5,"['frog', 'ship', 'airplane', 'automobile']",ship
48246,0,"['horse', 'deer', 'frog', 'cat']",horse
48247,8,"['horse', 'airplane', 'cat', 'frog']",horse
48248,3,"['frog', 'ship', 'automobile', 'airplane']",ship
48249,8,"['horse', 'airplane', 'cat', 'frog']",horse
48250,2,"['ship', 'cat', 'automobile', 'airplane']",cat
48251,2,"['ship', 'cat', 'automobile', 'airplane']",cat
48252,0,"['horse', 'deer', 'frog', 'cat']",horse
48253,8,"['horse', 'airplane', 'cat', 'frog']",horse
48254,0,"['horse', 'deer', 'frog', 'cat']",horse
48255,7,"['automobile', 'cat', 'airplane', 'frog']",cat
48256,7,"['automobile', 'cat', 'airplane', 'frog']",airplane
48257,0,"['horse', 'deer', 'frog', 'cat']",horse
48258,7,"['automobile', 'cat', 'airplane', 'frog']",cat
48259,2,"['ship', 'cat', 'automobile', 'airplane']",cat
48260,9,"['dog', 'frog', 'cat', 'airplane']",airplane
48261,8,"['horse', 'airplane', 'cat', 'frog']",horse
48262,3,"['frog', 'ship', 'automobile', 'airplane']",ship
48263,1,"['bird', 'dog', 'frog', 'cat', 'airplane']",airplane
48264,1,"['bird', 'dog', 'frog', 'cat', 'airplane']",airplane
48265,7,"['automobile', 'cat', 'airplane', 'frog']",airplane
48266,0,"['horse', 'deer', 'frog', 'cat']",horse
48267,6,"['automobile', 'horse', 'ship', 'airplane']",horse
48268,9,"['dog', 'frog', 'cat', 'airplane']",dog
48269,1,"['bird', 'dog', 'frog', 'cat', 'airplane']",airplane
48270,2,"['ship', 'cat', 'automobile', 'airplane']",cat
48271,8,"['horse', 'airplane', 'cat', 'frog']",horse
48272,7,"['automobile', 'cat', 'airplane', 'frog']",airplane
48273,8,"['horse', 'airplane', 'cat', 'frog']",horse
48274,5,"['frog', 'ship', 'airplane', 'automobile']",ship
48275,1,"['bird', 'dog', 'frog', 'cat', 'airplane']",airplane
48276,9,"['dog', 'frog', 'cat', 'airplane']",airplane
48277,6,"['automobile', 'horse', 'ship', 'airplane']",airplane
48278,9,"['dog', 'frog', 'cat', 'airplane']",airplane
48279,1,"['bird', 'dog', 'frog', 'cat', 'airplane']",airplane
48280,0,"['horse', 'deer', 'frog', 'cat']",horse
48281,8,"['horse', 'airplane', 'cat', 'frog']",horse
48282,2,"['ship', 'cat', 'automobile', 'airplane']",cat
48283,7,"['automobile', 'cat', 'airplane', 'frog']",cat
48284,9,"['dog', 'frog', 'cat', 'airplane']",dog
48285,3,"['frog', 'ship', 'automobile', 'airplane']",ship
48286,8,"['horse', 'airplane', 'cat', 'frog']",airplane
48287,2,"['ship', 'cat', 'automobile', 'airplane']",automobile
48288,2,"['ship', 'cat', 'automobile', 'airplane']",cat
48289,0,"['horse', 'deer', 'frog', 'cat']",horse
48290,2,"['ship', 'cat', 'automobile', 'airplane']",cat
48291,0,"['horse', 'deer', 'frog', 'cat']",horse
48292,9,"['dog', 'frog', 'cat', 'airplane']",dog
48293,1,"['bird', 'dog', 'frog', 'cat', 'airplane']",airplane
48294,1,"['bird', 'dog', 'frog', 'cat', 'airplane']",airplane
48295,0,"['horse', 'deer', 'frog', 'cat']",horse
48296,3,"['frog', 'ship', 'automobile', 'airplane']",ship
48297,8,"['horse', 'airplane', 'cat', 'frog']",horse
48298,6,"['automobile', 'horse', 'ship', 'airplane']",airplane
48299,8,"['horse', 'airplane', 'cat', 'frog']",horse
48300,2,"['ship', 'cat', 'automobile', 'airplane']",cat
48301,5,"['frog', 'ship', 'airplane', 'automobile']",ship
48302,5,"['frog', 'ship', 'airplane', 'automobile']",ship
48303,5,"['frog', 'ship', 'airplane', 'automobile']",ship
48304,7,"['automobile', 'cat', 'airplane', 'frog']",cat
48305,4,"['cat', 'automobile', 'frog', 'airplane']",automobile
48306,3,"['frog', 'ship', 'automobile', 'airplane']",ship
48307,7,"['automobile', 'cat', 'airplane', 'frog']",cat
48308,9,"['dog', 'frog', 'cat', 'airplane']",dog
48309,4,"['cat', 'automobile', 'frog', 'airplane']",automobile
48310,1,"['bird', 'dog', 'frog', 'cat', 'airplane']",airplane
48311,8,"['horse', 'airplane', 'cat', 'frog']",horse
48312,1,"['bird', 'dog', 'frog', 'cat', 'airplane']",airplane
48313,9,"['dog', 'frog', 'cat', 'airplane']",airplane
48314,2,"['ship', 'cat', 'automobile', 'airplane']",cat
48315,3,"['frog', 'ship', 'automobile', 'airplane']",ship
48316,8,"['horse', 'airplane', 'cat', 'frog']",horse
48317,0,"['horse', 'deer', 'frog', 'cat']",horse
48318,0,"['horse', 'deer', 'frog', 'cat']",horse
48319,5,"['frog', 'ship', 'airplane', 'automobile']",ship
48320,8,"['horse', 'airplane', 'cat', 'frog']",horse
48321,2,"['ship', 'cat', 'automobile', 'airplane']",automobile
48322,1,"['bird', 'dog', 'frog', 'cat', 'airplane']",airplane
48323,2,"['ship', 'cat', 'automobile', 'airplane']",cat
48324,0,"['horse', 'deer', 'frog', 'cat']",horse
48325,6,"['automobile', 'horse', 'ship', 'airplane']",airplane
48326,3,"['frog', 'ship', 'automobile', 'airplane']",ship
48327,0,"['horse', 'deer', 'frog', 'cat']",horse
48328,5,"['frog', 'ship', 'airplane', 'automobile']",ship
48329,9,"['dog', 'frog', 'cat', 'airplane']",frog
48330,5,"['frog', 'ship', 'airplane', 'automobile']",ship
48331,3,"['frog', 'ship', 'automobile', 'airplane']",ship
48332,9,"['dog', 'frog', 'cat', 'airplane']",airplane
48333,8,"['horse', 'airplane', 'cat', 'frog']",horse
48334,4,"['cat', 'automobile', 'frog', 'airplane']",automobile
48335,8,"['horse', 'airplane', 'cat', 'frog']",horse
48336,8,"['horse', 'airplane', 'cat', 'frog']",horse
48337,6,"['automobile', 'horse', 'ship', 'airplane']",automobile
48338,4,"['cat', 'automobile', 'frog', 'airplane']",automobile
48339,9,"['dog', 'frog', 'cat', 'airplane']",dog
48340,9,"['dog', 'frog', 'cat', 'airplane']",airplane
48341,5,"['frog', 'ship', 'airplane', 'automobile']",ship
48342,8,"['horse', 'airplane', 'cat', 'frog']",horse
48343,7,"['automobile', 'cat', 'airplane', 'frog']",airplane
48344,2,"['ship', 'cat', 'automobile', 'airplane']",cat
48345,9,"['dog', 'frog', 'cat', 'airplane']",airplane
48346,3,"['frog', 'ship', 'automobile', 'airplane']",ship
48347,0,"['horse', 'deer', 'frog', 'cat']",horse
48348,2,"['ship', 'cat', 'automobile', 'airplane']",automobile
48349,7,"['automobile', 'cat', 'airplane', 'frog']",cat
48350,0,"['horse', 'deer', 'frog', 'cat']",horse
48351,4,"['cat', 'automobile', 'frog', 'airplane']",automobile
48352,6,"['automobile', 'horse', 'ship', 'airplane']",airplane
48353,9,"['dog', 'frog', 'cat', 'airplane']",airplane
48354,2,"['ship', 'cat', 'automobile', 'airplane']",automobile
48355,0,"['horse', 'deer', 'frog', 'cat']",horse
48356,5,"['frog', 'ship', 'airplane', 'automobile']",ship
48357,7,"['automobile', 'cat', 'airplane', 'frog']",cat
48358,1,"['bird', 'dog', 'frog', 'cat', 'airplane']",airplane
48359,0,"['horse', 'deer', 'frog', 'cat']",horse
48360,4,"['cat', 'automobile', 'frog', 'airplane']",automobile
48361,6,"['automobile', 'horse', 'ship', 'airplane']",airplane
48362,5,"['frog', 'ship', 'airplane', 'automobile']",ship
48363,0,"['horse', 'deer', 'frog', 'cat']",horse
48364,2,"['ship', 'cat', 'automobile', 'airplane']",cat
48365,2,"['ship', 'cat', 'automobile', 'airplane']",cat
48366,2,"['ship', 'cat', 'automobile', 'airplane']",ship
48367,4,"['cat', 'automobile', 'frog', 'airplane']",automobile
48368,3,"['frog', 'ship', 'automobile', 'airplane']",ship
48369,6,"['automobile', 'horse', 'ship', 'airplane']",airplane
48370,2,"['ship', 'cat', 'automobile', 'airplane']",cat
48371,9,"['dog', 'frog', 'cat', 'airplane']",airplane
48372,8,"['horse', 'airplane', 'cat', 'frog']",horse
48373,6,"['automobile', 'horse', 'ship', 'airplane']",automobile
48374,8,"['horse', 'airplane', 'cat', 'frog']",horse
48375,1,"['bird', 'dog', 'frog', 'cat', 'airplane']",airplane
48376,3,"['frog', 'ship', 'automobile', 'airplane']",ship
48377,3,"['frog', 'ship', 'automobile', 'airplane']",ship
48378,0,"['horse', 'deer', 'frog', 'cat']",horse
48379,8,"['horse', 'airplane', 'cat', 'frog']",horse
48380,8,"['horse', 'airplane', 'cat', 'frog']",horse
48381,5,"['frog', 'ship', 'airplane', 'automobile']",ship
48382,7,"['automobile', 'cat', 'airplane', 'frog']",cat
48383,5,"['frog', 'ship', 'airplane', 'automobile']",ship
48384,2,"['ship', 'cat', 'automobile', 'airplane']",cat
48385,9,"['dog', 'frog', 'cat', 'airplane']",airplane
48386,7,"['automobile', 'cat', 'airplane', 'frog']",cat
48387,9,"['dog', 'frog', 'cat', 'airplane']",airplane
48388,2,"['ship', 'cat', 'automobile', 'airplane']",automobile
48389,0,"['horse', 'deer', 'frog', 'cat']",horse
48390,3,"['frog', 'ship', 'automobile', 'airplane']",ship
48391,2,"['ship', 'cat', 'automobile', 'airplane']",cat
48392,2,"['ship', 'cat', 'automobile', 'airplane']",cat
48393,8,"['horse', 'airplane', 'cat', 'frog']",horse
48394,4,"['cat', 'automobile', 'frog', 'airplane']",automobile
48395,5,"['frog', 'ship', 'airplane', 'automobile']",ship
48396,6,"['automobile', 'horse', 'ship', 'airplane']",airplane
48397,5,"['frog', 'ship', 'airplane', 'automobile']",ship
48398,5,"['frog', 'ship', 'airplane', 'automobile']",ship
48399,4,"['cat', 'automobile', 'frog', 'airplane']",airplane
48400,6,"['automobile', 'horse', 'ship', 'airplane']",airplane
48401,6,"['automobile', 'horse', 'ship', 'airplane']",airplane
48402,3,"['frog', 'ship', 'automobile', 'airplane']",ship
48403,5,"['frog', 'ship', 'airplane', 'automobile']",ship
48404,2,"['ship', 'cat', 'automobile', 'airplane']",cat
48405,9,"['dog', 'frog', 'cat', 'airplane']",airplane
48406,6,"['automobile', 'horse', 'ship', 'airplane']",ship
48407,4,"['cat', 'automobile', 'frog', 'airplane']",automobile
48408,9,"['dog', 'frog', 'cat', 'airplane']",airplane
48409,3,"['frog', 'ship', 'automobile', 'airplane']",ship
48410,3,"['frog', 'ship', 'automobile', 'airplane']",ship
48411,5,"['frog', 'ship', 'airplane', 'automobile']",ship
48412,5,"['frog', 'ship', 'airplane', 'automobile']",ship
48413,4,"['cat', 'automobile', 'frog', 'airplane']",automobile
48414,2,"['ship', 'cat', 'automobile', 'airplane']",automobile
48415,0,"['horse', 'deer', 'frog', 'cat']",horse
48416,0,"['horse', 'deer', 'frog', 'cat']",horse
48417,2,"['ship', 'cat', 'automobile', 'airplane']",automobile
48418,5,"['frog', 'ship', 'airplane', 'automobile']",ship
48419,0,"['horse', 'deer', 'frog', 'cat']",horse
48420,7,"['automobile', 'cat', 'airplane', 'frog']",airplane
48421,5,"['frog', 'ship', 'airplane', 'automobile']",ship
48422,5,"['frog', 'ship', 'airplane', 'automobile']",ship
48423,7,"['automobile', 'cat', 'airplane', 'frog']",cat
48424,0,"['horse', 'deer', 'frog', 'cat']",horse
48425,4,"['cat', 'automobile', 'frog', 'airplane']",automobile
48426,3,"['frog', 'ship', 'automobile', 'airplane']",ship
48427,2,"['ship', 'cat', 'automobile', 'airplane']",cat
48428,0,"['horse', 'deer', 'frog', 'cat']",horse
48429,4,"['cat', 'automobile', 'frog', 'airplane']",automobile
48430,0,"['horse', 'deer', 'frog', 'cat']",horse
48431,9,"['dog', 'frog', 'cat', 'airplane']",airplane
48432,8,"['horse', 'airplane', 'cat', 'frog']",horse
48433,4,"['cat', 'automobile', 'frog', 'airplane']",automobile
48434,9,"['dog', 'frog', 'cat', 'airplane']",dog
48435,9,"['dog', 'frog', 'cat', 'airplane']",airplane
48436,7,"['automobile', 'cat', 'airplane', 'frog']",cat
48437,5,"['frog', 'ship', 'airplane', 'automobile']",ship
48438,7,"['automobile', 'cat', 'airplane', 'frog']",airplane
48439,9,"['dog', 'frog', 'cat', 'airplane']",airplane
48440,8,"['horse', 'airplane', 'cat', 'frog']",horse
48441,1,"['bird', 'dog', 'frog', 'cat', 'airplane']",airplane
48442,9,"['dog', 'frog', 'cat', 'airplane']",dog
48443,3,"['frog', 'ship', 'automobile', 'airplane']",ship
48444,5,"['frog', 'ship', 'airplane', 'automobile']",ship
48445,8,"['horse', 'airplane', 'cat', 'frog']",horse
48446,6,"['automobile', 'horse', 'ship', 'airplane']",ship
48447,4,"['cat', 'automobile', 'frog', 'airplane']",automobile
48448,6,"['automobile', 'horse', 'ship', 'airplane']",automobile
48449,9,"['dog', 'frog', 'cat', 'airplane']",dog
48450,9,"['dog', 'frog', 'cat', 'airplane']",airplane
48451,9,"['dog', 'frog', 'cat', 'airplane']",airplane
48452,3,"['frog', 'ship', 'automobile', 'airplane']",ship
48453,7,"['automobile', 'cat', 'airplane', 'frog']",cat
48454,5,"['frog', 'ship', 'airplane', 'automobile']",ship
48455,9,"['dog', 'frog', 'cat', 'airplane']",airplane
48456,7,"['automobile', 'cat', 'airplane', 'frog']",cat
48457,8,"['horse', 'airplane', 'cat', 'frog']",horse
48458,0,"['horse', 'deer', 'frog', 'cat']",horse
48459,8,"['horse', 'airplane', 'cat', 'frog']",horse
48460,6,"['automobile', 'horse', 'ship', 'airplane']",airplane
48461,9,"['dog', 'frog', 'cat', 'airplane']",airplane
48462,8,"['horse', 'airplane', 'cat', 'frog']",horse
48463,6,"['automobile', 'horse', 'ship', 'airplane']",airplane
48464,7,"['automobile', 'cat', 'airplane', 'frog']",cat
48465,1,"['bird', 'dog', 'frog', 'cat', 'airplane']",airplane
48466,7,"['automobile', 'cat', 'airplane', 'frog']",airplane
48467,7,"['automobile', 'cat', 'airplane', 'frog']",airplane
48468,9,"['dog', 'frog', 'cat', 'airplane']",dog
48469,8,"['horse', 'airplane', 'cat', 'frog']",horse
48470,0,"['horse', 'deer', 'frog', 'cat']",horse
48471,9,"['dog', 'frog', 'cat', 'airplane']",dog
48472,2,"['ship', 'cat', 'automobile', 'airplane']",cat
48473,6,"['automobile', 'horse', 'ship', 'airplane']",ship
48474,5,"['frog', 'ship', 'airplane', 'automobile']",ship
48475,8,"['horse', 'airplane', 'cat', 'frog']",horse
48476,0,"['horse', 'deer', 'frog', 'cat']",horse
48477,5,"['frog', 'ship', 'airplane', 'automobile']",ship
48478,4,"['cat', 'automobile', 'frog', 'airplane']",automobile
48479,3,"['frog', 'ship', 'automobile', 'airplane']",ship
48480,2,"['ship', 'cat', 'automobile', 'airplane']",automobile
48481,8,"['horse', 'airplane', 'cat', 'frog']",horse
48482,2,"['ship', 'cat', 'automobile', 'airplane']",cat
48483,6,"['automobile', 'horse', 'ship', 'airplane']",airplane
48484,4,"['cat', 'automobile', 'frog', 'airplane']",automobile
48485,0,"['horse', 'deer', 'frog', 'cat']",horse
48486,7,"['automobile', 'cat', 'airplane', 'frog']",cat
48487,7,"['automobile', 'cat', 'airplane', 'frog']",airplane
48488,4,"['cat', 'automobile', 'frog', 'airplane']",automobile
48489,0,"['horse', 'deer', 'frog', 'cat']",horse
48490,7,"['automobile', 'cat', 'airplane', 'frog']",frog
48491,8,"['horse', 'airplane', 'cat', 'frog']",horse
48492,0,"['horse', 'deer', 'frog', 'cat']",horse
48493,2,"['ship', 'cat', 'automobile', 'airplane']",cat
48494,3,"['frog', 'ship', 'automobile', 'airplane']",ship
48495,5,"['frog', 'ship', 'airplane', 'automobile']",ship
48496,1,"['bird', 'dog', 'frog', 'cat', 'airplane']",airplane
48497,6,"['automobile', 'horse', 'ship', 'airplane']",airplane
48498,2,"['ship', 'cat', 'automobile', 'airplane']",cat
48499,2,"['ship', 'cat', 'automobile', 'airplane']",cat
48500,8,"['horse', 'airplane', 'cat', 'frog']",horse
48501,2,"['ship', 'cat', 'automobile', 'airplane']",automobile
48502,4,"['cat', 'automobile', 'frog', 'airplane']",automobile
48503,9,"['dog', 'frog', 'cat', 'airplane']",dog
48504,2,"['ship', 'cat', 'automobile', 'airplane']",cat
48505,4,"['cat', 'automobile', 'frog', 'airplane']",automobile
48506,3,"['frog', 'ship', 'automobile', 'airplane']",ship
48507,3,"['frog', 'ship', 'automobile', 'airplane']",ship
48508,0,"['horse', 'deer', 'frog', 'cat']",horse
48509,9,"['dog', 'frog', 'cat', 'airplane']",airplane
48510,5,"['frog', 'ship', 'airplane', 'automobile']",ship
48511,6,"['automobile', 'horse', 'ship', 'airplane']",airplane
48512,6,"['automobile', 'horse', 'ship', 'airplane']",airplane
48513,4,"['cat', 'automobile', 'frog', 'airplane']",automobile
48514,0,"['horse', 'deer', 'frog', 'cat']",horse
48515,1,"['bird', 'dog', 'frog', 'cat', 'airplane']",airplane
48516,0,"['horse', 'deer', 'frog', 'cat']",horse
48517,3,"['frog', 'ship', 'automobile', 'airplane']",ship
48518,2,"['ship', 'cat', 'automobile', 'airplane']",cat
48519,6,"['automobile', 'horse', 'ship', 'airplane']",airplane
48520,0,"['horse', 'deer', 'frog', 'cat']",horse
48521,4,"['cat', 'automobile', 'frog', 'airplane']",automobile
48522,2,"['ship', 'cat', 'automobile', 'airplane']",cat
48523,7,"['automobile', 'cat', 'airplane', 'frog']",cat
48524,3,"['frog', 'ship', 'automobile', 'airplane']",ship
48525,6,"['automobile', 'horse', 'ship', 'airplane']",ship
48526,6,"['automobile', 'horse', 'ship', 'airplane']",airplane
48527,7,"['automobile', 'cat', 'airplane', 'frog']",cat
48528,1,"['bird', 'dog', 'frog', 'cat', 'airplane']",airplane
48529,4,"['cat', 'automobile', 'frog', 'airplane']",automobile
48530,2,"['ship', 'cat', 'automobile', 'airplane']",cat
48531,2,"['ship', 'cat', 'automobile', 'airplane']",ship
48532,6,"['automobile', 'horse', 'ship', 'airplane']",airplane
48533,4,"['cat', 'automobile', 'frog', 'airplane']",automobile
48534,8,"['horse', 'airplane', 'cat', 'frog']",horse
48535,5,"['frog', 'ship', 'airplane', 'automobile']",ship
48536,3,"['frog', 'ship', 'automobile', 'airplane']",ship
48537,5,"['frog', 'ship', 'airplane', 'automobile']",ship
48538,4,"['cat', 'automobile', 'frog', 'airplane']",automobile
48539,1,"['bird', 'dog', 'frog', 'cat', 'airplane']",airplane
48540,3,"['frog', 'ship', 'automobile', 'airplane']",ship
48541,8,"['horse', 'airplane', 'cat', 'frog']",horse
48542,6,"['automobile', 'horse', 'ship', 'airplane']",airplane
48543,3,"['frog', 'ship', 'automobile', 'airplane']",frog
48544,9,"['dog', 'frog', 'cat', 'airplane']",airplane
48545,2,"['ship', 'cat', 'automobile', 'airplane']",automobile
48546,0,"['horse', 'deer', 'frog', 'cat']",frog
48547,2,"['ship', 'cat', 'automobile', 'airplane']",ship
48548,7,"['automobile', 'cat', 'airplane', 'frog']",cat
48549,2,"['ship', 'cat', 'automobile', 'airplane']",cat
48550,8,"['horse', 'airplane', 'cat', 'frog']",horse
48551,7,"['automobile', 'cat', 'airplane', 'frog']",cat
48552,8,"['horse', 'airplane', 'cat', 'frog']",horse
48553,2,"['ship', 'cat', 'automobile', 'airplane']",cat
48554,0,"['horse', 'deer', 'frog', 'cat']",horse
48555,5,"['frog', 'ship', 'airplane', 'automobile']",ship
48556,0,"['horse', 'deer', 'frog', 'cat']",horse
48557,0,"['horse', 'deer', 'frog', 'cat']",horse
48558,8,"['horse', 'airplane', 'cat', 'frog']",horse
48559,9,"['dog', 'frog', 'cat', 'airplane']",dog
48560,0,"['horse', 'deer', 'frog', 'cat']",horse
48561,3,"['frog', 'ship', 'automobile', 'airplane']",ship
48562,8,"['horse', 'airplane', 'cat', 'frog']",horse
48563,4,"['cat', 'automobile', 'frog', 'airplane']",automobile
48564,1,"['bird', 'dog', 'frog', 'cat', 'airplane']",airplane
48565,6,"['automobile', 'horse', 'ship', 'airplane']",automobile
48566,5,"['frog', 'ship', 'airplane', 'automobile']",ship
48567,7,"['automobile', 'cat', 'airplane', 'frog']",frog
48568,9,"['dog', 'frog', 'cat', 'airplane']",airplane
48569,8,"['horse', 'airplane', 'cat', 'frog']",airplane
48570,1,"['bird', 'dog', 'frog', 'cat', 'airplane']",airplane
48571,5,"['frog', 'ship', 'airplane', 'automobile']",ship
48572,3,"['frog', 'ship', 'automobile', 'airplane']",ship
48573,5,"['frog', 'ship', 'airplane', 'automobile']",ship
48574,1,"['bird', 'dog', 'frog', 'cat', 'airplane']",airplane
48575,6,"['automobile', 'horse', 'ship', 'airplane']",airplane
48576,7,"['automobile', 'cat', 'airplane', 'frog']",airplane
48577,9,"['dog', 'frog', 'cat', 'airplane']",dog
48578,7,"['automobile', 'cat', 'airplane', 'frog']",airplane
48579,7,"['automobile', 'cat', 'airplane', 'frog']",cat
48580,0,"['horse', 'deer', 'frog', 'cat']",horse
48581,7,"['automobile', 'cat', 'airplane', 'frog']",airplane
48582,6,"['automobile', 'horse', 'ship', 'airplane']",horse
48583,8,"['horse', 'airplane', 'cat', 'frog']",horse
48584,1,"['bird', 'dog', 'frog', 'cat', 'airplane']",airplane
48585,3,"['frog', 'ship', 'automobile', 'airplane']",ship
48586,7,"['automobile', 'cat', 'airplane', 'frog']",airplane
48587,0,"['horse', 'deer', 'frog', 'cat']",horse
48588,4,"['cat', 'automobile', 'frog', 'airplane']",automobile
48589,2,"['ship', 'cat', 'automobile', 'airplane']",automobile
48590,9,"['dog', 'frog', 'cat', 'airplane']",airplane
48591,4,"['cat', 'automobile', 'frog', 'airplane']",automobile
48592,3,"['frog', 'ship', 'automobile', 'airplane']",ship
48593,6,"['automobile', 'horse', 'ship', 'airplane']",airplane
48594,2,"['ship', 'cat', 'automobile', 'airplane']",cat
48595,1,"['bird', 'dog', 'frog', 'cat', 'airplane']",airplane
48596,7,"['automobile', 'cat', 'airplane', 'frog']",cat
48597,8,"['horse', 'airplane', 'cat', 'frog']",horse
48598,2,"['ship', 'cat', 'automobile', 'airplane']",cat
48599,3,"['frog', 'ship', 'automobile', 'airplane']",ship
48600,6,"['automobile', 'horse', 'ship', 'airplane']",airplane
48601,3,"['frog', 'ship', 'automobile', 'airplane']",ship
48602,8,"['horse', 'airplane', 'cat', 'frog']",horse
48603,1,"['bird', 'dog', 'frog', 'cat', 'airplane']",airplane
48604,8,"['horse', 'airplane', 'cat', 'frog']",horse
48605,4,"['cat', 'automobile', 'frog', 'airplane']",automobile
48606,9,"['dog', 'frog', 'cat', 'airplane']",airplane
48607,6,"['automobile', 'horse', 'ship', 'airplane']",airplane
48608,2,"['ship', 'cat', 'automobile', 'airplane']",cat
48609,3,"['frog', 'ship', 'automobile', 'airplane']",frog
48610,1,"['bird', 'dog', 'frog', 'cat', 'airplane']",airplane
48611,8,"['horse', 'airplane', 'cat', 'frog']",horse
48612,1,"['bird', 'dog', 'frog', 'cat', 'airplane']",airplane
48613,4,"['cat', 'automobile', 'frog', 'airplane']",automobile
48614,3,"['frog', 'ship', 'automobile', 'airplane']",ship
48615,9,"['dog', 'frog', 'cat', 'airplane']",airplane
48616,4,"['cat', 'automobile', 'frog', 'airplane']",automobile
48617,1,"['bird', 'dog', 'frog', 'cat', 'airplane']",airplane
48618,0,"['horse', 'deer', 'frog', 'cat']",horse
48619,6,"['automobile', 'horse', 'ship', 'airplane']",airplane
48620,7,"['automobile', 'cat', 'airplane', 'frog']",cat
48621,4,"['cat', 'automobile', 'frog', 'airplane']",automobile
48622,9,"['dog', 'frog', 'cat', 'airplane']",airplane
48623,9,"['dog', 'frog', 'cat', 'airplane']",dog
48624,5,"['frog', 'ship', 'airplane', 'automobile']",ship
48625,5,"['frog', 'ship', 'airplane', 'automobile']",ship
48626,9,"['dog', 'frog', 'cat', 'airplane']",dog
48627,6,"['automobile', 'horse', 'ship', 'airplane']",airplane
48628,2,"['ship', 'cat', 'automobile', 'airplane']",automobile
48629,3,"['frog', 'ship', 'automobile', 'airplane']",ship
48630,5,"['frog', 'ship', 'airplane', 'automobile']",ship
48631,1,"['bird', 'dog', 'frog', 'cat', 'airplane']",airplane
48632,5,"['frog', 'ship', 'airplane', 'automobile']",ship
48633,9,"['dog', 'frog', 'cat', 'airplane']",airplane
48634,4,"['cat', 'automobile', 'frog', 'airplane']",automobile
48635,0,"['horse', 'deer', 'frog', 'cat']",horse
48636,1,"['bird', 'dog', 'frog', 'cat', 'airplane']",airplane
48637,4,"['cat', 'automobile', 'frog', 'airplane']",automobile
48638,3,"['frog', 'ship', 'automobile', 'airplane']",ship
48639,1,"['bird', 'dog', 'frog', 'cat', 'airplane']",airplane
48640,1,"['bird', 'dog', 'frog', 'cat', 'airplane']",airplane
48641,8,"['horse', 'airplane', 'cat', 'frog']",horse
48642,7,"['automobile', 'cat', 'airplane', 'frog']",cat
48643,0,"['horse', 'deer', 'frog', 'cat']",horse
48644,1,"['bird', 'dog', 'frog', 'cat', 'airplane']",airplane
48645,5,"['frog', 'ship', 'airplane', 'automobile']",ship
48646,9,"['dog', 'frog', 'cat', 'airplane']",airplane
48647,8,"['horse', 'airplane', 'cat', 'frog']",horse
48648,9,"['dog', 'frog', 'cat', 'airplane']",airplane
48649,7,"['automobile', 'cat', 'airplane', 'frog']",cat
48650,6,"['automobile', 'horse', 'ship', 'airplane']",airplane
48651,2,"['ship', 'cat', 'automobile', 'airplane']",automobile
48652,9,"['dog', 'frog', 'cat', 'airplane']",airplane
48653,0,"['horse', 'deer', 'frog', 'cat']",horse
48654,9,"['dog', 'frog', 'cat', 'airplane']",airplane
48655,1,"['bird', 'dog', 'frog', 'cat', 'airplane']",airplane
48656,1,"['bird', 'dog', 'frog', 'cat', 'airplane']",airplane
48657,3,"['frog', 'ship', 'automobile', 'airplane']",ship
48658,6,"['automobile', 'horse', 'ship', 'airplane']",airplane
48659,6,"['automobile', 'horse', 'ship', 'airplane']",airplane
48660,5,"['frog', 'ship', 'airplane', 'automobile']",ship
48661,7,"['automobile', 'cat', 'airplane', 'frog']",airplane
48662,9,"['dog', 'frog', 'cat', 'airplane']",airplane
48663,0,"['horse', 'deer', 'frog', 'cat']",horse
48664,6,"['automobile', 'horse', 'ship', 'airplane']",airplane
48665,6,"['automobile', 'horse', 'ship', 'airplane']",airplane
48666,5,"['frog', 'ship', 'airplane', 'automobile']",ship
48667,1,"['bird', 'dog', 'frog', 'cat', 'airplane']",airplane
48668,8,"['horse', 'airplane', 'cat', 'frog']",horse
48669,1,"['bird', 'dog', 'frog', 'cat', 'airplane']",airplane
48670,8,"['horse', 'airplane', 'cat', 'frog']",horse
48671,0,"['horse', 'deer', 'frog', 'cat']",horse
48672,9,"['dog', 'frog', 'cat', 'airplane']",airplane
48673,5,"['frog', 'ship', 'airplane', 'automobile']",ship
48674,5,"['frog', 'ship', 'airplane', 'automobile']",ship
48675,1,"['bird', 'dog', 'frog', 'cat', 'airplane']",airplane
48676,2,"['ship', 'cat', 'automobile', 'airplane']",automobile
48677,0,"['horse', 'deer', 'frog', 'cat']",horse
48678,8,"['horse', 'airplane', 'cat', 'frog']",horse
48679,7,"['automobile', 'cat', 'airplane', 'frog']",cat
48680,9,"['dog', 'frog', 'cat', 'airplane']",dog
48681,1,"['bird', 'dog', 'frog', 'cat', 'airplane']",airplane
48682,9,"['dog', 'frog', 'cat', 'airplane']",airplane
48683,5,"['frog', 'ship', 'airplane', 'automobile']",ship
48684,7,"['automobile', 'cat', 'airplane', 'frog']",cat
48685,5,"['frog', 'ship', 'airplane', 'automobile']",ship
48686,3,"['frog', 'ship', 'automobile', 'airplane']",ship
48687,0,"['horse', 'deer', 'frog', 'cat']",horse
48688,7,"['automobile', 'cat', 'airplane', 'frog']",cat
48689,4,"['cat', 'automobile', 'frog', 'airplane']",automobile
48690,8,"['horse', 'airplane', 'cat', 'frog']",horse
48691,0,"['horse', 'deer', 'frog', 'cat']",horse
48692,2,"['ship', 'cat', 'automobile', 'airplane']",cat
48693,5,"['frog', 'ship', 'airplane', 'automobile']",ship
48694,2,"['ship', 'cat', 'automobile', 'airplane']",cat
48695,7,"['automobile', 'cat', 'airplane', 'frog']",frog
48696,9,"['dog', 'frog', 'cat', 'airplane']",dog
48697,7,"['automobile', 'cat', 'airplane', 'frog']",airplane
48698,8,"['horse', 'airplane', 'cat', 'frog']",horse
48699,4,"['cat', 'automobile', 'frog', 'airplane']",automobile
48700,8,"['horse', 'airplane', 'cat', 'frog']",horse
48701,5,"['frog', 'ship', 'airplane', 'automobile']",ship
48702,2,"['ship', 'cat', 'automobile', 'airplane']",cat
48703,2,"['ship', 'cat', 'automobile', 'airplane']",cat
48704,5,"['frog', 'ship', 'airplane', 'automobile']",ship
48705,9,"['dog', 'frog', 'cat', 'airplane']",airplane
48706,1,"['bird', 'dog', 'frog', 'cat', 'airplane']",airplane
48707,4,"['cat', 'automobile', 'frog', 'airplane']",automobile
48708,5,"['frog', 'ship', 'airplane', 'automobile']",ship
48709,1,"['bird', 'dog', 'frog', 'cat', 'airplane']",airplane
48710,6,"['automobile', 'horse', 'ship', 'airplane']",automobile
48711,5,"['frog', 'ship', 'airplane', 'automobile']",ship
48712,2,"['ship', 'cat', 'automobile', 'airplane']",cat
48713,9,"['dog', 'frog', 'cat', 'airplane']",airplane
48714,7,"['automobile', 'cat', 'airplane', 'frog']",cat
48715,5,"['frog', 'ship', 'airplane', 'automobile']",ship
48716,4,"['cat', 'automobile', 'frog', 'airplane']",automobile
48717,7,"['automobile', 'cat', 'airplane', 'frog']",cat
48718,9,"['dog', 'frog', 'cat', 'airplane']",airplane
48719,3,"['frog', 'ship', 'automobile', 'airplane']",ship
48720,7,"['automobile', 'cat', 'airplane', 'frog']",cat
48721,2,"['ship', 'cat', 'automobile', 'airplane']",cat
48722,3,"['frog', 'ship', 'automobile', 'airplane']",ship
48723,6,"['automobile', 'horse', 'ship', 'airplane']",airplane
48724,5,"['frog', 'ship', 'airplane', 'automobile']",ship
48725,8,"['horse', 'airplane', 'cat', 'frog']",horse
48726,8,"['horse', 'airplane', 'cat', 'frog']",horse
48727,7,"['automobile', 'cat', 'airplane', 'frog']",cat
48728,1,"['bird', 'dog', 'frog', 'cat', 'airplane']",airplane
48729,0,"['horse', 'deer', 'frog', 'cat']",horse
48730,5,"['frog', 'ship', 'airplane', 'automobile']",ship
48731,4,"['cat', 'automobile', 'frog', 'airplane']",automobile
48732,7,"['automobile', 'cat', 'airplane', 'frog']",airplane
48733,2,"['ship', 'cat', 'automobile', 'airplane']",cat
48734,9,"['dog', 'frog', 'cat', 'airplane']",dog
48735,2,"['ship', 'cat', 'automobile', 'airplane']",cat
48736,5,"['frog', 'ship', 'airplane', 'automobile']",ship
48737,8,"['horse', 'airplane', 'cat', 'frog']",horse
48738,4,"['cat', 'automobile', 'frog', 'airplane']",automobile
48739,2,"['ship', 'cat', 'automobile', 'airplane']",cat
48740,1,"['bird', 'dog', 'frog', 'cat', 'airplane']",airplane
48741,7,"['automobile', 'cat', 'airplane', 'frog']",cat
48742,3,"['frog', 'ship', 'automobile', 'airplane']",ship
48743,9,"['dog', 'frog', 'cat', 'airplane']",dog
48744,8,"['horse', 'airplane', 'cat', 'frog']",horse
48745,2,"['ship', 'cat', 'automobile', 'airplane']",cat
48746,1,"['bird', 'dog', 'frog', 'cat', 'airplane']",airplane
48747,6,"['automobile', 'horse', 'ship', 'airplane']",horse
48748,0,"['horse', 'deer', 'frog', 'cat']",horse
48749,1,"['bird', 'dog', 'frog', 'cat', 'airplane']",airplane
48750,5,"['frog', 'ship', 'airplane', 'automobile']",ship
48751,9,"['dog', 'frog', 'cat', 'airplane']",airplane
48752,8,"['horse', 'airplane', 'cat', 'frog']",horse
48753,6,"['automobile', 'horse', 'ship', 'airplane']",airplane
48754,5,"['frog', 'ship', 'airplane', 'automobile']",ship
48755,8,"['horse', 'airplane', 'cat', 'frog']",horse
48756,8,"['horse', 'airplane', 'cat', 'frog']",horse
48757,8,"['horse', 'airplane', 'cat', 'frog']",horse
48758,3,"['frog', 'ship', 'automobile', 'airplane']",ship
48759,7,"['automobile', 'cat', 'airplane', 'frog']",cat
48760,4,"['cat', 'automobile', 'frog', 'airplane']",automobile
48761,3,"['frog', 'ship', 'automobile', 'airplane']",ship
48762,3,"['frog', 'ship', 'automobile', 'airplane']",ship
48763,3,"['frog', 'ship', 'automobile', 'airplane']",ship
48764,2,"['ship', 'cat', 'automobile', 'airplane']",cat
48765,6,"['automobile', 'horse', 'ship', 'airplane']",airplane
48766,9,"['dog', 'frog', 'cat', 'airplane']",airplane
48767,7,"['automobile', 'cat', 'airplane', 'frog']",cat
48768,3,"['frog', 'ship', 'automobile', 'airplane']",ship
48769,9,"['dog', 'frog', 'cat', 'airplane']",airplane
48770,6,"['automobile', 'horse', 'ship', 'airplane']",airplane
48771,6,"['automobile', 'horse', 'ship', 'airplane']",airplane
48772,3,"['frog', 'ship', 'automobile', 'airplane']",ship
48773,7,"['automobile', 'cat', 'airplane', 'frog']",cat
48774,8,"['horse', 'airplane', 'cat', 'frog']",horse
48775,5,"['frog', 'ship', 'airplane', 'automobile']",ship
48776,3,"['frog', 'ship', 'automobile', 'airplane']",ship
48777,0,"['horse', 'deer', 'frog', 'cat']",horse
48778,0,"['horse', 'deer', 'frog', 'cat']",horse
48779,2,"['ship', 'cat', 'automobile', 'airplane']",cat
48780,4,"['cat', 'automobile', 'frog', 'airplane']",automobile
48781,4,"['cat', 'automobile', 'frog', 'airplane']",automobile
48782,0,"['horse', 'deer', 'frog', 'cat']",horse
48783,2,"['ship', 'cat', 'automobile', 'airplane']",cat
48784,2,"['ship', 'cat', 'automobile', 'airplane']",cat
48785,5,"['frog', 'ship', 'airplane', 'automobile']",ship
48786,5,"['frog', 'ship', 'airplane', 'automobile']",ship
48787,4,"['cat', 'automobile', 'frog', 'airplane']",automobile
48788,0,"['horse', 'deer', 'frog', 'cat']",horse
48789,6,"['automobile', 'horse', 'ship', 'airplane']",airplane
48790,2,"['ship', 'cat', 'automobile', 'airplane']",automobile
48791,1,"['bird', 'dog', 'frog', 'cat', 'airplane']",airplane
48792,0,"['horse', 'deer', 'frog', 'cat']",horse
48793,8,"['horse', 'airplane', 'cat', 'frog']",horse
48794,8,"['horse', 'airplane', 'cat', 'frog']",horse
48795,6,"['automobile', 'horse', 'ship', 'airplane']",airplane
48796,4,"['cat', 'automobile', 'frog', 'airplane']",automobile
48797,5,"['frog', 'ship', 'airplane', 'automobile']",ship
48798,3,"['frog', 'ship', 'automobile', 'airplane']",ship
48799,1,"['bird', 'dog', 'frog', 'cat', 'airplane']",airplane
48800,2,"['ship', 'cat', 'automobile', 'airplane']",cat
48801,4,"['cat', 'automobile', 'frog', 'airplane']",automobile
48802,6,"['automobile', 'horse', 'ship', 'airplane']",airplane
48803,7,"['automobile', 'cat', 'airplane', 'frog']",airplane
48804,6,"['automobile', 'horse', 'ship', 'airplane']",ship
48805,8,"['horse', 'airplane', 'cat', 'frog']",horse
48806,1,"['bird', 'dog', 'frog', 'cat', 'airplane']",airplane
48807,4,"['cat', 'automobile', 'frog', 'airplane']",automobile
48808,3,"['frog', 'ship', 'automobile', 'airplane']",ship
48809,9,"['dog', 'frog', 'cat', 'airplane']",airplane
48810,9,"['dog', 'frog', 'cat', 'airplane']",airplane
48811,7,"['automobile', 'cat', 'airplane', 'frog']",cat
48812,4,"['cat', 'automobile', 'frog', 'airplane']",automobile
48813,7,"['automobile', 'cat', 'airplane', 'frog']",cat
48814,3,"['frog', 'ship', 'automobile', 'airplane']",ship
48815,7,"['automobile', 'cat', 'airplane', 'frog']",cat
48816,9,"['dog', 'frog', 'cat', 'airplane']",airplane
48817,5,"['frog', 'ship', 'airplane', 'automobile']",ship
48818,1,"['bird', 'dog', 'frog', 'cat', 'airplane']",airplane
48819,6,"['automobile', 'horse', 'ship', 'airplane']",airplane
48820,1,"['bird', 'dog', 'frog', 'cat', 'airplane']",airplane
48821,8,"['horse', 'airplane', 'cat', 'frog']",horse
48822,5,"['frog', 'ship', 'airplane', 'automobile']",ship
48823,7,"['automobile', 'cat', 'airplane', 'frog']",cat
48824,4,"['cat', 'automobile', 'frog', 'airplane']",automobile
48825,4,"['cat', 'automobile', 'frog', 'airplane']",automobile
48826,7,"['automobile', 'cat', 'airplane', 'frog']",cat
48827,9,"['dog', 'frog', 'cat', 'airplane']",dog
48828,5,"['frog', 'ship', 'airplane', 'automobile']",ship
48829,7,"['automobile', 'cat', 'airplane', 'frog']",cat
48830,3,"['frog', 'ship', 'automobile', 'airplane']",ship
48831,2,"['ship', 'cat', 'automobile', 'airplane']",automobile
48832,5,"['frog', 'ship', 'airplane', 'automobile']",ship
48833,2,"['ship', 'cat', 'automobile', 'airplane']",ship
48834,3,"['frog', 'ship', 'automobile', 'airplane']",ship
48835,2,"['ship', 'cat', 'automobile', 'airplane']",cat
48836,8,"['horse', 'airplane', 'cat', 'frog']",horse
48837,7,"['automobile', 'cat', 'airplane', 'frog']",cat
48838,8,"['horse', 'airplane', 'cat', 'frog']",horse
48839,9,"['dog', 'frog', 'cat', 'airplane']",airplane
48840,1,"['bird', 'dog', 'frog', 'cat', 'airplane']",airplane
48841,6,"['automobile', 'horse', 'ship', 'airplane']",ship
48842,0,"['horse', 'deer', 'frog', 'cat']",horse
48843,5,"['frog', 'ship', 'airplane', 'automobile']",ship
48844,0,"['horse', 'deer', 'frog', 'cat']",horse
48845,1,"['bird', 'dog', 'frog', 'cat', 'airplane']",airplane
48846,3,"['frog', 'ship', 'automobile', 'airplane']",ship
48847,0,"['horse', 'deer', 'frog', 'cat']",horse
48848,7,"['automobile', 'cat', 'airplane', 'frog']",cat
48849,3,"['frog', 'ship', 'automobile', 'airplane']",ship
48850,0,"['horse', 'deer', 'frog', 'cat']",horse
48851,0,"['horse', 'deer', 'frog', 'cat']",horse
48852,0,"['horse', 'deer', 'frog', 'cat']",horse
48853,7,"['automobile', 'cat', 'airplane', 'frog']",cat
48854,6,"['automobile', 'horse', 'ship', 'airplane']",airplane
48855,6,"['automobile', 'horse', 'ship', 'airplane']",airplane
48856,0,"['horse', 'deer', 'frog', 'cat']",horse
48857,7,"['automobile', 'cat', 'airplane', 'frog']",airplane
48858,7,"['automobile', 'cat', 'airplane', 'frog']",cat
48859,0,"['horse', 'deer', 'frog', 'cat']",horse
48860,4,"['cat', 'automobile', 'frog', 'airplane']",automobile
48861,0,"['horse', 'deer', 'frog', 'cat']",horse
48862,4,"['cat', 'automobile', 'frog', 'airplane']",automobile
48863,9,"['dog', 'frog', 'cat', 'airplane']",airplane
48864,8,"['horse', 'airplane', 'cat', 'frog']",horse
48865,7,"['automobile', 'cat', 'airplane', 'frog']",airplane
48866,6,"['automobile', 'horse', 'ship', 'airplane']",airplane
48867,3,"['frog', 'ship', 'automobile', 'airplane']",ship
48868,9,"['dog', 'frog', 'cat', 'airplane']",airplane
48869,0,"['horse', 'deer', 'frog', 'cat']",horse
48870,2,"['ship', 'cat', 'automobile', 'airplane']",automobile
48871,8,"['horse', 'airplane', 'cat', 'frog']",horse
48872,8,"['horse', 'airplane', 'cat', 'frog']",horse
48873,2,"['ship', 'cat', 'automobile', 'airplane']",automobile
48874,8,"['horse', 'airplane', 'cat', 'frog']",horse
48875,4,"['cat', 'automobile', 'frog', 'airplane']",automobile
48876,4,"['cat', 'automobile', 'frog', 'airplane']",automobile
48877,8,"['horse', 'airplane', 'cat', 'frog']",horse
48878,4,"['cat', 'automobile', 'frog', 'airplane']",airplane
48879,4,"['cat', 'automobile', 'frog', 'airplane']",automobile
48880,3,"['frog', 'ship', 'automobile', 'airplane']",ship
48881,4,"['cat', 'automobile', 'frog', 'airplane']",automobile
48882,5,"['frog', 'ship', 'airplane', 'automobile']",ship
48883,5,"['frog', 'ship', 'airplane', 'automobile']",ship
48884,4,"['cat', 'automobile', 'frog', 'airplane']",airplane
48885,2,"['ship', 'cat', 'automobile', 'airplane']",automobile
48886,6,"['automobile', 'horse', 'ship', 'airplane']",airplane
48887,9,"['dog', 'frog', 'cat', 'airplane']",dog
48888,6,"['automobile', 'horse', 'ship', 'airplane']",ship
48889,4,"['cat', 'automobile', 'frog', 'airplane']",automobile
48890,5,"['frog', 'ship', 'airplane', 'automobile']",ship
48891,0,"['horse', 'deer', 'frog', 'cat']",horse
48892,4,"['cat', 'automobile', 'frog', 'airplane']",automobile
48893,2,"['ship', 'cat', 'automobile', 'airplane']",automobile
48894,2,"['ship', 'cat', 'automobile', 'airplane']",ship
48895,6,"['automobile', 'horse', 'ship', 'airplane']",airplane
48896,4,"['cat', 'automobile', 'frog', 'airplane']",automobile
48897,6,"['automobile', 'horse', 'ship', 'airplane']",airplane
48898,1,"['bird', 'dog', 'frog', 'cat', 'airplane']",airplane
48899,1,"['bird', 'dog', 'frog', 'cat', 'airplane']",airplane
48900,5,"['frog', 'ship', 'airplane', 'automobile']",ship
48901,1,"['bird', 'dog', 'frog', 'cat', 'airplane']",airplane
48902,4,"['cat', 'automobile', 'frog', 'airplane']",automobile
48903,7,"['automobile', 'cat', 'airplane', 'frog']",airplane
48904,6,"['automobile', 'horse', 'ship', 'airplane']",airplane
48905,8,"['horse', 'airplane', 'cat', 'frog']",horse
48906,2,"['ship', 'cat', 'automobile', 'airplane']",automobile
48907,3,"['frog', 'ship', 'automobile', 'airplane']",ship
48908,0,"['horse', 'deer', 'frog', 'cat']",horse
48909,3,"['frog', 'ship', 'automobile', 'airplane']",ship
48910,5,"['frog', 'ship', 'airplane', 'automobile']",ship
48911,8,"['horse', 'airplane', 'cat', 'frog']",horse
48912,3,"['frog', 'ship', 'automobile', 'airplane']",ship
48913,6,"['automobile', 'horse', 'ship', 'airplane']",airplane
48914,3,"['frog', 'ship', 'automobile', 'airplane']",ship
48915,1,"['bird', 'dog', 'frog', 'cat', 'airplane']",airplane
48916,9,"['dog', 'frog', 'cat', 'airplane']",dog
48917,1,"['bird', 'dog', 'frog', 'cat', 'airplane']",airplane
48918,7,"['automobile', 'cat', 'airplane', 'frog']",airplane
48919,9,"['dog', 'frog', 'cat', 'airplane']",dog
48920,8,"['horse', 'airplane', 'cat', 'frog']",airplane
48921,9,"['dog', 'frog', 'cat', 'airplane']",airplane
48922,2,"['ship', 'cat', 'automobile', 'airplane']",cat
48923,7,"['automobile', 'cat', 'airplane', 'frog']",cat
48924,0,"['horse', 'deer', 'frog', 'cat']",deer
48925,6,"['automobile', 'horse', 'ship', 'airplane']",ship
48926,0,"['horse', 'deer', 'frog', 'cat']",horse
48927,7,"['automobile', 'cat', 'airplane', 'frog']",cat
48928,3,"['frog', 'ship', 'automobile', 'airplane']",ship
48929,6,"['automobile', 'horse', 'ship', 'airplane']",airplane
48930,0,"['horse', 'deer', 'frog', 'cat']",horse
48931,3,"['frog', 'ship', 'automobile', 'airplane']",ship
48932,6,"['automobile', 'horse', 'ship', 'airplane']",airplane
48933,3,"['frog', 'ship', 'automobile', 'airplane']",ship
48934,5,"['frog', 'ship', 'airplane', 'automobile']",ship
48935,5,"['frog', 'ship', 'airplane', 'automobile']",ship
48936,8,"['horse', 'airplane', 'cat', 'frog']",horse
48937,4,"['cat', 'automobile', 'frog', 'airplane']",automobile
48938,7,"['automobile', 'cat', 'airplane', 'frog']",cat
48939,0,"['horse', 'deer', 'frog', 'cat']",horse
48940,6,"['automobile', 'horse', 'ship', 'airplane']",ship
48941,6,"['automobile', 'horse', 'ship', 'airplane']",airplane
48942,6,"['automobile', 'horse', 'ship', 'airplane']",airplane
48943,8,"['horse', 'airplane', 'cat', 'frog']",horse
48944,2,"['ship', 'cat', 'automobile', 'airplane']",cat
48945,4,"['cat', 'automobile', 'frog', 'airplane']",automobile
48946,3,"['frog', 'ship', 'automobile', 'airplane']",ship
48947,6,"['automobile', 'horse', 'ship', 'airplane']",horse
48948,7,"['automobile', 'cat', 'airplane', 'frog']",cat
48949,9,"['dog', 'frog', 'cat', 'airplane']",airplane
48950,4,"['cat', 'automobile', 'frog', 'airplane']",automobile
48951,2,"['ship', 'cat', 'automobile', 'airplane']",cat
48952,3,"['frog', 'ship', 'automobile', 'airplane']",ship
48953,8,"['horse', 'airplane', 'cat', 'frog']",horse
48954,1,"['bird', 'dog', 'frog', 'cat', 'airplane']",airplane
48955,4,"['cat', 'automobile', 'frog', 'airplane']",automobile
48956,6,"['automobile', 'horse', 'ship', 'airplane']",airplane
48957,3,"['frog', 'ship', 'automobile', 'airplane']",ship
48958,0,"['horse', 'deer', 'frog', 'cat']",horse
48959,8,"['horse', 'airplane', 'cat', 'frog']",horse
48960,7,"['automobile', 'cat', 'airplane', 'frog']",frog
48961,4,"['cat', 'automobile', 'frog', 'airplane']",automobile
48962,1,"['bird', 'dog', 'frog', 'cat', 'airplane']",airplane
48963,9,"['dog', 'frog', 'cat', 'airplane']",dog
48964,8,"['horse', 'airplane', 'cat', 'frog']",horse
48965,8,"['horse', 'airplane', 'cat', 'frog']",horse
48966,3,"['frog', 'ship', 'automobile', 'airplane']",ship
48967,5,"['frog', 'ship', 'airplane', 'automobile']",ship
48968,0,"['horse', 'deer', 'frog', 'cat']",horse
48969,4,"['cat', 'automobile', 'frog', 'airplane']",automobile
48970,1,"['bird', 'dog', 'frog', 'cat', 'airplane']",airplane
48971,0,"['horse', 'deer', 'frog', 'cat']",deer
48972,1,"['bird', 'dog', 'frog', 'cat', 'airplane']",airplane
48973,2,"['ship', 'cat', 'automobile', 'airplane']",cat
48974,6,"['automobile', 'horse', 'ship', 'airplane']",airplane
48975,1,"['bird', 'dog', 'frog', 'cat', 'airplane']",airplane
48976,3,"['frog', 'ship', 'automobile', 'airplane']",ship
48977,6,"['automobile', 'horse', 'ship', 'airplane']",airplane
48978,0,"['horse', 'deer', 'frog', 'cat']",horse
48979,0,"['horse', 'deer', 'frog', 'cat']",horse
48980,5,"['frog', 'ship', 'airplane', 'automobile']",ship
48981,6,"['automobile', 'horse', 'ship', 'airplane']",airplane
48982,9,"['dog', 'frog', 'cat', 'airplane']",airplane
48983,6,"['automobile', 'horse', 'ship', 'airplane']",airplane
48984,8,"['horse', 'airplane', 'cat', 'frog']",horse
48985,4,"['cat', 'automobile', 'frog', 'airplane']",automobile
48986,0,"['horse', 'deer', 'frog', 'cat']",horse
48987,9,"['dog', 'frog', 'cat', 'airplane']",airplane
48988,2,"['ship', 'cat', 'automobile', 'airplane']",automobile
48989,2,"['ship', 'cat', 'automobile', 'airplane']",automobile
48990,8,"['horse', 'airplane', 'cat', 'frog']",horse
48991,5,"['frog', 'ship', 'airplane', 'automobile']",ship
48992,5,"['frog', 'ship', 'airplane', 'automobile']",ship
48993,3,"['frog', 'ship', 'automobile', 'airplane']",ship
48994,2,"['ship', 'cat', 'automobile', 'airplane']",cat
48995,1,"['bird', 'dog', 'frog', 'cat', 'airplane']",airplane
48996,9,"['dog', 'frog', 'cat', 'airplane']",airplane
48997,4,"['cat', 'automobile', 'frog', 'airplane']",automobile
48998,9,"['dog', 'frog', 'cat', 'airplane']",airplane
48999,3,"['frog', 'ship', 'automobile', 'airplane']",ship
49000,8,"['horse', 'airplane', 'cat', 'frog']",horse
49001,9,"['dog', 'frog', 'cat', 'airplane']",airplane
49002,4,"['cat', 'automobile', 'frog', 'airplane']",automobile
49003,9,"['dog', 'frog', 'cat', 'airplane']",dog
49004,0,"['horse', 'deer', 'frog', 'cat']",horse
49005,5,"['frog', 'ship', 'airplane', 'automobile']",ship
49006,0,"['horse', 'deer', 'frog', 'cat']",horse
49007,8,"['horse', 'airplane', 'cat', 'frog']",horse
49008,2,"['ship', 'cat', 'automobile', 'airplane']",cat
49009,3,"['frog', 'ship', 'automobile', 'airplane']",ship
49010,7,"['automobile', 'cat', 'airplane', 'frog']",cat
49011,8,"['horse', 'airplane', 'cat', 'frog']",horse
49012,9,"['dog', 'frog', 'cat', 'airplane']",dog
49013,4,"['cat', 'automobile', 'frog', 'airplane']",automobile
49014,5,"['frog', 'ship', 'airplane', 'automobile']",ship
49015,3,"['frog', 'ship', 'automobile', 'airplane']",ship
49016,2,"['ship', 'cat', 'automobile', 'airplane']",cat
49017,5,"['frog', 'ship', 'airplane', 'automobile']",ship
49018,0,"['horse', 'deer', 'frog', 'cat']",horse
49019,7,"['automobile', 'cat', 'airplane', 'frog']",cat
49020,2,"['ship', 'cat', 'automobile', 'airplane']",cat
49021,1,"['bird', 'dog', 'frog', 'cat', 'airplane']",airplane
49022,1,"['bird', 'dog', 'frog', 'cat', 'airplane']",airplane
49023,4,"['cat', 'automobile', 'frog', 'airplane']",automobile
49024,4,"['cat', 'automobile', 'frog', 'airplane']",automobile
49025,8,"['horse', 'airplane', 'cat', 'frog']",horse
49026,9,"['dog', 'frog', 'cat', 'airplane']",airplane
49027,4,"['cat', 'automobile', 'frog', 'airplane']",automobile
49028,6,"['automobile', 'horse', 'ship', 'airplane']",airplane
49029,9,"['dog', 'frog', 'cat', 'airplane']",dog
49030,4,"['cat', 'automobile', 'frog', 'airplane']",automobile
49031,9,"['dog', 'frog', 'cat', 'airplane']",airplane
49032,3,"['frog', 'ship', 'automobile', 'airplane']",ship
49033,5,"['frog', 'ship', 'airplane', 'automobile']",ship
49034,6,"['automobile', 'horse', 'ship', 'airplane']",airplane
49035,9,"['dog', 'frog', 'cat', 'airplane']",airplane
49036,9,"['dog', 'frog', 'cat', 'airplane']",dog
49037,7,"['automobile', 'cat', 'airplane', 'frog']",cat
49038,7,"['automobile', 'cat', 'airplane', 'frog']",airplane
49039,6,"['automobile', 'horse', 'ship', 'airplane']",automobile
49040,1,"['bird', 'dog', 'frog', 'cat', 'airplane']",airplane
49041,6,"['automobile', 'horse', 'ship', 'airplane']",airplane
49042,8,"['horse', 'airplane', 'cat', 'frog']",horse
49043,8,"['horse', 'airplane', 'cat', 'frog']",horse
49044,3,"['frog', 'ship', 'automobile', 'airplane']",ship
49045,1,"['bird', 'dog', 'frog', 'cat', 'airplane']",airplane
49046,6,"['automobile', 'horse', 'ship', 'airplane']",airplane
49047,7,"['automobile', 'cat', 'airplane', 'frog']",airplane
49048,7,"['automobile', 'cat', 'airplane', 'frog']",airplane
49049,2,"['ship', 'cat', 'automobile', 'airplane']",cat
49050,0,"['horse', 'deer', 'frog', 'cat']",horse
49051,7,"['automobile', 'cat', 'airplane', 'frog']",airplane
49052,5,"['frog', 'ship', 'airplane', 'automobile']",ship
49053,2,"['ship', 'cat', 'automobile', 'airplane']",cat
49054,3,"['frog', 'ship', 'automobile', 'airplane']",ship
49055,4,"['cat', 'automobile', 'frog', 'airplane']",automobile
49056,6,"['automobile', 'horse', 'ship', 'airplane']",airplane
49057,9,"['dog', 'frog', 'cat', 'airplane']",airplane
49058,7,"['automobile', 'cat', 'airplane', 'frog']",cat
49059,6,"['automobile', 'horse', 'ship', 'airplane']",airplane
49060,1,"['bird', 'dog', 'frog', 'cat', 'airplane']",airplane
49061,6,"['automobile', 'horse', 'ship', 'airplane']",airplane
49062,6,"['automobile', 'horse', 'ship', 'airplane']",airplane
49063,7,"['automobile', 'cat', 'airplane', 'frog']",cat
49064,9,"['dog', 'frog', 'cat', 'airplane']",dog
49065,9,"['dog', 'frog', 'cat', 'airplane']",airplane
49066,1,"['bird', 'dog', 'frog', 'cat', 'airplane']",airplane
49067,0,"['horse', 'deer', 'frog', 'cat']",horse
49068,2,"['ship', 'cat', 'automobile', 'airplane']",cat
49069,2,"['ship', 'cat', 'automobile', 'airplane']",cat
49070,5,"['frog', 'ship', 'airplane', 'automobile']",ship
49071,7,"['automobile', 'cat', 'airplane', 'frog']",airplane
49072,9,"['dog', 'frog', 'cat', 'airplane']",dog
49073,9,"['dog', 'frog', 'cat', 'airplane']",airplane
49074,9,"['dog', 'frog', 'cat', 'airplane']",airplane
49075,1,"['bird', 'dog', 'frog', 'cat', 'airplane']",airplane
49076,6,"['automobile', 'horse', 'ship', 'airplane']",airplane
49077,4,"['cat', 'automobile', 'frog', 'airplane']",automobile
49078,3,"['frog', 'ship', 'automobile', 'airplane']",ship
49079,3,"['frog', 'ship', 'automobile', 'airplane']",frog
49080,1,"['bird', 'dog', 'frog', 'cat', 'airplane']",airplane
49081,3,"['frog', 'ship', 'automobile', 'airplane']",ship
49082,6,"['automobile', 'horse', 'ship', 'airplane']",airplane
49083,3,"['frog', 'ship', 'automobile', 'airplane']",ship
49084,1,"['bird', 'dog', 'frog', 'cat', 'airplane']",airplane
49085,1,"['bird', 'dog', 'frog', 'cat', 'airplane']",airplane
49086,9,"['dog', 'frog', 'cat', 'airplane']",dog
49087,9,"['dog', 'frog', 'cat', 'airplane']",dog
49088,6,"['automobile', 'horse', 'ship', 'airplane']",airplane
49089,3,"['frog', 'ship', 'automobile', 'airplane']",ship
49090,8,"['horse', 'airplane', 'cat', 'frog']",horse
49091,0,"['horse', 'deer', 'frog', 'cat']",horse
49092,0,"['horse', 'deer', 'frog', 'cat']",horse
49093,2,"['ship', 'cat', 'automobile', 'airplane']",cat
49094,6,"['automobile', 'horse', 'ship', 'airplane']",airplane
49095,6,"['automobile', 'horse', 'ship', 'airplane']",airplane
49096,1,"['bird', 'dog', 'frog', 'cat', 'airplane']",airplane
49097,4,"['cat', 'automobile', 'frog', 'airplane']",automobile
49098,4,"['cat', 'automobile', 'frog', 'airplane']",automobile
49099,2,"['ship', 'cat', 'automobile', 'airplane']",cat
49100,0,"['horse', 'deer', 'frog', 'cat']",horse
49101,2,"['ship', 'cat', 'automobile', 'airplane']",automobile
49102,8,"['horse', 'airplane', 'cat', 'frog']",horse
49103,7,"['automobile', 'cat', 'airplane', 'frog']",airplane
49104,2,"['ship', 'cat', 'automobile', 'airplane']",cat
49105,5,"['frog', 'ship', 'airplane', 'automobile']",ship
49106,2,"['ship', 'cat', 'automobile', 'airplane']",cat
49107,0,"['horse', 'deer', 'frog', 'cat']",horse
49108,8,"['horse', 'airplane', 'cat', 'frog']",horse
49109,7,"['automobile', 'cat', 'airplane', 'frog']",cat
49110,6,"['automobile', 'horse', 'ship', 'airplane']",ship
49111,5,"['frog', 'ship', 'airplane', 'automobile']",ship
49112,9,"['dog', 'frog', 'cat', 'airplane']",airplane
49113,5,"['frog', 'ship', 'airplane', 'automobile']",ship
49114,4,"['cat', 'automobile', 'frog', 'airplane']",automobile
49115,8,"['horse', 'airplane', 'cat', 'frog']",horse
49116,7,"['automobile', 'cat', 'airplane', 'frog']",airplane
49117,3,"['frog', 'ship', 'automobile', 'airplane']",ship
49118,5,"['frog', 'ship', 'airplane', 'automobile']",ship
49119,6,"['automobile', 'horse', 'ship', 'airplane']",airplane
49120,5,"['frog', 'ship', 'airplane', 'automobile']",ship
49121,1,"['bird', 'dog', 'frog', 'cat', 'airplane']",airplane
49122,1,"['bird', 'dog', 'frog', 'cat', 'airplane']",airplane
49123,9,"['dog', 'frog', 'cat', 'airplane']",airplane
49124,9,"['dog', 'frog', 'cat', 'airplane']",dog
49125,9,"['dog', 'frog', 'cat', 'airplane']",airplane
49126,7,"['automobile', 'cat', 'airplane', 'frog']",cat
49127,8,"['horse', 'airplane', 'cat', 'frog']",horse
49128,0,"['horse', 'deer', 'frog', 'cat']",horse
49129,6,"['automobile', 'horse', 'ship', 'airplane']",airplane
49130,0,"['horse', 'deer', 'frog', 'cat']",horse
49131,3,"['frog', 'ship', 'automobile', 'airplane']",ship
49132,7,"['automobile', 'cat', 'airplane', 'frog']",airplane
49133,7,"['automobile', 'cat', 'airplane', 'frog']",airplane
49134,8,"['horse', 'airplane', 'cat', 'frog']",horse
49135,6,"['automobile', 'horse', 'ship', 'airplane']",airplane
49136,1,"['bird', 'dog', 'frog', 'cat', 'airplane']",airplane
49137,1,"['bird', 'dog', 'frog', 'cat', 'airplane']",airplane
49138,4,"['cat', 'automobile', 'frog', 'airplane']",automobile
49139,7,"['automobile', 'cat', 'airplane', 'frog']",cat
49140,3,"['frog', 'ship', 'automobile', 'airplane']",ship
49141,7,"['automobile', 'cat', 'airplane', 'frog']",airplane
49142,3,"['frog', 'ship', 'automobile', 'airplane']",ship
49143,3,"['frog', 'ship', 'automobile', 'airplane']",ship
49144,8,"['horse', 'airplane', 'cat', 'frog']",horse
49145,6,"['automobile', 'horse', 'ship', 'airplane']",ship
49146,3,"['frog', 'ship', 'automobile', 'airplane']",ship
49147,9,"['dog', 'frog', 'cat', 'airplane']",airplane
49148,1,"['bird', 'dog', 'frog', 'cat', 'airplane']",airplane
49149,0,"['horse', 'deer', 'frog', 'cat']",horse
49150,1,"['bird', 'dog', 'frog', 'cat', 'airplane']",airplane
49151,1,"['bird', 'dog', 'frog', 'cat', 'airplane']",airplane
49152,8,"['horse', 'airplane', 'cat', 'frog']",horse
49153,2,"['ship', 'cat', 'automobile', 'airplane']",cat
49154,4,"['cat', 'automobile', 'frog', 'airplane']",automobile
49155,5,"['frog', 'ship', 'airplane', 'automobile']",ship
49156,2,"['ship', 'cat', 'automobile', 'airplane']",cat
49157,3,"['frog', 'ship', 'automobile', 'airplane']",ship
49158,9,"['dog', 'frog', 'cat', 'airplane']",dog
49159,2,"['ship', 'cat', 'automobile', 'airplane']",cat
49160,8,"['horse', 'airplane', 'cat', 'frog']",horse
49161,8,"['horse', 'airplane', 'cat', 'frog']",horse
49162,7,"['automobile', 'cat', 'airplane', 'frog']",cat
49163,1,"['bird', 'dog', 'frog', 'cat', 'airplane']",airplane
49164,0,"['horse', 'deer', 'frog', 'cat']",horse
49165,8,"['horse', 'airplane', 'cat', 'frog']",horse
49166,8,"['horse', 'airplane', 'cat', 'frog']",horse
49167,9,"['dog', 'frog', 'cat', 'airplane']",dog
49168,0,"['horse', 'deer', 'frog', 'cat']",horse
49169,0,"['horse', 'deer', 'frog', 'cat']",horse
49170,3,"['frog', 'ship', 'automobile', 'airplane']",frog
49171,6,"['automobile', 'horse', 'ship', 'airplane']",ship
49172,5,"['frog', 'ship', 'airplane', 'automobile']",ship
49173,1,"['bird', 'dog', 'frog', 'cat', 'airplane']",airplane
49174,0,"['horse', 'deer', 'frog', 'cat']",horse
49175,7,"['automobile', 'cat', 'airplane', 'frog']",cat
49176,0,"['horse', 'deer', 'frog', 'cat']",frog
49177,8,"['horse', 'airplane', 'cat', 'frog']",horse
49178,3,"['frog', 'ship', 'automobile', 'airplane']",ship
49179,2,"['ship', 'cat', 'automobile', 'airplane']",cat
49180,8,"['horse', 'airplane', 'cat', 'frog']",horse
49181,9,"['dog', 'frog', 'cat', 'airplane']",airplane
49182,8,"['horse', 'airplane', 'cat', 'frog']",horse
49183,7,"['automobile', 'cat', 'airplane', 'frog']",airplane
49184,8,"['horse', 'airplane', 'cat', 'frog']",horse
49185,5,"['frog', 'ship', 'airplane', 'automobile']",ship
49186,1,"['bird', 'dog', 'frog', 'cat', 'airplane']",airplane
49187,4,"['cat', 'automobile', 'frog', 'airplane']",automobile
49188,5,"['frog', 'ship', 'airplane', 'automobile']",ship
49189,0,"['horse', 'deer', 'frog', 'cat']",horse
49190,3,"['frog', 'ship', 'automobile', 'airplane']",ship
49191,8,"['horse', 'airplane', 'cat', 'frog']",horse
49192,6,"['automobile', 'horse', 'ship', 'airplane']",airplane
49193,9,"['dog', 'frog', 'cat', 'airplane']",dog
49194,9,"['dog', 'frog', 'cat', 'airplane']",dog
49195,8,"['horse', 'airplane', 'cat', 'frog']",horse
49196,1,"['bird', 'dog', 'frog', 'cat', 'airplane']",airplane
49197,3,"['frog', 'ship', 'automobile', 'airplane']",ship
49198,7,"['automobile', 'cat', 'airplane', 'frog']",airplane
49199,4,"['cat', 'automobile', 'frog', 'airplane']",automobile
49200,6,"['automobile', 'horse', 'ship', 'airplane']",ship
49201,8,"['horse', 'airplane', 'cat', 'frog']",horse
49202,7,"['automobile', 'cat', 'airplane', 'frog']",airplane
49203,7,"['automobile', 'cat', 'airplane', 'frog']",frog
49204,4,"['cat', 'automobile', 'frog', 'airplane']",automobile
49205,0,"['horse', 'deer', 'frog', 'cat']",horse
49206,9,"['dog', 'frog', 'cat', 'airplane']",airplane
49207,4,"['cat', 'automobile', 'frog', 'airplane']",automobile
49208,9,"['dog', 'frog', 'cat', 'airplane']",airplane
49209,6,"['automobile', 'horse', 'ship', 'airplane']",airplane
49210,6,"['automobile', 'horse', 'ship', 'airplane']",airplane
49211,9,"['dog', 'frog', 'cat', 'airplane']",dog
49212,6,"['automobile', 'horse', 'ship', 'airplane']",airplane
49213,4,"['cat', 'automobile', 'frog', 'airplane']",automobile
49214,6,"['automobile', 'horse', 'ship', 'airplane']",automobile
49215,5,"['frog', 'ship', 'airplane', 'automobile']",ship
49216,8,"['horse', 'airplane', 'cat', 'frog']",horse
49217,9,"['dog', 'frog', 'cat', 'airplane']",airplane
49218,3,"['frog', 'ship', 'automobile', 'airplane']",ship
49219,0,"['horse', 'deer', 'frog', 'cat']",horse
49220,8,"['horse', 'airplane', 'cat', 'frog']",horse
49221,1,"['bird', 'dog', 'frog', 'cat', 'airplane']",airplane
49222,3,"['frog', 'ship', 'automobile', 'airplane']",ship
49223,3,"['frog', 'ship', 'automobile', 'airplane']",ship
49224,2,"['ship', 'cat', 'automobile', 'airplane']",cat
49225,1,"['bird', 'dog', 'frog', 'cat', 'airplane']",airplane
49226,7,"['automobile', 'cat', 'airplane', 'frog']",cat
49227,3,"['frog', 'ship', 'automobile', 'airplane']",ship
49228,9,"['dog', 'frog', 'cat', 'airplane']",airplane
49229,7,"['automobile', 'cat', 'airplane', 'frog']",airplane
49230,1,"['bird', 'dog', 'frog', 'cat', 'airplane']",airplane
49231,7,"['automobile', 'cat', 'airplane', 'frog']",airplane
49232,1,"['bird', 'dog', 'frog', 'cat', 'airplane']",airplane
49233,3,"['frog', 'ship', 'automobile', 'airplane']",ship
49234,1,"['bird', 'dog', 'frog', 'cat', 'airplane']",airplane
49235,8,"['horse', 'airplane', 'cat', 'frog']",horse
49236,0,"['horse', 'deer', 'frog', 'cat']",horse
49237,4,"['cat', 'automobile', 'frog', 'airplane']",automobile
49238,9,"['dog', 'frog', 'cat', 'airplane']",dog
49239,1,"['bird', 'dog', 'frog', 'cat', 'airplane']",airplane
49240,3,"['frog', 'ship', 'automobile', 'airplane']",ship
49241,7,"['automobile', 'cat', 'airplane', 'frog']",frog
49242,5,"['frog', 'ship', 'airplane', 'automobile']",ship
49243,4,"['cat', 'automobile', 'frog', 'airplane']",automobile
49244,9,"['dog', 'frog', 'cat', 'airplane']",airplane
49245,0,"['horse', 'deer', 'frog', 'cat']",horse
49246,7,"['automobile', 'cat', 'airplane', 'frog']",cat
49247,8,"['horse', 'airplane', 'cat', 'frog']",horse
49248,2,"['ship', 'cat', 'automobile', 'airplane']",cat
49249,9,"['dog', 'frog', 'cat', 'airplane']",dog
49250,8,"['horse', 'airplane', 'cat', 'frog']",horse
49251,4,"['cat', 'automobile', 'frog', 'airplane']",automobile
49252,4,"['cat', 'automobile', 'frog', 'airplane']",automobile
49253,8,"['horse', 'airplane', 'cat', 'frog']",horse
49254,5,"['frog', 'ship', 'airplane', 'automobile']",ship
49255,0,"['horse', 'deer', 'frog', 'cat']",horse
49256,2,"['ship', 'cat', 'automobile', 'airplane']",automobile
49257,8,"['horse', 'airplane', 'cat', 'frog']",horse
49258,8,"['horse', 'airplane', 'cat', 'frog']",horse
49259,5,"['frog', 'ship', 'airplane', 'automobile']",ship
49260,9,"['dog', 'frog', 'cat', 'airplane']",airplane
49261,6,"['automobile', 'horse', 'ship', 'airplane']",airplane
49262,7,"['automobile', 'cat', 'airplane', 'frog']",cat
49263,0,"['horse', 'deer', 'frog', 'cat']",horse
49264,7,"['automobile', 'cat', 'airplane', 'frog']",cat
49265,6,"['automobile', 'horse', 'ship', 'airplane']",airplane
49266,9,"['dog', 'frog', 'cat', 'airplane']",airplane
49267,5,"['frog', 'ship', 'airplane', 'automobile']",ship
49268,2,"['ship', 'cat', 'automobile', 'airplane']",automobile
49269,1,"['bird', 'dog', 'frog', 'cat', 'airplane']",airplane
49270,7,"['automobile', 'cat', 'airplane', 'frog']",cat
49271,5,"['frog', 'ship', 'airplane', 'automobile']",ship
49272,7,"['automobile', 'cat', 'airplane', 'frog']",cat
49273,3,"['frog', 'ship', 'automobile', 'airplane']",ship
49274,2,"['ship', 'cat', 'automobile', 'airplane']",automobile
49275,2,"['ship', 'cat', 'automobile', 'airplane']",ship
49276,0,"['horse', 'deer', 'frog', 'cat']",horse
49277,7,"['automobile', 'cat', 'airplane', 'frog']",cat
49278,9,"['dog', 'frog', 'cat', 'airplane']",airplane
49279,6,"['automobile', 'horse', 'ship', 'airplane']",horse
49280,3,"['frog', 'ship', 'automobile', 'airplane']",ship
49281,7,"['automobile', 'cat', 'airplane', 'frog']",cat
49282,2,"['ship', 'cat', 'automobile', 'airplane']",cat
49283,1,"['bird', 'dog', 'frog', 'cat', 'airplane']",airplane
49284,9,"['dog', 'frog', 'cat', 'airplane']",dog
49285,6,"['automobile', 'horse', 'ship', 'airplane']",airplane
49286,1,"['bird', 'dog', 'frog', 'cat', 'airplane']",airplane
49287,9,"['dog', 'frog', 'cat', 'airplane']",airplane
49288,5,"['frog', 'ship', 'airplane', 'automobile']",ship
49289,6,"['automobile', 'horse', 'ship', 'airplane']",airplane
49290,2,"['ship', 'cat', 'automobile', 'airplane']",automobile
49291,8,"['horse', 'airplane', 'cat', 'frog']",horse
49292,4,"['cat', 'automobile', 'frog', 'airplane']",automobile
49293,7,"['automobile', 'cat', 'airplane', 'frog']",cat
49294,5,"['frog', 'ship', 'airplane', 'automobile']",ship
49295,9,"['dog', 'frog', 'cat', 'airplane']",dog
49296,6,"['automobile', 'horse', 'ship', 'airplane']",airplane
49297,2,"['ship', 'cat', 'automobile', 'airplane']",automobile
49298,3,"['frog', 'ship', 'automobile', 'airplane']",ship
49299,3,"['frog', 'ship', 'automobile', 'airplane']",ship
49300,9,"['dog', 'frog', 'cat', 'airplane']",dog
49301,5,"['frog', 'ship', 'airplane', 'automobile']",ship
49302,6,"['automobile', 'horse', 'ship', 'airplane']",airplane
49303,0,"['horse', 'deer', 'frog', 'cat']",horse
49304,5,"['frog', 'ship', 'airplane', 'automobile']",ship
49305,6,"['automobile', 'horse', 'ship', 'airplane']",ship
49306,3,"['frog', 'ship', 'automobile', 'airplane']",ship
49307,6,"['automobile', 'horse', 'ship', 'airplane']",horse
49308,0,"['horse', 'deer', 'frog', 'cat']",horse
49309,7,"['automobile', 'cat', 'airplane', 'frog']",cat
49310,7,"['automobile', 'cat', 'airplane', 'frog']",cat
49311,6,"['automobile', 'horse', 'ship', 'airplane']",airplane
49312,6,"['automobile', 'horse', 'ship', 'airplane']",ship
49313,1,"['bird', 'dog', 'frog', 'cat', 'airplane']",airplane
49314,1,"['bird', 'dog', 'frog', 'cat', 'airplane']",airplane
49315,5,"['frog', 'ship', 'airplane', 'automobile']",ship
49316,5,"['frog', 'ship', 'airplane', 'automobile']",ship
49317,4,"['cat', 'automobile', 'frog', 'airplane']",automobile
49318,4,"['cat', 'automobile', 'frog', 'airplane']",automobile
49319,3,"['frog', 'ship', 'automobile', 'airplane']",ship
49320,6,"['automobile', 'horse', 'ship', 'airplane']",airplane
49321,8,"['horse', 'airplane', 'cat', 'frog']",horse
49322,3,"['frog', 'ship', 'automobile', 'airplane']",ship
49323,7,"['automobile', 'cat', 'airplane', 'frog']",cat
49324,5,"['frog', 'ship', 'airplane', 'automobile']",ship
49325,3,"['frog', 'ship', 'automobile', 'airplane']",ship
49326,1,"['bird', 'dog', 'frog', 'cat', 'airplane']",airplane
49327,5,"['frog', 'ship', 'airplane', 'automobile']",ship
49328,2,"['ship', 'cat', 'automobile', 'airplane']",cat
49329,2,"['ship', 'cat', 'automobile', 'airplane']",cat
49330,8,"['horse', 'airplane', 'cat', 'frog']",horse
49331,2,"['ship', 'cat', 'automobile', 'airplane']",cat
49332,7,"['automobile', 'cat', 'airplane', 'frog']",frog
49333,5,"['frog', 'ship', 'airplane', 'automobile']",ship
49334,5,"['frog', 'ship', 'airplane', 'automobile']",ship
49335,7,"['automobile', 'cat', 'airplane', 'frog']",cat
49336,3,"['frog', 'ship', 'automobile', 'airplane']",frog
49337,1,"['bird', 'dog', 'frog', 'cat', 'airplane']",airplane
49338,9,"['dog', 'frog', 'cat', 'airplane']",dog
49339,0,"['horse', 'deer', 'frog', 'cat']",horse
49340,0,"['horse', 'deer', 'frog', 'cat']",horse
49341,7,"['automobile', 'cat', 'airplane', 'frog']",cat
49342,2,"['ship', 'cat', 'automobile', 'airplane']",automobile
49343,6,"['automobile', 'horse', 'ship', 'airplane']",airplane
49344,0,"['horse', 'deer', 'frog', 'cat']",horse
49345,1,"['bird', 'dog', 'frog', 'cat', 'airplane']",airplane
49346,0,"['horse', 'deer', 'frog', 'cat']",horse
49347,8,"['horse', 'airplane', 'cat', 'frog']",horse
49348,1,"['bird', 'dog', 'frog', 'cat', 'airplane']",airplane
49349,0,"['horse', 'deer', 'frog', 'cat']",horse
49350,7,"['automobile', 'cat', 'airplane', 'frog']",cat
49351,6,"['automobile', 'horse', 'ship', 'airplane']",ship
49352,4,"['cat', 'automobile', 'frog', 'airplane']",automobile
49353,6,"['automobile', 'horse', 'ship', 'airplane']",airplane
49354,1,"['bird', 'dog', 'frog', 'cat', 'airplane']",airplane
49355,4,"['cat', 'automobile', 'frog', 'airplane']",automobile
49356,1,"['bird', 'dog', 'frog', 'cat', 'airplane']",airplane
49357,2,"['ship', 'cat', 'automobile', 'airplane']",cat
49358,8,"['horse', 'airplane', 'cat', 'frog']",horse
49359,0,"['horse', 'deer', 'frog', 'cat']",horse
49360,9,"['dog', 'frog', 'cat', 'airplane']",airplane
49361,6,"['automobile', 'horse', 'ship', 'airplane']",airplane
49362,1,"['bird', 'dog', 'frog', 'cat', 'airplane']",airplane
49363,7,"['automobile', 'cat', 'airplane', 'frog']",cat
49364,6,"['automobile', 'horse', 'ship', 'airplane']",airplane
49365,4,"['cat', 'automobile', 'frog', 'airplane']",automobile
49366,3,"['frog', 'ship', 'automobile', 'airplane']",ship
49367,3,"['frog', 'ship', 'automobile', 'airplane']",ship
49368,3,"['frog', 'ship', 'automobile', 'airplane']",ship
49369,9,"['dog', 'frog', 'cat', 'airplane']",airplane
49370,9,"['dog', 'frog', 'cat', 'airplane']",dog
49371,0,"['horse', 'deer', 'frog', 'cat']",horse
49372,8,"['horse', 'airplane', 'cat', 'frog']",horse
49373,0,"['horse', 'deer', 'frog', 'cat']",horse
49374,8,"['horse', 'airplane', 'cat', 'frog']",cat
49375,0,"['horse', 'deer', 'frog', 'cat']",horse
49376,1,"['bird', 'dog', 'frog', 'cat', 'airplane']",airplane
49377,7,"['automobile', 'cat', 'airplane', 'frog']",airplane
49378,8,"['horse', 'airplane', 'cat', 'frog']",horse
49379,8,"['horse', 'airplane', 'cat', 'frog']",horse
49380,5,"['frog', 'ship', 'airplane', 'automobile']",ship
49381,1,"['bird', 'dog', 'frog', 'cat', 'airplane']",airplane
49382,6,"['automobile', 'horse', 'ship', 'airplane']",airplane
49383,1,"['bird', 'dog', 'frog', 'cat', 'airplane']",airplane
49384,3,"['frog', 'ship', 'automobile', 'airplane']",ship
49385,9,"['dog', 'frog', 'cat', 'airplane']",airplane
49386,3,"['frog', 'ship', 'automobile', 'airplane']",ship
49387,0,"['horse', 'deer', 'frog', 'cat']",horse
49388,8,"['horse', 'airplane', 'cat', 'frog']",horse
49389,8,"['horse', 'airplane', 'cat', 'frog']",horse
49390,4,"['cat', 'automobile', 'frog', 'airplane']",automobile
49391,7,"['automobile', 'cat', 'airplane', 'frog']",airplane
49392,1,"['bird', 'dog', 'frog', 'cat', 'airplane']",airplane
49393,8,"['horse', 'airplane', 'cat', 'frog']",horse
49394,6,"['automobile', 'horse', 'ship', 'airplane']",airplane
49395,2,"['ship', 'cat', 'automobile', 'airplane']",cat
49396,7,"['automobile', 'cat', 'airplane', 'frog']",airplane
49397,2,"['ship', 'cat', 'automobile', 'airplane']",cat
49398,9,"['dog', 'frog', 'cat', 'airplane']",airplane
49399,5,"['frog', 'ship', 'airplane', 'automobile']",ship
49400,8,"['horse', 'airplane', 'cat', 'frog']",horse
49401,1,"['bird', 'dog', 'frog', 'cat', 'airplane']",airplane
49402,4,"['cat', 'automobile', 'frog', 'airplane']",automobile
49403,9,"['dog', 'frog', 'cat', 'airplane']",airplane
49404,6,"['automobile', 'horse', 'ship', 'airplane']",horse
49405,9,"['dog', 'frog', 'cat', 'airplane']",airplane
49406,6,"['automobile', 'horse', 'ship', 'airplane']",ship
49407,7,"['automobile', 'cat', 'airplane', 'frog']",airplane
49408,3,"['frog', 'ship', 'automobile', 'airplane']",ship
49409,1,"['bird', 'dog', 'frog', 'cat', 'airplane']",airplane
49410,0,"['horse', 'deer', 'frog', 'cat']",horse
49411,1,"['bird', 'dog', 'frog', 'cat', 'airplane']",airplane
49412,6,"['automobile', 'horse', 'ship', 'airplane']",ship
49413,7,"['automobile', 'cat', 'airplane', 'frog']",cat
49414,4,"['cat', 'automobile', 'frog', 'airplane']",automobile
49415,8,"['horse', 'airplane', 'cat', 'frog']",horse
49416,1,"['bird', 'dog', 'frog', 'cat', 'airplane']",airplane
49417,9,"['dog', 'frog', 'cat', 'airplane']",airplane
49418,6,"['automobile', 'horse', 'ship', 'airplane']",airplane
49419,2,"['ship', 'cat', 'automobile', 'airplane']",automobile
49420,0,"['horse', 'deer', 'frog', 'cat']",horse
49421,4,"['cat', 'automobile', 'frog', 'airplane']",automobile
49422,5,"['frog', 'ship', 'airplane', 'automobile']",ship
49423,0,"['horse', 'deer', 'frog', 'cat']",horse
49424,3,"['frog', 'ship', 'automobile', 'airplane']",ship
49425,9,"['dog', 'frog', 'cat', 'airplane']",airplane
49426,1,"['bird', 'dog', 'frog', 'cat', 'airplane']",airplane
49427,9,"['dog', 'frog', 'cat', 'airplane']",dog
49428,5,"['frog', 'ship', 'airplane', 'automobile']",ship
49429,8,"['horse', 'airplane', 'cat', 'frog']",horse
49430,3,"['frog', 'ship', 'automobile', 'airplane']",ship
49431,5,"['frog', 'ship', 'airplane', 'automobile']",ship
49432,2,"['ship', 'cat', 'automobile', 'airplane']",cat
49433,6,"['automobile', 'horse', 'ship', 'airplane']",airplane
49434,8,"['horse', 'airplane', 'cat', 'frog']",horse
49435,1,"['bird', 'dog', 'frog', 'cat', 'airplane']",airplane
49436,1,"['bird', 'dog', 'frog', 'cat', 'airplane']",airplane
49437,5,"['frog', 'ship', 'airplane', 'automobile']",ship
49438,1,"['bird', 'dog', 'frog', 'cat', 'airplane']",airplane
49439,0,"['horse', 'deer', 'frog', 'cat']",horse
49440,6,"['automobile', 'horse', 'ship', 'airplane']",automobile
49441,0,"['horse', 'deer', 'frog', 'cat']",horse
49442,9,"['dog', 'frog', 'cat', 'airplane']",airplane
49443,3,"['frog', 'ship', 'automobile', 'airplane']",ship
49444,3,"['frog', 'ship', 'automobile', 'airplane']",ship
49445,8,"['horse', 'airplane', 'cat', 'frog']",horse
49446,8,"['horse', 'airplane', 'cat', 'frog']",horse
49447,1,"['bird', 'dog', 'frog', 'cat', 'airplane']",airplane
49448,3,"['frog', 'ship', 'automobile', 'airplane']",ship
49449,2,"['ship', 'cat', 'automobile', 'airplane']",automobile
49450,2,"['ship', 'cat', 'automobile', 'airplane']",automobile
49451,7,"['automobile', 'cat', 'airplane', 'frog']",cat
49452,5,"['frog', 'ship', 'airplane', 'automobile']",ship
49453,9,"['dog', 'frog', 'cat', 'airplane']",airplane
49454,7,"['automobile', 'cat', 'airplane', 'frog']",cat
49455,5,"['frog', 'ship', 'airplane', 'automobile']",ship
49456,7,"['automobile', 'cat', 'airplane', 'frog']",cat
49457,2,"['ship', 'cat', 'automobile', 'airplane']",cat
49458,2,"['ship', 'cat', 'automobile', 'airplane']",ship
49459,6,"['automobile', 'horse', 'ship', 'airplane']",airplane
49460,9,"['dog', 'frog', 'cat', 'airplane']",airplane
49461,9,"['dog', 'frog', 'cat', 'airplane']",airplane
49462,6,"['automobile', 'horse', 'ship', 'airplane']",airplane
49463,3,"['frog', 'ship', 'automobile', 'airplane']",ship
49464,6,"['automobile', 'horse', 'ship', 'airplane']",airplane
49465,8,"['horse', 'airplane', 'cat', 'frog']",horse
49466,3,"['frog', 'ship', 'automobile', 'airplane']",frog
49467,5,"['frog', 'ship', 'airplane', 'automobile']",ship
49468,3,"['frog', 'ship', 'automobile', 'airplane']",ship
49469,1,"['bird', 'dog', 'frog', 'cat', 'airplane']",airplane
49470,7,"['automobile', 'cat', 'airplane', 'frog']",frog
49471,2,"['ship', 'cat', 'automobile', 'airplane']",cat
49472,5,"['frog', 'ship', 'airplane', 'automobile']",ship
49473,8,"['horse', 'airplane', 'cat', 'frog']",horse
49474,5,"['frog', 'ship', 'airplane', 'automobile']",ship
49475,4,"['cat', 'automobile', 'frog', 'airplane']",automobile
49476,7,"['automobile', 'cat', 'airplane', 'frog']",cat
49477,9,"['dog', 'frog', 'cat', 'airplane']",dog
49478,3,"['frog', 'ship', 'automobile', 'airplane']",ship
49479,8,"['horse', 'airplane', 'cat', 'frog']",horse
49480,4,"['cat', 'automobile', 'frog', 'airplane']",automobile
49481,3,"['frog', 'ship', 'automobile', 'airplane']",ship
49482,5,"['frog', 'ship', 'airplane', 'automobile']",ship
49483,1,"['bird', 'dog', 'frog', 'cat', 'airplane']",airplane
49484,5,"['frog', 'ship', 'airplane', 'automobile']",ship
49485,7,"['automobile', 'cat', 'airplane', 'frog']",frog
49486,1,"['bird', 'dog', 'frog', 'cat', 'airplane']",airplane
49487,1,"['bird', 'dog', 'frog', 'cat', 'airplane']",airplane
49488,4,"['cat', 'automobile', 'frog', 'airplane']",airplane
49489,1,"['bird', 'dog', 'frog', 'cat', 'airplane']",airplane
49490,0,"['horse', 'deer', 'frog', 'cat']",horse
49491,1,"['bird', 'dog', 'frog', 'cat', 'airplane']",airplane
49492,3,"['frog', 'ship', 'automobile', 'airplane']",ship
49493,5,"['frog', 'ship', 'airplane', 'automobile']",ship
49494,1,"['bird', 'dog', 'frog', 'cat', 'airplane']",airplane
49495,5,"['frog', 'ship', 'airplane', 'automobile']",ship
49496,6,"['automobile', 'horse', 'ship', 'airplane']",airplane
49497,0,"['horse', 'deer', 'frog', 'cat']",horse
49498,0,"['horse', 'deer', 'frog', 'cat']",horse
49499,3,"['frog', 'ship', 'automobile', 'airplane']",ship
49500,3,"['frog', 'ship', 'automobile', 'airplane']",ship
49501,8,"['horse', 'airplane', 'cat', 'frog']",horse
49502,9,"['dog', 'frog', 'cat', 'airplane']",dog
49503,1,"['bird', 'dog', 'frog', 'cat', 'airplane']",airplane
49504,4,"['cat', 'automobile', 'frog', 'airplane']",automobile
49505,1,"['bird', 'dog', 'frog', 'cat', 'airplane']",airplane
49506,4,"['cat', 'automobile', 'frog', 'airplane']",automobile
49507,0,"['horse', 'deer', 'frog', 'cat']",horse
49508,5,"['frog', 'ship', 'airplane', 'automobile']",ship
49509,1,"['bird', 'dog', 'frog', 'cat', 'airplane']",airplane
49510,0,"['horse', 'deer', 'frog', 'cat']",horse
49511,0,"['horse', 'deer', 'frog', 'cat']",horse
49512,6,"['automobile', 'horse', 'ship', 'airplane']",airplane
49513,0,"['horse', 'deer', 'frog', 'cat']",horse
49514,5,"['frog', 'ship', 'airplane', 'automobile']",ship
49515,4,"['cat', 'automobile', 'frog', 'airplane']",automobile
49516,6,"['automobile', 'horse', 'ship', 'airplane']",airplane
49517,0,"['horse', 'deer', 'frog', 'cat']",horse
49518,4,"['cat', 'automobile', 'frog', 'airplane']",automobile
49519,5,"['frog', 'ship', 'airplane', 'automobile']",ship
49520,9,"['dog', 'frog', 'cat', 'airplane']",airplane
49521,8,"['horse', 'airplane', 'cat', 'frog']",airplane
49522,5,"['frog', 'ship', 'airplane', 'automobile']",ship
49523,5,"['frog', 'ship', 'airplane', 'automobile']",ship
49524,7,"['automobile', 'cat', 'airplane', 'frog']",cat
49525,0,"['horse', 'deer', 'frog', 'cat']",horse
49526,1,"['bird', 'dog', 'frog', 'cat', 'airplane']",airplane
49527,2,"['ship', 'cat', 'automobile', 'airplane']",automobile
49528,0,"['horse', 'deer', 'frog', 'cat']",horse
49529,7,"['automobile', 'cat', 'airplane', 'frog']",airplane
49530,0,"['horse', 'deer', 'frog', 'cat']",horse
49531,5,"['frog', 'ship', 'airplane', 'automobile']",ship
49532,8,"['horse', 'airplane', 'cat', 'frog']",horse
49533,6,"['automobile', 'horse', 'ship', 'airplane']",airplane
49534,9,"['dog', 'frog', 'cat', 'airplane']",dog
49535,0,"['horse', 'deer', 'frog', 'cat']",horse
49536,2,"['ship', 'cat', 'automobile', 'airplane']",cat
49537,6,"['automobile', 'horse', 'ship', 'airplane']",ship
49538,2,"['ship', 'cat', 'automobile', 'airplane']",cat
49539,1,"['bird', 'dog', 'frog', 'cat', 'airplane']",airplane
49540,9,"['dog', 'frog', 'cat', 'airplane']",airplane
49541,5,"['frog', 'ship', 'airplane', 'automobile']",ship
49542,8,"['horse', 'airplane', 'cat', 'frog']",horse
49543,8,"['horse', 'airplane', 'cat', 'frog']",horse
49544,3,"['frog', 'ship', 'automobile', 'airplane']",ship
49545,3,"['frog', 'ship', 'automobile', 'airplane']",ship
49546,9,"['dog', 'frog', 'cat', 'airplane']",airplane
49547,5,"['frog', 'ship', 'airplane', 'automobile']",ship
49548,5,"['frog', 'ship', 'airplane', 'automobile']",ship
49549,2,"['ship', 'cat', 'automobile', 'airplane']",cat
49550,6,"['automobile', 'horse', 'ship', 'airplane']",airplane
49551,8,"['horse', 'airplane', 'cat', 'frog']",horse
49552,5,"['frog', 'ship', 'airplane', 'automobile']",ship
49553,8,"['horse', 'airplane', 'cat', 'frog']",horse
49554,1,"['bird', 'dog', 'frog', 'cat', 'airplane']",airplane
49555,0,"['horse', 'deer', 'frog', 'cat']",horse
49556,0,"['horse', 'deer', 'frog', 'cat']",horse
49557,0,"['horse', 'deer', 'frog', 'cat']",horse
49558,2,"['ship', 'cat', 'automobile', 'airplane']",cat
49559,0,"['horse', 'deer', 'frog', 'cat']",horse
49560,2,"['ship', 'cat', 'automobile', 'airplane']",cat
49561,1,"['bird', 'dog', 'frog', 'cat', 'airplane']",airplane
49562,1,"['bird', 'dog', 'frog', 'cat', 'airplane']",airplane
49563,3,"['frog', 'ship', 'automobile', 'airplane']",ship
49564,4,"['cat', 'automobile', 'frog', 'airplane']",automobile
49565,5,"['frog', 'ship', 'airplane', 'automobile']",ship
49566,1,"['bird', 'dog', 'frog', 'cat', 'airplane']",airplane
49567,8,"['horse', 'airplane', 'cat', 'frog']",horse
49568,8,"['horse', 'airplane', 'cat', 'frog']",horse
49569,1,"['bird', 'dog', 'frog', 'cat', 'airplane']",airplane
49570,8,"['horse', 'airplane', 'cat', 'frog']",horse
49571,8,"['horse', 'airplane', 'cat', 'frog']",horse
49572,1,"['bird', 'dog', 'frog', 'cat', 'airplane']",airplane
49573,2,"['ship', 'cat', 'automobile', 'airplane']",automobile
49574,3,"['frog', 'ship', 'automobile', 'airplane']",ship
49575,4,"['cat', 'automobile', 'frog', 'airplane']",automobile
49576,3,"['frog', 'ship', 'automobile', 'airplane']",ship
49577,5,"['frog', 'ship', 'airplane', 'automobile']",ship
49578,7,"['automobile', 'cat', 'airplane', 'frog']",cat
49579,5,"['frog', 'ship', 'airplane', 'automobile']",ship
49580,9,"['dog', 'frog', 'cat', 'airplane']",airplane
49581,6,"['automobile', 'horse', 'ship', 'airplane']",automobile
49582,3,"['frog', 'ship', 'automobile', 'airplane']",ship
49583,9,"['dog', 'frog', 'cat', 'airplane']",airplane
49584,6,"['automobile', 'horse', 'ship', 'airplane']",ship
49585,1,"['bird', 'dog', 'frog', 'cat', 'airplane']",airplane
49586,4,"['cat', 'automobile', 'frog', 'airplane']",automobile
49587,1,"['bird', 'dog', 'frog', 'cat', 'airplane']",airplane
49588,1,"['bird', 'dog', 'frog', 'cat', 'airplane']",airplane
49589,1,"['bird', 'dog', 'frog', 'cat', 'airplane']",airplane
49590,1,"['bird', 'dog', 'frog', 'cat', 'airplane']",airplane
49591,8,"['horse', 'airplane', 'cat', 'frog']",horse
49592,7,"['automobile', 'cat', 'airplane', 'frog']",cat
49593,1,"['bird', 'dog', 'frog', 'cat', 'airplane']",airplane
49594,1,"['bird', 'dog', 'frog', 'cat', 'airplane']",airplane
49595,4,"['cat', 'automobile', 'frog', 'airplane']",automobile
49596,9,"['dog', 'frog', 'cat', 'airplane']",dog
49597,4,"['cat', 'automobile', 'frog', 'airplane']",automobile
49598,4,"['cat', 'automobile', 'frog', 'airplane']",automobile
49599,3,"['frog', 'ship', 'automobile', 'airplane']",ship
49600,3,"['frog', 'ship', 'automobile', 'airplane']",ship
49601,9,"['dog', 'frog', 'cat', 'airplane']",dog
49602,3,"['frog', 'ship', 'automobile', 'airplane']",ship
49603,6,"['automobile', 'horse', 'ship', 'airplane']",airplane
49604,1,"['bird', 'dog', 'frog', 'cat', 'airplane']",airplane
49605,4,"['cat', 'automobile', 'frog', 'airplane']",automobile
49606,7,"['automobile', 'cat', 'airplane', 'frog']",airplane
49607,6,"['automobile', 'horse', 'ship', 'airplane']",airplane
49608,4,"['cat', 'automobile', 'frog', 'airplane']",automobile
49609,3,"['frog', 'ship', 'automobile', 'airplane']",ship
49610,7,"['automobile', 'cat', 'airplane', 'frog']",airplane
49611,9,"['dog', 'frog', 'cat', 'airplane']",dog
49612,5,"['frog', 'ship', 'airplane', 'automobile']",ship
49613,1,"['bird', 'dog', 'frog', 'cat', 'airplane']",airplane
49614,3,"['frog', 'ship', 'automobile', 'airplane']",ship
49615,0,"['horse', 'deer', 'frog', 'cat']",horse
49616,1,"['bird', 'dog', 'frog', 'cat', 'airplane']",airplane
49617,2,"['ship', 'cat', 'automobile', 'airplane']",cat
49618,3,"['frog', 'ship', 'automobile', 'airplane']",ship
49619,3,"['frog', 'ship', 'automobile', 'airplane']",ship
49620,7,"['automobile', 'cat', 'airplane', 'frog']",cat
49621,6,"['automobile', 'horse', 'ship', 'airplane']",ship
49622,4,"['cat', 'automobile', 'frog', 'airplane']",automobile
49623,6,"['automobile', 'horse', 'ship', 'airplane']",airplane
49624,6,"['automobile', 'horse', 'ship', 'airplane']",airplane
49625,8,"['horse', 'airplane', 'cat', 'frog']",horse
49626,3,"['frog', 'ship', 'automobile', 'airplane']",ship
49627,7,"['automobile', 'cat', 'airplane', 'frog']",cat
49628,0,"['horse', 'deer', 'frog', 'cat']",horse
49629,1,"['bird', 'dog', 'frog', 'cat', 'airplane']",airplane
49630,7,"['automobile', 'cat', 'airplane', 'frog']",airplane
49631,8,"['horse', 'airplane', 'cat', 'frog']",horse
49632,3,"['frog', 'ship', 'automobile', 'airplane']",ship
49633,0,"['horse', 'deer', 'frog', 'cat']",horse
49634,9,"['dog', 'frog', 'cat', 'airplane']",airplane
49635,0,"['horse', 'deer', 'frog', 'cat']",horse
49636,6,"['automobile', 'horse', 'ship', 'airplane']",airplane
49637,9,"['dog', 'frog', 'cat', 'airplane']",airplane
49638,5,"['frog', 'ship', 'airplane', 'automobile']",ship
49639,6,"['automobile', 'horse', 'ship', 'airplane']",airplane
49640,7,"['automobile', 'cat', 'airplane', 'frog']",cat
49641,0,"['horse', 'deer', 'frog', 'cat']",horse
49642,9,"['dog', 'frog', 'cat', 'airplane']",dog
49643,1,"['bird', 'dog', 'frog', 'cat', 'airplane']",airplane
49644,5,"['frog', 'ship', 'airplane', 'automobile']",ship
49645,4,"['cat', 'automobile', 'frog', 'airplane']",automobile
49646,3,"['frog', 'ship', 'automobile', 'airplane']",ship
49647,5,"['frog', 'ship', 'airplane', 'automobile']",ship
49648,7,"['automobile', 'cat', 'airplane', 'frog']",cat
49649,5,"['frog', 'ship', 'airplane', 'automobile']",ship
49650,7,"['automobile', 'cat', 'airplane', 'frog']",frog
49651,0,"['horse', 'deer', 'frog', 'cat']",horse
49652,1,"['bird', 'dog', 'frog', 'cat', 'airplane']",airplane
49653,6,"['automobile', 'horse', 'ship', 'airplane']",airplane
49654,8,"['horse', 'airplane', 'cat', 'frog']",horse
49655,6,"['automobile', 'horse', 'ship', 'airplane']",airplane
49656,0,"['horse', 'deer', 'frog', 'cat']",horse
49657,8,"['horse', 'airplane', 'cat', 'frog']",horse
49658,1,"['bird', 'dog', 'frog', 'cat', 'airplane']",airplane
49659,7,"['automobile', 'cat', 'airplane', 'frog']",cat
49660,0,"['horse', 'deer', 'frog', 'cat']",horse
49661,5,"['frog', 'ship', 'airplane', 'automobile']",ship
49662,9,"['dog', 'frog', 'cat', 'airplane']",dog
49663,1,"['bird', 'dog', 'frog', 'cat', 'airplane']",airplane
49664,9,"['dog', 'frog', 'cat', 'airplane']",dog
49665,5,"['frog', 'ship', 'airplane', 'automobile']",ship
49666,2,"['ship', 'cat', 'automobile', 'airplane']",cat
49667,6,"['automobile', 'horse', 'ship', 'airplane']",airplane
49668,3,"['frog', 'ship', 'automobile', 'airplane']",ship
49669,4,"['cat', 'automobile', 'frog', 'airplane']",automobile
49670,9,"['dog', 'frog', 'cat', 'airplane']",dog
49671,0,"['horse', 'deer', 'frog', 'cat']",horse
49672,0,"['horse', 'deer', 'frog', 'cat']",horse
49673,7,"['automobile', 'cat', 'airplane', 'frog']",cat
49674,1,"['bird', 'dog', 'frog', 'cat', 'airplane']",airplane
49675,5,"['frog', 'ship', 'airplane', 'automobile']",ship
49676,1,"['bird', 'dog', 'frog', 'cat', 'airplane']",airplane
49677,8,"['horse', 'airplane', 'cat', 'frog']",horse
49678,2,"['ship', 'cat', 'automobile', 'airplane']",cat
49679,8,"['horse', 'airplane', 'cat', 'frog']",horse
49680,5,"['frog', 'ship', 'airplane', 'automobile']",ship
49681,8,"['horse', 'airplane', 'cat', 'frog']",horse
49682,5,"['frog', 'ship', 'airplane', 'automobile']",ship
49683,2,"['ship', 'cat', 'automobile', 'airplane']",cat
49684,2,"['ship', 'cat', 'automobile', 'airplane']",cat
49685,4,"['cat', 'automobile', 'frog', 'airplane']",automobile
49686,2,"['ship', 'cat', 'automobile', 'airplane']",cat
49687,4,"['cat', 'automobile', 'frog', 'airplane']",automobile
49688,9,"['dog', 'frog', 'cat', 'airplane']",airplane
49689,7,"['automobile', 'cat', 'airplane', 'frog']",airplane
49690,4,"['cat', 'automobile', 'frog', 'airplane']",automobile
49691,3,"['frog', 'ship', 'automobile', 'airplane']",ship
49692,3,"['frog', 'ship', 'automobile', 'airplane']",ship
49693,2,"['ship', 'cat', 'automobile', 'airplane']",cat
49694,9,"['dog', 'frog', 'cat', 'airplane']",dog
49695,7,"['automobile', 'cat', 'airplane', 'frog']",cat
49696,8,"['horse', 'airplane', 'cat', 'frog']",horse
49697,8,"['horse', 'airplane', 'cat', 'frog']",horse
49698,6,"['automobile', 'horse', 'ship', 'airplane']",airplane
49699,4,"['cat', 'automobile', 'frog', 'airplane']",automobile
49700,2,"['ship', 'cat', 'automobile', 'airplane']",cat
49701,3,"['frog', 'ship', 'automobile', 'airplane']",ship
49702,1,"['bird', 'dog', 'frog', 'cat', 'airplane']",airplane
49703,5,"['frog', 'ship', 'airplane', 'automobile']",ship
49704,6,"['automobile', 'horse', 'ship', 'airplane']",airplane
49705,1,"['bird', 'dog', 'frog', 'cat', 'airplane']",airplane
49706,7,"['automobile', 'cat', 'airplane', 'frog']",airplane
49707,5,"['frog', 'ship', 'airplane', 'automobile']",ship
49708,6,"['automobile', 'horse', 'ship', 'airplane']",ship
49709,5,"['frog', 'ship', 'airplane', 'automobile']",ship
49710,2,"['ship', 'cat', 'automobile', 'airplane']",automobile
49711,0,"['horse', 'deer', 'frog', 'cat']",horse
49712,8,"['horse', 'airplane', 'cat', 'frog']",horse
49713,3,"['frog', 'ship', 'automobile', 'airplane']",ship
49714,5,"['frog', 'ship', 'airplane', 'automobile']",ship
49715,5,"['frog', 'ship', 'airplane', 'automobile']",ship
49716,1,"['bird', 'dog', 'frog', 'cat', 'airplane']",airplane
49717,0,"['horse', 'deer', 'frog', 'cat']",horse
49718,4,"['cat', 'automobile', 'frog', 'airplane']",airplane
49719,4,"['cat', 'automobile', 'frog', 'airplane']",automobile
49720,5,"['frog', 'ship', 'airplane', 'automobile']",ship
49721,2,"['ship', 'cat', 'automobile', 'airplane']",cat
49722,5,"['frog', 'ship', 'airplane', 'automobile']",ship
49723,0,"['horse', 'deer', 'frog', 'cat']",horse
49724,2,"['ship', 'cat', 'automobile', 'airplane']",cat
49725,2,"['ship', 'cat', 'automobile', 'airplane']",cat
49726,3,"['frog', 'ship', 'automobile', 'airplane']",ship
49727,4,"['cat', 'automobile', 'frog', 'airplane']",automobile
49728,7,"['automobile', 'cat', 'airplane', 'frog']",airplane
49729,5,"['frog', 'ship', 'airplane', 'automobile']",ship
49730,2,"['ship', 'cat', 'automobile', 'airplane']",automobile
49731,7,"['automobile', 'cat', 'airplane', 'frog']",cat
49732,9,"['dog', 'frog', 'cat', 'airplane']",airplane
49733,1,"['bird', 'dog', 'frog', 'cat', 'airplane']",airplane
49734,0,"['horse', 'deer', 'frog', 'cat']",horse
49735,0,"['horse', 'deer', 'frog', 'cat']",horse
49736,2,"['ship', 'cat', 'automobile', 'airplane']",cat
49737,7,"['automobile', 'cat', 'airplane', 'frog']",cat
49738,7,"['automobile', 'cat', 'airplane', 'frog']",airplane
49739,0,"['horse', 'deer', 'frog', 'cat']",horse
49740,4,"['cat', 'automobile', 'frog', 'airplane']",automobile
49741,3,"['frog', 'ship', 'automobile', 'airplane']",ship
49742,3,"['frog', 'ship', 'automobile', 'airplane']",ship
49743,4,"['cat', 'automobile', 'frog', 'airplane']",automobile
49744,8,"['horse', 'airplane', 'cat', 'frog']",horse
49745,7,"['automobile', 'cat', 'airplane', 'frog']",cat
49746,8,"['horse', 'airplane', 'cat', 'frog']",horse
49747,6,"['automobile', 'horse', 'ship', 'airplane']",airplane
49748,1,"['bird', 'dog', 'frog', 'cat', 'airplane']",airplane
49749,4,"['cat', 'automobile', 'frog', 'airplane']",automobile
49750,9,"['dog', 'frog', 'cat', 'airplane']",airplane
49751,4,"['cat', 'automobile', 'frog', 'airplane']",automobile
49752,8,"['horse', 'airplane', 'cat', 'frog']",horse
49753,5,"['frog', 'ship', 'airplane', 'automobile']",ship
49754,6,"['automobile', 'horse', 'ship', 'airplane']",ship
49755,2,"['ship', 'cat', 'automobile', 'airplane']",cat
49756,2,"['ship', 'cat', 'automobile', 'airplane']",automobile
49757,8,"['horse', 'airplane', 'cat', 'frog']",horse
49758,4,"['cat', 'automobile', 'frog', 'airplane']",automobile
49759,1,"['bird', 'dog', 'frog', 'cat', 'airplane']",airplane
49760,7,"['automobile', 'cat', 'airplane', 'frog']",airplane
49761,0,"['horse', 'deer', 'frog', 'cat']",horse
49762,3,"['frog', 'ship', 'automobile', 'airplane']",ship
49763,7,"['automobile', 'cat', 'airplane', 'frog']",airplane
49764,8,"['horse', 'airplane', 'cat', 'frog']",horse
49765,7,"['automobile', 'cat', 'airplane', 'frog']",cat
49766,9,"['dog', 'frog', 'cat', 'airplane']",airplane
49767,8,"['horse', 'airplane', 'cat', 'frog']",horse
49768,1,"['bird', 'dog', 'frog', 'cat', 'airplane']",airplane
49769,1,"['bird', 'dog', 'frog', 'cat', 'airplane']",airplane
49770,3,"['frog', 'ship', 'automobile', 'airplane']",ship
49771,6,"['automobile', 'horse', 'ship', 'airplane']",airplane
49772,7,"['automobile', 'cat', 'airplane', 'frog']",airplane
49773,3,"['frog', 'ship', 'automobile', 'airplane']",ship
49774,7,"['automobile', 'cat', 'airplane', 'frog']",cat
49775,3,"['frog', 'ship', 'automobile', 'airplane']",ship
49776,6,"['automobile', 'horse', 'ship', 'airplane']",ship
49777,1,"['bird', 'dog', 'frog', 'cat', 'airplane']",airplane
49778,8,"['horse', 'airplane', 'cat', 'frog']",horse
49779,9,"['dog', 'frog', 'cat', 'airplane']",airplane
49780,9,"['dog', 'frog', 'cat', 'airplane']",dog
49781,2,"['ship', 'cat', 'automobile', 'airplane']",cat
49782,8,"['horse', 'airplane', 'cat', 'frog']",horse
49783,9,"['dog', 'frog', 'cat', 'airplane']",airplane
49784,2,"['ship', 'cat', 'automobile', 'airplane']",cat
49785,9,"['dog', 'frog', 'cat', 'airplane']",dog
49786,3,"['frog', 'ship', 'automobile', 'airplane']",ship
49787,1,"['bird', 'dog', 'frog', 'cat', 'airplane']",airplane
49788,8,"['horse', 'airplane', 'cat', 'frog']",horse
49789,8,"['horse', 'airplane', 'cat', 'frog']",airplane
49790,3,"['frog', 'ship', 'automobile', 'airplane']",ship
49791,3,"['frog', 'ship', 'automobile', 'airplane']",ship
49792,3,"['frog', 'ship', 'automobile', 'airplane']",ship
49793,9,"['dog', 'frog', 'cat', 'airplane']",airplane
49794,7,"['automobile', 'cat', 'airplane', 'frog']",cat
49795,1,"['bird', 'dog', 'frog', 'cat', 'airplane']",airplane
49796,7,"['automobile', 'cat', 'airplane', 'frog']",cat
49797,5,"['frog', 'ship', 'airplane', 'automobile']",ship
49798,6,"['automobile', 'horse', 'ship', 'airplane']",airplane
49799,0,"['horse', 'deer', 'frog', 'cat']",horse
49800,2,"['ship', 'cat', 'automobile', 'airplane']",automobile
49801,7,"['automobile', 'cat', 'airplane', 'frog']",cat
49802,2,"['ship', 'cat', 'automobile', 'airplane']",automobile
49803,5,"['frog', 'ship', 'airplane', 'automobile']",ship
49804,6,"['automobile', 'horse', 'ship', 'airplane']",ship
49805,4,"['cat', 'automobile', 'frog', 'airplane']",automobile
49806,4,"['cat', 'automobile', 'frog', 'airplane']",automobile
49807,3,"['frog', 'ship', 'automobile', 'airplane']",frog
49808,6,"['automobile', 'horse', 'ship', 'airplane']",airplane
49809,7,"['automobile', 'cat', 'airplane', 'frog']",cat
49810,5,"['frog', 'ship', 'airplane', 'automobile']",ship
49811,7,"['automobile', 'cat', 'airplane', 'frog']",cat
49812,4,"['cat', 'automobile', 'frog', 'airplane']",automobile
49813,6,"['automobile', 'horse', 'ship', 'airplane']",airplane
49814,7,"['automobile', 'cat', 'airplane', 'frog']",airplane
49815,7,"['automobile', 'cat', 'airplane', 'frog']",airplane
49816,9,"['dog', 'frog', 'cat', 'airplane']",dog
49817,2,"['ship', 'cat', 'automobile', 'airplane']",cat
49818,6,"['automobile', 'horse', 'ship', 'airplane']",airplane
49819,3,"['frog', 'ship', 'automobile', 'airplane']",ship
49820,1,"['bird', 'dog', 'frog', 'cat', 'airplane']",airplane
49821,8,"['horse', 'airplane', 'cat', 'frog']",horse
49822,3,"['frog', 'ship', 'automobile', 'airplane']",ship
49823,9,"['dog', 'frog', 'cat', 'airplane']",airplane
49824,4,"['cat', 'automobile', 'frog', 'airplane']",automobile
49825,3,"['frog', 'ship', 'automobile', 'airplane']",ship
49826,5,"['frog', 'ship', 'airplane', 'automobile']",ship
49827,8,"['horse', 'airplane', 'cat', 'frog']",horse
49828,8,"['horse', 'airplane', 'cat', 'frog']",horse
49829,6,"['automobile', 'horse', 'ship', 'airplane']",airplane
49830,8,"['horse', 'airplane', 'cat', 'frog']",horse
49831,9,"['dog', 'frog', 'cat', 'airplane']",airplane
49832,3,"['frog', 'ship', 'automobile', 'airplane']",ship
49833,9,"['dog', 'frog', 'cat', 'airplane']",dog
49834,6,"['automobile', 'horse', 'ship', 'airplane']",airplane
49835,3,"['frog', 'ship', 'automobile', 'airplane']",ship
49836,6,"['automobile', 'horse', 'ship', 'airplane']",airplane
49837,0,"['horse', 'deer', 'frog', 'cat']",horse
49838,8,"['horse', 'airplane', 'cat', 'frog']",horse
49839,3,"['frog', 'ship', 'automobile', 'airplane']",ship
49840,3,"['frog', 'ship', 'automobile', 'airplane']",ship
49841,7,"['automobile', 'cat', 'airplane', 'frog']",airplane
49842,9,"['dog', 'frog', 'cat', 'airplane']",dog
49843,7,"['automobile', 'cat', 'airplane', 'frog']",cat
49844,9,"['dog', 'frog', 'cat', 'airplane']",airplane
49845,5,"['frog', 'ship', 'airplane', 'automobile']",ship
49846,7,"['automobile', 'cat', 'airplane', 'frog']",cat
49847,1,"['bird', 'dog', 'frog', 'cat', 'airplane']",airplane
49848,5,"['frog', 'ship', 'airplane', 'automobile']",ship
49849,1,"['bird', 'dog', 'frog', 'cat', 'airplane']",airplane
49850,7,"['automobile', 'cat', 'airplane', 'frog']",cat
49851,8,"['horse', 'airplane', 'cat', 'frog']",horse
49852,8,"['horse', 'airplane', 'cat', 'frog']",horse
49853,6,"['automobile', 'horse', 'ship', 'airplane']",airplane
49854,6,"['automobile', 'horse', 'ship', 'airplane']",airplane
49855,3,"['frog', 'ship', 'automobile', 'airplane']",ship
49856,0,"['horse', 'deer', 'frog', 'cat']",horse
49857,8,"['horse', 'airplane', 'cat', 'frog']",horse
49858,2,"['ship', 'cat', 'automobile', 'airplane']",cat
49859,5,"['frog', 'ship', 'airplane', 'automobile']",ship
49860,9,"['dog', 'frog', 'cat', 'airplane']",airplane
49861,8,"['horse', 'airplane', 'cat', 'frog']",horse
49862,6,"['automobile', 'horse', 'ship', 'airplane']",airplane
49863,0,"['horse', 'deer', 'frog', 'cat']",horse
49864,9,"['dog', 'frog', 'cat', 'airplane']",dog
49865,8,"['horse', 'airplane', 'cat', 'frog']",horse
49866,5,"['frog', 'ship', 'airplane', 'automobile']",ship
49867,5,"['frog', 'ship', 'airplane', 'automobile']",ship
49868,0,"['horse', 'deer', 'frog', 'cat']",horse
49869,0,"['horse', 'deer', 'frog', 'cat']",horse
49870,2,"['ship', 'cat', 'automobile', 'airplane']",cat
49871,1,"['bird', 'dog', 'frog', 'cat', 'airplane']",airplane
49872,3,"['frog', 'ship', 'automobile', 'airplane']",ship
49873,1,"['bird', 'dog', 'frog', 'cat', 'airplane']",airplane
49874,6,"['automobile', 'horse', 'ship', 'airplane']",horse
49875,1,"['bird', 'dog', 'frog', 'cat', 'airplane']",airplane
49876,8,"['horse', 'airplane', 'cat', 'frog']",horse
49877,2,"['ship', 'cat', 'automobile', 'airplane']",cat
49878,9,"['dog', 'frog', 'cat', 'airplane']",dog
49879,9,"['dog', 'frog', 'cat', 'airplane']",airplane
49880,9,"['dog', 'frog', 'cat', 'airplane']",airplane
49881,2,"['ship', 'cat', 'automobile', 'airplane']",cat
49882,5,"['frog', 'ship', 'airplane', 'automobile']",ship
49883,5,"['frog', 'ship', 'airplane', 'automobile']",ship
49884,5,"['frog', 'ship', 'airplane', 'automobile']",ship
49885,7,"['automobile', 'cat', 'airplane', 'frog']",cat
49886,1,"['bird', 'dog', 'frog', 'cat', 'airplane']",airplane
49887,8,"['horse', 'airplane', 'cat', 'frog']",horse
49888,2,"['ship', 'cat', 'automobile', 'airplane']",cat
49889,9,"['dog', 'frog', 'cat', 'airplane']",airplane
49890,5,"['frog', 'ship', 'airplane', 'automobile']",ship
49891,0,"['horse', 'deer', 'frog', 'cat']",horse
49892,6,"['automobile', 'horse', 'ship', 'airplane']",airplane
49893,7,"['automobile', 'cat', 'airplane', 'frog']",cat
49894,1,"['bird', 'dog', 'frog', 'cat', 'airplane']",airplane
49895,4,"['cat', 'automobile', 'frog', 'airplane']",automobile
49896,3,"['frog', 'ship', 'automobile', 'airplane']",ship
49897,8,"['horse', 'airplane', 'cat', 'frog']",horse
49898,4,"['cat', 'automobile', 'frog', 'airplane']",automobile
49899,8,"['horse', 'airplane', 'cat', 'frog']",horse
49900,3,"['frog', 'ship', 'automobile', 'airplane']",ship
49901,3,"['frog', 'ship', 'automobile', 'airplane']",ship
49902,4,"['cat', 'automobile', 'frog', 'airplane']",automobile
49903,7,"['automobile', 'cat', 'airplane', 'frog']",airplane
49904,9,"['dog', 'frog', 'cat', 'airplane']",airplane
49905,8,"['horse', 'airplane', 'cat', 'frog']",horse
49906,3,"['frog', 'ship', 'automobile', 'airplane']",ship
49907,7,"['automobile', 'cat', 'airplane', 'frog']",cat
49908,9,"['dog', 'frog', 'cat', 'airplane']",airplane
49909,6,"['automobile', 'horse', 'ship', 'airplane']",airplane
49910,8,"['horse', 'airplane', 'cat', 'frog']",horse
49911,9,"['dog', 'frog', 'cat', 'airplane']",dog
49912,7,"['automobile', 'cat', 'airplane', 'frog']",cat
49913,1,"['bird', 'dog', 'frog', 'cat', 'airplane']",airplane
49914,2,"['ship', 'cat', 'automobile', 'airplane']",cat
49915,8,"['horse', 'airplane', 'cat', 'frog']",horse
49916,8,"['horse', 'airplane', 'cat', 'frog']",horse
49917,9,"['dog', 'frog', 'cat', 'airplane']",airplane
49918,3,"['frog', 'ship', 'automobile', 'airplane']",ship
49919,1,"['bird', 'dog', 'frog', 'cat', 'airplane']",airplane
49920,5,"['frog', 'ship', 'airplane', 'automobile']",ship
49921,0,"['horse', 'deer', 'frog', 'cat']",frog
49922,3,"['frog', 'ship', 'automobile', 'airplane']",ship
49923,6,"['automobile', 'horse', 'ship', 'airplane']",airplane
49924,8,"['horse', 'airplane', 'cat', 'frog']",horse
49925,7,"['automobile', 'cat', 'airplane', 'frog']",frog
49926,9,"['dog', 'frog', 'cat', 'airplane']",dog
49927,5,"['frog', 'ship', 'airplane', 'automobile']",ship
49928,6,"['automobile', 'horse', 'ship', 'airplane']",airplane
49929,6,"['automobile', 'horse', 'ship', 'airplane']",airplane
49930,0,"['horse', 'deer', 'frog', 'cat']",horse
49931,9,"['dog', 'frog', 'cat', 'airplane']",airplane
49932,1,"['bird', 'dog', 'frog', 'cat', 'airplane']",airplane
49933,1,"['bird', 'dog', 'frog', 'cat', 'airplane']",airplane
49934,3,"['frog', 'ship', 'automobile', 'airplane']",ship
49935,7,"['automobile', 'cat', 'airplane', 'frog']",airplane
49936,8,"['horse', 'airplane', 'cat', 'frog']",horse
49937,1,"['bird', 'dog', 'frog', 'cat', 'airplane']",airplane
49938,5,"['frog', 'ship', 'airplane', 'automobile']",ship
49939,7,"['automobile', 'cat', 'airplane', 'frog']",cat
49940,3,"['frog', 'ship', 'automobile', 'airplane']",ship
49941,0,"['horse', 'deer', 'frog', 'cat']",horse
49942,7,"['automobile', 'cat', 'airplane', 'frog']",airplane
49943,7,"['automobile', 'cat', 'airplane', 'frog']",cat
49944,3,"['frog', 'ship', 'automobile', 'airplane']",ship
49945,9,"['dog', 'frog', 'cat', 'airplane']",dog
49946,4,"['cat', 'automobile', 'frog', 'airplane']",automobile
49947,4,"['cat', 'automobile', 'frog', 'airplane']",automobile
49948,6,"['automobile', 'horse', 'ship', 'airplane']",airplane
49949,6,"['automobile', 'horse', 'ship', 'airplane']",airplane
49950,4,"['cat', 'automobile', 'frog', 'airplane']",automobile
49951,4,"['cat', 'automobile', 'frog', 'airplane']",automobile
49952,6,"['automobile', 'horse', 'ship', 'airplane']",airplane
49953,8,"['horse', 'airplane', 'cat', 'frog']",horse
49954,4,"['cat', 'automobile', 'frog', 'airplane']",automobile
49955,8,"['horse', 'airplane', 'cat', 'frog']",horse
49956,2,"['ship', 'cat', 'automobile', 'airplane']",automobile
49957,5,"['frog', 'ship', 'airplane', 'automobile']",ship
49958,3,"['frog', 'ship', 'automobile', 'airplane']",ship
49959,1,"['bird', 'dog', 'frog', 'cat', 'airplane']",airplane
49960,8,"['horse', 'airplane', 'cat', 'frog']",horse
49961,7,"['automobile', 'cat', 'airplane', 'frog']",airplane
49962,6,"['automobile', 'horse', 'ship', 'airplane']",airplane
49963,9,"['dog', 'frog', 'cat', 'airplane']",dog
49964,5,"['frog', 'ship', 'airplane', 'automobile']",ship
49965,7,"['automobile', 'cat', 'airplane', 'frog']",cat
49966,6,"['automobile', 'horse', 'ship', 'airplane']",airplane
49967,8,"['horse', 'airplane', 'cat', 'frog']",horse
49968,8,"['horse', 'airplane', 'cat', 'frog']",horse
49969,2,"['ship', 'cat', 'automobile', 'airplane']",cat
49970,3,"['frog', 'ship', 'automobile', 'airplane']",ship
49971,9,"['dog', 'frog', 'cat', 'airplane']",airplane
49972,2,"['ship', 'cat', 'automobile', 'airplane']",cat
49973,1,"['bird', 'dog', 'frog', 'cat', 'airplane']",airplane
49974,4,"['cat', 'automobile', 'frog', 'airplane']",automobile
49975,3,"['frog', 'ship', 'automobile', 'airplane']",ship
49976,8,"['horse', 'airplane', 'cat', 'frog']",horse
49977,1,"['bird', 'dog', 'frog', 'cat', 'airplane']",airplane
49978,7,"['automobile', 'cat', 'airplane', 'frog']",cat
49979,3,"['frog', 'ship', 'automobile', 'airplane']",ship
49980,5,"['frog', 'ship', 'airplane', 'automobile']",ship
49981,4,"['cat', 'automobile', 'frog', 'airplane']",automobile
49982,3,"['frog', 'ship', 'automobile', 'airplane']",ship
49983,3,"['frog', 'ship', 'automobile', 'airplane']",ship
49984,4,"['cat', 'automobile', 'frog', 'airplane']",automobile
49985,8,"['horse', 'airplane', 'cat', 'frog']",horse
49986,7,"['automobile', 'cat', 'airplane', 'frog']",cat
49987,2,"['ship', 'cat', 'automobile', 'airplane']",cat
49988,5,"['frog', 'ship', 'airplane', 'automobile']",ship
49989,1,"['bird', 'dog', 'frog', 'cat', 'airplane']",airplane
49990,4,"['cat', 'automobile', 'frog', 'airplane']",automobile
49991,2,"['ship', 'cat', 'automobile', 'airplane']",cat
49992,0,"['horse', 'deer', 'frog', 'cat']",horse
49993,1,"['bird', 'dog', 'frog', 'cat', 'airplane']",airplane
49994,0,"['horse', 'deer', 'frog', 'cat']",horse
49995,2,"['ship', 'cat', 'automobile', 'airplane']",cat
49996,6,"['automobile', 'horse', 'ship', 'airplane']",airplane
49997,9,"['dog', 'frog', 'cat', 'airplane']",airplane
49998,1,"['bird', 'dog', 'frog', 'cat', 'airplane']",airplane
49999,1,"['bird', 'dog', 'frog', 'cat', 'airplane']",airplane
